!Summary:
!Execution time: 0,55 seconds
!Total # voyages: 222 (491 unique)
!Number of installations (excluding depot): 9
!Number of time windows: 0
!Number of vessels: 5

!Min. # installations: 1
!Max. number of installations: 8
!Min. duration: 56
!Max. duration: 80

!Name: FarStar	 # voyages: 64
!Name: FarSymphony	 # voyages: 46
!Name: FarSearcher	 # voyages: 37
!Name: FarSeeker	 # voyages: 37
!Name: HavilaForesight	 # voyages: 38
!------------------------------------------------------------------------------------------------------------------------
nV : 5
nR : 491
nN : 9
nT : 7
minL : 2
maxL : 3

! Sets: 
Rv : [
[379, 380, 381, 383, 385, 388, 389, 392, 395, 398, 399, 400, 411, 425, 439, 462, 463, 466, 468, 469, 470, 471, 472, 474, 475, 476, 478, 479, 480, 483, 484, 485, 487, 488, 489, 490, 491]!Vessel: FarSeeker
[379, 380, 381, 383, 385, 388, 389, 392, 395, 398, 399, 400, 411, 425, 439, 462, 463, 466, 468, 469, 470, 471, 472, 474, 475, 476, 478, 479, 480, 483, 484, 485, 487, 488, 489, 490, 491]!Vessel: FarSearcher
[264, 267, 274, 294, 308, 328, 378, 391, 394, 397, 401, 402, 406, 409, 410, 414, 415, 416, 418, 419, 423, 424, 429, 430, 432, 433, 437, 438, 440, 443, 444, 446, 448, 449, 450, 451, 453, 454, 455, 456, 458, 461, 464, 465, 467, 481]!Vessel: FarSymphony
[378, 379, 380, 381, 383, 385, 388, 389, 392, 395, 398, 399, 400, 411, 418, 423, 425, 429, 432, 439, 440, 448, 450, 458, 462, 463, 465, 466, 469, 470, 471, 472, 474, 479, 483, 485, 490, 491]!Vessel: HavilaForesight
[255, 256, 257, 258, 261, 263, 266, 267, 271, 272, 273, 274, 275, 276, 292, 294, 298, 301, 308, 314, 318, 320, 326, 328, 332, 335, 344, 345, 346, 347, 350, 353, 367, 376, 382, 386, 387, 390, 394, 397, 402, 405, 406, 410, 414, 416, 421, 427, 430, 431, 434, 438, 446, 447, 451, 452, 454, 460, 464, 467, 473, 477, 482, 486]!Vessel: FarStar
] 

Rvi : [
!i : 1, 2, 3, 4, 5, 6, 7, 8, 9
[379, 380, 381, 383, 385, 398, 399, 411, 425, 462, 463, 470, 472, 474, 475, 476, 478, 479, 480, 483, 484, 485, 489, 490, 491], [379, 380, 381, 383, 385, 388, 389, 392, 395, 398, 399, 400, 462, 463, 466, 468, 469, 470, 471, 472, 474, 475, 478, 483, 484, 487, 489, 491], [379, 380, 381, 383, 385, 388, 389, 392, 395, 411, 425, 439, 462, 463, 466, 468, 469, 472, 475, 476, 478, 479, 480, 487, 488, 489, 490, 491], [380, 381, 385, 388, 389, 392, 398, 399, 400, 411, 425, 439, 463, 466, 468, 470, 471, 475, 476, 478, 479, 480, 483, 484, 485, 487, 488, 491], [379, 380, 388, 389, 395, 399, 400, 425, 439, 462, 466, 469, 471, 474, 478, 479, 480, 483, 484, 485, 487, 488, 489, 490, 491], [379, 380, 381, 383, 385, 388, 389, 392, 395, 398, 399, 400, 411, 425, 439, 462, 463, 466, 468, 469, 470, 471, 472, 474, 475, 476, 478, 479, 480, 483, 484, 485, 487, 488, 489, 490], [383, 385, 388, 392, 395, 398, 400, 411, 439, 462, 463, 466, 468, 469, 470, 471, 472, 474, 476, 479, 483, 485, 488, 490, 491], [462, 463, 466, 468, 469, 470, 471, 472, 474, 475, 476, 478, 479, 480, 483, 484, 485, 487, 488, 489, 490, 491], [379, 381, 383, 389, 392, 395, 398, 399, 400, 411, 425, 439, 468, 469, 470, 471, 472, 474, 475, 476, 480, 484, 485, 487, 488, 489, 490, 491]!Vessel: FarSeeker
[379, 380, 381, 383, 385, 398, 399, 411, 425, 462, 463, 470, 472, 474, 475, 476, 478, 479, 480, 483, 484, 485, 489, 490, 491], [379, 380, 381, 383, 385, 388, 389, 392, 395, 398, 399, 400, 462, 463, 466, 468, 469, 470, 471, 472, 474, 475, 478, 483, 484, 487, 489, 491], [379, 380, 381, 383, 385, 388, 389, 392, 395, 411, 425, 439, 462, 463, 466, 468, 469, 472, 475, 476, 478, 479, 480, 487, 488, 489, 490, 491], [380, 381, 385, 388, 389, 392, 398, 399, 400, 411, 425, 439, 463, 466, 468, 470, 471, 475, 476, 478, 479, 480, 483, 484, 485, 487, 488, 491], [379, 380, 388, 389, 395, 399, 400, 425, 439, 462, 466, 469, 471, 474, 478, 479, 480, 483, 484, 485, 487, 488, 489, 490, 491], [379, 380, 381, 383, 385, 388, 389, 392, 395, 398, 399, 400, 411, 425, 439, 462, 463, 466, 468, 469, 470, 471, 472, 474, 475, 476, 478, 479, 480, 483, 484, 485, 487, 488, 489, 490], [383, 385, 388, 392, 395, 398, 400, 411, 439, 462, 463, 466, 468, 469, 470, 471, 472, 474, 476, 479, 483, 485, 488, 490, 491], [462, 463, 466, 468, 469, 470, 471, 472, 474, 475, 476, 478, 479, 480, 483, 484, 485, 487, 488, 489, 490, 491], [379, 381, 383, 389, 392, 395, 398, 399, 400, 411, 425, 439, 468, 469, 470, 471, 472, 474, 475, 476, 480, 484, 485, 487, 488, 489, 490, 491]!Vessel: FarSearcher
[294, 378, 397, 409, 410, 414, 415, 416, 423, 424, 429, 430, 432, 433, 446, 448, 449, 450, 451, 453, 454, 458, 464, 465, 481], [264, 267, 274, 378, 391, 394, 397, 401, 402, 406, 409, 414, 415, 418, 429, 430, 437, 443, 446, 450, 451, 453, 455, 461, 464, 465, 467, 481], [264, 267, 294, 308, 328, 378, 391, 394, 409, 410, 418, 419, 423, 424, 437, 438, 440, 446, 448, 449, 453, 454, 455, 456, 458, 461, 464, 465, 467, 481], [264, 274, 294, 308, 328, 391, 401, 406, 409, 410, 414, 415, 416, 418, 419, 423, 424, 429, 430, 432, 433, 437, 438, 440, 443, 444, 458, 464, 465, 467, 481], [267, 274, 328, 378, 394, 402, 406, 423, 424, 429, 430, 432, 433, 437, 438, 440, 443, 444, 446, 448, 449, 450, 451, 455, 456, 465, 467, 481], [264, 267, 274, 294, 308, 328, 378, 391, 394, 397, 401, 402, 406, 409, 410, 414, 415, 416, 418, 419, 423, 424, 429, 430, 432, 433, 437, 438, 440, 443, 444, 446, 448, 449, 450, 451, 453, 454, 455, 456, 458, 461], [308, 378, 391, 394, 397, 401, 402, 406, 410, 414, 416, 419, 423, 429, 432, 438, 444, 448, 450, 454, 456, 461, 464, 465, 467], [391, 394, 397, 401, 402, 406, 409, 410, 414, 415, 416, 418, 419, 424, 430, 433, 437, 438, 440, 443, 444, 446, 449, 451, 453, 454, 455, 456, 458, 461, 464, 467, 481], [264, 267, 274, 294, 308, 328, 397, 401, 402, 415, 416, 418, 419, 432, 433, 440, 443, 444, 448, 449, 450, 451, 453, 454, 455, 456, 458, 461, 464, 465, 467, 481]!Vessel: FarSymphony
[378, 379, 380, 381, 383, 385, 398, 399, 411, 423, 425, 429, 432, 448, 450, 458, 462, 463, 465, 470, 472, 474, 479, 483, 485, 490, 491], [378, 379, 380, 381, 383, 385, 388, 389, 392, 395, 398, 399, 400, 418, 429, 450, 462, 463, 465, 466, 469, 470, 471, 472, 474, 483, 491], [378, 379, 380, 381, 383, 385, 388, 389, 392, 395, 411, 418, 423, 425, 439, 440, 448, 458, 462, 463, 465, 466, 469, 472, 479, 490, 491], [380, 381, 385, 388, 389, 392, 398, 399, 400, 411, 418, 423, 425, 429, 432, 439, 440, 458, 463, 465, 466, 470, 471, 479, 483, 485, 491], [378, 379, 380, 388, 389, 395, 399, 400, 423, 425, 429, 432, 439, 440, 448, 450, 462, 465, 466, 469, 471, 474, 479, 483, 485, 490, 491], [378, 379, 380, 381, 383, 385, 388, 389, 392, 395, 398, 399, 400, 411, 418, 423, 425, 429, 432, 439, 440, 448, 450, 458, 462, 463, 466, 469, 470, 471, 472, 474, 479, 483, 485, 490], [378, 383, 385, 388, 392, 395, 398, 400, 411, 423, 429, 432, 439, 448, 450, 462, 463, 465, 466, 469, 470, 471, 472, 474, 479, 483, 485, 490, 491], [418, 440, 458, 462, 463, 466, 469, 470, 471, 472, 474, 479, 483, 485, 490, 491], [379, 381, 383, 389, 392, 395, 398, 399, 400, 411, 418, 425, 432, 439, 440, 448, 450, 458, 465, 469, 470, 471, 472, 474, 485, 490, 491]!Vessel: HavilaForesight
[255, 256, 257, 258, 271, 272, 273, 292, 294, 298, 301, 314, 318, 320, 344, 345, 346, 347, 350, 382, 386, 387, 397, 405, 410, 414, 416, 421, 427, 430, 431, 434, 446, 447, 451, 452, 454, 460, 464, 473, 477, 482, 486], [255, 256, 257, 258, 261, 263, 266, 267, 271, 272, 273, 274, 275, 276, 298, 332, 346, 376, 382, 386, 387, 390, 394, 397, 402, 405, 406, 414, 421, 430, 434, 446, 451, 460, 464, 467, 473, 477, 486], [255, 256, 257, 258, 261, 263, 266, 267, 292, 294, 308, 314, 326, 328, 344, 345, 350, 353, 367, 376, 382, 386, 387, 390, 394, 410, 421, 427, 438, 446, 447, 454, 460, 464, 467, 473, 477, 482], [256, 261, 263, 271, 273, 274, 275, 292, 294, 298, 301, 308, 314, 318, 320, 326, 328, 332, 335, 367, 386, 387, 390, 406, 410, 414, 416, 421, 427, 430, 431, 434, 438, 464, 467, 477, 482, 486], [255, 261, 266, 267, 271, 274, 276, 314, 318, 320, 326, 328, 332, 335, 344, 345, 346, 347, 353, 387, 390, 394, 402, 405, 406, 421, 427, 430, 431, 434, 438, 446, 447, 451, 452, 460, 467, 473, 477, 482, 486], [255, 256, 257, 258, 261, 263, 266, 267, 271, 272, 273, 274, 275, 276, 292, 294, 298, 301, 308, 314, 318, 320, 326, 328, 332, 335, 344, 345, 346, 347, 350, 353, 367, 376, 382, 394, 397, 402, 405, 406, 410, 414, 416, 430, 431, 438, 446, 447, 451, 452, 454], [257, 263, 266, 272, 275, 276, 292, 298, 301, 308, 318, 326, 332, 335, 344, 347, 350, 353, 376, 382, 386, 390, 394, 397, 402, 405, 406, 410, 414, 416, 421, 427, 431, 434, 438, 447, 452, 454, 460, 464, 467, 473, 477, 482, 486], [367, 382, 394, 397, 402, 405, 406, 410, 414, 416, 430, 431, 438, 446, 447, 451, 452, 454, 464, 467, 473, 477, 482, 486], [258, 267, 272, 273, 274, 275, 276, 294, 301, 308, 320, 328, 335, 345, 346, 347, 350, 353, 367, 376, 386, 387, 390, 397, 402, 416, 427, 434, 451, 452, 454, 460, 464, 467, 473, 482, 486]!Vessel: FarStar
] 

Rvl : [
!l : 2, 3
[], [379, 380, 381, 383, 385, 388, 389, 392, 395, 398, 399, 400, 411, 425, 439, 462, 463, 466, 468, 469, 470, 471, 472, 474, 475, 476, 478, 479, 480, 483, 484, 485, 487, 488, 489, 490, 491]!Vessel: FarSeeker
[], [379, 380, 381, 383, 385, 388, 389, 392, 395, 398, 399, 400, 411, 425, 439, 462, 463, 466, 468, 469, 470, 471, 472, 474, 475, 476, 478, 479, 480, 483, 484, 485, 487, 488, 489, 490, 491]!Vessel: FarSearcher
[397], [264, 267, 274, 294, 308, 328, 378, 391, 394, 401, 402, 406, 409, 410, 414, 415, 416, 418, 419, 423, 424, 429, 430, 432, 433, 437, 438, 440, 443, 444, 446, 448, 449, 450, 451, 453, 454, 455, 456, 458, 461, 464, 465, 467, 481]!Vessel: FarSymphony
[], [378, 379, 380, 381, 383, 385, 388, 389, 392, 395, 398, 399, 400, 411, 418, 423, 425, 429, 432, 439, 440, 448, 450, 458, 462, 463, 465, 466, 469, 470, 471, 472, 474, 479, 483, 485, 490, 491]!Vessel: HavilaForesight
[257, 258, 272, 350, 376, 382, 397], [255, 256, 261, 263, 266, 267, 271, 273, 274, 275, 276, 292, 294, 298, 301, 308, 314, 318, 320, 326, 328, 332, 335, 344, 345, 346, 347, 353, 367, 386, 387, 390, 394, 402, 405, 406, 410, 414, 416, 421, 427, 430, 431, 434, 438, 446, 447, 451, 452, 454, 460, 464, 467, 473, 477, 482, 486]!Vessel: FarStar
] 

minF : 2
maxF : 6
Nf : [
!f : 2, 3, 4, 5, 6
[5, 6], [], [], [2, 3, 4, 7], [1, 8, 9]
]

! Parameters
VoyageCost: [37970, 39085, 64838, 53931, 37570, 44429, 45544, 73722, 62814, 42817, 43726, 43120, 46453, 43120, 73722, 62814, 40394, 38879, 38273, 44029, 74837, 63929, 43932, 42418, 44235, 47568, 72716, 73019, 72413, 75746, 62111, 64838, 72110, 61202, 39691, 41509, 44841, 37570, 43326, 61505, 45144, 50186, 49580, 81296, 70389, 50392, 48877, 50695, 54028, 81599, 49277, 48574, 48877, 49580, 52913, 52210, 80181, 69274, 78872, 67965, 47968, 46453, 48271, 51604, 81599, 78569, 67662, 46150, 51301, 79478, 68571, 44029, 78872, 67965, 82205, 71298, 82714, 47568, 78569, 78872, 78169, 79987, 83320, 79987, 80896, 83623, 77867, 83017, 78169, 83320, 67662, 67965, 67262, 72413, 66959, 67262, 47968, 51301, 45544, 79684, 68777, 47265, 52416, 68777, 72110, 44841, 50598, 52416, 79478, 68571, 50901, 81502, 70595, 51604, 49180, 69080, 49083, 52719, 80290, 72413, 79684, 48477, 82205, 71298, 49786, 55337, 55337, 54731, 89174, 54028, 55034, 54428, 53725, 58670, 58064, 57361, 88059, 85332, 74425, 54428, 58064, 86750, 86144, 89780, 75237, 78872, 53725, 58876, 51604, 57361, 74122, 57761, 86447, 89477, 78569, 51301, 85938, 75031, 84629, 73722, 87356, 84326, 73419, 84629, 73722, 87962, 77055, 85332, 74425, 86750, 88665, 77757, 86144, 84629, 86447, 89780, 85029, 84326, 86144, 89477, 84629, 87962, 84023, 85441, 90592, 83320, 89077, 90895, 86447, 87356, 86750, 90083, 87562, 86047, 91198, 85744, 87562, 90895, 86047, 90083, 89380, 91198, 83720, 83017, 88774, 90592, 75237, 75540, 77055, 73116, 72413, 72813, 72110, 75237, 78569, 57058, 58876, 55543, 58876, 53119, 76352, 79684, 52416, 58173, 59991, 74534, 77867, 79684, 56452, 55749, 73722, 53725, 57361, 78169, 73419, 73722, 89780, 78872, 56755, 87356, 76449, 59179, 87865, 79987, 87259, 56052, 86653, 75746, 78872, 57058, 54937, 60487, 60184, 63820, 81696, 92604, 60184, 65335, 63820, 96239, 94022, 97657, 91901, 97051, 95536, 80993, 86144, 84629, 58876, 62511, 92907, 63517, 95936, 97354, 95233, 84326, 80181, 92507, 79878, 80181, 92507, 94421, 83514, 89780, 78872, 89477, 78569, 93113, 82205, 91089, 90483, 91901, 93719, 97051, 89780, 95536, 97354, 90786, 90180, 89477, 95233, 97051, 91089, 93816, 93113, 91295, 90592, 96348, 94930, 94228, 93816, 93210, 93210, 94022, 92507, 94325, 97657, 92204, 94022, 97354, 92507, 96542, 95839, 97657, 91901, 93319, 95137, 98469, 91198, 96954, 98772, 92204, 91598, 90895, 96651, 98469, 95839, 95233, 94531, 94627, 93925, 82811, 82908, 80993, 86144, 85029, 84326, 86144, 62911, 64632, 66450, 62208, 85441, 87259, 64026, 63323, 80387, 79684, 83720, 83017, 86447, 79575, 59578, 63214, 84023, 79272, 98166, 78872, 58876, 62511, 83320, 78569, 82205, 85332, 84629, 64632, 62208, 87453, 92604, 100481, 103511, 65335, 71092, 68971, 98360, 101996, 104117, 99778, 104929, 103414, 97051, 102808, 100687, 86144, 91901, 89780, 68668, 101693, 103814, 103111, 100384, 89477, 85332, 97657, 85029, 97354, 88665, 96239, 97754, 97051, 102808, 101390, 100687, 95936, 101087, 100384, 99572, 102202, 101499, 98966, 98966, 98360, 99778, 101596, 104929, 97657, 103414, 105232, 98663, 98057, 97354, 103111, 104929, 102299, 101693, 100990, 99172, 98469, 104226, 106044, 102808, 102105, 102505, 101802, 100990, 86847, 86144, 91901, 93719, 90786, 90180, 89477, 70486, 69783, 91295, 90592, 90483, 104626, 89780, 91089, 69783, 92604, 103511, 107147, 109874, 104929, 108565, 107959, 97051, 106844, 108262, 76243, 96239, 95936, 108662, 107959, 104117, 105632, 104929, 112503, 109268, 108565, 103814, 108965, 108262, 107450, 110080, 109377, 97754, 97051, 115024]
VoyageDuration: [2, 2, 2, 2, 2, 2, 2, 2, 2, 2, 2, 2, 2, 2, 2, 2, 2, 2, 2, 2, 2, 2, 2, 2, 2, 2, 2, 2, 2, 2, 2, 2, 2, 2, 2, 2, 2, 2, 2, 2, 2, 2, 2, 3, 2, 2, 2, 2, 2, 3, 2, 2, 2, 2, 2, 2, 2, 2, 2, 2, 2, 2, 2, 2, 3, 2, 2, 2, 2, 2, 2, 2, 2, 2, 3, 2, 3, 2, 2, 2, 2, 2, 3, 2, 2, 3, 2, 3, 2, 3, 2, 2, 2, 2, 2, 2, 2, 2, 2, 2, 2, 2, 2, 2, 2, 2, 2, 2, 2, 2, 2, 3, 2, 2, 2, 2, 2, 2, 2, 2, 2, 2, 3, 2, 2, 2, 2, 2, 3, 2, 2, 2, 2, 2, 2, 2, 3, 3, 2, 2, 2, 3, 3, 3, 2, 3, 2, 2, 2, 2, 2, 2, 3, 3, 3, 2, 3, 2, 3, 2, 3, 3, 2, 3, 2, 3, 3, 3, 2, 3, 3, 3, 3, 3, 3, 3, 3, 3, 3, 3, 3, 3, 3, 3, 3, 3, 3, 3, 3, 3, 3, 3, 3, 3, 3, 3, 3, 3, 3, 3, 3, 3, 3, 3, 3, 3, 2, 2, 3, 2, 2, 2, 2, 2, 3, 2, 2, 2, 2, 2, 2, 3, 2, 2, 2, 2, 3, 3, 2, 2, 2, 2, 2, 3, 2, 2, 3, 3, 2, 3, 3, 2, 3, 3, 3, 2, 3, 2, 3, 2, 2, 2, 2, 2, 3, 3, 2, 2, 2, 3, 3, 3, 3, 3, 3, 3, 3, 3, 2, 2, 3, 2, 3, 3, 3, 3, 3, 3, 3, 3, 3, 3, 3, 3, 3, 3, 3, 3, 3, 3, 3, 3, 3, 3, 3, 3, 3, 3, 3, 3, 3, 3, 3, 3, 3, 3, 3, 3, 3, 3, 3, 3, 3, 3, 3, 3, 3, 3, 3, 3, 3, 3, 3, 3, 3, 3, 3, 3, 3, 3, 3, 3, 3, 3, 3, 3, 3, 3, 3, 3, 3, 3, 3, 3, 3, 3, 3, 3, 2, 2, 2, 2, 3, 3, 2, 2, 3, 3, 3, 3, 3, 3, 2, 2, 3, 3, 3, 3, 2, 2, 3, 3, 3, 3, 3, 2, 2, 3, 3, 3, 3, 2, 3, 2, 3, 3, 3, 3, 3, 3, 3, 3, 3, 3, 3, 3, 2, 3, 3, 3, 3, 3, 3, 3, 3, 3, 3, 3, 3, 3, 3, 3, 3, 3, 3, 3, 3, 3, 3, 3, 3, 3, 3, 3, 3, 3, 3, 3, 3, 3, 3, 3, 3, 3, 3, 3, 3, 3, 3, 3, 3, 3, 3, 3, 3, 3, 3, 3, 3, 3, 3, 3, 3, 3, 3, 3, 3, 3, 3, 3, 3, 3, 3, 3, 3, 3, 3, 3, 3, 3, 3, 3, 3, 3, 3, 3, 3, 3, 3, 3, 3, 3, 3, 3, 3, 3, 3, 3, 3, 3, 3]
TimeCharterCost: [120000, 125000, 130000, 110000, 104000]
RequiredVisits: [6, 5, 5, 5, 2, 2, 5, 6, 6]
NumberOfDaysAvailable: [7, 7, 7, 7, 7]
DepotCapacity: [3, 3, 3, 3, 3, 3, 0]
