!Summary:
!Execution time: 0,69 seconds
!Total # voyages: 610 (829 unique)
!Number of installations (excluding depot): 10
!Number of time windows: 0
!Number of vessels: 5

!Min. # installations: 1
!Max. number of installations: 8
!Min. duration: 56
!Max. duration: 80

!Name: FarStar	 # voyages: 113
!Name: FarSymphony	 # voyages: 135
!Name: FarSearcher	 # voyages: 125
!Name: FarSeeker	 # voyages: 125
!Name: HavilaForesight	 # voyages: 112
!------------------------------------------------------------------------------------------------------------------------
nV : 5
nR : 829
nN : 10
nT : 7
minL : 2
maxL : 3

! Sets: 
Rv : [
[439, 450, 486, 497, 503, 515, 517, 520, 528, 531, 533, 535, 538, 540, 541, 542, 547, 572, 574, 575, 578, 579, 582, 587, 590, 592, 594, 596, 597, 599, 600, 602, 606, 607, 609, 612, 619, 632, 635, 636, 637, 639, 641, 644, 645, 648, 651, 653, 656, 657, 658, 670, 671, 674, 677, 683, 687, 688, 694, 697, 707, 711, 717, 719, 722, 728, 731, 741, 744, 745, 746, 753, 757, 758, 759, 760, 761, 762, 763, 765, 767, 770, 774, 778, 779, 780, 781, 784, 785, 786, 789, 791, 792, 793, 794, 795, 796, 798, 799, 800, 801, 802, 803, 804, 806, 807, 808, 809, 810, 813, 814, 815, 817, 818, 819, 820, 821, 822, 823, 824, 825, 826, 827, 828, 829]!Vessel: FarSeeker
[439, 450, 486, 497, 503, 515, 517, 520, 528, 531, 533, 535, 538, 540, 541, 542, 547, 572, 574, 575, 578, 579, 582, 587, 590, 592, 594, 596, 597, 599, 600, 602, 606, 607, 609, 612, 619, 632, 635, 636, 637, 639, 641, 644, 645, 648, 651, 653, 656, 657, 658, 670, 671, 674, 677, 683, 687, 688, 694, 697, 707, 711, 717, 719, 722, 728, 731, 741, 744, 745, 746, 753, 757, 758, 759, 760, 761, 762, 763, 765, 767, 770, 774, 778, 779, 780, 781, 784, 785, 786, 789, 791, 792, 793, 794, 795, 796, 798, 799, 800, 801, 802, 803, 804, 806, 807, 808, 809, 810, 813, 814, 815, 817, 818, 819, 820, 821, 822, 823, 824, 825, 826, 827, 828, 829]!Vessel: FarSearcher
[180, 263, 270, 280, 287, 291, 293, 298, 300, 302, 306, 307, 309, 347, 357, 359, 363, 366, 367, 385, 386, 399, 402, 410, 413, 429, 432, 446, 452, 453, 456, 466, 477, 480, 494, 501, 506, 509, 522, 523, 525, 529, 543, 544, 546, 561, 565, 569, 586, 591, 593, 595, 601, 604, 605, 608, 615, 617, 620, 622, 627, 628, 631, 633, 634, 647, 650, 654, 655, 659, 660, 664, 667, 668, 669, 672, 676, 678, 679, 680, 682, 684, 685, 686, 689, 691, 695, 696, 700, 702, 703, 705, 706, 708, 713, 714, 715, 716, 718, 720, 724, 725, 727, 729, 730, 732, 734, 735, 736, 737, 739, 740, 742, 743, 748, 750, 751, 754, 755, 756, 764, 766, 768, 771, 772, 773, 775, 776, 777, 782, 783, 787, 788, 790, 811]!Vessel: FarSymphony
[300, 357, 367, 385, 456, 496, 497, 503, 509, 515, 522, 523, 524, 525, 528, 529, 533, 540, 541, 542, 543, 547, 572, 574, 579, 582, 587, 596, 599, 602, 606, 612, 615, 617, 619, 622, 627, 634, 635, 636, 637, 639, 641, 644, 645, 648, 651, 654, 656, 657, 658, 667, 670, 671, 682, 683, 684, 685, 688, 689, 694, 695, 697, 700, 702, 705, 707, 711, 714, 717, 718, 719, 727, 728, 734, 736, 744, 745, 746, 748, 750, 753, 754, 757, 758, 759, 761, 762, 763, 766, 768, 769, 771, 775, 778, 784, 786, 788, 789, 792, 794, 795, 796, 798, 804, 808, 813, 815, 823, 824, 826, 829]!Vessel: HavilaForesight
[180, 270, 280, 288, 298, 307, 311, 321, 369, 373, 375, 389, 390, 391, 392, 393, 396, 398, 401, 402, 407, 408, 409, 410, 411, 412, 430, 432, 435, 437, 441, 448, 452, 453, 460, 462, 466, 467, 469, 478, 480, 484, 488, 490, 506, 510, 511, 512, 513, 518, 526, 544, 545, 546, 554, 562, 565, 567, 570, 576, 577, 580, 581, 584, 585, 588, 598, 601, 603, 604, 605, 608, 610, 611, 613, 614, 616, 618, 621, 629, 638, 642, 643, 646, 650, 655, 660, 663, 664, 669, 676, 679, 692, 699, 703, 704, 708, 709, 716, 732, 733, 737, 738, 740, 752, 772, 777, 787, 790, 797, 805, 812, 816]!Vessel: FarStar
] 

Rvi : [
!i : 1, 2, 3, 4, 5, 6, 7, 8, 9, 10
[439, 503, 515, 517, 520, 541, 547, 572, 578, 579, 582, 590, 599, 600, 602, 632, 635, 636, 637, 639, 641, 656, 657, 670, 671, 674, 677, 683, 694, 697, 707, 711, 731, 741, 744, 745, 753, 757, 758, 759, 760, 762, 763, 765, 767, 770, 778, 784, 785, 786, 794, 796, 798, 799, 800, 801, 802, 803, 804, 806, 807, 808, 809, 810, 813, 814, 815, 817, 818, 823, 824, 825, 826, 827, 828, 829], [439, 450, 486, 497, 517, 528, 531, 535, 538, 542, 574, 578, 579, 582, 587, 632, 635, 636, 637, 639, 641, 644, 645, 648, 651, 653, 656, 657, 658, 671, 674, 683, 687, 688, 694, 707, 711, 719, 722, 728, 744, 746, 753, 757, 758, 765, 774, 784, 785, 786, 789, 791, 792, 793, 794, 795, 796, 798, 799, 800, 803, 804, 806, 807, 813, 814, 817, 819, 820, 822, 823, 824, 825, 827, 829], [450, 503, 520, 528, 531, 533, 535, 541, 575, 578, 590, 592, 594, 596, 597, 612, 635, 636, 637, 639, 641, 644, 645, 648, 651, 653, 670, 671, 674, 687, 688, 694, 697, 717, 719, 722, 731, 744, 745, 746, 753, 757, 759, 760, 761, 762, 770, 779, 784, 785, 786, 789, 791, 792, 793, 796, 799, 800, 801, 802, 806, 807, 808, 809, 810, 819, 820, 821, 823, 825, 826, 827, 828, 829], [439, 450, 486, 497, 590, 592, 594, 599, 600, 602, 606, 607, 609, 612, 619, 636, 637, 641, 644, 645, 648, 656, 657, 658, 670, 671, 674, 677, 683, 687, 688, 694, 697, 707, 711, 717, 719, 722, 728, 759, 760, 761, 762, 763, 767, 780, 786, 789, 791, 794, 795, 799, 800, 801, 802, 803, 804, 806, 807, 808, 809, 810, 813, 814, 815, 817, 818, 819, 820, 821, 822, 829], [486, 503, 515, 535, 538, 540, 547, 579, 587, 592, 596, 597, 602, 606, 607, 635, 636, 644, 645, 651, 657, 658, 694, 697, 707, 711, 717, 719, 722, 728, 745, 746, 753, 757, 758, 760, 761, 762, 763, 765, 767, 770, 774, 778, 779, 780, 781, 784, 789, 792, 793, 795, 798, 804, 806, 807, 808, 809, 810, 813, 814, 815, 817, 818, 819, 820, 821, 822, 823, 824, 825, 826, 827, 828, 829], [439, 450, 486, 497, 503, 515, 517, 520, 528, 531, 533, 535, 538, 540, 541, 542, 547, 572, 574, 575, 578, 579, 582, 587, 590, 592, 594, 596, 597, 599, 600, 602, 606, 607, 609, 612, 619, 632, 635, 636, 637, 639, 641, 644, 645, 648, 651, 653, 656, 657, 658, 670, 677, 697, 717, 731, 741, 765, 767, 770, 774, 778, 779, 780, 781, 784, 786, 789, 791, 792, 794, 795, 796, 798, 800, 801, 807, 808, 809, 813, 814, 815, 820, 821, 825, 826], [497, 528, 540, 541, 547, 572, 574, 575, 582, 587, 594, 596, 599, 606, 609, 632, 639, 641, 644, 648, 651, 653, 656, 658, 670, 671, 677, 683, 687, 707, 717, 719, 728, 731, 741, 744, 745, 746, 757, 758, 759, 761, 762, 763, 774, 778, 779, 780, 781, 784, 785, 786, 789, 791, 792, 793, 794, 795, 796, 798, 799, 801, 802, 803, 804, 808, 810, 813, 815, 818, 819, 821, 822, 823, 824, 826, 828, 829], [533, 542, 612, 619, 632, 653, 677, 688, 731, 741, 765, 767, 770, 774, 778, 779, 780, 781, 784, 785, 786, 789, 791, 792, 793, 794, 795, 796, 798, 799, 800, 801, 802, 803, 804, 806, 807, 808, 809, 810, 813, 814, 815, 817, 818, 819, 820, 821, 822, 823, 824, 825, 826, 827, 828, 829], [515, 517, 520, 531, 533, 538, 540, 542, 572, 574, 575, 597, 600, 607, 609, 619, 635, 637, 639, 645, 648, 651, 656, 657, 658, 670, 674, 683, 687, 688, 697, 711, 717, 722, 728, 741, 744, 745, 746, 753, 758, 759, 760, 761, 763, 781, 785, 791, 792, 793, 794, 795, 796, 798, 800, 801, 802, 803, 809, 814, 815, 817, 818, 820, 821, 822, 824, 825, 826, 827, 828, 829], [439, 450, 486, 497, 503, 515, 517, 520, 528, 531, 533, 535, 538, 540, 541, 542, 547, 572, 574, 575, 578, 579, 582, 587, 590, 592, 594, 596, 597, 599, 600, 602, 606, 607, 609, 612, 619, 632, 653, 671, 674, 677, 683, 687, 688, 694, 707, 711, 719, 722, 728, 731, 741, 744, 745, 746, 753, 757, 758, 759, 760, 761, 762, 763, 765, 767, 770, 774, 778, 779, 780, 781, 785, 793, 799, 802, 803, 804, 806, 810, 817, 818, 819, 822, 823, 824, 827, 828]!Vessel: FarSeeker
[439, 503, 515, 517, 520, 541, 547, 572, 578, 579, 582, 590, 599, 600, 602, 632, 635, 636, 637, 639, 641, 656, 657, 670, 671, 674, 677, 683, 694, 697, 707, 711, 731, 741, 744, 745, 753, 757, 758, 759, 760, 762, 763, 765, 767, 770, 778, 784, 785, 786, 794, 796, 798, 799, 800, 801, 802, 803, 804, 806, 807, 808, 809, 810, 813, 814, 815, 817, 818, 823, 824, 825, 826, 827, 828, 829], [439, 450, 486, 497, 517, 528, 531, 535, 538, 542, 574, 578, 579, 582, 587, 632, 635, 636, 637, 639, 641, 644, 645, 648, 651, 653, 656, 657, 658, 671, 674, 683, 687, 688, 694, 707, 711, 719, 722, 728, 744, 746, 753, 757, 758, 765, 774, 784, 785, 786, 789, 791, 792, 793, 794, 795, 796, 798, 799, 800, 803, 804, 806, 807, 813, 814, 817, 819, 820, 822, 823, 824, 825, 827, 829], [450, 503, 520, 528, 531, 533, 535, 541, 575, 578, 590, 592, 594, 596, 597, 612, 635, 636, 637, 639, 641, 644, 645, 648, 651, 653, 670, 671, 674, 687, 688, 694, 697, 717, 719, 722, 731, 744, 745, 746, 753, 757, 759, 760, 761, 762, 770, 779, 784, 785, 786, 789, 791, 792, 793, 796, 799, 800, 801, 802, 806, 807, 808, 809, 810, 819, 820, 821, 823, 825, 826, 827, 828, 829], [439, 450, 486, 497, 590, 592, 594, 599, 600, 602, 606, 607, 609, 612, 619, 636, 637, 641, 644, 645, 648, 656, 657, 658, 670, 671, 674, 677, 683, 687, 688, 694, 697, 707, 711, 717, 719, 722, 728, 759, 760, 761, 762, 763, 767, 780, 786, 789, 791, 794, 795, 799, 800, 801, 802, 803, 804, 806, 807, 808, 809, 810, 813, 814, 815, 817, 818, 819, 820, 821, 822, 829], [486, 503, 515, 535, 538, 540, 547, 579, 587, 592, 596, 597, 602, 606, 607, 635, 636, 644, 645, 651, 657, 658, 694, 697, 707, 711, 717, 719, 722, 728, 745, 746, 753, 757, 758, 760, 761, 762, 763, 765, 767, 770, 774, 778, 779, 780, 781, 784, 789, 792, 793, 795, 798, 804, 806, 807, 808, 809, 810, 813, 814, 815, 817, 818, 819, 820, 821, 822, 823, 824, 825, 826, 827, 828, 829], [439, 450, 486, 497, 503, 515, 517, 520, 528, 531, 533, 535, 538, 540, 541, 542, 547, 572, 574, 575, 578, 579, 582, 587, 590, 592, 594, 596, 597, 599, 600, 602, 606, 607, 609, 612, 619, 632, 635, 636, 637, 639, 641, 644, 645, 648, 651, 653, 656, 657, 658, 670, 677, 697, 717, 731, 741, 765, 767, 770, 774, 778, 779, 780, 781, 784, 786, 789, 791, 792, 794, 795, 796, 798, 800, 801, 807, 808, 809, 813, 814, 815, 820, 821, 825, 826], [497, 528, 540, 541, 547, 572, 574, 575, 582, 587, 594, 596, 599, 606, 609, 632, 639, 641, 644, 648, 651, 653, 656, 658, 670, 671, 677, 683, 687, 707, 717, 719, 728, 731, 741, 744, 745, 746, 757, 758, 759, 761, 762, 763, 774, 778, 779, 780, 781, 784, 785, 786, 789, 791, 792, 793, 794, 795, 796, 798, 799, 801, 802, 803, 804, 808, 810, 813, 815, 818, 819, 821, 822, 823, 824, 826, 828, 829], [533, 542, 612, 619, 632, 653, 677, 688, 731, 741, 765, 767, 770, 774, 778, 779, 780, 781, 784, 785, 786, 789, 791, 792, 793, 794, 795, 796, 798, 799, 800, 801, 802, 803, 804, 806, 807, 808, 809, 810, 813, 814, 815, 817, 818, 819, 820, 821, 822, 823, 824, 825, 826, 827, 828, 829], [515, 517, 520, 531, 533, 538, 540, 542, 572, 574, 575, 597, 600, 607, 609, 619, 635, 637, 639, 645, 648, 651, 656, 657, 658, 670, 674, 683, 687, 688, 697, 711, 717, 722, 728, 741, 744, 745, 746, 753, 758, 759, 760, 761, 763, 781, 785, 791, 792, 793, 794, 795, 796, 798, 800, 801, 802, 803, 809, 814, 815, 817, 818, 820, 821, 822, 824, 825, 826, 827, 828, 829], [439, 450, 486, 497, 503, 515, 517, 520, 528, 531, 533, 535, 538, 540, 541, 542, 547, 572, 574, 575, 578, 579, 582, 587, 590, 592, 594, 596, 597, 599, 600, 602, 606, 607, 609, 612, 619, 632, 653, 671, 674, 677, 683, 687, 688, 694, 707, 711, 719, 722, 728, 731, 741, 744, 745, 746, 753, 757, 758, 759, 760, 761, 762, 763, 765, 767, 770, 774, 778, 779, 780, 781, 785, 793, 799, 802, 803, 804, 806, 810, 817, 818, 819, 822, 823, 824, 827, 828]!Vessel: FarSearcher
[180, 270, 287, 291, 359, 385, 386, 429, 432, 446, 466, 506, 522, 523, 544, 561, 565, 591, 601, 604, 615, 620, 631, 633, 634, 655, 667, 668, 669, 672, 676, 678, 679, 680, 682, 691, 695, 696, 700, 702, 703, 705, 706, 708, 730, 732, 734, 735, 736, 737, 739, 740, 748, 750, 751, 764, 766, 768, 771, 772, 777, 782, 783, 787, 788, 811], [180, 263, 280, 293, 307, 309, 385, 399, 402, 410, 413, 429, 446, 453, 456, 477, 494, 501, 506, 509, 561, 569, 586, 631, 633, 634, 647, 650, 654, 655, 659, 660, 664, 667, 668, 676, 678, 680, 682, 684, 685, 691, 702, 703, 713, 714, 715, 724, 727, 730, 732, 736, 737, 739, 742, 750, 754, 756, 764, 772, 773, 775, 776, 787, 788, 790, 811], [291, 293, 298, 300, 302, 357, 399, 402, 429, 432, 452, 453, 456, 466, 477, 480, 523, 525, 529, 544, 546, 561, 565, 569, 586, 591, 593, 595, 605, 631, 634, 647, 650, 654, 667, 668, 669, 672, 684, 685, 686, 689, 695, 696, 700, 714, 715, 716, 718, 720, 732, 734, 735, 739, 740, 742, 743, 748, 750, 751, 754, 755, 756, 764, 766, 771, 773, 777, 787, 788, 790, 811], [263, 357, 359, 363, 366, 367, 399, 410, 429, 432, 446, 452, 453, 456, 466, 477, 480, 494, 501, 591, 593, 595, 601, 604, 605, 608, 615, 617, 627, 647, 659, 664, 667, 668, 669, 672, 676, 678, 679, 680, 682, 684, 685, 686, 689, 691, 695, 696, 700, 702, 703, 705, 706, 708, 713, 714, 715, 716, 718, 720, 724, 725, 727, 729, 748, 766, 768, 775, 782, 787, 788, 790, 811], [270, 280, 302, 306, 363, 402, 410, 466, 477, 480, 494, 506, 509, 525, 546, 565, 569, 593, 604, 605, 608, 617, 620, 622, 628, 634, 650, 660, 664, 691, 695, 696, 700, 702, 703, 705, 706, 708, 713, 714, 715, 716, 718, 720, 724, 725, 727, 729, 730, 732, 734, 735, 736, 737, 742, 743, 754, 755, 764, 768, 771, 772, 773, 776, 777, 783, 788, 790, 811], [180, 263, 270, 280, 287, 291, 293, 298, 300, 302, 306, 307, 309, 347, 357, 359, 363, 366, 367, 385, 386, 399, 402, 410, 413, 432, 452, 480, 509, 522, 523, 525, 529, 543, 615, 617, 620, 622, 627, 628, 634, 647, 650, 655, 659, 660, 664, 668, 669, 676, 678, 679, 685, 686, 695, 696, 702, 703, 705, 706, 715, 716, 718, 724, 725, 732, 734, 735, 736, 737, 739, 740, 742, 743, 748, 756], [298, 307, 347, 366, 386, 413, 452, 453, 501, 529, 543, 544, 546, 586, 595, 601, 605, 608, 627, 628, 631, 633, 634, 647, 650, 654, 655, 659, 660, 664, 669, 672, 676, 679, 680, 684, 686, 689, 695, 702, 705, 708, 713, 716, 720, 725, 729, 734, 736, 740, 743, 751, 755, 756, 772, 773, 775, 776, 777, 782, 783, 787, 788, 790], [385, 386, 413, 509, 522, 523, 525, 529, 543, 615, 617, 620, 622, 627, 628, 631, 633, 647, 650, 654, 655, 659, 660, 664, 667, 668, 669, 672, 676, 678, 679, 680, 682, 684, 685, 686, 689, 691, 696, 700, 703, 706, 708, 713, 714, 715, 716, 718, 720, 724, 725, 727, 729, 730, 732, 735, 737, 739, 740, 742, 743, 748, 750, 751, 754, 755, 756, 764, 766, 768, 771, 772, 773, 775, 776, 777, 782, 783, 787, 790, 811], [287, 300, 306, 309, 347, 367, 399, 402, 410, 432, 446, 452, 456, 480, 494, 501, 506, 522, 543, 544, 546, 561, 565, 569, 586, 591, 593, 595, 601, 604, 608, 622, 633, 654, 655, 659, 660, 678, 679, 682, 685, 686, 689, 705, 706, 718, 724, 725, 727, 729, 730, 734, 735, 736, 737, 739, 740, 742, 743, 748, 750, 751, 754, 755, 756, 766, 768, 771, 775, 776, 782, 783, 787, 788, 790, 811], [180, 263, 270, 280, 287, 291, 293, 298, 300, 302, 306, 307, 309, 347, 357, 359, 363, 366, 367, 385, 386, 413, 429, 446, 453, 456, 466, 477, 494, 501, 506, 509, 522, 523, 525, 529, 543, 544, 546, 561, 565, 569, 586, 591, 593, 595, 601, 604, 605, 608, 615, 617, 620, 622, 627, 628, 631, 633, 654, 667, 672, 680, 682, 684, 689, 691, 700, 708, 713, 714, 720, 727, 729, 730, 750, 751, 754, 755, 764, 766, 768, 771, 772, 773, 775, 776, 777, 782, 783]!Vessel: FarSymphony
[385, 503, 515, 522, 523, 541, 547, 572, 579, 582, 599, 602, 615, 634, 635, 636, 637, 639, 641, 656, 657, 667, 670, 671, 682, 683, 694, 695, 697, 700, 702, 705, 707, 711, 734, 736, 744, 745, 748, 750, 753, 757, 758, 759, 762, 763, 766, 768, 771, 778, 784, 786, 788, 794, 796, 798, 804, 808, 813, 815, 823, 824, 826, 829], [385, 456, 496, 497, 509, 524, 528, 542, 574, 579, 582, 587, 634, 635, 636, 637, 639, 641, 644, 645, 648, 651, 654, 656, 657, 658, 667, 671, 682, 683, 684, 685, 688, 694, 702, 707, 711, 714, 719, 727, 728, 736, 744, 746, 750, 753, 754, 757, 758, 775, 784, 786, 788, 789, 792, 794, 795, 796, 798, 804, 813, 823, 824, 829], [300, 357, 456, 503, 523, 524, 525, 528, 529, 533, 541, 596, 612, 634, 635, 636, 637, 639, 641, 644, 645, 648, 651, 654, 667, 670, 671, 684, 685, 688, 689, 694, 695, 697, 700, 714, 717, 718, 719, 734, 744, 745, 746, 748, 750, 753, 754, 757, 759, 761, 762, 766, 769, 771, 784, 786, 788, 789, 792, 796, 808, 823, 826, 829], [357, 367, 456, 496, 497, 599, 602, 606, 612, 615, 617, 619, 627, 636, 637, 641, 644, 645, 648, 656, 657, 658, 667, 670, 671, 682, 683, 684, 685, 688, 689, 694, 695, 697, 700, 702, 705, 707, 711, 714, 717, 718, 719, 727, 728, 748, 759, 761, 762, 763, 766, 768, 769, 775, 786, 788, 789, 794, 795, 804, 808, 813, 815, 829], [503, 509, 515, 525, 540, 547, 579, 587, 596, 602, 606, 617, 622, 634, 635, 636, 644, 645, 651, 657, 658, 694, 695, 697, 700, 702, 705, 707, 711, 714, 717, 718, 719, 727, 728, 734, 736, 745, 746, 753, 754, 757, 758, 761, 762, 763, 768, 769, 771, 778, 784, 788, 789, 792, 795, 798, 804, 808, 813, 815, 823, 824, 826, 829], [300, 357, 367, 385, 496, 497, 503, 509, 515, 522, 523, 524, 525, 528, 529, 533, 540, 541, 542, 543, 547, 572, 574, 579, 582, 587, 596, 599, 602, 606, 612, 615, 617, 619, 622, 627, 634, 635, 636, 637, 639, 641, 644, 645, 648, 651, 656, 657, 658, 670, 685, 695, 697, 702, 705, 717, 718, 734, 736, 748, 778, 784, 786, 789, 792, 794, 795, 796, 798, 808, 813, 815, 826], [497, 528, 529, 540, 541, 543, 547, 572, 574, 582, 587, 596, 599, 606, 627, 634, 639, 641, 644, 648, 651, 654, 656, 658, 670, 671, 683, 684, 689, 695, 702, 705, 707, 717, 719, 728, 734, 736, 744, 745, 746, 757, 758, 759, 761, 762, 763, 775, 778, 784, 786, 788, 789, 792, 794, 795, 796, 798, 804, 808, 813, 815, 823, 824, 826, 829], [385, 496, 509, 522, 523, 524, 525, 529, 533, 542, 543, 612, 615, 617, 619, 622, 627, 654, 667, 682, 684, 685, 688, 689, 700, 714, 718, 727, 748, 750, 754, 766, 768, 769, 771, 775, 778, 784, 786, 789, 792, 794, 795, 796, 798, 804, 808, 813, 815, 823, 824, 826, 829], [300, 367, 456, 515, 522, 533, 540, 542, 543, 572, 574, 619, 622, 635, 637, 639, 645, 648, 651, 654, 656, 657, 658, 670, 682, 683, 685, 688, 689, 697, 705, 711, 717, 718, 727, 728, 734, 736, 744, 745, 746, 748, 750, 753, 754, 758, 759, 761, 763, 766, 768, 769, 771, 775, 788, 792, 794, 795, 796, 798, 815, 824, 826, 829], [300, 357, 367, 385, 456, 496, 497, 503, 509, 515, 522, 523, 524, 525, 528, 529, 533, 540, 541, 542, 543, 547, 572, 574, 579, 582, 587, 596, 599, 602, 606, 612, 615, 617, 619, 622, 627, 654, 667, 671, 682, 683, 684, 688, 689, 694, 700, 707, 711, 714, 719, 727, 728, 744, 745, 746, 750, 753, 754, 757, 758, 759, 761, 762, 763, 766, 768, 769, 771, 775, 778, 804, 823, 824]!Vessel: HavilaForesight
[180, 270, 321, 389, 390, 391, 392, 393, 407, 408, 409, 430, 432, 435, 437, 441, 460, 462, 466, 467, 469, 506, 510, 511, 512, 513, 518, 544, 545, 562, 565, 576, 577, 580, 581, 584, 598, 601, 603, 604, 616, 638, 642, 643, 655, 663, 669, 676, 679, 692, 699, 703, 704, 708, 709, 732, 733, 737, 738, 740, 752, 772, 777, 787, 797, 805, 812, 816], [180, 280, 288, 307, 389, 390, 391, 392, 393, 396, 398, 401, 402, 407, 408, 409, 410, 411, 412, 437, 448, 453, 460, 484, 490, 506, 512, 567, 570, 577, 580, 581, 584, 585, 588, 610, 611, 638, 642, 643, 646, 650, 655, 660, 663, 664, 676, 692, 703, 709, 732, 737, 752, 772, 787, 790, 797, 805, 816], [298, 373, 390, 391, 392, 393, 396, 398, 401, 402, 430, 432, 435, 448, 452, 453, 462, 466, 478, 480, 510, 511, 518, 526, 544, 545, 546, 554, 562, 565, 567, 570, 577, 584, 585, 598, 605, 613, 614, 621, 638, 642, 643, 646, 650, 669, 692, 699, 716, 732, 733, 740, 752, 777, 787, 790, 797, 805, 812], [375, 391, 396, 398, 407, 409, 410, 411, 430, 432, 435, 437, 441, 448, 452, 453, 460, 462, 466, 467, 469, 478, 480, 484, 488, 490, 554, 580, 598, 601, 603, 604, 605, 608, 610, 613, 614, 616, 618, 629, 642, 643, 646, 664, 669, 676, 679, 692, 699, 703, 704, 708, 709, 716, 787, 790, 805, 812, 816], [270, 280, 369, 390, 396, 401, 402, 407, 410, 412, 460, 462, 466, 467, 469, 478, 480, 484, 488, 490, 506, 510, 511, 512, 513, 526, 545, 546, 565, 576, 577, 581, 585, 588, 603, 604, 605, 608, 611, 614, 618, 621, 643, 646, 650, 660, 663, 664, 692, 699, 703, 704, 708, 709, 716, 732, 733, 737, 738, 752, 772, 777, 790, 797, 805, 812, 816], [180, 270, 280, 288, 298, 307, 311, 321, 369, 373, 375, 390, 391, 392, 393, 396, 398, 401, 402, 407, 408, 409, 410, 411, 412, 430, 432, 437, 441, 452, 462, 467, 469, 478, 480, 484, 488, 510, 511, 512, 513, 518, 526, 554, 570, 638, 650, 655, 660, 663, 664, 669, 676, 679, 703, 704, 716, 732, 733, 737, 738, 740], [298, 307, 321, 369, 389, 392, 398, 401, 408, 411, 412, 430, 437, 441, 452, 453, 467, 478, 484, 488, 490, 510, 513, 518, 526, 544, 545, 546, 570, 576, 580, 581, 584, 585, 588, 598, 601, 603, 605, 608, 629, 638, 642, 646, 650, 655, 660, 663, 664, 669, 676, 679, 692, 699, 704, 708, 709, 716, 733, 738, 740, 752, 772, 777, 787, 790, 797, 805, 812, 816], [288, 311, 373, 375, 435, 448, 554, 562, 567, 610, 611, 613, 614, 616, 618, 621, 629, 638, 650, 655, 660, 663, 664, 669, 676, 679, 703, 704, 708, 716, 732, 733, 737, 738, 740, 772, 777, 787, 790, 797, 805, 812, 816], [311, 389, 393, 402, 408, 409, 410, 411, 412, 432, 441, 452, 469, 480, 488, 506, 511, 512, 513, 518, 526, 544, 546, 554, 562, 565, 567, 570, 576, 588, 601, 604, 608, 610, 611, 613, 616, 618, 621, 629, 642, 643, 646, 655, 660, 679, 699, 709, 737, 738, 740, 752, 787, 790, 797, 812, 816], [180, 270, 280, 288, 298, 307, 311, 321, 369, 373, 375, 389, 435, 448, 453, 460, 466, 490, 506, 544, 545, 546, 562, 565, 567, 576, 577, 580, 581, 584, 585, 588, 598, 601, 603, 604, 605, 608, 610, 611, 613, 614, 616, 618, 621, 629, 708, 772, 777]!Vessel: FarStar
] 

Rvl : [
!l : 2, 3
[517, 528, 531, 533, 541, 542, 572, 574, 575, 578, 582, 632, 653, 731], [439, 450, 486, 497, 503, 515, 520, 535, 538, 540, 547, 579, 587, 590, 592, 594, 596, 597, 599, 600, 602, 606, 607, 609, 612, 619, 635, 636, 637, 639, 641, 644, 645, 648, 651, 656, 657, 658, 670, 671, 674, 677, 683, 687, 688, 694, 697, 707, 711, 717, 719, 722, 728, 741, 744, 745, 746, 753, 757, 758, 759, 760, 761, 762, 763, 765, 767, 770, 774, 778, 779, 780, 781, 784, 785, 786, 789, 791, 792, 793, 794, 795, 796, 798, 799, 800, 801, 802, 803, 804, 806, 807, 808, 809, 810, 813, 814, 815, 817, 818, 819, 820, 821, 822, 823, 824, 825, 826, 827, 828, 829]!Vessel: FarSeeker
[517, 528, 531, 533, 541, 542, 572, 574, 575, 578, 582, 632, 653, 731], [439, 450, 486, 497, 503, 515, 520, 535, 538, 540, 547, 579, 587, 590, 592, 594, 596, 597, 599, 600, 602, 606, 607, 609, 612, 619, 635, 636, 637, 639, 641, 644, 645, 648, 651, 656, 657, 658, 670, 671, 674, 677, 683, 687, 688, 694, 697, 707, 711, 717, 719, 722, 728, 741, 744, 745, 746, 753, 757, 758, 759, 760, 761, 762, 763, 765, 767, 770, 774, 778, 779, 780, 781, 784, 785, 786, 789, 791, 792, 793, 794, 795, 796, 798, 799, 800, 801, 802, 803, 804, 806, 807, 808, 809, 810, 813, 814, 815, 817, 818, 819, 820, 821, 822, 823, 824, 825, 826, 827, 828, 829]!Vessel: FarSearcher
[180, 280, 287, 291, 293, 298, 300, 307, 309, 347, 385, 386, 413, 522, 523, 529, 543, 544, 561, 586, 631, 655], [263, 270, 302, 306, 357, 359, 363, 366, 367, 399, 402, 410, 429, 432, 446, 452, 453, 456, 466, 477, 480, 494, 501, 506, 509, 525, 546, 565, 569, 591, 593, 595, 601, 604, 605, 608, 615, 617, 620, 622, 627, 628, 633, 634, 647, 650, 654, 659, 660, 664, 667, 668, 669, 672, 676, 678, 679, 680, 682, 684, 685, 686, 689, 691, 695, 696, 700, 702, 703, 705, 706, 708, 713, 714, 715, 716, 718, 720, 724, 725, 727, 729, 730, 732, 734, 735, 736, 737, 739, 740, 742, 743, 748, 750, 751, 754, 755, 756, 764, 766, 768, 771, 772, 773, 775, 776, 777, 782, 783, 787, 788, 790, 811]!Vessel: FarSymphony
[300, 385, 522, 523, 524, 528, 529, 533, 541, 542, 543, 572, 574, 582], [357, 367, 456, 496, 497, 503, 509, 515, 525, 540, 547, 579, 587, 596, 599, 602, 606, 612, 615, 617, 619, 622, 627, 634, 635, 636, 637, 639, 641, 644, 645, 648, 651, 654, 656, 657, 658, 667, 670, 671, 682, 683, 684, 685, 688, 689, 694, 695, 697, 700, 702, 705, 707, 711, 714, 717, 718, 719, 727, 728, 734, 736, 744, 745, 746, 748, 750, 753, 754, 757, 758, 759, 761, 762, 763, 766, 768, 769, 771, 775, 778, 784, 786, 788, 789, 792, 794, 795, 796, 798, 804, 808, 813, 815, 823, 824, 826, 829]!Vessel: HavilaForesight
[180, 280, 288, 298, 307, 311, 321, 369, 373, 389, 392, 393, 408, 518, 544, 562, 567, 570, 584, 638, 655], [270, 375, 390, 391, 396, 398, 401, 402, 407, 409, 410, 411, 412, 430, 432, 435, 437, 441, 448, 452, 453, 460, 462, 466, 467, 469, 478, 480, 484, 488, 490, 506, 510, 511, 512, 513, 526, 545, 546, 554, 565, 576, 577, 580, 581, 585, 588, 598, 601, 603, 604, 605, 608, 610, 611, 613, 614, 616, 618, 621, 629, 642, 643, 646, 650, 660, 663, 664, 669, 676, 679, 692, 699, 703, 704, 708, 709, 716, 732, 733, 737, 738, 740, 752, 772, 777, 787, 790, 797, 805, 812, 816]!Vessel: FarStar
] 

minF : 1
maxF : 6
Nf : [
!f : 1, 2, 3, 4, 5, 6
[10], [5, 6], [], [], [2, 3, 4, 7], [1, 8, 9]
]

! Parameters
VoyageCost: [37970, 39085, 64838, 53931, 37570, 44429, 45544, 73722, 62814, 42817, 43726, 43120, 46453, 44696, 43120, 73722, 62814, 40394, 38879, 38273, 44029, 39848, 74837, 63929, 43932, 42418, 44235, 47568, 45811, 72716, 73019, 72413, 75746, 73988, 62111, 64838, 72110, 61202, 39691, 41509, 44841, 43084, 37570, 43326, 41569, 61505, 45144, 46720, 65505, 38539, 50186, 51156, 49580, 81296, 70389, 50392, 48877, 50695, 54028, 52271, 81599, 49277, 48574, 48877, 49580, 49847, 52913, 52210, 80181, 69274, 78872, 67965, 47968, 46453, 48271, 51604, 49847, 81599, 78569, 67662, 46150, 51301, 79478, 68571, 44029, 78872, 67965, 44999, 82205, 71298, 82714, 47568, 50962, 78569, 78872, 80448, 80448, 78169, 79987, 83320, 79987, 80896, 83623, 77867, 83017, 78169, 83320, 67662, 67965, 69541, 69541, 67262, 72413, 70656, 66959, 70353, 67262, 68232, 73988, 47968, 51301, 49544, 45544, 47120, 79684, 68777, 47265, 52416, 50659, 68777, 72110, 44841, 50598, 52416, 53991, 79478, 68571, 50453, 45605, 50901, 49144, 44296, 81502, 70595, 51604, 49180, 69080, 49083, 52719, 80290, 72413, 79684, 48477, 82205, 71298, 53179, 50756, 54294, 49786, 52477, 51871, 81563, 81866, 81260, 82169, 84896, 71261, 48841, 79139, 48235, 55337, 55337, 54731, 56306, 89174, 54028, 57421, 55034, 54428, 56003, 53725, 55603, 56306, 58670, 58064, 59639, 57361, 88059, 85332, 74425, 54428, 58064, 86750, 86144, 89780, 75237, 78872, 53725, 58876, 51604, 57361, 74122, 57761, 86447, 89477, 78569, 51301, 85938, 75031, 84629, 73722, 87356, 84326, 73419, 84629, 73722, 50756, 87962, 77055, 85332, 74425, 86750, 88665, 77757, 54294, 86144, 84629, 86447, 89780, 88022, 85029, 84326, 86144, 89477, 84629, 85599, 87962, 85599, 84023, 85599, 85441, 90592, 83320, 89077, 90895, 86447, 87356, 86750, 90083, 88325, 88325, 87562, 86047, 91198, 85744, 87562, 90895, 86047, 90083, 89380, 91198, 83720, 85296, 83017, 88774, 90592, 75237, 75540, 77115, 76812, 74691, 77055, 74691, 73116, 74691, 72413, 76412, 81563, 72813, 74388, 72110, 75237, 78569, 54694, 57058, 58876, 60451, 52271, 55543, 58876, 57118, 53119, 54694, 76352, 79684, 52416, 58173, 56415, 59991, 61566, 74534, 77927, 75503, 77867, 79684, 81260, 52877, 56452, 58027, 55749, 59142, 73722, 53725, 57361, 55603, 53179, 78169, 60051, 77721, 73419, 55300, 73722, 58936, 89780, 78872, 56755, 54997, 87356, 76449, 59179, 87865, 79987, 87259, 56052, 86653, 75746, 78872, 60754, 58330, 55906, 58330, 59445, 80448, 57058, 54937, 56512, 59748, 55203, 86908, 76000, 56912, 86205, 75297, 88931, 78024, 89440, 88834, 92470, 87719, 88628, 91355, 87320, 89137, 90046, 92773, 87017, 92167, 90652, 76109, 79745, 86714, 75806, 55809, 87017, 86411, 90046, 79139, 84896, 73988, 51568, 60487, 61457, 60754, 60184, 61154, 60451, 63820, 64790, 65396, 81696, 92604, 60184, 65335, 63820, 96239, 94022, 97657, 91901, 97051, 95536, 80993, 86144, 84629, 58876, 58330, 62511, 92907, 63517, 95936, 97354, 95233, 84326, 58027, 80181, 92507, 79878, 80181, 92507, 94421, 83514, 89780, 78872, 89477, 78569, 93113, 82205, 91089, 90483, 92058, 91901, 93719, 97051, 89780, 95536, 93173, 97354, 90786, 90180, 91755, 89477, 95233, 97051, 91089, 92058, 93816, 95391, 93113, 90749, 91295, 92870, 90592, 96348, 91355, 90046, 94930, 96506, 94228, 93816, 93210, 94785, 93210, 94022, 92507, 94325, 97657, 95900, 92204, 94022, 97354, 92507, 93476, 96542, 95839, 97657, 93476, 91901, 93476, 93319, 95137, 98469, 91198, 96954, 98772, 92204, 91598, 93173, 90895, 96651, 98469, 94082, 92773, 95839, 95233, 96809, 94531, 90446, 91052, 94627, 93925, 91355, 94688, 82811, 84387, 82266, 82908, 84484, 79842, 79139, 79539, 80993, 86144, 85029, 84326, 86144, 87719, 62911, 64487, 64632, 66450, 68026, 62208, 65602, 62269, 59845, 83078, 85441, 87259, 60451, 59142, 64026, 65602, 63323, 66717, 80387, 81963, 79684, 83720, 85296, 83017, 87017, 62875, 63178, 62475, 66511, 82872, 87320, 82569, 86447, 79575, 59578, 63214, 84023, 79272, 98166, 78872, 58876, 62511, 83320, 78569, 82205, 64790, 65905, 85332, 84629, 88022, 85599, 63481, 62778, 85599, 64632, 61663, 66208, 62208, 63784, 67323, 86205, 81151, 61154, 80848, 92664, 81757, 61760, 62063, 62063, 80448, 64087, 80145, 83781, 81151, 95294, 98930, 96712, 100348, 94591, 98227, 83684, 88834, 93779, 93476, 98627, 97112, 95597, 96506, 99233, 95197, 94894, 100045, 98530, 97924, 94082, 83175, 93985, 97621, 94591, 92870, 96506, 94288, 97924, 97318, 81963, 86714, 86411, 91355, 80448, 64087, 80448, 89743, 78836, 93379, 82472, 67214, 66911, 70546, 87453, 92604, 100481, 103511, 65335, 71092, 68971, 98360, 101996, 104117, 99778, 104929, 103414, 97051, 102808, 100687, 86144, 91901, 89780, 65602, 69238, 68668, 101693, 103814, 103111, 100384, 89477, 85332, 97657, 85029, 97354, 88665, 96239, 97209, 97754, 97051, 102808, 97815, 96506, 101390, 102966, 100687, 95936, 96203, 101087, 100384, 97815, 99572, 100542, 101148, 96506, 102202, 101499, 102263, 101657, 100954, 98966, 99936, 98966, 98360, 99936, 99778, 101596, 104929, 97657, 103414, 101051, 105232, 98663, 98057, 97354, 103111, 104929, 100542, 99233, 102299, 101693, 103269, 100990, 99233, 98627, 99172, 98469, 104226, 106044, 99233, 97924, 102808, 104384, 102105, 102505, 101802, 100990, 101960, 102566, 101257, 89634, 65602, 86847, 86144, 91901, 93719, 90786, 90180, 89477, 70486, 69783, 68935, 91295, 90592, 70546, 93779, 91355, 90483, 104626, 89780, 69940, 69238, 91089, 92058, 90749, 90046, 69783, 86908, 90240, 104687, 106807, 106104, 101657, 104989, 86302, 85999, 104081, 100748, 104384, 105499, 89537, 93173, 86908, 85599, 85296, 99839, 88931, 85599, 85296, 86411, 97621, 89743, 99839, 88931, 92604, 75697, 103511, 107147, 109874, 104929, 108565, 107959, 97051, 96506, 106844, 108262, 76243, 96239, 95936, 102966, 108662, 107959, 107413, 106298, 105692, 104117, 105086, 105632, 104929, 112503, 104384, 109268, 108565, 103814, 108965, 108262, 107450, 108419, 107716, 104384, 110080, 109377, 107716, 92058, 95391, 97754, 97051, 97209, 96506, 115024]
VoyageDuration: [2, 2, 2, 2, 2, 2, 2, 2, 2, 2, 2, 2, 2, 2, 2, 2, 2, 2, 2, 2, 2, 2, 2, 2, 2, 2, 2, 2, 2, 2, 2, 2, 2, 2, 2, 2, 2, 2, 2, 2, 2, 2, 2, 2, 2, 2, 2, 2, 2, 2, 2, 2, 2, 3, 2, 2, 2, 2, 2, 2, 3, 2, 2, 2, 2, 2, 2, 2, 2, 2, 2, 2, 2, 2, 2, 2, 2, 3, 2, 2, 2, 2, 2, 2, 2, 2, 2, 2, 3, 2, 3, 2, 2, 2, 2, 3, 3, 2, 2, 3, 2, 2, 3, 2, 3, 2, 3, 2, 2, 2, 2, 2, 2, 2, 2, 2, 2, 2, 2, 2, 2, 2, 2, 2, 2, 2, 2, 2, 2, 2, 2, 2, 2, 2, 2, 2, 2, 2, 2, 2, 2, 2, 3, 2, 2, 2, 2, 2, 2, 2, 2, 2, 2, 3, 2, 2, 2, 2, 2, 2, 2, 3, 3, 3, 3, 3, 2, 2, 2, 2, 2, 2, 2, 2, 3, 2, 2, 2, 2, 2, 2, 2, 2, 2, 2, 2, 2, 3, 3, 2, 2, 2, 3, 3, 3, 2, 3, 2, 2, 2, 2, 2, 2, 3, 3, 3, 2, 3, 2, 3, 2, 3, 3, 2, 3, 2, 2, 3, 3, 3, 2, 3, 3, 3, 2, 3, 3, 3, 3, 3, 3, 3, 3, 3, 3, 3, 3, 3, 3, 3, 3, 3, 3, 3, 3, 3, 3, 3, 3, 3, 3, 3, 3, 3, 3, 3, 3, 3, 3, 3, 3, 3, 3, 3, 3, 3, 2, 2, 3, 3, 2, 3, 2, 2, 2, 2, 3, 3, 2, 2, 2, 2, 3, 2, 2, 2, 2, 2, 2, 2, 2, 2, 2, 2, 3, 2, 2, 2, 2, 2, 2, 3, 2, 3, 3, 3, 2, 2, 2, 2, 2, 2, 2, 2, 2, 2, 3, 2, 3, 2, 2, 2, 2, 3, 3, 2, 2, 3, 3, 2, 3, 3, 3, 2, 3, 2, 3, 2, 2, 2, 2, 2, 3, 2, 2, 2, 2, 2, 3, 2, 2, 3, 2, 3, 3, 3, 3, 3, 3, 3, 3, 3, 3, 3, 3, 3, 3, 3, 2, 3, 3, 2, 2, 3, 3, 3, 3, 3, 2, 2, 2, 2, 2, 2, 2, 2, 2, 2, 2, 3, 3, 2, 2, 2, 3, 3, 3, 3, 3, 3, 3, 3, 3, 2, 2, 2, 3, 2, 3, 3, 3, 3, 2, 3, 3, 3, 3, 3, 3, 3, 3, 3, 3, 3, 3, 3, 3, 3, 3, 3, 3, 3, 3, 3, 3, 3, 3, 3, 3, 3, 3, 3, 3, 3, 3, 3, 3, 3, 3, 3, 3, 3, 3, 3, 3, 3, 3, 3, 3, 3, 3, 3, 3, 3, 3, 3, 3, 3, 3, 3, 3, 3, 3, 3, 3, 3, 3, 3, 3, 3, 3, 3, 3, 3, 3, 3, 3, 3, 3, 3, 3, 3, 3, 3, 3, 3, 3, 3, 3, 3, 3, 3, 3, 3, 3, 3, 3, 3, 3, 3, 3, 3, 3, 3, 3, 2, 2, 2, 2, 3, 2, 2, 2, 2, 3, 3, 3, 2, 2, 2, 2, 2, 2, 3, 3, 3, 3, 3, 3, 3, 2, 2, 2, 2, 3, 3, 3, 3, 3, 2, 2, 3, 3, 3, 3, 2, 2, 3, 3, 3, 2, 2, 3, 3, 3, 3, 2, 2, 3, 2, 2, 2, 2, 2, 2, 3, 3, 2, 3, 3, 3, 2, 2, 2, 3, 2, 3, 3, 3, 3, 3, 3, 3, 3, 3, 3, 3, 3, 3, 3, 3, 3, 3, 3, 3, 3, 3, 3, 3, 3, 3, 3, 3, 3, 3, 3, 3, 3, 3, 3, 3, 3, 3, 3, 2, 3, 3, 3, 3, 3, 2, 2, 3, 3, 3, 3, 3, 2, 3, 2, 3, 3, 3, 3, 3, 3, 3, 3, 3, 3, 3, 3, 2, 3, 2, 3, 3, 3, 3, 3, 3, 3, 3, 3, 3, 3, 3, 3, 3, 3, 3, 3, 3, 3, 3, 3, 3, 3, 3, 3, 3, 3, 3, 3, 3, 3, 3, 3, 3, 3, 3, 3, 3, 3, 3, 3, 3, 3, 3, 3, 3, 3, 3, 3, 3, 3, 3, 3, 3, 3, 3, 3, 3, 3, 3, 3, 3, 3, 3, 3, 3, 3, 3, 3, 3, 3, 3, 3, 3, 3, 2, 3, 3, 3, 3, 3, 3, 3, 3, 3, 3, 3, 3, 3, 3, 3, 3, 3, 3, 3, 3, 3, 3, 3, 3, 3, 3, 3, 3, 3, 3, 3, 3, 3, 3, 3, 3, 3, 3, 3, 3, 3, 3, 3, 3, 3, 3, 3, 3, 3, 3, 3, 3, 3, 3, 3, 3, 3, 3, 3, 3, 3, 3, 3, 3, 3, 3, 3, 3, 3, 3, 3, 3, 3, 3, 3, 3, 3, 3, 3, 3, 3, 3, 3, 3, 3, 3, 3, 3, 3, 3, 3, 3, 3, 3, 3, 3, 3, 3]
TimeCharterCost: [120000, 125000, 130000, 110000, 104000]
RequiredVisits: [6, 5, 5, 5, 2, 2, 5, 6, 6, 1]
NumberOfDaysAvailable: [7, 7, 7, 7, 7]
DepotCapacity: [3, 3, 3, 3, 3, 3, 0]
