!Summary:
!Execution time: 0,74 seconds
!Total # voyages: 2632 (563 unique)
!Number of installations (excluding depot): 10
!Number of time windows: 3
!Number of vessels: 5

!Min. # installations: 1
!Max. number of installations: 8
!Min. duration: 56
!Max. duration: 80

!Name: FarStar	 # voyages: 456
!Name: FarSymphony	 # voyages: 504
!Name: FarSearcher	 # voyages: 563
!Name: FarSeeker	 # voyages: 563
!Name: HavilaForesight	 # voyages: 546
!------------------------------------------------------------------------------------------------------------------------
nV : 5
nR : 563
nN : 10
nT : 7
minL : 2
maxL : 3

! Sets: 
Rv : [
[1, 2, 3, 4, 5, 6, 7, 8, 9, 10, 11, 12, 13, 14, 15, 16, 17, 18, 19, 20, 21, 22, 23, 24, 25, 26, 27, 28, 29, 30, 31, 32, 33, 35, 36, 37, 38, 39, 40, 41, 42, 43, 44, 45, 46, 47, 48, 49, 50, 51, 53, 54, 55, 56, 57, 58, 59, 60, 61, 62, 63, 64, 65, 66, 67, 68, 69, 70, 71, 72, 73, 74, 75, 76, 77, 78, 79, 80, 81, 82, 83, 84, 85, 86, 87, 88, 89, 91, 92, 93, 94, 95, 96, 97, 98, 99, 100, 101, 102, 106, 108, 110, 111, 113, 119, 120, 121, 123, 124, 125, 126, 128, 129, 130, 131, 132, 133, 134, 135, 136, 137, 138, 139, 140, 141, 142, 143, 144, 145, 146, 147, 148, 149, 150, 151, 152, 154, 155, 156, 157, 158, 159, 160, 161, 162, 163, 164, 165, 166, 167, 168, 169, 170, 171, 172, 173, 174, 175, 176, 177, 178, 179, 180, 181, 182, 183, 184, 185, 186, 187, 188, 189, 190, 191, 192, 193, 195, 196, 197, 198, 199, 200, 201, 202, 203, 204, 205, 206, 207, 208, 209, 210, 211, 212, 213, 214, 215, 216, 217, 218, 219, 220, 221, 222, 223, 224, 225, 227, 228, 229, 230, 231, 232, 233, 235, 236, 237, 239, 241, 242, 243, 244, 245, 246, 247, 248, 249, 251, 253, 255, 259, 264, 269, 270, 272, 275, 276, 277, 279, 283, 284, 285, 293, 294, 295, 296, 297, 298, 299, 300, 301, 302, 303, 304, 305, 306, 307, 308, 309, 310, 311, 312, 314, 315, 316, 317, 318, 320, 322, 323, 325, 326, 327, 328, 329, 331, 333, 334, 335, 337, 338, 340, 341, 343, 344, 346, 347, 348, 350, 352, 355, 356, 357, 358, 359, 360, 361, 362, 363, 364, 365, 366, 367, 368, 369, 370, 371, 372, 373, 375, 376, 377, 378, 379, 380, 381, 382, 383, 384, 385, 386, 388, 389, 390, 391, 392, 393, 394, 395, 396, 397, 398, 399, 401, 402, 403, 404, 405, 406, 407, 408, 409, 410, 411, 412, 413, 414, 415, 416, 418, 419, 420, 421, 422, 423, 424, 425, 426, 427, 428, 431, 432, 433, 434, 435, 437, 440, 442, 443, 444, 445, 446, 447, 448, 449, 450, 451, 455, 458, 471, 477, 480, 481, 482, 484, 486, 490, 491, 492, 496, 499, 501, 504, 510, 511, 514, 522, 523, 525, 526, 527, 528, 529, 530, 531, 532, 533, 534, 535, 536, 537, 538, 539, 540, 541, 542, 544, 545, 546, 548, 549, 550, 552, 553, 554, 555, 557, 558, 559, 560, 562, 563, 564, 565, 567, 569, 574, 576, 579, 580, 581, 582, 584, 589, 590, 591, 592, 593, 594, 595, 596, 597, 598, 600, 601, 602, 603, 604, 605, 606, 607, 608, 609, 610, 611, 612, 614, 615, 616, 617, 618, 619, 621, 622, 623, 624, 625, 626, 627, 628, 629, 630, 631, 632, 634, 635, 636, 637, 638, 639, 640, 641, 642, 643, 644, 645, 646, 647, 648, 649, 650, 652, 653, 654, 655, 656, 659, 661, 662, 668, 682, 685, 687, 689, 697, 698, 700, 711, 717, 725, 726, 727, 728, 729, 730, 731, 732, 733, 734, 735, 736, 739, 746, 748, 749, 750, 752, 755, 756, 757, 758, 759, 760, 761, 762, 763, 764, 765, 766, 769, 772, 775, 776, 778, 780, 805, 806, 807, 808, 809, 810, 811, 812]!Vessel: FarSeeker
[1, 2, 3, 4, 5, 6, 7, 8, 9, 10, 11, 12, 13, 14, 15, 16, 17, 18, 19, 20, 21, 22, 23, 24, 25, 26, 27, 28, 29, 30, 31, 32, 33, 35, 36, 37, 38, 39, 40, 41, 42, 43, 44, 45, 46, 47, 48, 49, 50, 51, 53, 54, 55, 56, 57, 58, 59, 60, 61, 62, 63, 64, 65, 66, 67, 68, 69, 70, 71, 72, 73, 74, 75, 76, 77, 78, 79, 80, 81, 82, 83, 84, 85, 86, 87, 88, 89, 91, 92, 93, 94, 95, 96, 97, 98, 99, 100, 101, 102, 106, 108, 110, 111, 113, 119, 120, 121, 123, 124, 125, 126, 128, 129, 130, 131, 132, 133, 134, 135, 136, 137, 138, 139, 140, 141, 142, 143, 144, 145, 146, 147, 148, 149, 150, 151, 152, 154, 155, 156, 157, 158, 159, 160, 161, 162, 163, 164, 165, 166, 167, 168, 169, 170, 171, 172, 173, 174, 175, 176, 177, 178, 179, 180, 181, 182, 183, 184, 185, 186, 187, 188, 189, 190, 191, 192, 193, 195, 196, 197, 198, 199, 200, 201, 202, 203, 204, 205, 206, 207, 208, 209, 210, 211, 212, 213, 214, 215, 216, 217, 218, 219, 220, 221, 222, 223, 224, 225, 227, 228, 229, 230, 231, 232, 233, 235, 236, 237, 239, 241, 242, 243, 244, 245, 246, 247, 248, 249, 251, 253, 255, 259, 264, 269, 270, 272, 275, 276, 277, 279, 283, 284, 285, 293, 294, 295, 296, 297, 298, 299, 300, 301, 302, 303, 304, 305, 306, 307, 308, 309, 310, 311, 312, 314, 315, 316, 317, 318, 320, 322, 323, 325, 326, 327, 328, 329, 331, 333, 334, 335, 337, 338, 340, 341, 343, 344, 346, 347, 348, 350, 352, 355, 356, 357, 358, 359, 360, 361, 362, 363, 364, 365, 366, 367, 368, 369, 370, 371, 372, 373, 375, 376, 377, 378, 379, 380, 381, 382, 383, 384, 385, 386, 388, 389, 390, 391, 392, 393, 394, 395, 396, 397, 398, 399, 401, 402, 403, 404, 405, 406, 407, 408, 409, 410, 411, 412, 413, 414, 415, 416, 418, 419, 420, 421, 422, 423, 424, 425, 426, 427, 428, 431, 432, 433, 434, 435, 437, 440, 442, 443, 444, 445, 446, 447, 448, 449, 450, 451, 455, 458, 471, 477, 480, 481, 482, 484, 486, 490, 491, 492, 496, 499, 501, 504, 510, 511, 514, 522, 523, 525, 526, 527, 528, 529, 530, 531, 532, 533, 534, 535, 536, 537, 538, 539, 540, 541, 542, 544, 545, 546, 548, 549, 550, 552, 553, 554, 555, 557, 558, 559, 560, 562, 563, 564, 565, 567, 569, 574, 576, 579, 580, 581, 582, 584, 589, 590, 591, 592, 593, 594, 595, 596, 597, 598, 600, 601, 602, 603, 604, 605, 606, 607, 608, 609, 610, 611, 612, 614, 615, 616, 617, 618, 619, 621, 622, 623, 624, 625, 626, 627, 628, 629, 630, 631, 632, 634, 635, 636, 637, 638, 639, 640, 641, 642, 643, 644, 645, 646, 647, 648, 649, 650, 652, 653, 654, 655, 656, 659, 661, 662, 668, 682, 685, 687, 689, 697, 698, 700, 711, 717, 725, 726, 727, 728, 729, 730, 731, 732, 733, 734, 735, 736, 739, 746, 748, 749, 750, 752, 755, 756, 757, 758, 759, 760, 761, 762, 763, 764, 765, 766, 769, 772, 775, 776, 778, 780, 805, 806, 807, 808, 809, 810, 811, 812]!Vessel: FarSearcher
[1, 2, 3, 4, 5, 6, 7, 8, 9, 10, 11, 12, 13, 14, 15, 16, 17, 18, 19, 20, 21, 22, 23, 24, 25, 26, 27, 28, 29, 30, 31, 32, 33, 35, 36, 37, 38, 39, 40, 41, 42, 43, 44, 45, 46, 47, 48, 49, 50, 51, 53, 54, 55, 56, 57, 58, 59, 60, 61, 62, 63, 64, 65, 66, 67, 68, 69, 70, 71, 72, 73, 74, 75, 76, 77, 78, 79, 80, 81, 82, 83, 84, 85, 86, 87, 88, 89, 91, 92, 93, 94, 95, 96, 97, 98, 99, 100, 101, 102, 106, 108, 110, 111, 113, 119, 120, 121, 123, 124, 125, 126, 128, 129, 130, 131, 132, 133, 134, 135, 136, 137, 138, 139, 140, 141, 142, 143, 144, 145, 146, 147, 148, 149, 150, 151, 152, 154, 155, 156, 157, 158, 159, 160, 161, 162, 163, 164, 165, 166, 167, 168, 169, 170, 171, 172, 173, 174, 175, 176, 177, 178, 179, 180, 181, 182, 183, 184, 185, 186, 187, 188, 189, 190, 191, 192, 193, 195, 196, 197, 198, 199, 200, 201, 202, 203, 204, 205, 206, 207, 208, 209, 210, 211, 212, 213, 214, 215, 216, 217, 218, 219, 220, 221, 222, 223, 224, 225, 227, 228, 229, 230, 231, 232, 233, 235, 236, 237, 239, 241, 242, 243, 244, 245, 246, 247, 248, 249, 251, 253, 255, 259, 264, 269, 270, 272, 275, 276, 277, 279, 283, 284, 285, 293, 294, 295, 296, 297, 298, 299, 300, 301, 302, 303, 304, 305, 306, 307, 308, 309, 310, 311, 312, 314, 315, 316, 317, 318, 320, 322, 323, 325, 326, 327, 328, 329, 331, 333, 334, 335, 337, 338, 340, 341, 343, 344, 346, 347, 348, 350, 352, 355, 356, 357, 358, 359, 360, 361, 362, 363, 364, 365, 366, 367, 368, 369, 370, 371, 372, 373, 375, 376, 377, 378, 379, 380, 381, 382, 383, 384, 385, 388, 389, 390, 391, 392, 393, 396, 397, 398, 399, 401, 402, 403, 404, 405, 406, 407, 408, 409, 410, 411, 412, 413, 414, 415, 416, 418, 420, 421, 422, 423, 424, 425, 426, 427, 428, 431, 432, 433, 434, 435, 437, 440, 442, 443, 444, 445, 446, 450, 451, 455, 458, 471, 477, 480, 481, 482, 484, 486, 490, 491, 492, 496, 499, 501, 504, 510, 511, 514, 522, 525, 526, 527, 529, 530, 532, 533, 534, 535, 536, 537, 538, 539, 540, 541, 544, 546, 548, 549, 550, 552, 553, 554, 555, 557, 558, 559, 560, 562, 563, 564, 565, 567, 569, 574, 576, 579, 580, 581, 582, 584, 589, 590, 591, 592, 593, 594, 595, 596, 600, 601, 602, 603, 604, 607, 608, 609, 610, 611, 614, 615, 617, 619, 628, 630, 631, 634, 637, 638, 641, 645, 646, 647, 648, 649, 650, 652, 653, 654, 655, 656, 659, 662, 682, 685, 689, 698, 700, 726, 727, 728, 731, 732, 733, 734, 735, 736, 739, 746, 748, 749, 750, 752, 755, 756, 757, 758, 760, 762, 764, 765, 766, 772, 808]!Vessel: FarSymphony
[1, 2, 3, 4, 5, 6, 7, 8, 9, 10, 11, 12, 13, 14, 15, 16, 17, 18, 19, 20, 21, 22, 23, 24, 25, 26, 27, 28, 29, 30, 31, 32, 33, 35, 36, 37, 38, 39, 40, 41, 42, 43, 44, 45, 46, 47, 48, 49, 50, 51, 53, 54, 55, 56, 57, 58, 59, 60, 61, 62, 63, 64, 65, 66, 67, 68, 69, 70, 71, 72, 73, 74, 75, 76, 77, 78, 79, 80, 81, 82, 83, 84, 85, 86, 87, 88, 89, 91, 92, 93, 94, 95, 96, 97, 98, 99, 100, 101, 102, 106, 108, 110, 111, 113, 119, 120, 121, 123, 124, 125, 126, 128, 129, 130, 131, 132, 133, 134, 135, 136, 137, 138, 139, 140, 141, 142, 143, 144, 145, 146, 147, 148, 149, 150, 151, 152, 154, 155, 156, 157, 158, 159, 160, 161, 162, 163, 164, 165, 166, 167, 168, 169, 170, 171, 172, 173, 174, 175, 176, 177, 178, 179, 180, 181, 182, 183, 184, 185, 186, 187, 188, 189, 190, 191, 192, 193, 195, 196, 197, 198, 199, 200, 201, 202, 203, 204, 205, 206, 207, 208, 209, 210, 211, 212, 213, 214, 215, 216, 217, 218, 219, 220, 221, 222, 223, 224, 225, 227, 228, 229, 230, 231, 232, 233, 235, 236, 237, 239, 241, 242, 243, 244, 245, 246, 247, 248, 249, 251, 253, 255, 259, 264, 269, 270, 272, 275, 276, 277, 279, 283, 284, 285, 293, 294, 295, 296, 297, 298, 299, 300, 301, 302, 303, 304, 305, 306, 307, 308, 309, 310, 311, 312, 314, 315, 316, 317, 318, 320, 322, 323, 325, 326, 327, 328, 329, 331, 333, 334, 335, 337, 338, 340, 341, 343, 344, 346, 347, 348, 350, 352, 355, 356, 357, 358, 359, 360, 361, 362, 363, 364, 365, 366, 367, 368, 369, 370, 371, 372, 373, 375, 376, 377, 378, 379, 380, 381, 382, 383, 384, 385, 388, 389, 390, 391, 392, 393, 394, 395, 396, 397, 398, 399, 401, 402, 403, 404, 405, 406, 407, 408, 409, 410, 411, 412, 413, 414, 415, 416, 418, 419, 420, 421, 422, 423, 424, 425, 426, 427, 428, 431, 432, 433, 434, 435, 437, 440, 442, 443, 444, 445, 446, 447, 449, 450, 451, 455, 458, 471, 477, 480, 481, 482, 484, 486, 490, 491, 492, 496, 499, 501, 504, 510, 511, 514, 522, 523, 525, 526, 527, 528, 529, 530, 531, 532, 533, 534, 535, 536, 537, 538, 539, 540, 541, 542, 544, 546, 548, 549, 550, 552, 553, 554, 555, 557, 558, 559, 560, 562, 563, 564, 565, 567, 569, 574, 576, 579, 580, 581, 582, 584, 589, 590, 591, 592, 593, 594, 595, 596, 600, 601, 602, 603, 604, 606, 607, 608, 609, 610, 611, 612, 614, 615, 616, 617, 618, 619, 622, 624, 626, 627, 628, 629, 630, 631, 632, 634, 635, 636, 637, 638, 639, 640, 641, 644, 645, 646, 647, 648, 649, 650, 652, 653, 654, 655, 656, 659, 661, 662, 668, 682, 685, 687, 689, 697, 698, 700, 711, 717, 725, 726, 727, 728, 729, 730, 731, 732, 733, 734, 735, 736, 739, 746, 748, 749, 750, 752, 755, 756, 757, 758, 759, 760, 761, 762, 764, 765, 766, 772, 776, 778, 780, 805, 806, 808, 809, 810]!Vessel: HavilaForesight
[1, 2, 3, 4, 5, 6, 7, 8, 9, 10, 11, 12, 13, 14, 15, 16, 17, 18, 19, 20, 21, 22, 23, 24, 25, 26, 27, 28, 29, 30, 31, 32, 33, 35, 36, 37, 38, 39, 40, 41, 42, 43, 44, 45, 46, 47, 48, 49, 50, 51, 53, 54, 55, 56, 57, 58, 59, 60, 61, 62, 63, 64, 65, 66, 67, 68, 69, 70, 71, 72, 73, 74, 75, 76, 77, 78, 79, 80, 81, 82, 83, 84, 85, 86, 87, 88, 89, 91, 92, 93, 94, 95, 96, 97, 98, 99, 100, 101, 102, 106, 108, 110, 111, 113, 119, 120, 121, 123, 124, 125, 126, 128, 129, 130, 131, 132, 133, 134, 135, 136, 137, 138, 139, 140, 141, 142, 143, 144, 145, 146, 147, 148, 149, 150, 151, 152, 154, 155, 156, 157, 158, 159, 160, 161, 162, 163, 164, 165, 166, 167, 168, 169, 170, 171, 172, 173, 174, 175, 176, 177, 178, 179, 180, 181, 183, 184, 185, 186, 187, 188, 189, 190, 191, 192, 193, 195, 196, 197, 198, 199, 200, 201, 202, 203, 204, 205, 206, 207, 208, 209, 210, 211, 212, 213, 214, 215, 216, 217, 218, 219, 221, 222, 223, 224, 225, 227, 228, 229, 230, 231, 232, 233, 235, 236, 237, 239, 241, 242, 243, 244, 245, 246, 247, 249, 251, 253, 255, 259, 264, 269, 270, 272, 275, 276, 277, 279, 283, 284, 285, 293, 294, 295, 296, 297, 298, 299, 300, 301, 302, 303, 304, 305, 306, 307, 308, 309, 310, 311, 312, 314, 315, 316, 317, 318, 320, 322, 323, 325, 326, 327, 328, 329, 331, 333, 334, 335, 337, 338, 340, 341, 343, 344, 346, 347, 348, 350, 352, 355, 356, 357, 358, 360, 361, 362, 363, 364, 366, 367, 368, 369, 370, 371, 372, 375, 376, 377, 378, 380, 382, 383, 384, 385, 389, 391, 392, 393, 397, 398, 399, 401, 402, 403, 404, 405, 406, 408, 409, 410, 411, 412, 413, 414, 415, 416, 418, 420, 421, 422, 423, 424, 425, 426, 427, 428, 431, 432, 433, 434, 435, 437, 443, 444, 445, 446, 451, 455, 458, 471, 477, 480, 481, 482, 484, 486, 490, 491, 492, 496, 499, 501, 504, 510, 511, 514, 522, 526, 529, 530, 532, 533, 534, 535, 536, 537, 538, 539, 540, 541, 546, 548, 550, 552, 553, 554, 555, 557, 558, 559, 560, 562, 563, 564, 567, 569, 574, 576, 579, 580, 581, 582, 584, 589, 590, 591, 592, 593, 594, 595, 596, 600, 602, 603, 604, 607, 608, 609, 611, 615, 617, 619, 628, 630, 631, 634, 637, 638, 641, 648, 649, 650, 652, 654, 656, 659, 682, 689, 698, 731, 733, 746, 748, 749, 750, 757, 758, 808]!Vessel: FarStar
] 

Rvi : [
!i : 1, 2, 3, 4, 5, 6, 7, 8, 9, 10
[1, 8, 9, 10, 11, 12, 13, 14, 15, 16, 53, 54, 55, 56, 57, 58, 59, 60, 61, 62, 63, 64, 65, 66, 67, 68, 69, 70, 71, 72, 73, 74, 119, 128, 129, 130, 131, 144, 145, 146, 159, 160, 161, 162, 173, 174, 175, 176, 177, 178, 179, 180, 181, 182, 183, 184, 185, 186, 187, 188, 189, 190, 191, 192, 193, 195, 196, 197, 198, 199, 200, 201, 202, 203, 204, 205, 206, 207, 208, 209, 227, 239, 244, 245, 253, 255, 259, 269, 270, 272, 293, 294, 295, 297, 298, 299, 308, 314, 315, 318, 322, 323, 325, 326, 334, 335, 355, 356, 357, 358, 359, 360, 361, 362, 368, 382, 383, 384, 385, 386, 388, 389, 390, 391, 392, 393, 394, 395, 396, 397, 398, 399, 401, 402, 403, 404, 405, 406, 409, 422, 423, 424, 428, 433, 434, 443, 444, 445, 447, 451, 455, 458, 477, 480, 481, 482, 484, 486, 490, 491, 492, 522, 523, 525, 526, 529, 530, 531, 532, 533, 534, 536, 537, 546, 550, 552, 553, 557, 558, 559, 560, 562, 563, 564, 565, 567, 574, 579, 580, 589, 590, 591, 592, 593, 594, 595, 596, 597, 598, 600, 601, 602, 603, 616, 621, 622, 623, 624, 625, 626, 627, 628, 629, 630, 631, 634, 639, 644, 645, 646, 647, 648, 649, 650, 653, 654, 656, 659, 661, 668, 682, 685, 687, 689, 697, 698, 700, 725, 726, 728, 729, 731, 733, 734, 735, 736, 739, 746, 748, 749, 750, 755, 756, 757, 758, 759, 760, 761, 762, 763, 769, 772, 776, 778, 780, 805, 806, 807, 808, 809, 811, 812], [8, 17, 18, 19, 20, 21, 22, 23, 24, 53, 54, 55, 68, 70, 72, 73, 74, 75, 76, 77, 78, 79, 80, 81, 82, 83, 84, 85, 86, 87, 88, 89, 91, 92, 93, 94, 95, 120, 132, 147, 148, 163, 169, 173, 174, 175, 184, 187, 188, 192, 195, 197, 198, 199, 201, 202, 203, 204, 205, 206, 207, 208, 209, 210, 211, 212, 213, 214, 215, 216, 217, 218, 219, 220, 221, 222, 223, 224, 225, 227, 228, 229, 230, 231, 232, 233, 235, 236, 237, 239, 241, 242, 243, 244, 245, 246, 247, 283, 296, 300, 309, 327, 328, 329, 331, 333, 355, 360, 363, 366, 369, 373, 376, 377, 382, 383, 385, 386, 389, 390, 392, 393, 394, 397, 398, 399, 401, 402, 403, 404, 405, 406, 407, 408, 409, 410, 411, 412, 413, 414, 415, 416, 418, 419, 420, 421, 422, 423, 424, 425, 426, 427, 428, 431, 432, 433, 434, 435, 437, 440, 442, 443, 444, 445, 446, 448, 451, 477, 480, 490, 496, 510, 511, 523, 526, 527, 528, 532, 535, 538, 542, 554, 557, 562, 565, 567, 569, 589, 590, 591, 596, 597, 602, 604, 605, 607, 609, 610, 612, 615, 617, 618, 619, 622, 623, 625, 626, 627, 628, 629, 630, 631, 632, 634, 635, 636, 637, 638, 639, 640, 641, 642, 643, 644, 645, 646, 647, 648, 649, 650, 652, 653, 654, 655, 656, 659, 661, 662, 682, 697, 698, 717, 725, 726, 727, 730, 732, 733, 734, 736, 739, 755, 757, 758, 759, 761, 764, 766, 769, 772, 775, 776, 778, 780, 805, 806, 807, 808, 810, 811], [2, 9, 17, 25, 26, 27, 28, 29, 30, 31, 55, 56, 57, 58, 59, 60, 61, 62, 75, 76, 77, 78, 79, 80, 81, 96, 97, 98, 99, 100, 101, 102, 106, 108, 121, 133, 134, 135, 136, 149, 150, 151, 164, 165, 174, 175, 176, 177, 178, 179, 180, 181, 182, 183, 184, 185, 186, 188, 189, 190, 207, 208, 209, 210, 211, 212, 213, 214, 215, 216, 217, 218, 219, 220, 221, 222, 228, 248, 249, 251, 253, 255, 264, 275, 276, 277, 297, 298, 299, 300, 301, 302, 303, 304, 305, 306, 307, 327, 328, 329, 334, 335, 337, 338, 340, 341, 346, 347, 348, 364, 365, 366, 367, 370, 371, 383, 384, 385, 386, 388, 389, 390, 391, 392, 393, 402, 403, 404, 405, 406, 407, 408, 409, 410, 411, 412, 413, 414, 415, 416, 418, 419, 420, 421, 435, 447, 448, 449, 450, 451, 455, 458, 471, 480, 481, 482, 484, 496, 499, 501, 504, 527, 529, 530, 531, 532, 533, 534, 535, 536, 537, 538, 539, 540, 541, 542, 544, 545, 557, 558, 559, 560, 567, 569, 574, 576, 579, 580, 581, 582, 584, 591, 592, 593, 594, 598, 605, 606, 607, 608, 609, 610, 611, 619, 621, 622, 626, 627, 628, 629, 630, 631, 632, 634, 635, 636, 637, 638, 639, 640, 641, 642, 644, 645, 654, 655, 668, 682, 685, 687, 689, 711, 725, 726, 727, 728, 729, 730, 732, 733, 734, 735, 739, 746, 748, 749, 750, 752, 755, 756, 757, 758, 759, 760, 764, 765, 766, 769, 772, 775, 776, 778, 805, 807, 808, 809, 810, 811, 812], [3, 10, 18, 25, 32, 33, 35, 38, 56, 63, 65, 72, 75, 82, 84, 86, 93, 96, 99, 106, 108, 110, 111, 113, 128, 138, 142, 159, 167, 176, 180, 201, 204, 207, 210, 211, 217, 223, 227, 228, 229, 232, 237, 244, 247, 253, 255, 259, 264, 269, 270, 272, 275, 276, 277, 279, 283, 284, 285, 294, 304, 358, 364, 378, 402, 406, 407, 408, 410, 411, 420, 422, 425, 428, 433, 444, 451, 455, 458, 471, 477, 480, 481, 482, 484, 486, 490, 491, 492, 496, 499, 501, 504, 510, 511, 514, 529, 550, 615, 626, 627, 631, 632, 634, 635, 636, 637, 644, 647, 661, 668, 682, 685, 687, 689, 697, 698, 700, 711, 717, 772], [4, 11, 19, 26, 32, 36, 37, 40, 45, 49, 57, 63, 64, 73, 76, 82, 83, 87, 91, 94, 96, 97, 98, 110, 111, 113, 119, 120, 121, 123, 124, 125, 126, 129, 133, 137, 140, 143, 144, 149, 152, 157, 160, 166, 176, 177, 178, 179, 187, 188, 189, 190, 191, 192, 193, 201, 202, 203, 211, 212, 213, 214, 215, 216, 223, 224, 225, 229, 230, 231, 235, 241, 242, 246, 248, 249, 269, 270, 272, 275, 276, 277, 279, 283, 284, 285, 293, 301, 302, 303, 308, 309, 310, 311, 312, 314, 316, 317, 320, 322, 323, 337, 338, 343, 344, 346, 355, 356, 357, 368, 369, 370, 371, 372, 381, 384, 392, 393, 394, 395, 396, 397, 399, 409, 410, 411, 412, 413, 414, 415, 416, 422, 423, 424, 425, 426, 427, 431, 432, 434, 435, 437, 442, 445, 446, 447, 448, 449, 450, 477, 480, 481, 482, 484, 486, 490, 491, 492, 496, 499, 501, 504, 510, 511, 514, 522, 528, 536, 537, 538, 539, 540, 541, 546, 548, 549, 552, 553, 554, 555, 557, 558, 559, 560, 562, 563, 564, 576, 581, 582, 589, 590, 591, 592, 593, 594, 595, 609, 610, 611, 622, 623, 624, 626, 634, 635, 636, 637, 638, 639, 640, 641, 643, 645, 646, 647, 648, 649, 650, 652, 654, 655, 656, 662, 682, 685, 687, 689, 697, 698, 700, 711, 717, 727, 728, 729, 730, 731, 733, 734, 735, 736, 748, 749, 750, 752, 757, 758, 759, 760, 761, 762, 764, 765, 772, 775, 776, 780, 805, 806, 807, 808, 809, 810, 811, 812], [5, 12, 20, 27, 36, 38, 39, 41, 46, 50, 58, 64, 65, 66, 74, 77, 83, 84, 85, 88, 95, 97, 99, 100, 110, 123, 130, 134, 137, 138, 139, 145, 147, 150, 152, 154, 155, 158, 161, 164, 166, 167, 168, 170, 177, 180, 181, 182, 191, 202, 204, 205, 206, 208, 212, 217, 218, 219, 220, 223, 224, 230, 232, 233, 239, 241, 243, 245, 246, 247, 248, 269, 275, 279, 284, 293, 294, 295, 297, 301, 304, 305, 306, 310, 315, 316, 318, 320, 322, 325, 326, 327, 331, 333, 334, 337, 340, 341, 343, 344, 347, 350, 352, 356, 358, 359, 364, 365, 370, 373, 375, 376, 378, 379, 381, 385, 386, 388, 394, 395, 396, 401, 402, 403, 404, 407, 409, 410, 412, 415, 418, 419, 420, 422, 423, 425, 427, 428, 431, 434, 435, 437, 440, 442, 443, 444, 445, 447, 448, 449, 450, 458, 471, 481, 486, 491, 499, 504, 510, 514, 523, 525, 528, 529, 530, 531, 536, 540, 542, 544, 545, 546, 548, 549, 550, 552, 558, 563, 565, 569, 574, 576, 579, 581, 584, 592, 596, 597, 598, 600, 601, 605, 606, 612, 614, 615, 616, 617, 618, 619, 621, 623, 624, 625, 626, 627, 628, 629, 632, 635, 636, 638, 639, 640, 642, 643, 644, 645, 646, 647, 648, 652, 654, 655, 656, 659, 661, 668, 685, 687, 697, 700, 711, 717, 728, 731, 735, 739, 746, 748, 752, 763, 766, 776, 778, 780, 807, 809, 810], [13, 21, 28, 33, 40, 41, 42, 43, 44, 53, 59, 67, 71, 78, 86, 87, 88, 89, 101, 106, 111, 124, 128, 129, 130, 131, 132, 133, 134, 135, 136, 137, 138, 139, 140, 141, 142, 143, 155, 156, 169, 170, 171, 173, 174, 183, 189, 195, 196, 198, 200, 203, 205, 213, 218, 221, 222, 227, 228, 229, 230, 231, 232, 233, 235, 236, 237, 243, 251, 253, 259, 264, 270, 276, 279, 285, 293, 294, 295, 296, 297, 298, 299, 300, 301, 302, 303, 304, 305, 306, 307, 308, 309, 310, 311, 312, 314, 315, 316, 317, 318, 320, 346, 347, 348, 350, 352, 357, 361, 376, 377, 378, 379, 380, 382, 383, 392, 395, 398, 399, 401, 403, 405, 408, 412, 413, 416, 418, 420, 421, 423, 424, 425, 426, 427, 428, 431, 432, 433, 440, 443, 449, 451, 455, 471, 477, 482, 486, 492, 496, 499, 501, 511, 514, 522, 523, 525, 526, 527, 528, 529, 530, 531, 532, 533, 534, 535, 536, 537, 538, 539, 540, 541, 542, 544, 545, 546, 548, 549, 550, 552, 553, 554, 555, 559, 564, 579, 580, 581, 582, 584, 589, 593, 600, 603, 604, 608, 614, 615, 616, 617, 618, 619, 621, 622, 624, 625, 628, 629, 630, 631, 632, 635, 637, 638, 640, 641, 642, 643, 644, 645, 646, 647, 648, 649, 650, 652, 653, 659, 661, 662, 668, 682, 685, 689, 698, 700, 711, 717, 725, 726, 727, 728, 729, 730, 731, 732, 733, 746, 748, 749, 750, 752, 756, 757, 761, 762, 763, 765, 766, 769, 772, 775, 776, 778, 780, 805, 806, 808, 809, 810, 812], [14, 22, 29, 42, 45, 46, 47, 48, 60, 67, 68, 69, 79, 89, 91, 92, 101, 102, 125, 140, 141, 144, 145, 146, 147, 148, 149, 150, 151, 152, 154, 155, 156, 157, 158, 172, 173, 175, 178, 183, 185, 192, 193, 196, 197, 199, 200, 214, 221, 225, 235, 236, 239, 241, 242, 243, 249, 251, 311, 314, 315, 316, 317, 322, 323, 325, 326, 327, 328, 329, 331, 333, 334, 335, 337, 338, 340, 341, 343, 344, 346, 347, 348, 350, 352, 362, 363, 367, 372, 375, 377, 380, 382, 383, 384, 385, 388, 389, 391, 396, 397, 398, 399, 401, 413, 414, 418, 419, 421, 426, 431, 432, 434, 435, 437, 440, 442, 446, 450, 522, 525, 533, 535, 539, 544, 546, 548, 549, 555, 557, 558, 559, 560, 562, 563, 564, 565, 567, 569, 574, 576, 579, 580, 581, 582, 584, 595, 596, 600, 601, 602, 603, 604, 606, 607, 608, 609, 611, 612, 614, 617, 621, 623, 624, 625, 628, 630, 638, 641, 642, 643, 648, 649, 650, 652, 653, 654, 655, 656, 659, 662, 726, 727, 731, 732, 733, 734, 735, 736, 739, 746, 748, 749, 750, 752, 755, 756, 758, 760, 762, 763, 764, 765, 766, 769, 775, 776, 778, 780, 805, 806, 807, 808, 809, 810, 811, 812], [6, 15, 23, 30, 35, 43, 47, 49, 50, 51, 61, 70, 71, 80, 93, 94, 95, 98, 108, 113, 126, 135, 142, 143, 146, 148, 151, 156, 157, 158, 159, 160, 161, 162, 163, 164, 165, 166, 167, 168, 169, 170, 171, 172, 179, 181, 186, 198, 199, 200, 209, 210, 215, 219, 222, 231, 237, 242, 244, 245, 246, 247, 255, 259, 264, 272, 277, 283, 284, 285, 296, 298, 302, 305, 307, 312, 317, 318, 320, 323, 326, 328, 333, 335, 338, 340, 344, 348, 352, 355, 356, 357, 358, 359, 360, 361, 362, 363, 364, 365, 366, 367, 368, 369, 370, 371, 372, 373, 375, 376, 377, 378, 379, 380, 381, 390, 391, 398, 404, 405, 406, 407, 408, 411, 415, 416, 421, 427, 432, 433, 437, 443, 444, 445, 446, 455, 458, 471, 484, 490, 491, 492, 501, 504, 510, 511, 514, 526, 527, 530, 534, 540, 541, 545, 548, 550, 552, 553, 554, 555, 560, 562, 563, 564, 567, 569, 574, 576, 580, 582, 584, 589, 590, 591, 592, 593, 594, 595, 596, 597, 598, 600, 601, 602, 603, 604, 605, 606, 607, 608, 609, 610, 611, 612, 614, 615, 616, 617, 618, 619, 627, 629, 630, 631, 632, 634, 636, 637, 639, 640, 641, 646, 649, 652, 653, 655, 656, 659, 661, 662, 668, 687, 689, 697, 698, 700, 711, 717, 725, 728, 729, 730, 731, 732, 735, 736, 739, 746, 749, 752, 755, 756, 757, 758, 759, 760, 761, 762, 763, 764, 765, 766, 769, 772, 775, 778, 780, 806, 807, 808, 809, 810, 811, 812], [7, 16, 24, 31, 37, 39, 44, 48, 51, 54, 62, 66, 69, 81, 85, 92, 100, 102, 119, 120, 121, 123, 124, 125, 126, 131, 132, 136, 139, 141, 154, 162, 163, 165, 168, 171, 172, 182, 184, 185, 186, 187, 190, 191, 193, 195, 196, 197, 206, 216, 220, 224, 225, 233, 236, 248, 249, 251, 295, 296, 299, 300, 303, 306, 307, 308, 309, 310, 311, 312, 325, 329, 331, 341, 343, 350, 359, 360, 361, 362, 363, 365, 366, 367, 368, 369, 371, 372, 373, 375, 379, 380, 381, 382, 384, 386, 388, 389, 390, 391, 393, 394, 395, 396, 397, 414, 419, 424, 426, 440, 442, 446, 447, 448, 449, 450, 522, 523, 525, 526, 527, 528, 531, 532, 533, 534, 535, 537, 538, 539, 541, 542, 544, 545, 549, 553, 554, 555, 565, 590, 594, 595, 597, 598, 601, 602, 603, 604, 605, 606, 607, 608, 610, 611, 612, 614, 616, 618, 621, 622, 623, 624, 625, 642, 643, 650, 653, 662, 725, 726, 727, 729, 730, 732, 734, 736, 750, 755, 756, 759, 760, 761, 762, 763, 764, 765, 769, 775, 805, 806, 811, 812]!Vessel: FarSeeker
[1, 8, 9, 10, 11, 12, 13, 14, 15, 16, 53, 54, 55, 56, 57, 58, 59, 60, 61, 62, 63, 64, 65, 66, 67, 68, 69, 70, 71, 72, 73, 74, 119, 128, 129, 130, 131, 144, 145, 146, 159, 160, 161, 162, 173, 174, 175, 176, 177, 178, 179, 180, 181, 182, 183, 184, 185, 186, 187, 188, 189, 190, 191, 192, 193, 195, 196, 197, 198, 199, 200, 201, 202, 203, 204, 205, 206, 207, 208, 209, 227, 239, 244, 245, 253, 255, 259, 269, 270, 272, 293, 294, 295, 297, 298, 299, 308, 314, 315, 318, 322, 323, 325, 326, 334, 335, 355, 356, 357, 358, 359, 360, 361, 362, 368, 382, 383, 384, 385, 386, 388, 389, 390, 391, 392, 393, 394, 395, 396, 397, 398, 399, 401, 402, 403, 404, 405, 406, 409, 422, 423, 424, 428, 433, 434, 443, 444, 445, 447, 451, 455, 458, 477, 480, 481, 482, 484, 486, 490, 491, 492, 522, 523, 525, 526, 529, 530, 531, 532, 533, 534, 536, 537, 546, 550, 552, 553, 557, 558, 559, 560, 562, 563, 564, 565, 567, 574, 579, 580, 589, 590, 591, 592, 593, 594, 595, 596, 597, 598, 600, 601, 602, 603, 616, 621, 622, 623, 624, 625, 626, 627, 628, 629, 630, 631, 634, 639, 644, 645, 646, 647, 648, 649, 650, 653, 654, 656, 659, 661, 668, 682, 685, 687, 689, 697, 698, 700, 725, 726, 728, 729, 731, 733, 734, 735, 736, 739, 746, 748, 749, 750, 755, 756, 757, 758, 759, 760, 761, 762, 763, 769, 772, 776, 778, 780, 805, 806, 807, 808, 809, 811, 812], [8, 17, 18, 19, 20, 21, 22, 23, 24, 53, 54, 55, 68, 70, 72, 73, 74, 75, 76, 77, 78, 79, 80, 81, 82, 83, 84, 85, 86, 87, 88, 89, 91, 92, 93, 94, 95, 120, 132, 147, 148, 163, 169, 173, 174, 175, 184, 187, 188, 192, 195, 197, 198, 199, 201, 202, 203, 204, 205, 206, 207, 208, 209, 210, 211, 212, 213, 214, 215, 216, 217, 218, 219, 220, 221, 222, 223, 224, 225, 227, 228, 229, 230, 231, 232, 233, 235, 236, 237, 239, 241, 242, 243, 244, 245, 246, 247, 283, 296, 300, 309, 327, 328, 329, 331, 333, 355, 360, 363, 366, 369, 373, 376, 377, 382, 383, 385, 386, 389, 390, 392, 393, 394, 397, 398, 399, 401, 402, 403, 404, 405, 406, 407, 408, 409, 410, 411, 412, 413, 414, 415, 416, 418, 419, 420, 421, 422, 423, 424, 425, 426, 427, 428, 431, 432, 433, 434, 435, 437, 440, 442, 443, 444, 445, 446, 448, 451, 477, 480, 490, 496, 510, 511, 523, 526, 527, 528, 532, 535, 538, 542, 554, 557, 562, 565, 567, 569, 589, 590, 591, 596, 597, 602, 604, 605, 607, 609, 610, 612, 615, 617, 618, 619, 622, 623, 625, 626, 627, 628, 629, 630, 631, 632, 634, 635, 636, 637, 638, 639, 640, 641, 642, 643, 644, 645, 646, 647, 648, 649, 650, 652, 653, 654, 655, 656, 659, 661, 662, 682, 697, 698, 717, 725, 726, 727, 730, 732, 733, 734, 736, 739, 755, 757, 758, 759, 761, 764, 766, 769, 772, 775, 776, 778, 780, 805, 806, 807, 808, 810, 811], [2, 9, 17, 25, 26, 27, 28, 29, 30, 31, 55, 56, 57, 58, 59, 60, 61, 62, 75, 76, 77, 78, 79, 80, 81, 96, 97, 98, 99, 100, 101, 102, 106, 108, 121, 133, 134, 135, 136, 149, 150, 151, 164, 165, 174, 175, 176, 177, 178, 179, 180, 181, 182, 183, 184, 185, 186, 188, 189, 190, 207, 208, 209, 210, 211, 212, 213, 214, 215, 216, 217, 218, 219, 220, 221, 222, 228, 248, 249, 251, 253, 255, 264, 275, 276, 277, 297, 298, 299, 300, 301, 302, 303, 304, 305, 306, 307, 327, 328, 329, 334, 335, 337, 338, 340, 341, 346, 347, 348, 364, 365, 366, 367, 370, 371, 383, 384, 385, 386, 388, 389, 390, 391, 392, 393, 402, 403, 404, 405, 406, 407, 408, 409, 410, 411, 412, 413, 414, 415, 416, 418, 419, 420, 421, 435, 447, 448, 449, 450, 451, 455, 458, 471, 480, 481, 482, 484, 496, 499, 501, 504, 527, 529, 530, 531, 532, 533, 534, 535, 536, 537, 538, 539, 540, 541, 542, 544, 545, 557, 558, 559, 560, 567, 569, 574, 576, 579, 580, 581, 582, 584, 591, 592, 593, 594, 598, 605, 606, 607, 608, 609, 610, 611, 619, 621, 622, 626, 627, 628, 629, 630, 631, 632, 634, 635, 636, 637, 638, 639, 640, 641, 642, 644, 645, 654, 655, 668, 682, 685, 687, 689, 711, 725, 726, 727, 728, 729, 730, 732, 733, 734, 735, 739, 746, 748, 749, 750, 752, 755, 756, 757, 758, 759, 760, 764, 765, 766, 769, 772, 775, 776, 778, 805, 807, 808, 809, 810, 811, 812], [3, 10, 18, 25, 32, 33, 35, 38, 56, 63, 65, 72, 75, 82, 84, 86, 93, 96, 99, 106, 108, 110, 111, 113, 128, 138, 142, 159, 167, 176, 180, 201, 204, 207, 210, 211, 217, 223, 227, 228, 229, 232, 237, 244, 247, 253, 255, 259, 264, 269, 270, 272, 275, 276, 277, 279, 283, 284, 285, 294, 304, 358, 364, 378, 402, 406, 407, 408, 410, 411, 420, 422, 425, 428, 433, 444, 451, 455, 458, 471, 477, 480, 481, 482, 484, 486, 490, 491, 492, 496, 499, 501, 504, 510, 511, 514, 529, 550, 615, 626, 627, 631, 632, 634, 635, 636, 637, 644, 647, 661, 668, 682, 685, 687, 689, 697, 698, 700, 711, 717, 772], [4, 11, 19, 26, 32, 36, 37, 40, 45, 49, 57, 63, 64, 73, 76, 82, 83, 87, 91, 94, 96, 97, 98, 110, 111, 113, 119, 120, 121, 123, 124, 125, 126, 129, 133, 137, 140, 143, 144, 149, 152, 157, 160, 166, 176, 177, 178, 179, 187, 188, 189, 190, 191, 192, 193, 201, 202, 203, 211, 212, 213, 214, 215, 216, 223, 224, 225, 229, 230, 231, 235, 241, 242, 246, 248, 249, 269, 270, 272, 275, 276, 277, 279, 283, 284, 285, 293, 301, 302, 303, 308, 309, 310, 311, 312, 314, 316, 317, 320, 322, 323, 337, 338, 343, 344, 346, 355, 356, 357, 368, 369, 370, 371, 372, 381, 384, 392, 393, 394, 395, 396, 397, 399, 409, 410, 411, 412, 413, 414, 415, 416, 422, 423, 424, 425, 426, 427, 431, 432, 434, 435, 437, 442, 445, 446, 447, 448, 449, 450, 477, 480, 481, 482, 484, 486, 490, 491, 492, 496, 499, 501, 504, 510, 511, 514, 522, 528, 536, 537, 538, 539, 540, 541, 546, 548, 549, 552, 553, 554, 555, 557, 558, 559, 560, 562, 563, 564, 576, 581, 582, 589, 590, 591, 592, 593, 594, 595, 609, 610, 611, 622, 623, 624, 626, 634, 635, 636, 637, 638, 639, 640, 641, 643, 645, 646, 647, 648, 649, 650, 652, 654, 655, 656, 662, 682, 685, 687, 689, 697, 698, 700, 711, 717, 727, 728, 729, 730, 731, 733, 734, 735, 736, 748, 749, 750, 752, 757, 758, 759, 760, 761, 762, 764, 765, 772, 775, 776, 780, 805, 806, 807, 808, 809, 810, 811, 812], [5, 12, 20, 27, 36, 38, 39, 41, 46, 50, 58, 64, 65, 66, 74, 77, 83, 84, 85, 88, 95, 97, 99, 100, 110, 123, 130, 134, 137, 138, 139, 145, 147, 150, 152, 154, 155, 158, 161, 164, 166, 167, 168, 170, 177, 180, 181, 182, 191, 202, 204, 205, 206, 208, 212, 217, 218, 219, 220, 223, 224, 230, 232, 233, 239, 241, 243, 245, 246, 247, 248, 269, 275, 279, 284, 293, 294, 295, 297, 301, 304, 305, 306, 310, 315, 316, 318, 320, 322, 325, 326, 327, 331, 333, 334, 337, 340, 341, 343, 344, 347, 350, 352, 356, 358, 359, 364, 365, 370, 373, 375, 376, 378, 379, 381, 385, 386, 388, 394, 395, 396, 401, 402, 403, 404, 407, 409, 410, 412, 415, 418, 419, 420, 422, 423, 425, 427, 428, 431, 434, 435, 437, 440, 442, 443, 444, 445, 447, 448, 449, 450, 458, 471, 481, 486, 491, 499, 504, 510, 514, 523, 525, 528, 529, 530, 531, 536, 540, 542, 544, 545, 546, 548, 549, 550, 552, 558, 563, 565, 569, 574, 576, 579, 581, 584, 592, 596, 597, 598, 600, 601, 605, 606, 612, 614, 615, 616, 617, 618, 619, 621, 623, 624, 625, 626, 627, 628, 629, 632, 635, 636, 638, 639, 640, 642, 643, 644, 645, 646, 647, 648, 652, 654, 655, 656, 659, 661, 668, 685, 687, 697, 700, 711, 717, 728, 731, 735, 739, 746, 748, 752, 763, 766, 776, 778, 780, 807, 809, 810], [13, 21, 28, 33, 40, 41, 42, 43, 44, 53, 59, 67, 71, 78, 86, 87, 88, 89, 101, 106, 111, 124, 128, 129, 130, 131, 132, 133, 134, 135, 136, 137, 138, 139, 140, 141, 142, 143, 155, 156, 169, 170, 171, 173, 174, 183, 189, 195, 196, 198, 200, 203, 205, 213, 218, 221, 222, 227, 228, 229, 230, 231, 232, 233, 235, 236, 237, 243, 251, 253, 259, 264, 270, 276, 279, 285, 293, 294, 295, 296, 297, 298, 299, 300, 301, 302, 303, 304, 305, 306, 307, 308, 309, 310, 311, 312, 314, 315, 316, 317, 318, 320, 346, 347, 348, 350, 352, 357, 361, 376, 377, 378, 379, 380, 382, 383, 392, 395, 398, 399, 401, 403, 405, 408, 412, 413, 416, 418, 420, 421, 423, 424, 425, 426, 427, 428, 431, 432, 433, 440, 443, 449, 451, 455, 471, 477, 482, 486, 492, 496, 499, 501, 511, 514, 522, 523, 525, 526, 527, 528, 529, 530, 531, 532, 533, 534, 535, 536, 537, 538, 539, 540, 541, 542, 544, 545, 546, 548, 549, 550, 552, 553, 554, 555, 559, 564, 579, 580, 581, 582, 584, 589, 593, 600, 603, 604, 608, 614, 615, 616, 617, 618, 619, 621, 622, 624, 625, 628, 629, 630, 631, 632, 635, 637, 638, 640, 641, 642, 643, 644, 645, 646, 647, 648, 649, 650, 652, 653, 659, 661, 662, 668, 682, 685, 689, 698, 700, 711, 717, 725, 726, 727, 728, 729, 730, 731, 732, 733, 746, 748, 749, 750, 752, 756, 757, 761, 762, 763, 765, 766, 769, 772, 775, 776, 778, 780, 805, 806, 808, 809, 810, 812], [14, 22, 29, 42, 45, 46, 47, 48, 60, 67, 68, 69, 79, 89, 91, 92, 101, 102, 125, 140, 141, 144, 145, 146, 147, 148, 149, 150, 151, 152, 154, 155, 156, 157, 158, 172, 173, 175, 178, 183, 185, 192, 193, 196, 197, 199, 200, 214, 221, 225, 235, 236, 239, 241, 242, 243, 249, 251, 311, 314, 315, 316, 317, 322, 323, 325, 326, 327, 328, 329, 331, 333, 334, 335, 337, 338, 340, 341, 343, 344, 346, 347, 348, 350, 352, 362, 363, 367, 372, 375, 377, 380, 382, 383, 384, 385, 388, 389, 391, 396, 397, 398, 399, 401, 413, 414, 418, 419, 421, 426, 431, 432, 434, 435, 437, 440, 442, 446, 450, 522, 525, 533, 535, 539, 544, 546, 548, 549, 555, 557, 558, 559, 560, 562, 563, 564, 565, 567, 569, 574, 576, 579, 580, 581, 582, 584, 595, 596, 600, 601, 602, 603, 604, 606, 607, 608, 609, 611, 612, 614, 617, 621, 623, 624, 625, 628, 630, 638, 641, 642, 643, 648, 649, 650, 652, 653, 654, 655, 656, 659, 662, 726, 727, 731, 732, 733, 734, 735, 736, 739, 746, 748, 749, 750, 752, 755, 756, 758, 760, 762, 763, 764, 765, 766, 769, 775, 776, 778, 780, 805, 806, 807, 808, 809, 810, 811, 812], [6, 15, 23, 30, 35, 43, 47, 49, 50, 51, 61, 70, 71, 80, 93, 94, 95, 98, 108, 113, 126, 135, 142, 143, 146, 148, 151, 156, 157, 158, 159, 160, 161, 162, 163, 164, 165, 166, 167, 168, 169, 170, 171, 172, 179, 181, 186, 198, 199, 200, 209, 210, 215, 219, 222, 231, 237, 242, 244, 245, 246, 247, 255, 259, 264, 272, 277, 283, 284, 285, 296, 298, 302, 305, 307, 312, 317, 318, 320, 323, 326, 328, 333, 335, 338, 340, 344, 348, 352, 355, 356, 357, 358, 359, 360, 361, 362, 363, 364, 365, 366, 367, 368, 369, 370, 371, 372, 373, 375, 376, 377, 378, 379, 380, 381, 390, 391, 398, 404, 405, 406, 407, 408, 411, 415, 416, 421, 427, 432, 433, 437, 443, 444, 445, 446, 455, 458, 471, 484, 490, 491, 492, 501, 504, 510, 511, 514, 526, 527, 530, 534, 540, 541, 545, 548, 550, 552, 553, 554, 555, 560, 562, 563, 564, 567, 569, 574, 576, 580, 582, 584, 589, 590, 591, 592, 593, 594, 595, 596, 597, 598, 600, 601, 602, 603, 604, 605, 606, 607, 608, 609, 610, 611, 612, 614, 615, 616, 617, 618, 619, 627, 629, 630, 631, 632, 634, 636, 637, 639, 640, 641, 646, 649, 652, 653, 655, 656, 659, 661, 662, 668, 687, 689, 697, 698, 700, 711, 717, 725, 728, 729, 730, 731, 732, 735, 736, 739, 746, 749, 752, 755, 756, 757, 758, 759, 760, 761, 762, 763, 764, 765, 766, 769, 772, 775, 778, 780, 806, 807, 808, 809, 810, 811, 812], [7, 16, 24, 31, 37, 39, 44, 48, 51, 54, 62, 66, 69, 81, 85, 92, 100, 102, 119, 120, 121, 123, 124, 125, 126, 131, 132, 136, 139, 141, 154, 162, 163, 165, 168, 171, 172, 182, 184, 185, 186, 187, 190, 191, 193, 195, 196, 197, 206, 216, 220, 224, 225, 233, 236, 248, 249, 251, 295, 296, 299, 300, 303, 306, 307, 308, 309, 310, 311, 312, 325, 329, 331, 341, 343, 350, 359, 360, 361, 362, 363, 365, 366, 367, 368, 369, 371, 372, 373, 375, 379, 380, 381, 382, 384, 386, 388, 389, 390, 391, 393, 394, 395, 396, 397, 414, 419, 424, 426, 440, 442, 446, 447, 448, 449, 450, 522, 523, 525, 526, 527, 528, 531, 532, 533, 534, 535, 537, 538, 539, 541, 542, 544, 545, 549, 553, 554, 555, 565, 590, 594, 595, 597, 598, 601, 602, 603, 604, 605, 606, 607, 608, 610, 611, 612, 614, 616, 618, 621, 622, 623, 624, 625, 642, 643, 650, 653, 662, 725, 726, 727, 729, 730, 732, 734, 736, 750, 755, 756, 759, 760, 761, 762, 763, 764, 765, 769, 775, 805, 806, 811, 812]!Vessel: FarSearcher
[1, 8, 9, 10, 11, 12, 13, 14, 15, 16, 53, 54, 55, 56, 57, 58, 59, 60, 61, 62, 63, 64, 65, 66, 67, 68, 69, 70, 71, 72, 73, 74, 119, 128, 129, 130, 131, 144, 145, 146, 159, 160, 161, 162, 173, 174, 175, 176, 177, 178, 179, 180, 181, 182, 183, 184, 185, 186, 187, 188, 189, 190, 191, 192, 193, 195, 196, 197, 198, 199, 200, 201, 202, 203, 204, 205, 206, 207, 208, 209, 227, 239, 244, 245, 253, 255, 259, 269, 270, 272, 293, 294, 295, 297, 298, 299, 308, 314, 315, 318, 322, 323, 325, 326, 334, 335, 355, 356, 357, 358, 359, 360, 361, 362, 368, 382, 383, 384, 385, 388, 389, 390, 391, 392, 393, 396, 397, 398, 399, 401, 402, 403, 404, 405, 406, 409, 422, 423, 424, 428, 433, 434, 443, 444, 445, 451, 455, 458, 477, 480, 481, 482, 484, 486, 490, 491, 492, 522, 525, 526, 529, 530, 532, 533, 534, 536, 537, 546, 550, 552, 553, 557, 558, 559, 560, 562, 563, 564, 565, 567, 574, 579, 580, 589, 590, 591, 592, 593, 594, 595, 596, 600, 601, 602, 603, 628, 630, 631, 634, 645, 646, 647, 648, 649, 650, 653, 654, 656, 659, 682, 685, 689, 698, 700, 726, 728, 731, 733, 734, 735, 736, 739, 746, 748, 749, 750, 755, 756, 757, 758, 760, 762, 772, 808], [8, 17, 18, 19, 20, 21, 22, 23, 24, 53, 54, 55, 68, 70, 72, 73, 74, 75, 76, 77, 78, 79, 80, 81, 82, 83, 84, 85, 86, 87, 88, 89, 91, 92, 93, 94, 95, 120, 132, 147, 148, 163, 169, 173, 174, 175, 184, 187, 188, 192, 195, 197, 198, 199, 201, 202, 203, 204, 205, 206, 207, 208, 209, 210, 211, 212, 213, 214, 215, 216, 217, 218, 219, 220, 221, 222, 223, 224, 225, 227, 228, 229, 230, 231, 232, 233, 235, 236, 237, 239, 241, 242, 243, 244, 245, 246, 247, 283, 296, 300, 309, 327, 328, 329, 331, 333, 355, 360, 363, 366, 369, 373, 376, 377, 382, 383, 385, 389, 390, 392, 393, 397, 398, 399, 401, 402, 403, 404, 405, 406, 407, 408, 409, 410, 411, 412, 413, 414, 415, 416, 418, 420, 421, 422, 423, 424, 425, 426, 427, 428, 431, 432, 433, 434, 435, 437, 440, 442, 443, 444, 445, 446, 451, 477, 480, 490, 496, 510, 511, 526, 527, 532, 535, 538, 554, 557, 562, 565, 567, 569, 589, 590, 591, 596, 602, 604, 607, 609, 610, 615, 617, 619, 628, 630, 631, 634, 637, 638, 641, 645, 646, 647, 648, 649, 650, 652, 653, 654, 655, 656, 659, 662, 682, 698, 726, 727, 732, 733, 734, 736, 739, 755, 757, 758, 764, 766, 772, 808], [2, 9, 17, 25, 26, 27, 28, 29, 30, 31, 55, 56, 57, 58, 59, 60, 61, 62, 75, 76, 77, 78, 79, 80, 81, 96, 97, 98, 99, 100, 101, 102, 106, 108, 121, 133, 134, 135, 136, 149, 150, 151, 164, 165, 174, 175, 176, 177, 178, 179, 180, 181, 182, 183, 184, 185, 186, 188, 189, 190, 207, 208, 209, 210, 211, 212, 213, 214, 215, 216, 217, 218, 219, 220, 221, 222, 228, 248, 249, 251, 253, 255, 264, 275, 276, 277, 297, 298, 299, 300, 301, 302, 303, 304, 305, 306, 307, 327, 328, 329, 334, 335, 337, 338, 340, 341, 346, 347, 348, 364, 365, 366, 367, 370, 371, 383, 384, 385, 388, 389, 390, 391, 392, 393, 402, 403, 404, 405, 406, 407, 408, 409, 410, 411, 412, 413, 414, 415, 416, 418, 420, 421, 435, 450, 451, 455, 458, 471, 480, 481, 482, 484, 496, 499, 501, 504, 527, 529, 530, 532, 533, 534, 535, 536, 537, 538, 539, 540, 541, 544, 557, 558, 559, 560, 567, 569, 574, 576, 579, 580, 581, 582, 584, 591, 592, 593, 594, 607, 608, 609, 610, 611, 619, 628, 630, 631, 634, 637, 638, 641, 645, 654, 655, 682, 685, 689, 726, 727, 728, 732, 733, 734, 735, 739, 746, 748, 749, 750, 752, 755, 756, 757, 758, 760, 764, 765, 766, 772, 808], [3, 10, 18, 25, 32, 33, 35, 38, 56, 63, 65, 72, 75, 82, 84, 86, 93, 96, 99, 106, 108, 110, 111, 113, 128, 138, 142, 159, 167, 176, 180, 201, 204, 207, 210, 211, 217, 223, 227, 228, 229, 232, 237, 244, 247, 253, 255, 259, 264, 269, 270, 272, 275, 276, 277, 279, 283, 284, 285, 294, 304, 358, 364, 378, 402, 406, 407, 408, 410, 411, 420, 422, 425, 428, 433, 444, 451, 455, 458, 471, 477, 480, 481, 482, 484, 486, 490, 491, 492, 496, 499, 501, 504, 510, 511, 514, 529, 550, 615, 631, 634, 637, 647, 682, 685, 689, 698, 700, 772], [4, 11, 19, 26, 32, 36, 37, 40, 45, 49, 57, 63, 64, 73, 76, 82, 83, 87, 91, 94, 96, 97, 98, 110, 111, 113, 119, 120, 121, 123, 124, 125, 126, 129, 133, 137, 140, 143, 144, 149, 152, 157, 160, 166, 176, 177, 178, 179, 187, 188, 189, 190, 191, 192, 193, 201, 202, 203, 211, 212, 213, 214, 215, 216, 223, 224, 225, 229, 230, 231, 235, 241, 242, 246, 248, 249, 269, 270, 272, 275, 276, 277, 279, 283, 284, 285, 293, 301, 302, 303, 308, 309, 310, 311, 312, 314, 316, 317, 320, 322, 323, 337, 338, 343, 344, 346, 355, 356, 357, 368, 369, 370, 371, 372, 381, 384, 392, 393, 396, 397, 399, 409, 410, 411, 412, 413, 414, 415, 416, 422, 423, 424, 425, 426, 427, 431, 432, 434, 435, 437, 442, 445, 446, 450, 477, 480, 481, 482, 484, 486, 490, 491, 492, 496, 499, 501, 504, 510, 511, 514, 522, 536, 537, 538, 539, 540, 541, 546, 548, 549, 552, 553, 554, 555, 557, 558, 559, 560, 562, 563, 564, 576, 581, 582, 589, 590, 591, 592, 593, 594, 595, 609, 610, 611, 634, 637, 638, 641, 645, 646, 647, 648, 649, 650, 652, 654, 655, 656, 662, 682, 685, 689, 698, 700, 727, 728, 731, 733, 734, 735, 736, 748, 749, 750, 752, 757, 758, 760, 762, 764, 765, 772, 808], [5, 12, 20, 27, 36, 38, 39, 41, 46, 50, 58, 64, 65, 66, 74, 77, 83, 84, 85, 88, 95, 97, 99, 100, 110, 123, 130, 134, 137, 138, 139, 145, 147, 150, 152, 154, 155, 158, 161, 164, 166, 167, 168, 170, 177, 180, 181, 182, 191, 202, 204, 205, 206, 208, 212, 217, 218, 219, 220, 223, 224, 230, 232, 233, 239, 241, 243, 245, 246, 247, 248, 269, 275, 279, 284, 293, 294, 295, 297, 301, 304, 305, 306, 310, 315, 316, 318, 320, 322, 325, 326, 327, 331, 333, 334, 337, 340, 341, 343, 344, 347, 350, 352, 356, 358, 359, 364, 365, 370, 373, 375, 376, 378, 379, 381, 385, 388, 396, 401, 402, 403, 404, 407, 409, 410, 412, 415, 418, 420, 422, 423, 425, 427, 428, 431, 434, 435, 437, 440, 442, 443, 444, 445, 450, 458, 471, 481, 486, 491, 499, 504, 510, 514, 525, 529, 530, 536, 540, 544, 546, 548, 549, 550, 552, 558, 563, 565, 569, 574, 576, 579, 581, 584, 592, 596, 600, 601, 614, 615, 617, 619, 628, 638, 645, 646, 647, 648, 652, 654, 655, 656, 659, 685, 700, 728, 731, 735, 739, 746, 748, 752, 766], [13, 21, 28, 33, 40, 41, 42, 43, 44, 53, 59, 67, 71, 78, 86, 87, 88, 89, 101, 106, 111, 124, 128, 129, 130, 131, 132, 133, 134, 135, 136, 137, 138, 139, 140, 141, 142, 143, 155, 156, 169, 170, 171, 173, 174, 183, 189, 195, 196, 198, 200, 203, 205, 213, 218, 221, 222, 227, 228, 229, 230, 231, 232, 233, 235, 236, 237, 243, 251, 253, 259, 264, 270, 276, 279, 285, 293, 294, 295, 296, 297, 298, 299, 300, 301, 302, 303, 304, 305, 306, 307, 308, 309, 310, 311, 312, 314, 315, 316, 317, 318, 320, 346, 347, 348, 350, 352, 357, 361, 376, 377, 378, 379, 380, 382, 383, 392, 398, 399, 401, 403, 405, 408, 412, 413, 416, 418, 420, 421, 423, 424, 425, 426, 427, 428, 431, 432, 433, 440, 443, 451, 455, 471, 477, 482, 486, 492, 496, 499, 501, 511, 514, 522, 525, 526, 527, 529, 530, 532, 533, 534, 535, 536, 537, 538, 539, 540, 541, 544, 546, 548, 549, 550, 552, 553, 554, 555, 559, 564, 579, 580, 581, 582, 584, 589, 593, 600, 603, 604, 608, 614, 615, 617, 619, 628, 630, 631, 637, 638, 641, 645, 646, 647, 648, 649, 650, 652, 653, 659, 662, 682, 685, 689, 698, 700, 726, 727, 728, 731, 732, 733, 746, 748, 749, 750, 752, 756, 757, 762, 765, 766, 772, 808], [14, 22, 29, 42, 45, 46, 47, 48, 60, 67, 68, 69, 79, 89, 91, 92, 101, 102, 125, 140, 141, 144, 145, 146, 147, 148, 149, 150, 151, 152, 154, 155, 156, 157, 158, 172, 173, 175, 178, 183, 185, 192, 193, 196, 197, 199, 200, 214, 221, 225, 235, 236, 239, 241, 242, 243, 249, 251, 311, 314, 315, 316, 317, 322, 323, 325, 326, 327, 328, 329, 331, 333, 334, 335, 337, 338, 340, 341, 343, 344, 346, 347, 348, 350, 352, 362, 363, 367, 372, 375, 377, 380, 382, 383, 384, 385, 388, 389, 391, 396, 397, 398, 399, 401, 413, 414, 418, 421, 426, 431, 432, 434, 435, 437, 440, 442, 446, 450, 522, 525, 533, 535, 539, 544, 546, 548, 549, 555, 557, 558, 559, 560, 562, 563, 564, 565, 567, 569, 574, 576, 579, 580, 581, 582, 584, 595, 596, 600, 601, 602, 603, 604, 607, 608, 609, 611, 614, 617, 628, 630, 638, 641, 648, 649, 650, 652, 653, 654, 655, 656, 659, 662, 726, 727, 731, 732, 733, 734, 735, 736, 739, 746, 748, 749, 750, 752, 755, 756, 758, 760, 762, 764, 765, 766, 808], [6, 15, 23, 30, 35, 43, 47, 49, 50, 51, 61, 70, 71, 80, 93, 94, 95, 98, 108, 113, 126, 135, 142, 143, 146, 148, 151, 156, 157, 158, 159, 160, 161, 162, 163, 164, 165, 166, 167, 168, 169, 170, 171, 172, 179, 181, 186, 198, 199, 200, 209, 210, 215, 219, 222, 231, 237, 242, 244, 245, 246, 247, 255, 259, 264, 272, 277, 283, 284, 285, 296, 298, 302, 305, 307, 312, 317, 318, 320, 323, 326, 328, 333, 335, 338, 340, 344, 348, 352, 355, 356, 357, 358, 359, 360, 361, 362, 363, 364, 365, 366, 367, 368, 369, 370, 371, 372, 373, 375, 376, 377, 378, 379, 380, 381, 390, 391, 398, 404, 405, 406, 407, 408, 411, 415, 416, 421, 427, 432, 433, 437, 443, 444, 445, 446, 455, 458, 471, 484, 490, 491, 492, 501, 504, 510, 511, 514, 526, 527, 530, 534, 540, 541, 548, 550, 552, 553, 554, 555, 560, 562, 563, 564, 567, 569, 574, 576, 580, 582, 584, 589, 590, 591, 592, 593, 594, 595, 596, 600, 601, 602, 603, 604, 607, 608, 609, 610, 611, 614, 615, 617, 619, 630, 631, 634, 637, 641, 646, 649, 652, 653, 655, 656, 659, 662, 689, 698, 700, 728, 731, 732, 735, 736, 739, 746, 749, 752, 755, 756, 757, 758, 760, 762, 764, 765, 766, 772, 808], [7, 16, 24, 31, 37, 39, 44, 48, 51, 54, 62, 66, 69, 81, 85, 92, 100, 102, 119, 120, 121, 123, 124, 125, 126, 131, 132, 136, 139, 141, 154, 162, 163, 165, 168, 171, 172, 182, 184, 185, 186, 187, 190, 191, 193, 195, 196, 197, 206, 216, 220, 224, 225, 233, 236, 248, 249, 251, 295, 296, 299, 300, 303, 306, 307, 308, 309, 310, 311, 312, 325, 329, 331, 341, 343, 350, 359, 360, 361, 362, 363, 365, 366, 367, 368, 369, 371, 372, 373, 375, 379, 380, 381, 382, 384, 388, 389, 390, 391, 393, 396, 397, 414, 424, 426, 440, 442, 446, 450, 522, 525, 526, 527, 532, 533, 534, 535, 537, 538, 539, 541, 544, 549, 553, 554, 555, 565, 590, 594, 595, 601, 602, 603, 604, 607, 608, 610, 611, 614, 650, 653, 662, 726, 727, 732, 734, 736, 750, 755, 756, 760, 762, 764, 765]!Vessel: FarSymphony
[1, 8, 9, 10, 11, 12, 13, 14, 15, 16, 53, 54, 55, 56, 57, 58, 59, 60, 61, 62, 63, 64, 65, 66, 67, 68, 69, 70, 71, 72, 73, 74, 119, 128, 129, 130, 131, 144, 145, 146, 159, 160, 161, 162, 173, 174, 175, 176, 177, 178, 179, 180, 181, 182, 183, 184, 185, 186, 187, 188, 189, 190, 191, 192, 193, 195, 196, 197, 198, 199, 200, 201, 202, 203, 204, 205, 206, 207, 208, 209, 227, 239, 244, 245, 253, 255, 259, 269, 270, 272, 293, 294, 295, 297, 298, 299, 308, 314, 315, 318, 322, 323, 325, 326, 334, 335, 355, 356, 357, 358, 359, 360, 361, 362, 368, 382, 383, 384, 385, 388, 389, 390, 391, 392, 393, 394, 395, 396, 397, 398, 399, 401, 402, 403, 404, 405, 406, 409, 422, 423, 424, 428, 433, 434, 443, 444, 445, 447, 451, 455, 458, 477, 480, 481, 482, 484, 486, 490, 491, 492, 522, 523, 525, 526, 529, 530, 531, 532, 533, 534, 536, 537, 546, 550, 552, 553, 557, 558, 559, 560, 562, 563, 564, 565, 567, 574, 579, 580, 589, 590, 591, 592, 593, 594, 595, 596, 600, 601, 602, 603, 616, 622, 624, 626, 627, 628, 629, 630, 631, 634, 639, 644, 645, 646, 647, 648, 649, 650, 653, 654, 656, 659, 661, 668, 682, 685, 687, 689, 697, 698, 700, 725, 726, 728, 729, 731, 733, 734, 735, 736, 739, 746, 748, 749, 750, 755, 756, 757, 758, 759, 760, 761, 762, 772, 776, 778, 780, 805, 806, 808, 809], [8, 17, 18, 19, 20, 21, 22, 23, 24, 53, 54, 55, 68, 70, 72, 73, 74, 75, 76, 77, 78, 79, 80, 81, 82, 83, 84, 85, 86, 87, 88, 89, 91, 92, 93, 94, 95, 120, 132, 147, 148, 163, 169, 173, 174, 175, 184, 187, 188, 192, 195, 197, 198, 199, 201, 202, 203, 204, 205, 206, 207, 208, 209, 210, 211, 212, 213, 214, 215, 216, 217, 218, 219, 220, 221, 222, 223, 224, 225, 227, 228, 229, 230, 231, 232, 233, 235, 236, 237, 239, 241, 242, 243, 244, 245, 246, 247, 283, 296, 300, 309, 327, 328, 329, 331, 333, 355, 360, 363, 366, 369, 373, 376, 377, 382, 383, 385, 389, 390, 392, 393, 394, 397, 398, 399, 401, 402, 403, 404, 405, 406, 407, 408, 409, 410, 411, 412, 413, 414, 415, 416, 418, 419, 420, 421, 422, 423, 424, 425, 426, 427, 428, 431, 432, 433, 434, 435, 437, 440, 442, 443, 444, 445, 446, 451, 477, 480, 490, 496, 510, 511, 523, 526, 527, 528, 532, 535, 538, 542, 554, 557, 562, 565, 567, 569, 589, 590, 591, 596, 602, 604, 607, 609, 610, 612, 615, 617, 618, 619, 622, 626, 627, 628, 629, 630, 631, 632, 634, 635, 636, 637, 638, 639, 640, 641, 644, 645, 646, 647, 648, 649, 650, 652, 653, 654, 655, 656, 659, 661, 662, 682, 697, 698, 717, 725, 726, 727, 730, 732, 733, 734, 736, 739, 755, 757, 758, 759, 761, 764, 766, 772, 776, 778, 780, 805, 806, 808, 810], [2, 9, 17, 25, 26, 27, 28, 29, 30, 31, 55, 56, 57, 58, 59, 60, 61, 62, 75, 76, 77, 78, 79, 80, 81, 96, 97, 98, 99, 100, 101, 102, 106, 108, 121, 133, 134, 135, 136, 149, 150, 151, 164, 165, 174, 175, 176, 177, 178, 179, 180, 181, 182, 183, 184, 185, 186, 188, 189, 190, 207, 208, 209, 210, 211, 212, 213, 214, 215, 216, 217, 218, 219, 220, 221, 222, 228, 248, 249, 251, 253, 255, 264, 275, 276, 277, 297, 298, 299, 300, 301, 302, 303, 304, 305, 306, 307, 327, 328, 329, 334, 335, 337, 338, 340, 341, 346, 347, 348, 364, 365, 366, 367, 370, 371, 383, 384, 385, 388, 389, 390, 391, 392, 393, 402, 403, 404, 405, 406, 407, 408, 409, 410, 411, 412, 413, 414, 415, 416, 418, 419, 420, 421, 435, 447, 449, 450, 451, 455, 458, 471, 480, 481, 482, 484, 496, 499, 501, 504, 527, 529, 530, 531, 532, 533, 534, 535, 536, 537, 538, 539, 540, 541, 542, 544, 557, 558, 559, 560, 567, 569, 574, 576, 579, 580, 581, 582, 584, 591, 592, 593, 594, 606, 607, 608, 609, 610, 611, 619, 622, 626, 627, 628, 629, 630, 631, 632, 634, 635, 636, 637, 638, 639, 640, 641, 644, 645, 654, 655, 668, 682, 685, 687, 689, 711, 725, 726, 727, 728, 729, 730, 732, 733, 734, 735, 739, 746, 748, 749, 750, 752, 755, 756, 757, 758, 759, 760, 764, 765, 766, 772, 776, 778, 805, 808, 809, 810], [3, 10, 18, 25, 32, 33, 35, 38, 56, 63, 65, 72, 75, 82, 84, 86, 93, 96, 99, 106, 108, 110, 111, 113, 128, 138, 142, 159, 167, 176, 180, 201, 204, 207, 210, 211, 217, 223, 227, 228, 229, 232, 237, 244, 247, 253, 255, 259, 264, 269, 270, 272, 275, 276, 277, 279, 283, 284, 285, 294, 304, 358, 364, 378, 402, 406, 407, 408, 410, 411, 420, 422, 425, 428, 433, 444, 451, 455, 458, 471, 477, 480, 481, 482, 484, 486, 490, 491, 492, 496, 499, 501, 504, 510, 511, 514, 529, 550, 615, 626, 627, 631, 632, 634, 635, 636, 637, 644, 647, 661, 668, 682, 685, 687, 689, 697, 698, 700, 711, 717, 772], [4, 11, 19, 26, 32, 36, 37, 40, 45, 49, 57, 63, 64, 73, 76, 82, 83, 87, 91, 94, 96, 97, 98, 110, 111, 113, 119, 120, 121, 123, 124, 125, 126, 129, 133, 137, 140, 143, 144, 149, 152, 157, 160, 166, 176, 177, 178, 179, 187, 188, 189, 190, 191, 192, 193, 201, 202, 203, 211, 212, 213, 214, 215, 216, 223, 224, 225, 229, 230, 231, 235, 241, 242, 246, 248, 249, 269, 270, 272, 275, 276, 277, 279, 283, 284, 285, 293, 301, 302, 303, 308, 309, 310, 311, 312, 314, 316, 317, 320, 322, 323, 337, 338, 343, 344, 346, 355, 356, 357, 368, 369, 370, 371, 372, 381, 384, 392, 393, 394, 395, 396, 397, 399, 409, 410, 411, 412, 413, 414, 415, 416, 422, 423, 424, 425, 426, 427, 431, 432, 434, 435, 437, 442, 445, 446, 447, 449, 450, 477, 480, 481, 482, 484, 486, 490, 491, 492, 496, 499, 501, 504, 510, 511, 514, 522, 528, 536, 537, 538, 539, 540, 541, 546, 548, 549, 552, 553, 554, 555, 557, 558, 559, 560, 562, 563, 564, 576, 581, 582, 589, 590, 591, 592, 593, 594, 595, 609, 610, 611, 622, 624, 626, 634, 635, 636, 637, 638, 639, 640, 641, 645, 646, 647, 648, 649, 650, 652, 654, 655, 656, 662, 682, 685, 687, 689, 697, 698, 700, 711, 717, 727, 728, 729, 730, 731, 733, 734, 735, 736, 748, 749, 750, 752, 757, 758, 759, 760, 761, 762, 764, 765, 772, 776, 780, 805, 806, 808, 809, 810], [5, 12, 20, 27, 36, 38, 39, 41, 46, 50, 58, 64, 65, 66, 74, 77, 83, 84, 85, 88, 95, 97, 99, 100, 110, 123, 130, 134, 137, 138, 139, 145, 147, 150, 152, 154, 155, 158, 161, 164, 166, 167, 168, 170, 177, 180, 181, 182, 191, 202, 204, 205, 206, 208, 212, 217, 218, 219, 220, 223, 224, 230, 232, 233, 239, 241, 243, 245, 246, 247, 248, 269, 275, 279, 284, 293, 294, 295, 297, 301, 304, 305, 306, 310, 315, 316, 318, 320, 322, 325, 326, 327, 331, 333, 334, 337, 340, 341, 343, 344, 347, 350, 352, 356, 358, 359, 364, 365, 370, 373, 375, 376, 378, 379, 381, 385, 388, 394, 395, 396, 401, 402, 403, 404, 407, 409, 410, 412, 415, 418, 419, 420, 422, 423, 425, 427, 428, 431, 434, 435, 437, 440, 442, 443, 444, 445, 447, 449, 450, 458, 471, 481, 486, 491, 499, 504, 510, 514, 523, 525, 528, 529, 530, 531, 536, 540, 542, 544, 546, 548, 549, 550, 552, 558, 563, 565, 569, 574, 576, 579, 581, 584, 592, 596, 600, 601, 606, 612, 614, 615, 616, 617, 618, 619, 624, 626, 627, 628, 629, 632, 635, 636, 638, 639, 640, 644, 645, 646, 647, 648, 652, 654, 655, 656, 659, 661, 668, 685, 687, 697, 700, 711, 717, 728, 731, 735, 739, 746, 748, 752, 766, 776, 778, 780, 809, 810], [13, 21, 28, 33, 40, 41, 42, 43, 44, 53, 59, 67, 71, 78, 86, 87, 88, 89, 101, 106, 111, 124, 128, 129, 130, 131, 132, 133, 134, 135, 136, 137, 138, 139, 140, 141, 142, 143, 155, 156, 169, 170, 171, 173, 174, 183, 189, 195, 196, 198, 200, 203, 205, 213, 218, 221, 222, 227, 228, 229, 230, 231, 232, 233, 235, 236, 237, 243, 251, 253, 259, 264, 270, 276, 279, 285, 293, 294, 295, 296, 297, 298, 299, 300, 301, 302, 303, 304, 305, 306, 307, 308, 309, 310, 311, 312, 314, 315, 316, 317, 318, 320, 346, 347, 348, 350, 352, 357, 361, 376, 377, 378, 379, 380, 382, 383, 392, 395, 398, 399, 401, 403, 405, 408, 412, 413, 416, 418, 420, 421, 423, 424, 425, 426, 427, 428, 431, 432, 433, 440, 443, 449, 451, 455, 471, 477, 482, 486, 492, 496, 499, 501, 511, 514, 522, 523, 525, 526, 527, 528, 529, 530, 531, 532, 533, 534, 535, 536, 537, 538, 539, 540, 541, 542, 544, 546, 548, 549, 550, 552, 553, 554, 555, 559, 564, 579, 580, 581, 582, 584, 589, 593, 600, 603, 604, 608, 614, 615, 616, 617, 618, 619, 622, 624, 628, 629, 630, 631, 632, 635, 637, 638, 640, 641, 644, 645, 646, 647, 648, 649, 650, 652, 653, 659, 661, 662, 668, 682, 685, 689, 698, 700, 711, 717, 725, 726, 727, 728, 729, 730, 731, 732, 733, 746, 748, 749, 750, 752, 756, 757, 761, 762, 765, 766, 772, 776, 778, 780, 805, 806, 808, 809, 810], [14, 22, 29, 42, 45, 46, 47, 48, 60, 67, 68, 69, 79, 89, 91, 92, 101, 102, 125, 140, 141, 144, 145, 146, 147, 148, 149, 150, 151, 152, 154, 155, 156, 157, 158, 172, 173, 175, 178, 183, 185, 192, 193, 196, 197, 199, 200, 214, 221, 225, 235, 236, 239, 241, 242, 243, 249, 251, 311, 314, 315, 316, 317, 322, 323, 325, 326, 327, 328, 329, 331, 333, 334, 335, 337, 338, 340, 341, 343, 344, 346, 347, 348, 350, 352, 362, 363, 367, 372, 375, 377, 380, 382, 383, 384, 385, 388, 389, 391, 396, 397, 398, 399, 401, 413, 414, 418, 419, 421, 426, 431, 432, 434, 435, 437, 440, 442, 446, 450, 522, 525, 533, 535, 539, 544, 546, 548, 549, 555, 557, 558, 559, 560, 562, 563, 564, 565, 567, 569, 574, 576, 579, 580, 581, 582, 584, 595, 596, 600, 601, 602, 603, 604, 606, 607, 608, 609, 611, 612, 614, 617, 624, 628, 630, 638, 641, 648, 649, 650, 652, 653, 654, 655, 656, 659, 662, 726, 727, 731, 732, 733, 734, 735, 736, 739, 746, 748, 749, 750, 752, 755, 756, 758, 760, 762, 764, 765, 766, 776, 778, 780, 805, 806, 808, 809, 810], [6, 15, 23, 30, 35, 43, 47, 49, 50, 51, 61, 70, 71, 80, 93, 94, 95, 98, 108, 113, 126, 135, 142, 143, 146, 148, 151, 156, 157, 158, 159, 160, 161, 162, 163, 164, 165, 166, 167, 168, 169, 170, 171, 172, 179, 181, 186, 198, 199, 200, 209, 210, 215, 219, 222, 231, 237, 242, 244, 245, 246, 247, 255, 259, 264, 272, 277, 283, 284, 285, 296, 298, 302, 305, 307, 312, 317, 318, 320, 323, 326, 328, 333, 335, 338, 340, 344, 348, 352, 355, 356, 357, 358, 359, 360, 361, 362, 363, 364, 365, 366, 367, 368, 369, 370, 371, 372, 373, 375, 376, 377, 378, 379, 380, 381, 390, 391, 398, 404, 405, 406, 407, 408, 411, 415, 416, 421, 427, 432, 433, 437, 443, 444, 445, 446, 455, 458, 471, 484, 490, 491, 492, 501, 504, 510, 511, 514, 526, 527, 530, 534, 540, 541, 548, 550, 552, 553, 554, 555, 560, 562, 563, 564, 567, 569, 574, 576, 580, 582, 584, 589, 590, 591, 592, 593, 594, 595, 596, 600, 601, 602, 603, 604, 606, 607, 608, 609, 610, 611, 612, 614, 615, 616, 617, 618, 619, 627, 629, 630, 631, 632, 634, 636, 637, 639, 640, 641, 646, 649, 652, 653, 655, 656, 659, 661, 662, 668, 687, 689, 697, 698, 700, 711, 717, 725, 728, 729, 730, 731, 732, 735, 736, 739, 746, 749, 752, 755, 756, 757, 758, 759, 760, 761, 762, 764, 765, 766, 772, 778, 780, 806, 808, 809, 810], [7, 16, 24, 31, 37, 39, 44, 48, 51, 54, 62, 66, 69, 81, 85, 92, 100, 102, 119, 120, 121, 123, 124, 125, 126, 131, 132, 136, 139, 141, 154, 162, 163, 165, 168, 171, 172, 182, 184, 185, 186, 187, 190, 191, 193, 195, 196, 197, 206, 216, 220, 224, 225, 233, 236, 248, 249, 251, 295, 296, 299, 300, 303, 306, 307, 308, 309, 310, 311, 312, 325, 329, 331, 341, 343, 350, 359, 360, 361, 362, 363, 365, 366, 367, 368, 369, 371, 372, 373, 375, 379, 380, 381, 382, 384, 388, 389, 390, 391, 393, 394, 395, 396, 397, 414, 419, 424, 426, 440, 442, 446, 447, 449, 450, 522, 523, 525, 526, 527, 528, 531, 532, 533, 534, 535, 537, 538, 539, 541, 542, 544, 549, 553, 554, 555, 565, 590, 594, 595, 601, 602, 603, 604, 606, 607, 608, 610, 611, 612, 614, 616, 618, 622, 624, 650, 653, 662, 725, 726, 727, 729, 730, 732, 734, 736, 750, 755, 756, 759, 760, 761, 762, 764, 765, 805, 806]!Vessel: HavilaForesight
[1, 8, 9, 10, 11, 12, 13, 14, 15, 16, 53, 54, 55, 56, 57, 58, 59, 60, 61, 62, 63, 64, 65, 66, 67, 68, 69, 70, 71, 72, 73, 74, 119, 128, 129, 130, 131, 144, 145, 146, 159, 160, 161, 162, 173, 174, 175, 176, 177, 178, 179, 180, 181, 183, 184, 185, 186, 187, 188, 189, 190, 191, 192, 193, 195, 196, 197, 198, 199, 200, 201, 202, 203, 204, 205, 206, 207, 208, 209, 227, 239, 244, 245, 253, 255, 259, 269, 270, 272, 293, 294, 295, 297, 298, 299, 308, 314, 315, 318, 322, 323, 325, 326, 334, 335, 355, 356, 357, 358, 360, 361, 362, 368, 382, 383, 384, 385, 389, 391, 392, 393, 397, 398, 399, 401, 402, 403, 404, 405, 406, 409, 422, 423, 424, 428, 433, 434, 443, 444, 445, 451, 455, 458, 477, 480, 481, 482, 484, 486, 490, 491, 492, 522, 526, 529, 530, 532, 533, 534, 536, 537, 546, 550, 552, 553, 557, 558, 559, 560, 562, 563, 564, 567, 574, 579, 580, 589, 590, 591, 592, 593, 594, 595, 596, 600, 602, 603, 628, 630, 631, 634, 648, 649, 650, 654, 656, 659, 682, 689, 698, 731, 733, 746, 748, 749, 750, 757, 758, 808], [8, 17, 18, 19, 20, 21, 22, 23, 24, 53, 54, 55, 68, 70, 72, 73, 74, 75, 76, 77, 78, 79, 80, 81, 82, 83, 84, 85, 86, 87, 88, 89, 91, 92, 93, 94, 95, 120, 132, 147, 148, 163, 169, 173, 174, 175, 184, 187, 188, 192, 195, 197, 198, 199, 201, 202, 203, 204, 205, 206, 207, 208, 209, 210, 211, 212, 213, 214, 215, 216, 217, 218, 219, 221, 222, 223, 224, 225, 227, 228, 229, 230, 231, 232, 233, 235, 236, 237, 239, 241, 242, 243, 244, 245, 246, 247, 283, 296, 300, 309, 327, 328, 329, 331, 333, 355, 360, 363, 366, 369, 376, 377, 382, 383, 385, 389, 392, 393, 397, 398, 399, 401, 402, 403, 404, 405, 406, 408, 409, 410, 411, 412, 413, 414, 415, 416, 418, 420, 421, 422, 423, 424, 425, 426, 427, 428, 431, 432, 433, 434, 435, 437, 443, 444, 445, 446, 451, 477, 480, 490, 496, 510, 511, 526, 532, 535, 538, 554, 557, 562, 567, 569, 589, 590, 591, 596, 602, 604, 607, 609, 615, 617, 619, 628, 630, 631, 634, 637, 638, 641, 648, 649, 650, 652, 654, 656, 659, 682, 698, 733, 757, 758, 808], [2, 9, 17, 25, 26, 27, 28, 29, 30, 31, 55, 56, 57, 58, 59, 60, 61, 62, 75, 76, 77, 78, 79, 80, 81, 96, 97, 98, 99, 100, 101, 102, 106, 108, 121, 133, 134, 135, 136, 149, 150, 151, 164, 165, 174, 175, 176, 177, 178, 179, 180, 181, 183, 184, 185, 186, 188, 189, 190, 207, 208, 209, 210, 211, 212, 213, 214, 215, 216, 217, 218, 219, 221, 222, 228, 249, 251, 253, 255, 264, 275, 276, 277, 297, 298, 299, 300, 301, 302, 303, 304, 305, 306, 307, 327, 328, 329, 334, 335, 337, 338, 340, 341, 346, 347, 348, 364, 366, 367, 370, 371, 383, 384, 385, 389, 391, 392, 393, 402, 403, 404, 405, 406, 408, 409, 410, 411, 412, 413, 414, 415, 416, 418, 420, 421, 435, 451, 455, 458, 471, 480, 481, 482, 484, 496, 499, 501, 504, 529, 530, 532, 533, 534, 535, 536, 537, 538, 539, 540, 541, 557, 558, 559, 560, 567, 569, 574, 576, 579, 580, 581, 582, 584, 591, 592, 593, 594, 607, 608, 609, 611, 619, 628, 630, 631, 634, 637, 638, 641, 654, 682, 689, 733, 746, 748, 749, 750, 757, 758, 808], [3, 10, 18, 25, 32, 33, 35, 38, 56, 63, 65, 72, 75, 82, 84, 86, 93, 96, 99, 106, 108, 110, 111, 113, 128, 138, 142, 159, 167, 176, 180, 201, 204, 207, 210, 211, 217, 223, 227, 228, 229, 232, 237, 244, 247, 253, 255, 259, 264, 269, 270, 272, 275, 276, 277, 279, 283, 284, 285, 294, 304, 358, 364, 378, 402, 406, 408, 410, 411, 420, 422, 425, 428, 433, 444, 451, 455, 458, 471, 477, 480, 481, 482, 484, 486, 490, 491, 492, 496, 499, 501, 504, 510, 511, 514, 529, 550, 615, 631, 634, 637, 682, 689, 698], [4, 11, 19, 26, 32, 36, 37, 40, 45, 49, 57, 63, 64, 73, 76, 82, 83, 87, 91, 94, 96, 97, 98, 110, 111, 113, 119, 120, 121, 123, 124, 125, 126, 129, 133, 137, 140, 143, 144, 149, 152, 157, 160, 166, 176, 177, 178, 179, 187, 188, 189, 190, 191, 192, 193, 201, 202, 203, 211, 212, 213, 214, 215, 216, 223, 224, 225, 229, 230, 231, 235, 241, 242, 246, 249, 269, 270, 272, 275, 276, 277, 279, 283, 284, 285, 293, 301, 302, 303, 308, 309, 310, 311, 312, 314, 316, 317, 320, 322, 323, 337, 338, 343, 344, 346, 355, 356, 357, 368, 369, 370, 371, 372, 384, 392, 393, 397, 399, 409, 410, 411, 412, 413, 414, 415, 416, 422, 423, 424, 425, 426, 427, 431, 432, 434, 435, 437, 445, 446, 477, 480, 481, 482, 484, 486, 490, 491, 492, 496, 499, 501, 504, 510, 511, 514, 522, 536, 537, 538, 539, 540, 541, 546, 548, 552, 553, 554, 555, 557, 558, 559, 560, 562, 563, 564, 576, 581, 582, 589, 590, 591, 592, 593, 594, 595, 609, 611, 634, 637, 638, 641, 648, 649, 650, 652, 654, 656, 682, 689, 698, 731, 733, 748, 749, 750, 757, 758, 808], [5, 12, 20, 27, 36, 38, 39, 41, 46, 50, 58, 64, 65, 66, 74, 77, 83, 84, 85, 88, 95, 97, 99, 100, 110, 123, 130, 134, 137, 138, 139, 145, 147, 150, 152, 154, 155, 158, 161, 164, 166, 167, 168, 170, 177, 180, 181, 191, 202, 204, 205, 206, 208, 212, 217, 218, 219, 223, 224, 230, 232, 233, 239, 241, 243, 245, 246, 247, 269, 275, 279, 284, 293, 294, 295, 297, 301, 304, 305, 306, 310, 315, 316, 318, 320, 322, 325, 326, 327, 331, 333, 334, 337, 340, 341, 343, 344, 347, 350, 352, 356, 358, 364, 370, 375, 376, 378, 385, 401, 402, 403, 404, 409, 410, 412, 415, 418, 420, 422, 423, 425, 427, 428, 431, 434, 435, 437, 443, 444, 445, 458, 471, 481, 486, 491, 499, 504, 510, 514, 529, 530, 536, 540, 546, 548, 550, 552, 558, 563, 569, 574, 576, 579, 581, 584, 592, 596, 600, 615, 617, 619, 628, 638, 648, 652, 654, 656, 659, 731, 746, 748], [13, 21, 28, 33, 40, 41, 42, 43, 44, 53, 59, 67, 71, 78, 86, 87, 88, 89, 101, 106, 111, 124, 128, 129, 130, 131, 132, 133, 134, 135, 136, 137, 138, 139, 140, 141, 142, 143, 155, 156, 169, 170, 171, 173, 174, 183, 189, 195, 196, 198, 200, 203, 205, 213, 218, 221, 222, 227, 228, 229, 230, 231, 232, 233, 235, 236, 237, 243, 251, 253, 259, 264, 270, 276, 279, 285, 293, 294, 295, 296, 297, 298, 299, 300, 301, 302, 303, 304, 305, 306, 307, 308, 309, 310, 311, 312, 314, 315, 316, 317, 318, 320, 346, 347, 348, 350, 352, 357, 361, 376, 377, 378, 380, 382, 383, 392, 398, 399, 401, 403, 405, 408, 412, 413, 416, 418, 420, 421, 423, 424, 425, 426, 427, 428, 431, 432, 433, 443, 451, 455, 471, 477, 482, 486, 492, 496, 499, 501, 511, 514, 522, 526, 529, 530, 532, 533, 534, 535, 536, 537, 538, 539, 540, 541, 546, 548, 550, 552, 553, 554, 555, 559, 564, 579, 580, 581, 582, 584, 589, 593, 600, 603, 604, 608, 615, 617, 619, 628, 630, 631, 637, 638, 641, 648, 649, 650, 652, 659, 682, 689, 698, 731, 733, 746, 748, 749, 750, 757, 808], [14, 22, 29, 42, 45, 46, 47, 48, 60, 67, 68, 69, 79, 89, 91, 92, 101, 102, 125, 140, 141, 144, 145, 146, 147, 148, 149, 150, 151, 152, 154, 155, 156, 157, 158, 172, 173, 175, 178, 183, 185, 192, 193, 196, 197, 199, 200, 214, 221, 225, 235, 236, 239, 241, 242, 243, 249, 251, 311, 314, 315, 316, 317, 322, 323, 325, 326, 327, 328, 329, 331, 333, 334, 335, 337, 338, 340, 341, 343, 344, 346, 347, 348, 350, 352, 362, 363, 367, 372, 375, 377, 380, 382, 383, 384, 385, 389, 391, 397, 398, 399, 401, 413, 414, 418, 421, 426, 431, 432, 434, 435, 437, 446, 522, 533, 535, 539, 546, 548, 555, 557, 558, 559, 560, 562, 563, 564, 567, 569, 574, 576, 579, 580, 581, 582, 584, 595, 596, 600, 602, 603, 604, 607, 608, 609, 611, 617, 628, 630, 638, 641, 648, 649, 650, 652, 654, 656, 659, 731, 733, 746, 748, 749, 750, 758, 808], [6, 15, 23, 30, 35, 43, 47, 49, 50, 51, 61, 70, 71, 80, 93, 94, 95, 98, 108, 113, 126, 135, 142, 143, 146, 148, 151, 156, 157, 158, 159, 160, 161, 162, 163, 164, 165, 166, 167, 168, 169, 170, 171, 172, 179, 181, 186, 198, 199, 200, 209, 210, 215, 219, 222, 231, 237, 242, 244, 245, 246, 247, 255, 259, 264, 272, 277, 283, 284, 285, 296, 298, 302, 305, 307, 312, 317, 318, 320, 323, 326, 328, 333, 335, 338, 340, 344, 348, 352, 355, 356, 357, 358, 360, 361, 362, 363, 364, 366, 367, 368, 369, 370, 371, 372, 375, 376, 377, 378, 380, 391, 398, 404, 405, 406, 408, 411, 415, 416, 421, 427, 432, 433, 437, 443, 444, 445, 446, 455, 458, 471, 484, 490, 491, 492, 501, 504, 510, 511, 514, 526, 530, 534, 540, 541, 548, 550, 552, 553, 554, 555, 560, 562, 563, 564, 567, 569, 574, 576, 580, 582, 584, 589, 590, 591, 592, 593, 594, 595, 596, 600, 602, 603, 604, 607, 608, 609, 611, 615, 617, 619, 630, 631, 634, 637, 641, 649, 652, 656, 659, 689, 698, 731, 746, 749, 757, 758, 808], [7, 16, 24, 31, 37, 39, 44, 48, 51, 54, 62, 66, 69, 81, 85, 92, 100, 102, 119, 120, 121, 123, 124, 125, 126, 131, 132, 136, 139, 141, 154, 162, 163, 165, 168, 171, 172, 184, 185, 186, 187, 190, 191, 193, 195, 196, 197, 206, 216, 224, 225, 233, 236, 249, 251, 295, 296, 299, 300, 303, 306, 307, 308, 309, 310, 311, 312, 325, 329, 331, 341, 343, 350, 360, 361, 362, 363, 366, 367, 368, 369, 371, 372, 375, 380, 382, 384, 389, 391, 393, 397, 414, 424, 426, 446, 522, 526, 532, 533, 534, 535, 537, 538, 539, 541, 553, 554, 555, 590, 594, 595, 602, 603, 604, 607, 608, 611, 650, 750]!Vessel: FarStar
] 

Rvl : [
!l : 2, 3
[1, 2, 3, 4, 5, 6, 7, 8, 9, 10, 11, 12, 13, 14, 15, 16, 17, 18, 19, 20, 21, 22, 23, 24, 25, 26, 27, 28, 29, 30, 31, 32, 33, 35, 40, 41, 42, 43, 44, 45, 46, 47, 48, 49, 50, 51, 53, 54, 55, 57, 58, 59, 60, 61, 62, 67, 68, 69, 70, 71, 72, 73, 74, 75, 76, 77, 78, 79, 80, 81, 86, 87, 88, 89, 91, 92, 94, 95, 98, 101, 102, 106, 111, 128, 129, 130, 131, 132, 133, 134, 135, 136, 140, 141, 143, 144, 145, 146, 147, 148, 149, 150, 151, 155, 156, 157, 158, 160, 161, 162, 163, 164, 165, 169, 170, 171, 172, 173, 174, 175, 178, 181, 183, 184, 185, 188, 189, 192, 195, 196, 197, 198, 199, 200, 203, 205, 208, 209, 213, 214, 218, 219, 221, 222, 235, 236, 239, 243, 245, 251, 296, 297, 298, 299, 300, 305, 307, 314, 315, 318, 326, 327, 328, 329, 333, 334, 335, 340, 346, 347, 348, 352, 360, 361, 362, 363, 366, 367, 376, 377, 380, 382, 383, 385, 389, 398, 401, 403, 404, 405, 418, 421, 443, 530, 532, 533, 535, 567, 569, 574, 579, 580, 584, 596, 600, 603, 604, 617, 619, 628, 630, 659], [36, 37, 38, 39, 56, 63, 64, 65, 66, 82, 83, 84, 85, 93, 96, 97, 99, 100, 108, 110, 113, 119, 120, 121, 123, 124, 125, 126, 137, 138, 139, 142, 152, 154, 159, 166, 167, 168, 176, 177, 179, 180, 182, 186, 187, 190, 191, 193, 201, 202, 204, 206, 207, 210, 211, 212, 215, 216, 217, 220, 223, 224, 225, 227, 228, 229, 230, 231, 232, 233, 237, 241, 242, 244, 246, 247, 248, 249, 253, 255, 259, 264, 269, 270, 272, 275, 276, 277, 279, 283, 284, 285, 293, 294, 295, 301, 302, 303, 304, 306, 308, 309, 310, 311, 312, 316, 317, 320, 322, 323, 325, 331, 337, 338, 341, 343, 344, 350, 355, 356, 357, 358, 359, 364, 365, 368, 369, 370, 371, 372, 373, 375, 378, 379, 381, 384, 386, 388, 390, 391, 392, 393, 394, 395, 396, 397, 399, 402, 406, 407, 408, 409, 410, 411, 412, 413, 414, 415, 416, 419, 420, 422, 423, 424, 425, 426, 427, 428, 431, 432, 433, 434, 435, 437, 440, 442, 444, 445, 446, 447, 448, 449, 450, 451, 455, 458, 471, 477, 480, 481, 482, 484, 486, 490, 491, 492, 496, 499, 501, 504, 510, 511, 514, 522, 523, 525, 526, 527, 528, 529, 531, 534, 536, 537, 538, 539, 540, 541, 542, 544, 545, 546, 548, 549, 550, 552, 553, 554, 555, 557, 558, 559, 560, 562, 563, 564, 565, 576, 581, 582, 589, 590, 591, 592, 593, 594, 595, 597, 598, 601, 602, 605, 606, 607, 608, 609, 610, 611, 612, 614, 615, 616, 618, 621, 622, 623, 624, 625, 626, 627, 629, 631, 632, 634, 635, 636, 637, 638, 639, 640, 641, 642, 643, 644, 645, 646, 647, 648, 649, 650, 652, 653, 654, 655, 656, 661, 662, 668, 682, 685, 687, 689, 697, 698, 700, 711, 717, 725, 726, 727, 728, 729, 730, 731, 732, 733, 734, 735, 736, 739, 746, 748, 749, 750, 752, 755, 756, 757, 758, 759, 760, 761, 762, 763, 764, 765, 766, 769, 772, 775, 776, 778, 780, 805, 806, 807, 808, 809, 810, 811, 812]!Vessel: FarSeeker
[1, 2, 3, 4, 5, 6, 7, 8, 9, 10, 11, 12, 13, 14, 15, 16, 17, 18, 19, 20, 21, 22, 23, 24, 25, 26, 27, 28, 29, 30, 31, 32, 33, 35, 40, 41, 42, 43, 44, 45, 46, 47, 48, 49, 50, 51, 53, 54, 55, 57, 58, 59, 60, 61, 62, 67, 68, 69, 70, 71, 72, 73, 74, 75, 76, 77, 78, 79, 80, 81, 86, 87, 88, 89, 91, 92, 94, 95, 98, 101, 102, 106, 111, 128, 129, 130, 131, 132, 133, 134, 135, 136, 140, 141, 143, 144, 145, 146, 147, 148, 149, 150, 151, 155, 156, 157, 158, 160, 161, 162, 163, 164, 165, 169, 170, 171, 172, 173, 174, 175, 178, 181, 183, 184, 185, 188, 189, 192, 195, 196, 197, 198, 199, 200, 203, 205, 208, 209, 213, 214, 218, 219, 221, 222, 235, 236, 239, 243, 245, 251, 296, 297, 298, 299, 300, 305, 307, 314, 315, 318, 326, 327, 328, 329, 333, 334, 335, 340, 346, 347, 348, 352, 360, 361, 362, 363, 366, 367, 376, 377, 380, 382, 383, 385, 389, 398, 401, 403, 404, 405, 418, 421, 443, 530, 532, 533, 535, 567, 569, 574, 579, 580, 584, 596, 600, 603, 604, 617, 619, 628, 630, 659], [36, 37, 38, 39, 56, 63, 64, 65, 66, 82, 83, 84, 85, 93, 96, 97, 99, 100, 108, 110, 113, 119, 120, 121, 123, 124, 125, 126, 137, 138, 139, 142, 152, 154, 159, 166, 167, 168, 176, 177, 179, 180, 182, 186, 187, 190, 191, 193, 201, 202, 204, 206, 207, 210, 211, 212, 215, 216, 217, 220, 223, 224, 225, 227, 228, 229, 230, 231, 232, 233, 237, 241, 242, 244, 246, 247, 248, 249, 253, 255, 259, 264, 269, 270, 272, 275, 276, 277, 279, 283, 284, 285, 293, 294, 295, 301, 302, 303, 304, 306, 308, 309, 310, 311, 312, 316, 317, 320, 322, 323, 325, 331, 337, 338, 341, 343, 344, 350, 355, 356, 357, 358, 359, 364, 365, 368, 369, 370, 371, 372, 373, 375, 378, 379, 381, 384, 386, 388, 390, 391, 392, 393, 394, 395, 396, 397, 399, 402, 406, 407, 408, 409, 410, 411, 412, 413, 414, 415, 416, 419, 420, 422, 423, 424, 425, 426, 427, 428, 431, 432, 433, 434, 435, 437, 440, 442, 444, 445, 446, 447, 448, 449, 450, 451, 455, 458, 471, 477, 480, 481, 482, 484, 486, 490, 491, 492, 496, 499, 501, 504, 510, 511, 514, 522, 523, 525, 526, 527, 528, 529, 531, 534, 536, 537, 538, 539, 540, 541, 542, 544, 545, 546, 548, 549, 550, 552, 553, 554, 555, 557, 558, 559, 560, 562, 563, 564, 565, 576, 581, 582, 589, 590, 591, 592, 593, 594, 595, 597, 598, 601, 602, 605, 606, 607, 608, 609, 610, 611, 612, 614, 615, 616, 618, 621, 622, 623, 624, 625, 626, 627, 629, 631, 632, 634, 635, 636, 637, 638, 639, 640, 641, 642, 643, 644, 645, 646, 647, 648, 649, 650, 652, 653, 654, 655, 656, 661, 662, 668, 682, 685, 687, 689, 697, 698, 700, 711, 717, 725, 726, 727, 728, 729, 730, 731, 732, 733, 734, 735, 736, 739, 746, 748, 749, 750, 752, 755, 756, 757, 758, 759, 760, 761, 762, 763, 764, 765, 766, 769, 772, 775, 776, 778, 780, 805, 806, 807, 808, 809, 810, 811, 812]!Vessel: FarSearcher
[1, 2, 3, 4, 5, 6, 7, 8, 9, 10, 11, 12, 13, 14, 15, 16, 17, 18, 19, 20, 21, 22, 23, 24, 25, 26, 27, 28, 29, 30, 31, 32, 33, 35, 40, 41, 42, 43, 44, 45, 46, 47, 48, 49, 50, 51, 53, 54, 55, 57, 58, 59, 60, 61, 62, 67, 68, 69, 70, 71, 72, 73, 74, 75, 76, 77, 78, 79, 80, 81, 86, 87, 88, 89, 91, 92, 94, 95, 98, 101, 102, 106, 111, 128, 129, 130, 131, 132, 133, 134, 135, 136, 140, 141, 143, 144, 145, 146, 147, 148, 149, 150, 151, 155, 156, 157, 158, 160, 161, 162, 163, 164, 165, 169, 170, 171, 172, 173, 174, 175, 178, 181, 183, 184, 185, 188, 189, 192, 195, 196, 197, 198, 199, 200, 203, 205, 208, 209, 213, 214, 218, 219, 221, 222, 235, 236, 239, 243, 245, 251, 296, 297, 298, 299, 300, 305, 307, 314, 315, 318, 326, 327, 328, 329, 333, 334, 335, 340, 346, 347, 348, 352, 360, 361, 362, 363, 366, 367, 376, 377, 380, 382, 383, 385, 389, 398, 401, 403, 404, 405, 418, 421, 443, 530, 532, 533, 535, 567, 569, 574, 579, 580, 584, 596, 600, 603, 604, 617, 619, 628, 630, 659], [36, 37, 38, 39, 56, 63, 64, 65, 66, 82, 83, 84, 85, 93, 96, 97, 99, 100, 108, 110, 113, 119, 120, 121, 123, 124, 125, 126, 137, 138, 139, 142, 152, 154, 159, 166, 167, 168, 176, 177, 179, 180, 182, 186, 187, 190, 191, 193, 201, 202, 204, 206, 207, 210, 211, 212, 215, 216, 217, 220, 223, 224, 225, 227, 228, 229, 230, 231, 232, 233, 237, 241, 242, 244, 246, 247, 248, 249, 253, 255, 259, 264, 269, 270, 272, 275, 276, 277, 279, 283, 284, 285, 293, 294, 295, 301, 302, 303, 304, 306, 308, 309, 310, 311, 312, 316, 317, 320, 322, 323, 325, 331, 337, 338, 341, 343, 344, 350, 355, 356, 357, 358, 359, 364, 365, 368, 369, 370, 371, 372, 373, 375, 378, 379, 381, 384, 388, 390, 391, 392, 393, 396, 397, 399, 402, 406, 407, 408, 409, 410, 411, 412, 413, 414, 415, 416, 420, 422, 423, 424, 425, 426, 427, 428, 431, 432, 433, 434, 435, 437, 440, 442, 444, 445, 446, 450, 451, 455, 458, 471, 477, 480, 481, 482, 484, 486, 490, 491, 492, 496, 499, 501, 504, 510, 511, 514, 522, 525, 526, 527, 529, 534, 536, 537, 538, 539, 540, 541, 544, 546, 548, 549, 550, 552, 553, 554, 555, 557, 558, 559, 560, 562, 563, 564, 565, 576, 581, 582, 589, 590, 591, 592, 593, 594, 595, 601, 602, 607, 608, 609, 610, 611, 614, 615, 631, 634, 637, 638, 641, 645, 646, 647, 648, 649, 650, 652, 653, 654, 655, 656, 662, 682, 685, 689, 698, 700, 726, 727, 728, 731, 732, 733, 734, 735, 736, 739, 746, 748, 749, 750, 752, 755, 756, 757, 758, 760, 762, 764, 765, 766, 772, 808]!Vessel: FarSymphony
[1, 2, 3, 4, 5, 6, 7, 8, 9, 10, 11, 12, 13, 14, 15, 16, 17, 18, 19, 20, 21, 22, 23, 24, 25, 26, 27, 28, 29, 30, 31, 32, 33, 35, 40, 41, 42, 43, 44, 45, 46, 47, 48, 49, 50, 51, 53, 54, 55, 57, 58, 59, 60, 61, 62, 67, 68, 69, 70, 71, 72, 73, 74, 75, 76, 77, 78, 79, 80, 81, 86, 87, 88, 89, 91, 92, 94, 95, 98, 101, 102, 106, 111, 128, 129, 130, 131, 132, 133, 134, 135, 136, 140, 141, 143, 144, 145, 146, 147, 148, 149, 150, 151, 155, 156, 157, 158, 160, 161, 162, 163, 164, 165, 169, 170, 171, 172, 173, 174, 175, 178, 181, 183, 184, 185, 188, 189, 192, 195, 196, 197, 198, 199, 200, 203, 205, 208, 209, 213, 214, 218, 219, 221, 222, 235, 236, 239, 243, 245, 251, 296, 297, 298, 299, 300, 305, 307, 314, 315, 318, 326, 327, 328, 329, 333, 334, 335, 340, 346, 347, 348, 352, 360, 361, 362, 363, 366, 367, 376, 377, 380, 382, 383, 385, 389, 398, 401, 403, 404, 405, 418, 421, 443, 530, 532, 533, 535, 567, 569, 574, 579, 580, 584, 596, 600, 603, 604, 617, 619, 628, 630, 659], [36, 37, 38, 39, 56, 63, 64, 65, 66, 82, 83, 84, 85, 93, 96, 97, 99, 100, 108, 110, 113, 119, 120, 121, 123, 124, 125, 126, 137, 138, 139, 142, 152, 154, 159, 166, 167, 168, 176, 177, 179, 180, 182, 186, 187, 190, 191, 193, 201, 202, 204, 206, 207, 210, 211, 212, 215, 216, 217, 220, 223, 224, 225, 227, 228, 229, 230, 231, 232, 233, 237, 241, 242, 244, 246, 247, 248, 249, 253, 255, 259, 264, 269, 270, 272, 275, 276, 277, 279, 283, 284, 285, 293, 294, 295, 301, 302, 303, 304, 306, 308, 309, 310, 311, 312, 316, 317, 320, 322, 323, 325, 331, 337, 338, 341, 343, 344, 350, 355, 356, 357, 358, 359, 364, 365, 368, 369, 370, 371, 372, 373, 375, 378, 379, 381, 384, 388, 390, 391, 392, 393, 394, 395, 396, 397, 399, 402, 406, 407, 408, 409, 410, 411, 412, 413, 414, 415, 416, 419, 420, 422, 423, 424, 425, 426, 427, 428, 431, 432, 433, 434, 435, 437, 440, 442, 444, 445, 446, 447, 449, 450, 451, 455, 458, 471, 477, 480, 481, 482, 484, 486, 490, 491, 492, 496, 499, 501, 504, 510, 511, 514, 522, 523, 525, 526, 527, 528, 529, 531, 534, 536, 537, 538, 539, 540, 541, 542, 544, 546, 548, 549, 550, 552, 553, 554, 555, 557, 558, 559, 560, 562, 563, 564, 565, 576, 581, 582, 589, 590, 591, 592, 593, 594, 595, 601, 602, 606, 607, 608, 609, 610, 611, 612, 614, 615, 616, 618, 622, 624, 626, 627, 629, 631, 632, 634, 635, 636, 637, 638, 639, 640, 641, 644, 645, 646, 647, 648, 649, 650, 652, 653, 654, 655, 656, 661, 662, 668, 682, 685, 687, 689, 697, 698, 700, 711, 717, 725, 726, 727, 728, 729, 730, 731, 732, 733, 734, 735, 736, 739, 746, 748, 749, 750, 752, 755, 756, 757, 758, 759, 760, 761, 762, 764, 765, 766, 772, 776, 778, 780, 805, 806, 808, 809, 810]!Vessel: HavilaForesight
[1, 2, 3, 4, 5, 6, 7, 8, 9, 10, 11, 12, 13, 14, 15, 16, 17, 18, 19, 20, 21, 22, 23, 24, 25, 26, 27, 28, 29, 30, 31, 32, 33, 35, 40, 41, 42, 43, 44, 45, 46, 47, 48, 49, 50, 51, 53, 54, 55, 57, 58, 59, 60, 61, 62, 67, 68, 69, 70, 71, 72, 73, 74, 75, 76, 77, 78, 79, 80, 81, 86, 87, 88, 89, 91, 92, 94, 95, 98, 101, 102, 106, 111, 128, 129, 130, 131, 132, 133, 134, 135, 136, 140, 141, 143, 144, 145, 146, 147, 148, 149, 150, 151, 155, 156, 157, 158, 160, 161, 162, 163, 164, 165, 169, 170, 171, 172, 173, 174, 175, 178, 181, 183, 184, 185, 188, 189, 192, 195, 196, 197, 198, 199, 200, 203, 205, 208, 209, 213, 214, 218, 219, 221, 222, 235, 236, 239, 243, 245, 251, 296, 297, 298, 299, 300, 305, 307, 314, 315, 318, 326, 327, 328, 329, 333, 334, 335, 340, 346, 347, 348, 352, 360, 361, 362, 363, 366, 367, 376, 377, 380, 382, 383, 385, 389, 398, 401, 403, 404, 405, 418, 421, 443, 530, 532, 533, 535, 567, 569, 574, 579, 580, 584, 596, 600, 603, 604, 617, 619, 628, 630, 659], [36, 37, 38, 39, 56, 63, 64, 65, 66, 82, 83, 84, 85, 93, 96, 97, 99, 100, 108, 110, 113, 119, 120, 121, 123, 124, 125, 126, 137, 138, 139, 142, 152, 154, 159, 166, 167, 168, 176, 177, 179, 180, 186, 187, 190, 191, 193, 201, 202, 204, 206, 207, 210, 211, 212, 215, 216, 217, 223, 224, 225, 227, 228, 229, 230, 231, 232, 233, 237, 241, 242, 244, 246, 247, 249, 253, 255, 259, 264, 269, 270, 272, 275, 276, 277, 279, 283, 284, 285, 293, 294, 295, 301, 302, 303, 304, 306, 308, 309, 310, 311, 312, 316, 317, 320, 322, 323, 325, 331, 337, 338, 341, 343, 344, 350, 355, 356, 357, 358, 364, 368, 369, 370, 371, 372, 375, 378, 384, 391, 392, 393, 397, 399, 402, 406, 408, 409, 410, 411, 412, 413, 414, 415, 416, 420, 422, 423, 424, 425, 426, 427, 428, 431, 432, 433, 434, 435, 437, 444, 445, 446, 451, 455, 458, 471, 477, 480, 481, 482, 484, 486, 490, 491, 492, 496, 499, 501, 504, 510, 511, 514, 522, 526, 529, 534, 536, 537, 538, 539, 540, 541, 546, 548, 550, 552, 553, 554, 555, 557, 558, 559, 560, 562, 563, 564, 576, 581, 582, 589, 590, 591, 592, 593, 594, 595, 602, 607, 608, 609, 611, 615, 631, 634, 637, 638, 641, 648, 649, 650, 652, 654, 656, 682, 689, 698, 731, 733, 746, 748, 749, 750, 757, 758, 808]!Vessel: FarStar
] 

minF : 1
maxF : 6
Nf : [
!f : 1, 2, 3, 4, 5, 6
[10], [5, 6], [], [], [2, 3, 4, 7], [1, 8, 9]
]

! Parameters
VoyageCost: [37970, 39085, 64838, 59991, 44841, 37570, 39448, 44429, 45544, 73722, 62814, 47265, 43726, 43120, 46453, 46720, 43120, 73722, 62814, 46053, 38879, 38273, 44029, 44296, 74837, 63929, 47265, 42418, 44235, 47568, 46720, 72716, 73019, 75746, 81805, 85502, 83017, 68535, 62414, 46053, 37570, 43326, 45508, 62414, 47265, 45144, 44296, 64838, 46053, 46720, 50186, 51156, 49580, 81296, 70389, 50392, 48877, 50695, 54028, 52271, 81599, 84629, 85441, 70959, 48877, 49580, 49847, 52913, 52210, 80181, 69274, 49277, 78872, 67965, 47968, 46453, 48271, 51604, 49847, 81599, 84629, 84229, 69747, 79478, 68571, 47265, 44029, 67965, 45508, 82205, 71298, 51301, 82714, 85744, 74837, 85441, 70959, 47568, 50962, 78169, 83320, 90895, 80896, 83623, 85502, 85502, 85502, 90955, 86714, 85502, 85502, 79478, 68571, 48574, 50453, 45605, 67262, 47265, 50901, 49144, 84229, 84229, 69747, 67262, 45508, 81502, 70595, 67965, 48477, 51604, 47265, 49180, 69080, 49083, 52719, 84229, 70959, 47265, 48477, 72413, 52416, 82205, 71298, 51301, 53179, 50756, 52416, 54294, 86047, 84229, 69747, 49786, 50598, 52477, 51871, 55337, 55337, 54731, 89174, 88471, 77963, 81296, 88568, 61299, 74085, 54028, 66002, 64693, 72873, 87926, 76848, 76146, 87926, 93779, 76848, 87926, 56912, 55603, 56306, 58670, 58064, 57361, 88059, 88471, 77454, 87453, 55034, 72970, 85332, 54428, 58064, 89780, 86750, 87259, 76146, 75540, 78872, 87926, 86144, 53725, 58876, 71661, 51604, 57361, 93319, 93779, 87926, 85938, 84629, 87356, 88471, 79478, 85441, 70959, 73722, 50756, 87962, 54428, 88471, 78872, 51301, 88665, 57761, 87259, 89477, 94894, 87926, 54294, 84629, 89780, 87962, 89077, 92107, 87356, 90083, 92107, 86047, 91198, 93319, 90083, 92107, 89380, 88471, 86750, 72267, 66208, 53725, 57361, 55603, 53179, 87259, 78169, 87926, 85441, 58173, 70959, 69747, 87926, 87926, 93379, 87926, 87926, 73722, 53725, 88471, 78169, 57058, 87259, 88471, 78872, 72170, 58876, 53119, 56755, 54997, 70959, 56452, 55543, 59179, 88471, 79987, 59991, 72776, 93379, 88471, 72413, 52416, 56052, 70959, 55749, 80181, 87259, 79478, 89477, 74994, 66911, 68632, 65602, 63178, 90592, 76109, 68026, 66717, 86714, 86714, 87259, 86714, 86714, 73782, 74897, 57058, 54937, 88774, 74291, 64899, 105499, 69335, 60487, 89137, 62002, 78121, 79236, 71152, 76909, 78024, 82605, 87926, 107510, 109231, 106201, 89137, 63820, 82605, 60184, 92604, 60184, 65335, 63820, 96239, 97051, 95536, 88471, 94022, 97657, 89683, 81296, 87926, 88471, 84629, 58876, 76812, 91901, 62511, 95330, 89683, 89137, 94627, 89137, 89683, 91901, 89683, 84629, 94421, 89683, 89683, 89683, 74994, 104287, 63517, 95936, 88471, 87926, 113473, 108625, 110346, 107316, 91089, 95536, 97051, 96348, 93816, 93210, 94022, 92507, 97657, 94627, 96542, 97354, 95839, 92507, 93319, 96954, 98469, 97354, 95839, 96651, 89137, 76303, 77418, 72667, 73782, 104384, 91901, 64632, 77418, 69335, 68026, 76206, 65602, 88471, 87926, 87926, 87926, 88471, 87926, 74994, 76109, 78230, 89683, 89683, 104287, 95233, 88471, 87926, 87926, 87926, 81999, 89683, 81296, 86447, 85332, 89683, 84629, 76206, 63214, 64026, 66450, 89683, 58876, 62511, 88471, 83320, 63323, 85938, 87926, 85332, 88471, 84629, 88022, 87926, 62911, 77018, 78230, 62208, 78230, 72061, 71358, 68935, 77018, 78230, 73176, 72473, 84023, 86714, 87926, 77018, 77018, 95233, 78230, 62208, 77018, 64632, 79442, 89331, 112661, 111958, 79442, 100481, 103511, 65335, 71092, 68971, 101996, 102808, 104117, 99778, 104929, 103414, 90895, 92604, 91901, 89780, 78230, 111958, 98360, 90895, 93210, 99984, 90895, 91089, 90349, 91901, 77818, 90895, 93719, 92604, 68668, 101693, 91355, 102808, 98966, 99778, 104929, 103414, 103814, 102299, 103111, 104226, 103111, 78230, 74485, 89137, 91901, 93779, 91355, 91901, 77721, 87756, 89137, 93719, 92058, 70486, 69783, 89683, 89780, 89137, 90592, 78230, 78230, 91089, 90483, 92058, 93173, 92664, 91355, 78230, 90749, 90046, 69783, 79442, 109874, 96506, 95027, 76243, 96348, 94482, 97815, 97754, 96239, 97051, 97051, 104480, 96506]
VoyageDuration: [2, 2, 2, 2, 2, 2, 2, 2, 2, 2, 2, 2, 2, 2, 2, 2, 2, 2, 2, 2, 2, 2, 2, 2, 2, 2, 2, 2, 2, 2, 2, 2, 2, 2, 3, 3, 3, 3, 2, 2, 2, 2, 2, 2, 2, 2, 2, 2, 2, 2, 2, 2, 2, 3, 2, 2, 2, 2, 2, 2, 3, 3, 3, 3, 2, 2, 2, 2, 2, 2, 2, 2, 2, 2, 2, 2, 2, 2, 2, 3, 3, 3, 3, 2, 2, 2, 2, 2, 2, 3, 2, 2, 3, 3, 2, 3, 3, 2, 2, 2, 3, 3, 2, 3, 3, 3, 3, 3, 3, 3, 3, 2, 2, 2, 2, 2, 2, 2, 2, 2, 3, 3, 3, 2, 2, 3, 2, 2, 2, 2, 2, 2, 2, 2, 2, 3, 3, 2, 2, 2, 2, 3, 2, 2, 2, 2, 2, 2, 3, 3, 3, 2, 2, 2, 2, 2, 2, 2, 3, 3, 2, 3, 3, 2, 3, 2, 2, 2, 3, 3, 2, 2, 3, 3, 2, 3, 2, 2, 2, 2, 2, 2, 3, 3, 2, 3, 2, 3, 3, 2, 2, 3, 3, 3, 2, 2, 3, 3, 3, 2, 2, 3, 2, 2, 3, 3, 3, 3, 3, 3, 3, 3, 3, 3, 2, 2, 3, 2, 3, 3, 2, 3, 2, 3, 3, 3, 3, 2, 3, 3, 3, 3, 3, 3, 3, 3, 3, 3, 3, 3, 3, 3, 3, 3, 3, 2, 2, 2, 2, 2, 3, 3, 3, 3, 2, 3, 2, 3, 3, 3, 3, 3, 2, 2, 3, 3, 2, 3, 3, 3, 3, 2, 2, 2, 2, 3, 2, 2, 2, 3, 3, 2, 3, 3, 3, 2, 2, 2, 3, 2, 3, 3, 3, 3, 3, 2, 2, 2, 2, 3, 3, 2, 2, 3, 3, 3, 3, 3, 3, 3, 2, 2, 3, 3, 2, 3, 2, 2, 3, 2, 3, 3, 2, 3, 3, 3, 3, 3, 3, 3, 3, 2, 3, 2, 3, 2, 2, 2, 3, 3, 3, 3, 3, 3, 3, 3, 3, 3, 3, 2, 3, 3, 2, 3, 3, 3, 3, 3, 3, 3, 3, 3, 3, 3, 3, 3, 3, 3, 2, 3, 3, 3, 3, 3, 3, 3, 3, 3, 3, 3, 3, 3, 3, 3, 3, 3, 3, 3, 3, 3, 3, 3, 3, 3, 3, 3, 3, 3, 3, 3, 3, 3, 3, 2, 3, 2, 2, 3, 2, 3, 3, 3, 3, 3, 3, 3, 3, 3, 3, 3, 3, 3, 3, 3, 3, 3, 3, 3, 3, 3, 3, 3, 3, 3, 2, 2, 2, 3, 2, 2, 3, 3, 2, 3, 3, 3, 3, 3, 3, 3, 2, 3, 3, 2, 3, 3, 2, 2, 3, 3, 3, 3, 3, 3, 3, 3, 3, 3, 3, 2, 3, 2, 3, 3, 3, 3, 3, 3, 3, 2, 3, 2, 3, 3, 3, 3, 3, 3, 3, 3, 3, 3, 3, 3, 3, 3, 3, 3, 3, 3, 3, 3, 3, 3, 3, 3, 2, 3, 3, 3, 3, 3, 3, 3, 3, 3, 3, 3, 3, 3, 3, 3, 3, 3, 3, 3, 3, 3, 3, 3, 3, 3, 3, 3, 3, 3, 3, 3, 3, 3, 3, 3, 3, 3, 3, 3, 3, 3, 3, 3, 3, 3, 3, 3, 3, 3, 3, 3, 3, 3, 3, 3, 3]
TimeCharterCost: [120000, 125000, 130000, 110000, 104000]
RequiredVisits: [6, 5, 5, 5, 2, 2, 5, 6, 6, 1]
NumberOfDaysAvailable: [7, 7, 7, 7, 7]
DepotCapacity: [3, 3, 3, 3, 3, 3, 3]
