!Summary:
!Execution time: 0,78 seconds
!Total # voyages: 1853 (390 unique)
!Number of installations (excluding depot): 10
!Number of time windows: 0
!Number of vessels: 5

!Min. # installations: 1
!Max. number of installations: 8
!Min. duration: 56
!Max. duration: 80

!Name: FarStar	 # voyages: 333
!Name: FarSymphony	 # voyages: 361
!Name: FarSearcher	 # voyages: 390
!Name: FarSeeker	 # voyages: 390
!Name: HavilaForesight	 # voyages: 379
!------------------------------------------------------------------------------------------------------------------------
nV : 5
nR : 390
nN : 10
nT : 7
minL : 2
maxL : 3

! Sets: 
Rv : [
[1, 2, 3, 4, 5, 6, 7, 8, 9, 10, 11, 12, 13, 14, 15, 17, 18, 19, 20, 21, 22, 23, 24, 25, 26, 27, 28, 29, 30, 33, 35, 36, 37, 38, 39, 40, 41, 42, 43, 44, 45, 46, 47, 48, 50, 51, 52, 53, 54, 55, 56, 57, 58, 59, 60, 61, 62, 63, 64, 65, 66, 67, 68, 70, 72, 73, 74, 75, 76, 77, 80, 81, 82, 84, 85, 87, 88, 90, 91, 92, 93, 94, 100, 101, 103, 105, 108, 109, 112, 113, 115, 117, 120, 121, 122, 123, 124, 125, 126, 127, 128, 129, 130, 131, 132, 133, 134, 135, 137, 138, 139, 140, 141, 142, 144, 145, 146, 147, 148, 149, 151, 153, 154, 155, 156, 157, 158, 159, 160, 161, 168, 170, 171, 172, 173, 174, 175, 176, 177, 178, 179, 180, 181, 182, 183, 184, 185, 186, 187, 190, 191, 192, 196, 197, 198, 199, 200, 201, 202, 203, 206, 207, 209, 211, 214, 216, 217, 219, 221, 224, 225, 226, 229, 234, 242, 246, 249, 252, 254, 257, 267, 268, 272, 274, 276, 279, 281, 282, 283, 284, 285, 286, 287, 288, 289, 290, 291, 292, 293, 294, 295, 296, 297, 298, 299, 300, 301, 304, 305, 307, 308, 309, 310, 311, 312, 313, 314, 315, 316, 317, 318, 320, 321, 322, 323, 325, 326, 327, 329, 330, 332, 334, 336, 337, 338, 339, 340, 341, 342, 344, 345, 346, 347, 348, 351, 373, 380, 381, 382, 383, 384, 385, 386, 387, 388, 389, 390, 392, 393, 394, 401, 402, 403, 404, 405, 406, 408, 412, 413, 414, 416, 417, 420, 422, 424, 426, 432, 462, 465, 469, 480, 502, 505, 510, 511, 512, 513, 514, 516, 517, 518, 519, 520, 521, 522, 523, 524, 526, 527, 528, 529, 530, 531, 532, 533, 534, 536, 537, 539, 541, 542, 543, 544, 548, 549, 550, 551, 552, 553, 555, 556, 557, 558, 559, 560, 561, 562, 563, 564, 567, 568, 570, 571, 572, 573, 574, 575, 578, 582, 583, 584, 586, 625, 631, 632, 633, 634, 635, 638, 639, 640, 650, 651, 652, 653, 654, 655, 660, 661, 663, 665, 697, 731, 732, 733, 734, 735, 736, 737, 738, 739, 740, 741, 742, 743, 744, 747, 749, 750, 751, 752, 756, 784, 785, 792, 796, 797, 798, 825, 826]!Vessel: FarSeeker
[1, 2, 3, 4, 5, 6, 7, 8, 9, 10, 11, 12, 13, 14, 15, 17, 18, 19, 20, 21, 22, 23, 24, 25, 26, 27, 28, 29, 30, 33, 35, 36, 37, 38, 39, 40, 41, 42, 43, 44, 45, 46, 47, 48, 50, 51, 52, 53, 54, 55, 56, 57, 58, 59, 60, 61, 62, 63, 64, 65, 66, 67, 68, 70, 72, 73, 74, 75, 76, 77, 80, 81, 82, 84, 85, 87, 88, 90, 91, 92, 93, 94, 100, 101, 103, 105, 108, 109, 112, 113, 115, 117, 120, 121, 122, 123, 124, 125, 126, 127, 128, 129, 130, 131, 132, 133, 134, 135, 137, 138, 139, 140, 141, 142, 144, 145, 146, 147, 148, 149, 151, 153, 154, 155, 156, 157, 158, 159, 160, 161, 168, 170, 171, 172, 173, 174, 175, 176, 177, 178, 179, 180, 181, 182, 183, 184, 185, 186, 187, 190, 191, 192, 196, 197, 198, 199, 200, 201, 202, 203, 206, 207, 209, 211, 214, 216, 217, 219, 221, 224, 225, 226, 229, 234, 242, 246, 249, 252, 254, 257, 267, 268, 272, 274, 276, 279, 281, 282, 283, 284, 285, 286, 287, 288, 289, 290, 291, 292, 293, 294, 295, 296, 297, 298, 299, 300, 301, 304, 305, 307, 308, 309, 310, 311, 312, 313, 314, 315, 316, 317, 318, 320, 321, 322, 323, 325, 326, 327, 329, 330, 332, 334, 336, 337, 338, 339, 340, 341, 342, 344, 345, 346, 347, 348, 351, 373, 380, 381, 382, 383, 384, 385, 386, 387, 388, 389, 390, 392, 393, 394, 401, 402, 403, 404, 405, 406, 408, 412, 413, 414, 416, 417, 420, 422, 424, 426, 432, 462, 465, 469, 480, 502, 505, 510, 511, 512, 513, 514, 516, 517, 518, 519, 520, 521, 522, 523, 524, 526, 527, 528, 529, 530, 531, 532, 533, 534, 536, 537, 539, 541, 542, 543, 544, 548, 549, 550, 551, 552, 553, 555, 556, 557, 558, 559, 560, 561, 562, 563, 564, 567, 568, 570, 571, 572, 573, 574, 575, 578, 582, 583, 584, 586, 625, 631, 632, 633, 634, 635, 638, 639, 640, 650, 651, 652, 653, 654, 655, 660, 661, 663, 665, 697, 731, 732, 733, 734, 735, 736, 737, 738, 739, 740, 741, 742, 743, 744, 747, 749, 750, 751, 752, 756, 784, 785, 792, 796, 797, 798, 825, 826]!Vessel: FarSearcher
[1, 2, 3, 4, 5, 6, 7, 8, 9, 10, 11, 12, 13, 14, 15, 17, 18, 19, 20, 21, 22, 23, 24, 25, 26, 27, 28, 29, 30, 33, 35, 36, 37, 38, 39, 40, 41, 42, 43, 44, 45, 46, 47, 48, 50, 51, 52, 53, 54, 55, 56, 57, 58, 59, 60, 61, 62, 63, 64, 65, 66, 67, 68, 70, 72, 73, 74, 75, 76, 77, 80, 81, 82, 84, 85, 87, 88, 90, 91, 92, 93, 94, 100, 101, 103, 105, 108, 109, 112, 113, 115, 117, 120, 121, 122, 123, 124, 125, 126, 127, 128, 129, 130, 131, 132, 133, 134, 135, 137, 138, 139, 140, 141, 142, 144, 145, 146, 147, 148, 149, 151, 153, 154, 155, 156, 157, 158, 159, 160, 161, 168, 170, 171, 172, 173, 174, 175, 176, 177, 178, 179, 180, 181, 182, 183, 184, 185, 186, 187, 190, 191, 192, 196, 197, 198, 199, 200, 201, 202, 203, 206, 207, 209, 211, 214, 216, 217, 219, 221, 224, 225, 226, 229, 234, 242, 246, 249, 252, 254, 257, 267, 268, 272, 274, 276, 279, 281, 282, 283, 284, 285, 286, 287, 288, 289, 290, 291, 292, 293, 294, 295, 296, 297, 298, 299, 300, 301, 304, 305, 307, 308, 309, 310, 311, 312, 313, 314, 315, 316, 317, 318, 320, 321, 322, 323, 325, 326, 327, 329, 330, 332, 334, 336, 337, 338, 339, 340, 341, 342, 344, 345, 346, 347, 348, 351, 373, 380, 381, 382, 383, 384, 385, 386, 387, 388, 389, 390, 392, 393, 394, 401, 402, 403, 404, 405, 406, 408, 412, 413, 414, 416, 417, 420, 422, 424, 426, 432, 462, 465, 469, 480, 502, 505, 510, 511, 512, 513, 514, 516, 518, 519, 521, 522, 523, 526, 527, 529, 530, 532, 534, 536, 537, 539, 543, 544, 548, 549, 550, 551, 552, 553, 555, 556, 557, 558, 559, 560, 561, 562, 563, 564, 567, 568, 570, 571, 573, 583, 584, 586, 625, 631, 633, 634, 638, 640, 650, 652, 654, 655, 660, 661, 663, 665, 732, 733, 734, 735, 736, 737, 738, 739, 740, 742, 743, 747, 749, 750, 751, 752, 756, 797]!Vessel: FarSymphony
[1, 2, 3, 4, 5, 6, 7, 8, 9, 10, 11, 12, 13, 14, 15, 17, 18, 19, 20, 21, 22, 23, 24, 25, 26, 27, 28, 29, 30, 33, 35, 36, 37, 38, 39, 40, 41, 42, 43, 44, 45, 46, 47, 48, 50, 51, 52, 53, 54, 55, 56, 57, 58, 59, 60, 61, 62, 63, 64, 65, 66, 67, 68, 70, 72, 73, 74, 75, 76, 77, 80, 81, 82, 84, 85, 87, 88, 90, 91, 92, 93, 94, 100, 101, 103, 105, 108, 109, 112, 113, 115, 117, 120, 121, 122, 123, 124, 125, 126, 127, 128, 129, 130, 131, 132, 133, 134, 135, 137, 138, 139, 140, 141, 142, 144, 145, 146, 147, 148, 149, 151, 153, 154, 155, 156, 157, 158, 159, 160, 161, 168, 170, 171, 172, 173, 174, 175, 176, 177, 178, 179, 180, 181, 182, 183, 184, 185, 186, 187, 190, 191, 192, 196, 197, 198, 199, 200, 201, 202, 203, 206, 207, 209, 211, 214, 216, 217, 219, 221, 224, 225, 226, 229, 234, 242, 246, 249, 252, 254, 257, 267, 268, 272, 274, 276, 279, 281, 282, 283, 284, 285, 286, 287, 288, 289, 290, 291, 292, 293, 294, 295, 296, 297, 298, 299, 300, 301, 304, 305, 307, 308, 309, 310, 311, 312, 313, 314, 315, 316, 317, 318, 320, 321, 322, 323, 325, 326, 327, 329, 330, 332, 334, 336, 337, 338, 339, 340, 341, 342, 344, 345, 346, 347, 348, 351, 373, 380, 381, 382, 383, 384, 385, 386, 387, 388, 389, 390, 392, 393, 394, 401, 402, 403, 404, 405, 406, 408, 412, 413, 414, 416, 417, 420, 422, 424, 426, 432, 462, 465, 469, 480, 502, 505, 510, 511, 512, 513, 514, 516, 518, 519, 521, 522, 523, 524, 526, 527, 528, 529, 530, 532, 533, 534, 536, 537, 539, 541, 542, 543, 544, 548, 549, 550, 551, 552, 553, 555, 556, 557, 558, 559, 560, 561, 562, 563, 564, 567, 568, 570, 571, 572, 573, 574, 582, 583, 584, 586, 625, 631, 633, 634, 635, 638, 639, 640, 650, 651, 652, 654, 655, 660, 661, 663, 665, 697, 732, 733, 734, 735, 736, 737, 738, 739, 740, 742, 743, 744, 747, 749, 750, 751, 752, 756, 784, 792, 796, 797, 798, 826]!Vessel: HavilaForesight
[1, 2, 3, 4, 5, 6, 7, 8, 9, 10, 11, 12, 13, 14, 15, 17, 18, 19, 20, 21, 22, 23, 24, 25, 26, 27, 28, 29, 30, 33, 35, 36, 37, 38, 39, 40, 41, 42, 43, 44, 45, 46, 47, 48, 50, 51, 52, 53, 54, 55, 56, 57, 58, 59, 60, 61, 62, 63, 64, 65, 66, 67, 68, 70, 72, 73, 74, 75, 76, 77, 80, 81, 82, 84, 85, 87, 88, 90, 91, 92, 93, 94, 100, 101, 103, 105, 108, 109, 112, 113, 115, 117, 120, 121, 122, 123, 124, 125, 126, 127, 128, 129, 130, 131, 132, 133, 134, 135, 137, 138, 139, 140, 141, 142, 144, 145, 146, 147, 148, 149, 151, 153, 154, 155, 156, 157, 158, 159, 160, 161, 168, 170, 171, 172, 173, 174, 175, 176, 177, 178, 179, 180, 181, 182, 183, 184, 185, 186, 187, 190, 191, 192, 196, 197, 198, 199, 200, 201, 202, 203, 206, 207, 209, 211, 214, 216, 217, 219, 221, 224, 225, 226, 229, 234, 242, 246, 249, 252, 254, 257, 267, 268, 272, 274, 276, 279, 281, 282, 283, 284, 285, 286, 288, 289, 290, 292, 294, 295, 296, 297, 298, 299, 301, 304, 305, 307, 308, 310, 311, 312, 313, 314, 315, 316, 317, 318, 320, 321, 322, 323, 325, 326, 327, 329, 330, 332, 334, 336, 337, 338, 339, 340, 341, 342, 344, 345, 346, 348, 351, 373, 380, 381, 382, 383, 384, 387, 388, 389, 390, 392, 393, 394, 401, 402, 403, 404, 405, 406, 408, 412, 414, 416, 417, 420, 422, 424, 426, 432, 462, 465, 469, 480, 502, 505, 510, 511, 512, 513, 514, 516, 518, 519, 521, 526, 527, 530, 532, 534, 536, 537, 539, 544, 548, 549, 550, 551, 552, 553, 555, 556, 557, 558, 559, 560, 562, 563, 564, 567, 568, 570, 571, 573, 583, 584, 625, 638, 640, 650, 652, 655, 660, 661, 663, 665, 732, 733, 737, 738, 740, 747, 749, 752, 797]!Vessel: FarStar
] 

Rvi : [
!i : 1, 2, 3, 4, 5, 6, 7, 8, 9, 10
[1, 6, 7, 8, 9, 10, 11, 12, 13, 14, 51, 52, 53, 54, 55, 56, 57, 58, 59, 60, 61, 62, 63, 64, 65, 66, 67, 68, 70, 94, 108, 109, 120, 121, 122, 137, 138, 145, 154, 155, 156, 171, 172, 173, 174, 175, 176, 177, 178, 179, 180, 181, 182, 183, 184, 185, 186, 187, 190, 191, 192, 202, 203, 209, 221, 224, 226, 229, 234, 246, 249, 267, 268, 272, 282, 283, 284, 285, 286, 287, 289, 290, 291, 312, 313, 314, 315, 320, 321, 322, 323, 325, 330, 337, 338, 339, 351, 381, 382, 383, 384, 385, 386, 387, 388, 389, 390, 392, 393, 394, 408, 414, 416, 417, 420, 432, 462, 465, 469, 502, 505, 510, 511, 512, 513, 514, 516, 517, 518, 519, 520, 521, 522, 523, 541, 544, 548, 549, 550, 551, 553, 555, 556, 557, 559, 560, 561, 562, 563, 564, 572, 578, 582, 583, 584, 625, 631, 632, 633, 634, 635, 638, 639, 640, 655, 661, 663, 665, 697, 731, 732, 733, 734, 735, 736, 737, 738, 739, 740, 741, 744, 747, 749, 750, 751, 752, 784, 785, 796, 797, 798, 825, 826], [6, 15, 17, 18, 19, 20, 21, 22, 51, 52, 53, 62, 65, 67, 70, 72, 73, 74, 75, 76, 77, 80, 81, 82, 84, 85, 87, 88, 90, 123, 124, 139, 146, 157, 159, 171, 172, 173, 174, 178, 179, 180, 183, 184, 185, 186, 190, 191, 192, 196, 197, 198, 199, 200, 201, 202, 203, 206, 207, 209, 211, 214, 216, 217, 219, 221, 224, 274, 279, 288, 292, 293, 307, 308, 309, 316, 326, 327, 329, 340, 341, 344, 345, 346, 351, 381, 382, 384, 385, 387, 388, 389, 390, 392, 393, 394, 401, 402, 403, 404, 405, 406, 408, 412, 413, 414, 416, 417, 420, 422, 424, 426, 505, 512, 516, 517, 524, 528, 530, 531, 534, 537, 542, 549, 550, 551, 552, 553, 561, 563, 567, 570, 571, 573, 574, 578, 582, 583, 584, 586, 631, 632, 633, 634, 635, 638, 639, 640, 650, 651, 652, 653, 654, 655, 660, 661, 663, 665, 732, 736, 737, 739, 742, 744, 747, 750, 752, 756, 784, 785, 792, 796, 797, 798, 825], [2, 7, 15, 23, 24, 25, 26, 27, 28, 29, 53, 54, 55, 56, 57, 58, 59, 60, 72, 73, 74, 75, 76, 77, 91, 92, 93, 100, 112, 113, 125, 126, 127, 128, 129, 140, 141, 147, 148, 149, 158, 172, 173, 174, 175, 176, 177, 190, 191, 192, 196, 197, 198, 199, 200, 201, 211, 225, 226, 229, 242, 252, 254, 267, 268, 274, 276, 289, 290, 291, 292, 293, 294, 295, 296, 297, 298, 299, 300, 301, 312, 313, 314, 315, 316, 317, 318, 326, 327, 330, 332, 334, 337, 338, 341, 342, 373, 381, 382, 383, 390, 392, 393, 394, 401, 402, 403, 404, 405, 406, 414, 422, 432, 462, 465, 480, 502, 510, 511, 518, 519, 520, 523, 524, 526, 527, 528, 529, 530, 531, 532, 533, 534, 536, 541, 544, 548, 549, 550, 551, 552, 555, 556, 557, 558, 561, 562, 563, 564, 567, 568, 570, 575, 578, 584, 586, 631, 634, 635, 638, 639, 640, 650, 651, 652, 653, 654, 661, 697, 731, 732, 733, 734, 735, 739, 740, 742, 743, 744, 747, 749, 750, 751, 752, 756, 784, 785, 792, 796, 797, 825, 826], [3, 8, 23, 30, 33, 37, 54, 61, 91, 94, 100, 101, 103, 105, 125, 154, 175, 226, 229, 234, 242, 246, 249, 252, 254, 257, 432, 462, 465, 469, 480, 697], [4, 9, 17, 24, 30, 35, 36, 38, 46, 55, 61, 70, 72, 80, 84, 87, 90, 91, 101, 103, 108, 109, 112, 113, 115, 117, 126, 130, 131, 137, 144, 147, 151, 155, 175, 190, 196, 197, 202, 206, 209, 211, 214, 216, 219, 221, 224, 246, 249, 252, 254, 257, 267, 268, 272, 274, 276, 279, 281, 282, 283, 294, 295, 301, 304, 305, 312, 317, 320, 322, 325, 329, 332, 336, 337, 390, 401, 402, 403, 412, 414, 416, 417, 420, 422, 424, 426, 462, 465, 469, 480, 502, 505, 510, 511, 512, 513, 514, 526, 527, 534, 536, 537, 539, 548, 549, 552, 553, 555, 558, 559, 560, 563, 564, 634, 635, 650, 651, 652, 660, 661, 663, 665, 697, 732, 733, 734, 735, 736, 737, 738, 742, 743, 747, 749, 752, 784, 792, 797, 798, 825, 826], [10, 18, 25, 37, 38, 39, 40, 41, 42, 56, 62, 63, 73, 80, 81, 82, 94, 101, 105, 108, 115, 120, 121, 122, 123, 124, 125, 126, 127, 128, 129, 130, 131, 132, 133, 134, 135, 148, 168, 170, 178, 179, 180, 181, 191, 196, 198, 199, 202, 203, 206, 207, 214, 226, 234, 242, 246, 252, 257, 267, 279, 281, 282, 283, 284, 285, 286, 287, 288, 289, 290, 291, 292, 293, 294, 295, 296, 297, 298, 299, 300, 301, 304, 305, 307, 308, 309, 310, 311, 313, 320, 321, 344, 347, 373, 380, 384, 385, 386, 390, 392, 393, 401, 402, 404, 408, 412, 413, 416, 424, 432, 462, 469, 480, 502, 510, 511, 512, 513, 514, 516, 517, 518, 519, 520, 521, 522, 523, 524, 526, 527, 528, 529, 530, 531, 532, 533, 534, 536, 537, 539, 541, 542, 543, 550, 553, 556, 559, 570, 572, 573, 574, 575, 578, 582, 632, 634, 635, 638, 639, 650, 651, 653, 655, 660, 663, 697, 731, 732, 733, 734, 735, 736, 737, 738, 739, 740, 741, 742, 743, 756, 784, 792, 796, 798, 825, 826], [11, 19, 26, 35, 39, 43, 44, 45, 51, 57, 63, 64, 68, 74, 81, 84, 85, 92, 112, 115, 117, 127, 132, 133, 137, 138, 139, 140, 141, 142, 144, 153, 159, 160, 168, 171, 172, 176, 178, 181, 182, 184, 187, 198, 200, 201, 207, 209, 211, 214, 216, 217, 219, 225, 272, 276, 281, 285, 296, 297, 298, 301, 304, 307, 310, 312, 313, 314, 315, 316, 317, 318, 320, 321, 322, 323, 334, 336, 344, 345, 346, 347, 348, 351, 380, 381, 383, 384, 386, 387, 389, 392, 394, 401, 403, 404, 405, 406, 408, 412, 413, 414, 416, 417, 420, 422, 424, 426, 510, 513, 518, 521, 526, 528, 529, 532, 536, 539, 541, 543, 544, 555, 556, 557, 558, 559, 560, 564, 568, 570, 571, 572, 573, 574, 575, 582, 583, 584, 586, 625, 631, 632, 633, 634, 638, 639, 640, 650, 651, 652, 653, 654, 655, 660, 661, 663, 665, 731, 733, 734, 736, 738, 740, 741, 743, 744, 749, 751, 752, 756, 784, 785, 792, 796, 797, 798, 826], [12, 20, 27, 40, 43, 46, 47, 50, 58, 64, 65, 66, 75, 85, 87, 88, 92, 93, 109, 117, 120, 123, 130, 132, 134, 142, 145, 146, 147, 148, 149, 151, 153, 161, 170, 171, 173, 176, 177, 179, 181, 182, 183, 185, 187, 200, 207, 216, 217, 221, 225, 268, 274, 276, 279, 281, 282, 284, 286, 288, 289, 292, 294, 296, 299, 305, 308, 310, 311, 322, 325, 326, 327, 329, 330, 332, 334, 336, 339, 340, 342, 345, 348, 373, 380, 381, 382, 383, 384, 385, 386, 387, 388, 404, 405, 406, 413, 417, 422, 424, 426, 502, 505, 514, 516, 519, 521, 522, 523, 524, 527, 529, 530, 532, 533, 534, 536, 537, 539, 542, 543, 548, 549, 550, 551, 552, 553, 555, 556, 557, 558, 559, 560, 562, 567, 568, 571, 573, 583, 625, 631, 632, 633, 638, 640, 650, 652, 653, 654, 655, 660, 661, 663, 665, 731, 732, 733, 735, 737, 738, 739, 740, 741, 742, 743, 747, 749, 750, 751, 756, 784, 785, 792, 796, 797, 798, 825, 826], [5, 13, 21, 28, 33, 36, 41, 44, 47, 48, 59, 67, 68, 76, 82, 90, 100, 103, 105, 113, 121, 128, 131, 133, 134, 135, 140, 144, 145, 146, 149, 151, 153, 154, 155, 156, 157, 158, 159, 160, 161, 184, 185, 186, 187, 192, 197, 199, 201, 203, 206, 219, 224, 229, 234, 242, 249, 254, 257, 272, 283, 285, 286, 287, 290, 295, 297, 299, 300, 304, 305, 308, 309, 310, 311, 314, 317, 318, 323, 325, 326, 329, 330, 332, 334, 336, 337, 338, 339, 340, 341, 342, 344, 345, 346, 347, 348, 387, 388, 389, 393, 394, 402, 403, 406, 408, 412, 420, 426, 432, 465, 469, 480, 505, 511, 512, 513, 514, 516, 517, 518, 519, 520, 521, 522, 526, 527, 530, 531, 532, 533, 537, 539, 542, 543, 544, 548, 551, 552, 557, 558, 560, 561, 562, 563, 564, 567, 568, 570, 571, 572, 573, 574, 575, 586, 625, 633, 635, 639, 640, 651, 652, 654, 655, 660, 665, 697, 734, 735, 736, 737, 738, 739, 740, 741, 742, 743, 744, 747, 749, 750, 751, 752, 756, 785, 792, 796, 797, 798, 825, 826], [14, 22, 29, 42, 45, 48, 50, 52, 60, 66, 77, 88, 93, 122, 124, 129, 135, 138, 139, 141, 142, 156, 157, 158, 160, 161, 168, 170, 174, 177, 180, 182, 183, 186, 217, 225, 284, 287, 288, 291, 293, 298, 300, 307, 309, 311, 315, 316, 318, 321, 323, 327, 338, 339, 340, 341, 342, 346, 347, 348, 351, 373, 380, 382, 383, 385, 386, 388, 389, 405, 413, 517, 520, 522, 523, 524, 528, 529, 531, 533, 541, 542, 543, 544, 561, 562, 567, 568, 571, 572, 574, 575, 578, 582, 583, 584, 586, 625, 631, 632, 633, 653, 654, 731, 741, 744, 750, 751, 785]!Vessel: FarSeeker
[1, 6, 7, 8, 9, 10, 11, 12, 13, 14, 51, 52, 53, 54, 55, 56, 57, 58, 59, 60, 61, 62, 63, 64, 65, 66, 67, 68, 70, 94, 108, 109, 120, 121, 122, 137, 138, 145, 154, 155, 156, 171, 172, 173, 174, 175, 176, 177, 178, 179, 180, 181, 182, 183, 184, 185, 186, 187, 190, 191, 192, 202, 203, 209, 221, 224, 226, 229, 234, 246, 249, 267, 268, 272, 282, 283, 284, 285, 286, 287, 289, 290, 291, 312, 313, 314, 315, 320, 321, 322, 323, 325, 330, 337, 338, 339, 351, 381, 382, 383, 384, 385, 386, 387, 388, 389, 390, 392, 393, 394, 408, 414, 416, 417, 420, 432, 462, 465, 469, 502, 505, 510, 511, 512, 513, 514, 516, 517, 518, 519, 520, 521, 522, 523, 541, 544, 548, 549, 550, 551, 553, 555, 556, 557, 559, 560, 561, 562, 563, 564, 572, 578, 582, 583, 584, 625, 631, 632, 633, 634, 635, 638, 639, 640, 655, 661, 663, 665, 697, 731, 732, 733, 734, 735, 736, 737, 738, 739, 740, 741, 744, 747, 749, 750, 751, 752, 784, 785, 796, 797, 798, 825, 826], [6, 15, 17, 18, 19, 20, 21, 22, 51, 52, 53, 62, 65, 67, 70, 72, 73, 74, 75, 76, 77, 80, 81, 82, 84, 85, 87, 88, 90, 123, 124, 139, 146, 157, 159, 171, 172, 173, 174, 178, 179, 180, 183, 184, 185, 186, 190, 191, 192, 196, 197, 198, 199, 200, 201, 202, 203, 206, 207, 209, 211, 214, 216, 217, 219, 221, 224, 274, 279, 288, 292, 293, 307, 308, 309, 316, 326, 327, 329, 340, 341, 344, 345, 346, 351, 381, 382, 384, 385, 387, 388, 389, 390, 392, 393, 394, 401, 402, 403, 404, 405, 406, 408, 412, 413, 414, 416, 417, 420, 422, 424, 426, 505, 512, 516, 517, 524, 528, 530, 531, 534, 537, 542, 549, 550, 551, 552, 553, 561, 563, 567, 570, 571, 573, 574, 578, 582, 583, 584, 586, 631, 632, 633, 634, 635, 638, 639, 640, 650, 651, 652, 653, 654, 655, 660, 661, 663, 665, 732, 736, 737, 739, 742, 744, 747, 750, 752, 756, 784, 785, 792, 796, 797, 798, 825], [2, 7, 15, 23, 24, 25, 26, 27, 28, 29, 53, 54, 55, 56, 57, 58, 59, 60, 72, 73, 74, 75, 76, 77, 91, 92, 93, 100, 112, 113, 125, 126, 127, 128, 129, 140, 141, 147, 148, 149, 158, 172, 173, 174, 175, 176, 177, 190, 191, 192, 196, 197, 198, 199, 200, 201, 211, 225, 226, 229, 242, 252, 254, 267, 268, 274, 276, 289, 290, 291, 292, 293, 294, 295, 296, 297, 298, 299, 300, 301, 312, 313, 314, 315, 316, 317, 318, 326, 327, 330, 332, 334, 337, 338, 341, 342, 373, 381, 382, 383, 390, 392, 393, 394, 401, 402, 403, 404, 405, 406, 414, 422, 432, 462, 465, 480, 502, 510, 511, 518, 519, 520, 523, 524, 526, 527, 528, 529, 530, 531, 532, 533, 534, 536, 541, 544, 548, 549, 550, 551, 552, 555, 556, 557, 558, 561, 562, 563, 564, 567, 568, 570, 575, 578, 584, 586, 631, 634, 635, 638, 639, 640, 650, 651, 652, 653, 654, 661, 697, 731, 732, 733, 734, 735, 739, 740, 742, 743, 744, 747, 749, 750, 751, 752, 756, 784, 785, 792, 796, 797, 825, 826], [3, 8, 23, 30, 33, 37, 54, 61, 91, 94, 100, 101, 103, 105, 125, 154, 175, 226, 229, 234, 242, 246, 249, 252, 254, 257, 432, 462, 465, 469, 480, 697], [4, 9, 17, 24, 30, 35, 36, 38, 46, 55, 61, 70, 72, 80, 84, 87, 90, 91, 101, 103, 108, 109, 112, 113, 115, 117, 126, 130, 131, 137, 144, 147, 151, 155, 175, 190, 196, 197, 202, 206, 209, 211, 214, 216, 219, 221, 224, 246, 249, 252, 254, 257, 267, 268, 272, 274, 276, 279, 281, 282, 283, 294, 295, 301, 304, 305, 312, 317, 320, 322, 325, 329, 332, 336, 337, 390, 401, 402, 403, 412, 414, 416, 417, 420, 422, 424, 426, 462, 465, 469, 480, 502, 505, 510, 511, 512, 513, 514, 526, 527, 534, 536, 537, 539, 548, 549, 552, 553, 555, 558, 559, 560, 563, 564, 634, 635, 650, 651, 652, 660, 661, 663, 665, 697, 732, 733, 734, 735, 736, 737, 738, 742, 743, 747, 749, 752, 784, 792, 797, 798, 825, 826], [10, 18, 25, 37, 38, 39, 40, 41, 42, 56, 62, 63, 73, 80, 81, 82, 94, 101, 105, 108, 115, 120, 121, 122, 123, 124, 125, 126, 127, 128, 129, 130, 131, 132, 133, 134, 135, 148, 168, 170, 178, 179, 180, 181, 191, 196, 198, 199, 202, 203, 206, 207, 214, 226, 234, 242, 246, 252, 257, 267, 279, 281, 282, 283, 284, 285, 286, 287, 288, 289, 290, 291, 292, 293, 294, 295, 296, 297, 298, 299, 300, 301, 304, 305, 307, 308, 309, 310, 311, 313, 320, 321, 344, 347, 373, 380, 384, 385, 386, 390, 392, 393, 401, 402, 404, 408, 412, 413, 416, 424, 432, 462, 469, 480, 502, 510, 511, 512, 513, 514, 516, 517, 518, 519, 520, 521, 522, 523, 524, 526, 527, 528, 529, 530, 531, 532, 533, 534, 536, 537, 539, 541, 542, 543, 550, 553, 556, 559, 570, 572, 573, 574, 575, 578, 582, 632, 634, 635, 638, 639, 650, 651, 653, 655, 660, 663, 697, 731, 732, 733, 734, 735, 736, 737, 738, 739, 740, 741, 742, 743, 756, 784, 792, 796, 798, 825, 826], [11, 19, 26, 35, 39, 43, 44, 45, 51, 57, 63, 64, 68, 74, 81, 84, 85, 92, 112, 115, 117, 127, 132, 133, 137, 138, 139, 140, 141, 142, 144, 153, 159, 160, 168, 171, 172, 176, 178, 181, 182, 184, 187, 198, 200, 201, 207, 209, 211, 214, 216, 217, 219, 225, 272, 276, 281, 285, 296, 297, 298, 301, 304, 307, 310, 312, 313, 314, 315, 316, 317, 318, 320, 321, 322, 323, 334, 336, 344, 345, 346, 347, 348, 351, 380, 381, 383, 384, 386, 387, 389, 392, 394, 401, 403, 404, 405, 406, 408, 412, 413, 414, 416, 417, 420, 422, 424, 426, 510, 513, 518, 521, 526, 528, 529, 532, 536, 539, 541, 543, 544, 555, 556, 557, 558, 559, 560, 564, 568, 570, 571, 572, 573, 574, 575, 582, 583, 584, 586, 625, 631, 632, 633, 634, 638, 639, 640, 650, 651, 652, 653, 654, 655, 660, 661, 663, 665, 731, 733, 734, 736, 738, 740, 741, 743, 744, 749, 751, 752, 756, 784, 785, 792, 796, 797, 798, 826], [12, 20, 27, 40, 43, 46, 47, 50, 58, 64, 65, 66, 75, 85, 87, 88, 92, 93, 109, 117, 120, 123, 130, 132, 134, 142, 145, 146, 147, 148, 149, 151, 153, 161, 170, 171, 173, 176, 177, 179, 181, 182, 183, 185, 187, 200, 207, 216, 217, 221, 225, 268, 274, 276, 279, 281, 282, 284, 286, 288, 289, 292, 294, 296, 299, 305, 308, 310, 311, 322, 325, 326, 327, 329, 330, 332, 334, 336, 339, 340, 342, 345, 348, 373, 380, 381, 382, 383, 384, 385, 386, 387, 388, 404, 405, 406, 413, 417, 422, 424, 426, 502, 505, 514, 516, 519, 521, 522, 523, 524, 527, 529, 530, 532, 533, 534, 536, 537, 539, 542, 543, 548, 549, 550, 551, 552, 553, 555, 556, 557, 558, 559, 560, 562, 567, 568, 571, 573, 583, 625, 631, 632, 633, 638, 640, 650, 652, 653, 654, 655, 660, 661, 663, 665, 731, 732, 733, 735, 737, 738, 739, 740, 741, 742, 743, 747, 749, 750, 751, 756, 784, 785, 792, 796, 797, 798, 825, 826], [5, 13, 21, 28, 33, 36, 41, 44, 47, 48, 59, 67, 68, 76, 82, 90, 100, 103, 105, 113, 121, 128, 131, 133, 134, 135, 140, 144, 145, 146, 149, 151, 153, 154, 155, 156, 157, 158, 159, 160, 161, 184, 185, 186, 187, 192, 197, 199, 201, 203, 206, 219, 224, 229, 234, 242, 249, 254, 257, 272, 283, 285, 286, 287, 290, 295, 297, 299, 300, 304, 305, 308, 309, 310, 311, 314, 317, 318, 323, 325, 326, 329, 330, 332, 334, 336, 337, 338, 339, 340, 341, 342, 344, 345, 346, 347, 348, 387, 388, 389, 393, 394, 402, 403, 406, 408, 412, 420, 426, 432, 465, 469, 480, 505, 511, 512, 513, 514, 516, 517, 518, 519, 520, 521, 522, 526, 527, 530, 531, 532, 533, 537, 539, 542, 543, 544, 548, 551, 552, 557, 558, 560, 561, 562, 563, 564, 567, 568, 570, 571, 572, 573, 574, 575, 586, 625, 633, 635, 639, 640, 651, 652, 654, 655, 660, 665, 697, 734, 735, 736, 737, 738, 739, 740, 741, 742, 743, 744, 747, 749, 750, 751, 752, 756, 785, 792, 796, 797, 798, 825, 826], [14, 22, 29, 42, 45, 48, 50, 52, 60, 66, 77, 88, 93, 122, 124, 129, 135, 138, 139, 141, 142, 156, 157, 158, 160, 161, 168, 170, 174, 177, 180, 182, 183, 186, 217, 225, 284, 287, 288, 291, 293, 298, 300, 307, 309, 311, 315, 316, 318, 321, 323, 327, 338, 339, 340, 341, 342, 346, 347, 348, 351, 373, 380, 382, 383, 385, 386, 388, 389, 405, 413, 517, 520, 522, 523, 524, 528, 529, 531, 533, 541, 542, 543, 544, 561, 562, 567, 568, 571, 572, 574, 575, 578, 582, 583, 584, 586, 625, 631, 632, 633, 653, 654, 731, 741, 744, 750, 751, 785]!Vessel: FarSearcher
[1, 6, 7, 8, 9, 10, 11, 12, 13, 14, 51, 52, 53, 54, 55, 56, 57, 58, 59, 60, 61, 62, 63, 64, 65, 66, 67, 68, 70, 94, 108, 109, 120, 121, 122, 137, 138, 145, 154, 155, 156, 171, 172, 173, 174, 175, 176, 177, 178, 179, 180, 181, 182, 183, 184, 185, 186, 187, 190, 191, 192, 202, 203, 209, 221, 224, 226, 229, 234, 246, 249, 267, 268, 272, 282, 283, 284, 285, 286, 287, 289, 290, 291, 312, 313, 314, 315, 320, 321, 322, 323, 325, 330, 337, 338, 339, 351, 381, 382, 383, 384, 385, 386, 387, 388, 389, 390, 392, 393, 394, 408, 414, 416, 417, 420, 432, 462, 465, 469, 502, 505, 510, 511, 512, 513, 514, 516, 518, 519, 521, 522, 523, 544, 548, 549, 550, 551, 553, 555, 556, 557, 559, 560, 561, 562, 563, 564, 583, 584, 625, 631, 633, 634, 638, 640, 655, 661, 663, 665, 732, 733, 734, 735, 736, 737, 738, 739, 740, 747, 749, 750, 751, 752, 797], [6, 15, 17, 18, 19, 20, 21, 22, 51, 52, 53, 62, 65, 67, 70, 72, 73, 74, 75, 76, 77, 80, 81, 82, 84, 85, 87, 88, 90, 123, 124, 139, 146, 157, 159, 171, 172, 173, 174, 178, 179, 180, 183, 184, 185, 186, 190, 191, 192, 196, 197, 198, 199, 200, 201, 202, 203, 206, 207, 209, 211, 214, 216, 217, 219, 221, 224, 274, 279, 288, 292, 293, 307, 308, 309, 316, 326, 327, 329, 340, 341, 344, 345, 346, 351, 381, 382, 384, 385, 387, 388, 389, 390, 392, 393, 394, 401, 402, 403, 404, 405, 406, 408, 412, 413, 414, 416, 417, 420, 422, 424, 426, 505, 512, 516, 530, 534, 537, 549, 550, 551, 552, 553, 561, 563, 567, 570, 571, 573, 583, 584, 586, 631, 633, 634, 638, 640, 650, 652, 654, 655, 660, 661, 663, 665, 732, 736, 737, 739, 742, 747, 750, 752, 756, 797], [2, 7, 15, 23, 24, 25, 26, 27, 28, 29, 53, 54, 55, 56, 57, 58, 59, 60, 72, 73, 74, 75, 76, 77, 91, 92, 93, 100, 112, 113, 125, 126, 127, 128, 129, 140, 141, 147, 148, 149, 158, 172, 173, 174, 175, 176, 177, 190, 191, 192, 196, 197, 198, 199, 200, 201, 211, 225, 226, 229, 242, 252, 254, 267, 268, 274, 276, 289, 290, 291, 292, 293, 294, 295, 296, 297, 298, 299, 300, 301, 312, 313, 314, 315, 316, 317, 318, 326, 327, 330, 332, 334, 337, 338, 341, 342, 373, 381, 382, 383, 390, 392, 393, 394, 401, 402, 403, 404, 405, 406, 414, 422, 432, 462, 465, 480, 502, 510, 511, 518, 519, 523, 526, 527, 529, 530, 532, 534, 536, 544, 548, 549, 550, 551, 552, 555, 556, 557, 558, 561, 562, 563, 564, 567, 568, 570, 584, 586, 631, 634, 638, 640, 650, 652, 654, 661, 732, 733, 734, 735, 739, 740, 742, 743, 747, 749, 750, 751, 752, 756, 797], [3, 8, 23, 30, 33, 37, 54, 61, 91, 94, 100, 101, 103, 105, 125, 154, 175, 226, 229, 234, 242, 246, 249, 252, 254, 257, 432, 462, 465, 469, 480], [4, 9, 17, 24, 30, 35, 36, 38, 46, 55, 61, 70, 72, 80, 84, 87, 90, 91, 101, 103, 108, 109, 112, 113, 115, 117, 126, 130, 131, 137, 144, 147, 151, 155, 175, 190, 196, 197, 202, 206, 209, 211, 214, 216, 219, 221, 224, 246, 249, 252, 254, 257, 267, 268, 272, 274, 276, 279, 281, 282, 283, 294, 295, 301, 304, 305, 312, 317, 320, 322, 325, 329, 332, 336, 337, 390, 401, 402, 403, 412, 414, 416, 417, 420, 422, 424, 426, 462, 465, 469, 480, 502, 505, 510, 511, 512, 513, 514, 526, 527, 534, 536, 537, 539, 548, 549, 552, 553, 555, 558, 559, 560, 563, 564, 634, 650, 652, 660, 661, 663, 665, 732, 733, 734, 735, 736, 737, 738, 742, 743, 747, 749, 752, 797], [10, 18, 25, 37, 38, 39, 40, 41, 42, 56, 62, 63, 73, 80, 81, 82, 94, 101, 105, 108, 115, 120, 121, 122, 123, 124, 125, 126, 127, 128, 129, 130, 131, 132, 133, 134, 135, 148, 168, 170, 178, 179, 180, 181, 191, 196, 198, 199, 202, 203, 206, 207, 214, 226, 234, 242, 246, 252, 257, 267, 279, 281, 282, 283, 284, 285, 286, 287, 288, 289, 290, 291, 292, 293, 294, 295, 296, 297, 298, 299, 300, 301, 304, 305, 307, 308, 309, 310, 311, 313, 320, 321, 344, 347, 373, 380, 384, 385, 386, 390, 392, 393, 401, 402, 404, 408, 412, 413, 416, 424, 432, 462, 469, 480, 502, 510, 511, 512, 513, 514, 516, 518, 519, 521, 522, 523, 526, 527, 529, 530, 532, 534, 536, 537, 539, 543, 550, 553, 556, 559, 570, 573, 634, 638, 650, 655, 660, 663, 732, 733, 734, 735, 736, 737, 738, 739, 740, 742, 743, 756], [11, 19, 26, 35, 39, 43, 44, 45, 51, 57, 63, 64, 68, 74, 81, 84, 85, 92, 112, 115, 117, 127, 132, 133, 137, 138, 139, 140, 141, 142, 144, 153, 159, 160, 168, 171, 172, 176, 178, 181, 182, 184, 187, 198, 200, 201, 207, 209, 211, 214, 216, 217, 219, 225, 272, 276, 281, 285, 296, 297, 298, 301, 304, 307, 310, 312, 313, 314, 315, 316, 317, 318, 320, 321, 322, 323, 334, 336, 344, 345, 346, 347, 348, 351, 380, 381, 383, 384, 386, 387, 389, 392, 394, 401, 403, 404, 405, 406, 408, 412, 413, 414, 416, 417, 420, 422, 424, 426, 510, 513, 518, 521, 526, 529, 532, 536, 539, 543, 544, 555, 556, 557, 558, 559, 560, 564, 568, 570, 571, 573, 583, 584, 586, 625, 631, 633, 634, 638, 640, 650, 652, 654, 655, 660, 661, 663, 665, 733, 734, 736, 738, 740, 743, 749, 751, 752, 756, 797], [12, 20, 27, 40, 43, 46, 47, 50, 58, 64, 65, 66, 75, 85, 87, 88, 92, 93, 109, 117, 120, 123, 130, 132, 134, 142, 145, 146, 147, 148, 149, 151, 153, 161, 170, 171, 173, 176, 177, 179, 181, 182, 183, 185, 187, 200, 207, 216, 217, 221, 225, 268, 274, 276, 279, 281, 282, 284, 286, 288, 289, 292, 294, 296, 299, 305, 308, 310, 311, 322, 325, 326, 327, 329, 330, 332, 334, 336, 339, 340, 342, 345, 348, 373, 380, 381, 382, 383, 384, 385, 386, 387, 388, 404, 405, 406, 413, 417, 422, 424, 426, 502, 505, 514, 516, 519, 521, 522, 523, 527, 529, 530, 532, 534, 536, 537, 539, 543, 548, 549, 550, 551, 552, 553, 555, 556, 557, 558, 559, 560, 562, 567, 568, 571, 573, 583, 625, 631, 633, 638, 640, 650, 652, 654, 655, 660, 661, 663, 665, 732, 733, 735, 737, 738, 739, 740, 742, 743, 747, 749, 750, 751, 756, 797], [5, 13, 21, 28, 33, 36, 41, 44, 47, 48, 59, 67, 68, 76, 82, 90, 100, 103, 105, 113, 121, 128, 131, 133, 134, 135, 140, 144, 145, 146, 149, 151, 153, 154, 155, 156, 157, 158, 159, 160, 161, 184, 185, 186, 187, 192, 197, 199, 201, 203, 206, 219, 224, 229, 234, 242, 249, 254, 257, 272, 283, 285, 286, 287, 290, 295, 297, 299, 300, 304, 305, 308, 309, 310, 311, 314, 317, 318, 323, 325, 326, 329, 330, 332, 334, 336, 337, 338, 339, 340, 341, 342, 344, 345, 346, 347, 348, 387, 388, 389, 393, 394, 402, 403, 406, 408, 412, 420, 426, 432, 465, 469, 480, 505, 511, 512, 513, 514, 516, 518, 519, 521, 522, 526, 527, 530, 532, 537, 539, 543, 544, 548, 551, 552, 557, 558, 560, 561, 562, 563, 564, 567, 568, 570, 571, 573, 586, 625, 633, 640, 652, 654, 655, 660, 665, 734, 735, 736, 737, 738, 739, 740, 742, 743, 747, 749, 750, 751, 752, 756, 797], [14, 22, 29, 42, 45, 48, 50, 52, 60, 66, 77, 88, 93, 122, 124, 129, 135, 138, 139, 141, 142, 156, 157, 158, 160, 161, 168, 170, 174, 177, 180, 182, 183, 186, 217, 225, 284, 287, 288, 291, 293, 298, 300, 307, 309, 311, 315, 316, 318, 321, 323, 327, 338, 339, 340, 341, 342, 346, 347, 348, 351, 373, 380, 382, 383, 385, 386, 388, 389, 405, 413, 522, 523, 529, 543, 544, 561, 562, 567, 568, 571, 583, 584, 586, 625, 631, 633, 654, 750, 751]!Vessel: FarSymphony
[1, 6, 7, 8, 9, 10, 11, 12, 13, 14, 51, 52, 53, 54, 55, 56, 57, 58, 59, 60, 61, 62, 63, 64, 65, 66, 67, 68, 70, 94, 108, 109, 120, 121, 122, 137, 138, 145, 154, 155, 156, 171, 172, 173, 174, 175, 176, 177, 178, 179, 180, 181, 182, 183, 184, 185, 186, 187, 190, 191, 192, 202, 203, 209, 221, 224, 226, 229, 234, 246, 249, 267, 268, 272, 282, 283, 284, 285, 286, 287, 289, 290, 291, 312, 313, 314, 315, 320, 321, 322, 323, 325, 330, 337, 338, 339, 351, 381, 382, 383, 384, 385, 386, 387, 388, 389, 390, 392, 393, 394, 408, 414, 416, 417, 420, 432, 462, 465, 469, 502, 505, 510, 511, 512, 513, 514, 516, 518, 519, 521, 522, 523, 541, 544, 548, 549, 550, 551, 553, 555, 556, 557, 559, 560, 561, 562, 563, 564, 572, 582, 583, 584, 625, 631, 633, 634, 635, 638, 639, 640, 655, 661, 663, 665, 697, 732, 733, 734, 735, 736, 737, 738, 739, 740, 744, 747, 749, 750, 751, 752, 784, 796, 797, 798, 826], [6, 15, 17, 18, 19, 20, 21, 22, 51, 52, 53, 62, 65, 67, 70, 72, 73, 74, 75, 76, 77, 80, 81, 82, 84, 85, 87, 88, 90, 123, 124, 139, 146, 157, 159, 171, 172, 173, 174, 178, 179, 180, 183, 184, 185, 186, 190, 191, 192, 196, 197, 198, 199, 200, 201, 202, 203, 206, 207, 209, 211, 214, 216, 217, 219, 221, 224, 274, 279, 288, 292, 293, 307, 308, 309, 316, 326, 327, 329, 340, 341, 344, 345, 346, 351, 381, 382, 384, 385, 387, 388, 389, 390, 392, 393, 394, 401, 402, 403, 404, 405, 406, 408, 412, 413, 414, 416, 417, 420, 422, 424, 426, 505, 512, 516, 524, 528, 530, 534, 537, 542, 549, 550, 551, 552, 553, 561, 563, 567, 570, 571, 573, 574, 582, 583, 584, 586, 631, 633, 634, 635, 638, 639, 640, 650, 651, 652, 654, 655, 660, 661, 663, 665, 732, 736, 737, 739, 742, 744, 747, 750, 752, 756, 784, 792, 796, 797, 798], [2, 7, 15, 23, 24, 25, 26, 27, 28, 29, 53, 54, 55, 56, 57, 58, 59, 60, 72, 73, 74, 75, 76, 77, 91, 92, 93, 100, 112, 113, 125, 126, 127, 128, 129, 140, 141, 147, 148, 149, 158, 172, 173, 174, 175, 176, 177, 190, 191, 192, 196, 197, 198, 199, 200, 201, 211, 225, 226, 229, 242, 252, 254, 267, 268, 274, 276, 289, 290, 291, 292, 293, 294, 295, 296, 297, 298, 299, 300, 301, 312, 313, 314, 315, 316, 317, 318, 326, 327, 330, 332, 334, 337, 338, 341, 342, 373, 381, 382, 383, 390, 392, 393, 394, 401, 402, 403, 404, 405, 406, 414, 422, 432, 462, 465, 480, 502, 510, 511, 518, 519, 523, 524, 526, 527, 528, 529, 530, 532, 533, 534, 536, 541, 544, 548, 549, 550, 551, 552, 555, 556, 557, 558, 561, 562, 563, 564, 567, 568, 570, 584, 586, 631, 634, 635, 638, 639, 640, 650, 651, 652, 654, 661, 697, 732, 733, 734, 735, 739, 740, 742, 743, 744, 747, 749, 750, 751, 752, 756, 784, 792, 796, 797, 826], [3, 8, 23, 30, 33, 37, 54, 61, 91, 94, 100, 101, 103, 105, 125, 154, 175, 226, 229, 234, 242, 246, 249, 252, 254, 257, 432, 462, 465, 469, 480, 697], [4, 9, 17, 24, 30, 35, 36, 38, 46, 55, 61, 70, 72, 80, 84, 87, 90, 91, 101, 103, 108, 109, 112, 113, 115, 117, 126, 130, 131, 137, 144, 147, 151, 155, 175, 190, 196, 197, 202, 206, 209, 211, 214, 216, 219, 221, 224, 246, 249, 252, 254, 257, 267, 268, 272, 274, 276, 279, 281, 282, 283, 294, 295, 301, 304, 305, 312, 317, 320, 322, 325, 329, 332, 336, 337, 390, 401, 402, 403, 412, 414, 416, 417, 420, 422, 424, 426, 462, 465, 469, 480, 502, 505, 510, 511, 512, 513, 514, 526, 527, 534, 536, 537, 539, 548, 549, 552, 553, 555, 558, 559, 560, 563, 564, 634, 635, 650, 651, 652, 660, 661, 663, 665, 697, 732, 733, 734, 735, 736, 737, 738, 742, 743, 747, 749, 752, 784, 792, 797, 798, 826], [10, 18, 25, 37, 38, 39, 40, 41, 42, 56, 62, 63, 73, 80, 81, 82, 94, 101, 105, 108, 115, 120, 121, 122, 123, 124, 125, 126, 127, 128, 129, 130, 131, 132, 133, 134, 135, 148, 168, 170, 178, 179, 180, 181, 191, 196, 198, 199, 202, 203, 206, 207, 214, 226, 234, 242, 246, 252, 257, 267, 279, 281, 282, 283, 284, 285, 286, 287, 288, 289, 290, 291, 292, 293, 294, 295, 296, 297, 298, 299, 300, 301, 304, 305, 307, 308, 309, 310, 311, 313, 320, 321, 344, 347, 373, 380, 384, 385, 386, 390, 392, 393, 401, 402, 404, 408, 412, 413, 416, 424, 432, 462, 469, 480, 502, 510, 511, 512, 513, 514, 516, 518, 519, 521, 522, 523, 524, 526, 527, 528, 529, 530, 532, 533, 534, 536, 537, 539, 541, 542, 543, 550, 553, 556, 559, 570, 572, 573, 574, 582, 634, 635, 638, 639, 650, 651, 655, 660, 663, 697, 732, 733, 734, 735, 736, 737, 738, 739, 740, 742, 743, 756, 784, 792, 796, 798, 826], [11, 19, 26, 35, 39, 43, 44, 45, 51, 57, 63, 64, 68, 74, 81, 84, 85, 92, 112, 115, 117, 127, 132, 133, 137, 138, 139, 140, 141, 142, 144, 153, 159, 160, 168, 171, 172, 176, 178, 181, 182, 184, 187, 198, 200, 201, 207, 209, 211, 214, 216, 217, 219, 225, 272, 276, 281, 285, 296, 297, 298, 301, 304, 307, 310, 312, 313, 314, 315, 316, 317, 318, 320, 321, 322, 323, 334, 336, 344, 345, 346, 347, 348, 351, 380, 381, 383, 384, 386, 387, 389, 392, 394, 401, 403, 404, 405, 406, 408, 412, 413, 414, 416, 417, 420, 422, 424, 426, 510, 513, 518, 521, 526, 528, 529, 532, 536, 539, 541, 543, 544, 555, 556, 557, 558, 559, 560, 564, 568, 570, 571, 572, 573, 574, 582, 583, 584, 586, 625, 631, 633, 634, 638, 639, 640, 650, 651, 652, 654, 655, 660, 661, 663, 665, 733, 734, 736, 738, 740, 743, 744, 749, 751, 752, 756, 784, 792, 796, 797, 798, 826], [12, 20, 27, 40, 43, 46, 47, 50, 58, 64, 65, 66, 75, 85, 87, 88, 92, 93, 109, 117, 120, 123, 130, 132, 134, 142, 145, 146, 147, 148, 149, 151, 153, 161, 170, 171, 173, 176, 177, 179, 181, 182, 183, 185, 187, 200, 207, 216, 217, 221, 225, 268, 274, 276, 279, 281, 282, 284, 286, 288, 289, 292, 294, 296, 299, 305, 308, 310, 311, 322, 325, 326, 327, 329, 330, 332, 334, 336, 339, 340, 342, 345, 348, 373, 380, 381, 382, 383, 384, 385, 386, 387, 388, 404, 405, 406, 413, 417, 422, 424, 426, 502, 505, 514, 516, 519, 521, 522, 523, 524, 527, 529, 530, 532, 533, 534, 536, 537, 539, 542, 543, 548, 549, 550, 551, 552, 553, 555, 556, 557, 558, 559, 560, 562, 567, 568, 571, 573, 583, 625, 631, 633, 638, 640, 650, 652, 654, 655, 660, 661, 663, 665, 732, 733, 735, 737, 738, 739, 740, 742, 743, 747, 749, 750, 751, 756, 784, 792, 796, 797, 798, 826], [5, 13, 21, 28, 33, 36, 41, 44, 47, 48, 59, 67, 68, 76, 82, 90, 100, 103, 105, 113, 121, 128, 131, 133, 134, 135, 140, 144, 145, 146, 149, 151, 153, 154, 155, 156, 157, 158, 159, 160, 161, 184, 185, 186, 187, 192, 197, 199, 201, 203, 206, 219, 224, 229, 234, 242, 249, 254, 257, 272, 283, 285, 286, 287, 290, 295, 297, 299, 300, 304, 305, 308, 309, 310, 311, 314, 317, 318, 323, 325, 326, 329, 330, 332, 334, 336, 337, 338, 339, 340, 341, 342, 344, 345, 346, 347, 348, 387, 388, 389, 393, 394, 402, 403, 406, 408, 412, 420, 426, 432, 465, 469, 480, 505, 511, 512, 513, 514, 516, 518, 519, 521, 522, 526, 527, 530, 532, 533, 537, 539, 542, 543, 544, 548, 551, 552, 557, 558, 560, 561, 562, 563, 564, 567, 568, 570, 571, 572, 573, 574, 586, 625, 633, 635, 639, 640, 651, 652, 654, 655, 660, 665, 697, 734, 735, 736, 737, 738, 739, 740, 742, 743, 744, 747, 749, 750, 751, 752, 756, 792, 796, 797, 798, 826], [14, 22, 29, 42, 45, 48, 50, 52, 60, 66, 77, 88, 93, 122, 124, 129, 135, 138, 139, 141, 142, 156, 157, 158, 160, 161, 168, 170, 174, 177, 180, 182, 183, 186, 217, 225, 284, 287, 288, 291, 293, 298, 300, 307, 309, 311, 315, 316, 318, 321, 323, 327, 338, 339, 340, 341, 342, 346, 347, 348, 351, 373, 380, 382, 383, 385, 386, 388, 389, 405, 413, 522, 523, 524, 528, 529, 533, 541, 542, 543, 544, 561, 562, 567, 568, 571, 572, 574, 582, 583, 584, 586, 625, 631, 633, 654, 744, 750, 751]!Vessel: HavilaForesight
[1, 6, 7, 8, 9, 10, 11, 12, 13, 14, 51, 52, 53, 54, 55, 56, 57, 58, 59, 60, 61, 62, 63, 64, 65, 66, 67, 68, 70, 94, 108, 109, 120, 121, 122, 137, 138, 145, 154, 155, 156, 171, 172, 173, 174, 175, 176, 177, 178, 179, 180, 181, 182, 183, 184, 185, 186, 187, 190, 191, 192, 202, 203, 209, 221, 224, 226, 229, 234, 246, 249, 267, 268, 272, 282, 283, 284, 285, 286, 289, 290, 312, 313, 314, 315, 320, 321, 322, 323, 325, 330, 337, 338, 339, 351, 381, 382, 383, 384, 387, 388, 389, 390, 392, 393, 394, 408, 414, 416, 417, 420, 432, 462, 465, 469, 502, 505, 510, 511, 512, 513, 514, 516, 518, 519, 521, 544, 548, 549, 550, 551, 553, 555, 556, 557, 559, 560, 562, 563, 564, 583, 584, 625, 638, 640, 655, 661, 663, 665, 732, 733, 737, 738, 740, 747, 749, 752, 797], [6, 15, 17, 18, 19, 20, 21, 22, 51, 52, 53, 62, 65, 67, 70, 72, 73, 74, 75, 76, 77, 80, 81, 82, 84, 85, 87, 88, 90, 123, 124, 139, 146, 157, 159, 171, 172, 173, 174, 178, 179, 180, 183, 184, 185, 186, 190, 191, 192, 196, 197, 198, 199, 200, 201, 202, 203, 206, 207, 209, 211, 214, 216, 217, 219, 221, 224, 274, 279, 288, 292, 307, 308, 316, 326, 327, 329, 340, 341, 344, 345, 346, 351, 381, 382, 384, 387, 388, 389, 390, 392, 393, 394, 401, 402, 403, 404, 405, 406, 408, 412, 414, 416, 417, 420, 422, 424, 426, 505, 512, 516, 530, 534, 537, 549, 550, 551, 552, 553, 563, 567, 570, 571, 573, 583, 584, 638, 640, 650, 652, 655, 660, 661, 663, 665, 732, 737, 747, 752, 797], [2, 7, 15, 23, 24, 25, 26, 27, 28, 29, 53, 54, 55, 56, 57, 58, 59, 60, 72, 73, 74, 75, 76, 77, 91, 92, 93, 100, 112, 113, 125, 126, 127, 128, 129, 140, 141, 147, 148, 149, 158, 172, 173, 174, 175, 176, 177, 190, 191, 192, 196, 197, 198, 199, 200, 201, 211, 225, 226, 229, 242, 252, 254, 267, 268, 274, 276, 289, 290, 292, 294, 295, 296, 297, 298, 299, 301, 312, 313, 314, 315, 316, 317, 318, 326, 327, 330, 332, 334, 337, 338, 341, 342, 373, 381, 382, 383, 390, 392, 393, 394, 401, 402, 403, 404, 405, 406, 414, 422, 432, 462, 465, 480, 502, 510, 511, 518, 519, 526, 527, 530, 532, 534, 536, 544, 548, 549, 550, 551, 552, 555, 556, 557, 558, 562, 563, 564, 567, 568, 570, 584, 638, 640, 650, 652, 661, 732, 733, 740, 747, 749, 752, 797], [3, 8, 23, 30, 33, 37, 54, 61, 91, 94, 100, 101, 103, 105, 125, 154, 175, 226, 229, 234, 242, 246, 249, 252, 254, 257, 432, 462, 465, 469, 480], [4, 9, 17, 24, 30, 35, 36, 38, 46, 55, 61, 70, 72, 80, 84, 87, 90, 91, 101, 103, 108, 109, 112, 113, 115, 117, 126, 130, 131, 137, 144, 147, 151, 155, 175, 190, 196, 197, 202, 206, 209, 211, 214, 216, 219, 221, 224, 246, 249, 252, 254, 257, 267, 268, 272, 274, 276, 279, 281, 282, 283, 294, 295, 301, 304, 305, 312, 317, 320, 322, 325, 329, 332, 336, 337, 390, 401, 402, 403, 412, 414, 416, 417, 420, 422, 424, 426, 462, 465, 469, 480, 502, 505, 510, 511, 512, 513, 514, 526, 527, 534, 536, 537, 539, 548, 549, 552, 553, 555, 558, 559, 560, 563, 564, 650, 652, 660, 661, 663, 665, 732, 733, 737, 738, 747, 749, 752, 797], [10, 18, 25, 37, 38, 39, 40, 41, 42, 56, 62, 63, 73, 80, 81, 82, 94, 101, 105, 108, 115, 120, 121, 122, 123, 124, 125, 126, 127, 128, 129, 130, 131, 132, 133, 134, 135, 148, 168, 170, 178, 179, 180, 181, 191, 196, 198, 199, 202, 203, 206, 207, 214, 226, 234, 242, 246, 252, 257, 267, 279, 281, 282, 283, 284, 285, 286, 288, 289, 290, 292, 294, 295, 296, 297, 298, 299, 301, 304, 305, 307, 308, 310, 311, 313, 320, 321, 344, 373, 380, 384, 390, 392, 393, 401, 402, 404, 408, 412, 416, 424, 432, 462, 469, 480, 502, 510, 511, 512, 513, 514, 516, 518, 519, 521, 526, 527, 530, 532, 534, 536, 537, 539, 550, 553, 556, 559, 570, 573, 638, 650, 655, 660, 663, 732, 733, 737, 738, 740], [11, 19, 26, 35, 39, 43, 44, 45, 51, 57, 63, 64, 68, 74, 81, 84, 85, 92, 112, 115, 117, 127, 132, 133, 137, 138, 139, 140, 141, 142, 144, 153, 159, 160, 168, 171, 172, 176, 178, 181, 182, 184, 187, 198, 200, 201, 207, 209, 211, 214, 216, 217, 219, 225, 272, 276, 281, 285, 296, 297, 298, 301, 304, 307, 310, 312, 313, 314, 315, 316, 317, 318, 320, 321, 322, 323, 334, 336, 344, 345, 346, 348, 351, 380, 381, 383, 384, 387, 389, 392, 394, 401, 403, 404, 405, 406, 408, 412, 414, 416, 417, 420, 422, 424, 426, 510, 513, 518, 521, 526, 532, 536, 539, 544, 555, 556, 557, 558, 559, 560, 564, 568, 570, 571, 573, 583, 584, 625, 638, 640, 650, 652, 655, 660, 661, 663, 665, 733, 738, 740, 749, 752, 797], [12, 20, 27, 40, 43, 46, 47, 50, 58, 64, 65, 66, 75, 85, 87, 88, 92, 93, 109, 117, 120, 123, 130, 132, 134, 142, 145, 146, 147, 148, 149, 151, 153, 161, 170, 171, 173, 176, 177, 179, 181, 182, 183, 185, 187, 200, 207, 216, 217, 221, 225, 268, 274, 276, 279, 281, 282, 284, 286, 288, 289, 292, 294, 296, 299, 305, 308, 310, 311, 322, 325, 326, 327, 329, 330, 332, 334, 336, 339, 340, 342, 345, 348, 373, 380, 381, 382, 383, 384, 387, 388, 404, 405, 406, 417, 422, 424, 426, 502, 505, 514, 516, 519, 521, 527, 530, 532, 534, 536, 537, 539, 548, 549, 550, 551, 552, 553, 555, 556, 557, 558, 559, 560, 562, 567, 568, 571, 573, 583, 625, 638, 640, 650, 652, 655, 660, 661, 663, 665, 732, 733, 737, 738, 740, 747, 749, 797], [5, 13, 21, 28, 33, 36, 41, 44, 47, 48, 59, 67, 68, 76, 82, 90, 100, 103, 105, 113, 121, 128, 131, 133, 134, 135, 140, 144, 145, 146, 149, 151, 153, 154, 155, 156, 157, 158, 159, 160, 161, 184, 185, 186, 187, 192, 197, 199, 201, 203, 206, 219, 224, 229, 234, 242, 249, 254, 257, 272, 283, 285, 286, 290, 295, 297, 299, 304, 305, 308, 310, 311, 314, 317, 318, 323, 325, 326, 329, 330, 332, 334, 336, 337, 338, 339, 340, 341, 342, 344, 345, 346, 348, 387, 388, 389, 393, 394, 402, 403, 406, 408, 412, 420, 426, 432, 465, 469, 480, 505, 511, 512, 513, 514, 516, 518, 519, 521, 526, 527, 530, 532, 537, 539, 544, 548, 551, 552, 557, 558, 560, 562, 563, 564, 567, 568, 570, 571, 573, 625, 640, 652, 655, 660, 665, 737, 738, 740, 747, 749, 752, 797], [14, 22, 29, 42, 45, 48, 50, 52, 60, 66, 77, 88, 93, 122, 124, 129, 135, 138, 139, 141, 142, 156, 157, 158, 160, 161, 168, 170, 174, 177, 180, 182, 183, 186, 217, 225, 284, 288, 298, 307, 311, 315, 316, 318, 321, 323, 327, 338, 339, 340, 341, 342, 346, 348, 351, 373, 380, 382, 383, 388, 389, 405, 544, 562, 567, 568, 571, 583, 584, 625]!Vessel: FarStar
] 

Rvl : [
!l : 2, 3
[1, 2, 3, 4, 5, 6, 7, 8, 9, 10, 11, 12, 13, 14, 15, 17, 18, 19, 20, 21, 22, 23, 24, 25, 26, 27, 28, 29, 30, 33, 35, 36, 37, 38, 39, 40, 41, 42, 43, 44, 45, 46, 47, 48, 50, 51, 52, 53, 55, 56, 57, 58, 59, 60, 62, 63, 64, 65, 66, 67, 68, 70, 72, 73, 74, 75, 76, 77, 80, 81, 82, 84, 85, 87, 88, 90, 92, 93, 94, 101, 108, 109, 112, 113, 115, 117, 120, 121, 122, 123, 124, 125, 126, 127, 128, 129, 130, 131, 132, 133, 134, 135, 137, 138, 139, 140, 141, 142, 144, 145, 146, 147, 148, 149, 151, 153, 155, 156, 157, 158, 159, 160, 161, 168, 170, 171, 172, 173, 174, 176, 177, 178, 179, 180, 181, 182, 183, 184, 185, 186, 187, 190, 191, 192, 196, 198, 199, 200, 201, 202, 203, 207, 209, 211, 214, 216, 217, 221, 225, 267, 268, 274, 276, 279, 281, 282, 284, 285, 286, 287, 288, 289, 290, 291, 292, 293, 294, 296, 297, 298, 299, 300, 301, 307, 308, 309, 310, 311, 312, 313, 314, 315, 316, 318, 320, 321, 322, 323, 326, 327, 330, 334, 336, 338, 339, 340, 341, 342, 344, 345, 346, 347, 348, 351, 373, 380, 381, 382, 383, 384, 385, 386, 387, 388, 389, 392, 393, 394, 404, 405, 406, 408, 413, 516, 517, 518, 519, 521, 522, 523, 524, 528, 529, 530, 531, 532, 533, 541, 542, 543, 544, 550, 551, 556, 557, 561, 562, 567, 568, 570, 571, 572, 573, 574, 575, 578, 582, 583, 584, 586, 625, 631, 632, 638, 640, 653, 655, 731], [54, 61, 91, 100, 103, 105, 154, 175, 197, 206, 219, 224, 226, 229, 234, 242, 246, 249, 252, 254, 257, 272, 283, 295, 304, 305, 317, 325, 329, 332, 337, 390, 401, 402, 403, 412, 414, 416, 417, 420, 422, 424, 426, 432, 462, 465, 469, 480, 502, 505, 510, 511, 512, 513, 514, 520, 526, 527, 534, 536, 537, 539, 548, 549, 552, 553, 555, 558, 559, 560, 563, 564, 633, 634, 635, 639, 650, 651, 652, 654, 660, 661, 663, 665, 697, 732, 733, 734, 735, 736, 737, 738, 739, 740, 741, 742, 743, 744, 747, 749, 750, 751, 752, 756, 784, 785, 792, 796, 797, 798, 825, 826]!Vessel: FarSeeker
[1, 2, 3, 4, 5, 6, 7, 8, 9, 10, 11, 12, 13, 14, 15, 17, 18, 19, 20, 21, 22, 23, 24, 25, 26, 27, 28, 29, 30, 33, 35, 36, 37, 38, 39, 40, 41, 42, 43, 44, 45, 46, 47, 48, 50, 51, 52, 53, 55, 56, 57, 58, 59, 60, 62, 63, 64, 65, 66, 67, 68, 70, 72, 73, 74, 75, 76, 77, 80, 81, 82, 84, 85, 87, 88, 90, 92, 93, 94, 101, 108, 109, 112, 113, 115, 117, 120, 121, 122, 123, 124, 125, 126, 127, 128, 129, 130, 131, 132, 133, 134, 135, 137, 138, 139, 140, 141, 142, 144, 145, 146, 147, 148, 149, 151, 153, 155, 156, 157, 158, 159, 160, 161, 168, 170, 171, 172, 173, 174, 176, 177, 178, 179, 180, 181, 182, 183, 184, 185, 186, 187, 190, 191, 192, 196, 198, 199, 200, 201, 202, 203, 207, 209, 211, 214, 216, 217, 221, 225, 267, 268, 274, 276, 279, 281, 282, 284, 285, 286, 287, 288, 289, 290, 291, 292, 293, 294, 296, 297, 298, 299, 300, 301, 307, 308, 309, 310, 311, 312, 313, 314, 315, 316, 318, 320, 321, 322, 323, 326, 327, 330, 334, 336, 338, 339, 340, 341, 342, 344, 345, 346, 347, 348, 351, 373, 380, 381, 382, 383, 384, 385, 386, 387, 388, 389, 392, 393, 394, 404, 405, 406, 408, 413, 516, 517, 518, 519, 521, 522, 523, 524, 528, 529, 530, 531, 532, 533, 541, 542, 543, 544, 550, 551, 556, 557, 561, 562, 567, 568, 570, 571, 572, 573, 574, 575, 578, 582, 583, 584, 586, 625, 631, 632, 638, 640, 653, 655, 731], [54, 61, 91, 100, 103, 105, 154, 175, 197, 206, 219, 224, 226, 229, 234, 242, 246, 249, 252, 254, 257, 272, 283, 295, 304, 305, 317, 325, 329, 332, 337, 390, 401, 402, 403, 412, 414, 416, 417, 420, 422, 424, 426, 432, 462, 465, 469, 480, 502, 505, 510, 511, 512, 513, 514, 520, 526, 527, 534, 536, 537, 539, 548, 549, 552, 553, 555, 558, 559, 560, 563, 564, 633, 634, 635, 639, 650, 651, 652, 654, 660, 661, 663, 665, 697, 732, 733, 734, 735, 736, 737, 738, 739, 740, 741, 742, 743, 744, 747, 749, 750, 751, 752, 756, 784, 785, 792, 796, 797, 798, 825, 826]!Vessel: FarSearcher
[1, 2, 3, 4, 5, 6, 7, 8, 9, 10, 11, 12, 13, 14, 15, 17, 18, 19, 20, 21, 22, 23, 24, 25, 26, 27, 28, 29, 30, 33, 35, 36, 37, 38, 39, 40, 41, 42, 43, 44, 45, 46, 47, 48, 50, 51, 52, 53, 55, 56, 57, 58, 59, 60, 62, 63, 64, 65, 66, 67, 68, 70, 72, 73, 74, 75, 76, 77, 80, 81, 82, 84, 85, 87, 88, 90, 92, 93, 94, 101, 108, 109, 112, 113, 115, 117, 120, 121, 122, 123, 124, 125, 126, 127, 128, 129, 130, 131, 132, 133, 134, 135, 137, 138, 139, 140, 141, 142, 144, 145, 146, 147, 148, 149, 151, 153, 155, 156, 157, 158, 159, 160, 161, 168, 170, 171, 172, 173, 174, 176, 177, 178, 179, 180, 181, 182, 183, 184, 185, 186, 187, 190, 191, 192, 196, 198, 199, 200, 201, 202, 203, 207, 209, 211, 214, 216, 217, 221, 225, 267, 268, 274, 276, 279, 281, 282, 284, 285, 286, 287, 288, 289, 290, 291, 292, 293, 294, 296, 297, 298, 299, 300, 301, 307, 308, 309, 310, 311, 312, 313, 314, 315, 316, 318, 320, 321, 322, 323, 326, 327, 330, 334, 336, 338, 339, 340, 341, 342, 344, 345, 346, 347, 348, 351, 373, 380, 381, 382, 383, 384, 385, 386, 387, 388, 389, 392, 393, 394, 404, 405, 406, 408, 413, 516, 518, 519, 521, 522, 523, 529, 530, 532, 543, 544, 550, 551, 556, 557, 561, 562, 567, 568, 570, 571, 573, 583, 584, 586, 625, 631, 638, 640, 655], [54, 61, 91, 100, 103, 105, 154, 175, 197, 206, 219, 224, 226, 229, 234, 242, 246, 249, 252, 254, 257, 272, 283, 295, 304, 305, 317, 325, 329, 332, 337, 390, 401, 402, 403, 412, 414, 416, 417, 420, 422, 424, 426, 432, 462, 465, 469, 480, 502, 505, 510, 511, 512, 513, 514, 526, 527, 534, 536, 537, 539, 548, 549, 552, 553, 555, 558, 559, 560, 563, 564, 633, 634, 650, 652, 654, 660, 661, 663, 665, 732, 733, 734, 735, 736, 737, 738, 739, 740, 742, 743, 747, 749, 750, 751, 752, 756, 797]!Vessel: FarSymphony
[1, 2, 3, 4, 5, 6, 7, 8, 9, 10, 11, 12, 13, 14, 15, 17, 18, 19, 20, 21, 22, 23, 24, 25, 26, 27, 28, 29, 30, 33, 35, 36, 37, 38, 39, 40, 41, 42, 43, 44, 45, 46, 47, 48, 50, 51, 52, 53, 55, 56, 57, 58, 59, 60, 62, 63, 64, 65, 66, 67, 68, 70, 72, 73, 74, 75, 76, 77, 80, 81, 82, 84, 85, 87, 88, 90, 92, 93, 94, 101, 108, 109, 112, 113, 115, 117, 120, 121, 122, 123, 124, 125, 126, 127, 128, 129, 130, 131, 132, 133, 134, 135, 137, 138, 139, 140, 141, 142, 144, 145, 146, 147, 148, 149, 151, 153, 155, 156, 157, 158, 159, 160, 161, 168, 170, 171, 172, 173, 174, 176, 177, 178, 179, 180, 181, 182, 183, 184, 185, 186, 187, 190, 191, 192, 196, 198, 199, 200, 201, 202, 203, 207, 209, 211, 214, 216, 217, 221, 225, 267, 268, 274, 276, 279, 281, 282, 284, 285, 286, 287, 288, 289, 290, 291, 292, 293, 294, 296, 297, 298, 299, 300, 301, 307, 308, 309, 310, 311, 312, 313, 314, 315, 316, 318, 320, 321, 322, 323, 326, 327, 330, 334, 336, 338, 339, 340, 341, 342, 344, 345, 346, 347, 348, 351, 373, 380, 381, 382, 383, 384, 385, 386, 387, 388, 389, 392, 393, 394, 404, 405, 406, 408, 413, 516, 518, 519, 521, 522, 523, 524, 528, 529, 530, 532, 533, 541, 542, 543, 544, 550, 551, 556, 557, 561, 562, 567, 568, 570, 571, 572, 573, 574, 582, 583, 584, 586, 625, 631, 638, 640, 655], [54, 61, 91, 100, 103, 105, 154, 175, 197, 206, 219, 224, 226, 229, 234, 242, 246, 249, 252, 254, 257, 272, 283, 295, 304, 305, 317, 325, 329, 332, 337, 390, 401, 402, 403, 412, 414, 416, 417, 420, 422, 424, 426, 432, 462, 465, 469, 480, 502, 505, 510, 511, 512, 513, 514, 526, 527, 534, 536, 537, 539, 548, 549, 552, 553, 555, 558, 559, 560, 563, 564, 633, 634, 635, 639, 650, 651, 652, 654, 660, 661, 663, 665, 697, 732, 733, 734, 735, 736, 737, 738, 739, 740, 742, 743, 744, 747, 749, 750, 751, 752, 756, 784, 792, 796, 797, 798, 826]!Vessel: HavilaForesight
[1, 2, 3, 4, 5, 6, 7, 8, 9, 10, 11, 12, 13, 14, 15, 17, 18, 19, 20, 21, 22, 23, 24, 25, 26, 27, 28, 29, 30, 33, 35, 36, 37, 38, 39, 40, 41, 42, 43, 44, 45, 46, 47, 48, 50, 51, 52, 53, 55, 56, 57, 58, 59, 60, 62, 63, 64, 65, 66, 67, 68, 70, 72, 73, 74, 75, 76, 77, 80, 81, 82, 84, 85, 87, 88, 90, 92, 93, 94, 101, 108, 109, 112, 113, 115, 117, 120, 121, 122, 123, 124, 125, 126, 127, 128, 129, 130, 131, 132, 133, 134, 135, 137, 138, 139, 140, 141, 142, 144, 145, 146, 147, 148, 149, 151, 153, 155, 156, 157, 158, 159, 160, 161, 168, 170, 171, 172, 173, 174, 176, 177, 178, 179, 180, 181, 182, 183, 184, 185, 186, 187, 190, 191, 192, 196, 198, 199, 200, 201, 202, 203, 207, 209, 211, 214, 216, 217, 221, 225, 267, 268, 274, 276, 279, 281, 282, 284, 285, 286, 288, 289, 290, 292, 294, 296, 297, 298, 299, 301, 307, 308, 310, 311, 312, 313, 314, 315, 316, 318, 320, 321, 322, 323, 326, 327, 330, 334, 336, 338, 339, 340, 341, 342, 344, 345, 346, 348, 351, 373, 380, 381, 382, 383, 384, 387, 388, 389, 392, 393, 394, 404, 405, 406, 408, 516, 518, 519, 521, 530, 532, 544, 550, 551, 556, 557, 562, 567, 568, 570, 571, 573, 583, 584, 625, 638, 640, 655], [54, 61, 91, 100, 103, 105, 154, 175, 197, 206, 219, 224, 226, 229, 234, 242, 246, 249, 252, 254, 257, 272, 283, 295, 304, 305, 317, 325, 329, 332, 337, 390, 401, 402, 403, 412, 414, 416, 417, 420, 422, 424, 426, 432, 462, 465, 469, 480, 502, 505, 510, 511, 512, 513, 514, 526, 527, 534, 536, 537, 539, 548, 549, 552, 553, 555, 558, 559, 560, 563, 564, 650, 652, 660, 661, 663, 665, 732, 733, 737, 738, 740, 747, 749, 752, 797]!Vessel: FarStar
] 

minF : 1
maxF : 6
Nf : [
!f : 1, 2, 3, 4, 5, 6
[10], [5, 6], [], [], [2, 3, 4, 7], [1, 8, 9]
]

! Parameters
VoyageCost: [37970, 39085, 64838, 53931, 37570, 44429, 45544, 73722, 62814, 42817, 43726, 43120, 46453, 44696, 43120, 62814, 40394, 38879, 38273, 44029, 39848, 74837, 63929, 43932, 42418, 44235, 47568, 45811, 72716, 75746, 62111, 64838, 72110, 61202, 39691, 41509, 44841, 43084, 37570, 43326, 41569, 61505, 45144, 46720, 38539, 50186, 51156, 49580, 81296, 70389, 50392, 48877, 50695, 54028, 52271, 81599, 49277, 48574, 48877, 49580, 49847, 52913, 52210, 69274, 67965, 47968, 46453, 48271, 51604, 49847, 67662, 46150, 51301, 68571, 44029, 67965, 44999, 71298, 82714, 47568, 50962, 78569, 83320, 79987, 83623, 83017, 67662, 67965, 67262, 72413, 66959, 67262, 47968, 51301, 49544, 45544, 47120, 79684, 68777, 47265, 52416, 50659, 68777, 72110, 44841, 50598, 52416, 53991, 68571, 50453, 45605, 50901, 49144, 44296, 70595, 51604, 49180, 69080, 49083, 52719, 72413, 48477, 82205, 71298, 53179, 50756, 54294, 49786, 52477, 51871, 48841, 48235, 55337, 55337, 54731, 56306, 89174, 54028, 57421, 55034, 54428, 56003, 53725, 55603, 56306, 58670, 58064, 59639, 57361, 74425, 54428, 58064, 75237, 78872, 53725, 58876, 51604, 57361, 74122, 57761, 78569, 51301, 75031, 73722, 73419, 73722, 50756, 77055, 74425, 77757, 54294, 86144, 89780, 89477, 90592, 86447, 90083, 87562, 91198, 90895, 75237, 75540, 77055, 73116, 72413, 72813, 72110, 75237, 78569, 54694, 57058, 58876, 60451, 52271, 55543, 58876, 57118, 53119, 54694, 76352, 79684, 52416, 58173, 56415, 59991, 61566, 74534, 77867, 79684, 52877, 56452, 58027, 55749, 59142, 73722, 53725, 57361, 55603, 53179, 78169, 60051, 73419, 55300, 73722, 58936, 78872, 56755, 54997, 76449, 59179, 79987, 56052, 75746, 78872, 60754, 58330, 55906, 58330, 59445, 57058, 54937, 56512, 59748, 55203, 56912, 55809, 51568, 60487, 61457, 60754, 60184, 61154, 60451, 63820, 64790, 65396, 81696, 60184, 65335, 63820, 80993, 86144, 84629, 58876, 58330, 62511, 63517, 84326, 58027, 80181, 79878, 80181, 83514, 78872, 78569, 82205, 97051, 94022, 97657, 97354, 98469, 82811, 82908, 80993, 86144, 85029, 84326, 86144, 62911, 64487, 64632, 66450, 68026, 62208, 65602, 62269, 59845, 85441, 87259, 60451, 59142, 64026, 65602, 63323, 66717, 80387, 79684, 83720, 83017, 62875, 63178, 62475, 66511, 86447, 79575, 59578, 63214, 84023, 79272, 78872, 58876, 62511, 83320, 78569, 82205, 64790, 65905, 85332, 84629, 63481, 62778, 64632, 61663, 66208, 62208, 63784, 67323, 61154, 61760, 62063, 62063, 64087, 64087, 67214, 66911, 70546, 87453, 92604, 65335, 71092, 68971, 86144, 91901, 89780, 65602, 69238, 68668, 89477, 85332, 85029, 88665, 104929, 65602, 86847, 86144, 91901, 93719, 90786, 90180, 89477, 70486, 69783, 68935, 91295, 90592, 70546, 90483, 89780, 69940, 69238, 91089, 69783, 92604, 75697, 97051, 76243, 96239, 95936, 97754, 97051]
VoyageDuration: [2, 2, 2, 2, 2, 2, 2, 2, 2, 2, 2, 2, 2, 2, 2, 2, 2, 2, 2, 2, 2, 2, 2, 2, 2, 2, 2, 2, 2, 2, 2, 2, 2, 2, 2, 2, 2, 2, 2, 2, 2, 2, 2, 2, 2, 2, 2, 2, 3, 2, 2, 2, 2, 2, 2, 3, 2, 2, 2, 2, 2, 2, 2, 2, 2, 2, 2, 2, 2, 2, 2, 2, 2, 2, 2, 2, 2, 2, 3, 2, 2, 2, 3, 2, 3, 3, 2, 2, 2, 2, 2, 2, 2, 2, 2, 2, 2, 2, 2, 2, 2, 2, 2, 2, 2, 2, 2, 2, 2, 2, 2, 2, 2, 2, 2, 2, 2, 2, 2, 2, 2, 2, 3, 2, 2, 2, 2, 2, 2, 2, 2, 2, 2, 2, 2, 2, 3, 2, 2, 2, 2, 2, 2, 2, 2, 2, 2, 2, 2, 2, 2, 2, 2, 3, 2, 2, 2, 2, 2, 2, 3, 2, 2, 2, 2, 2, 2, 3, 2, 3, 2, 3, 3, 3, 3, 3, 3, 3, 3, 3, 2, 2, 3, 2, 2, 2, 2, 2, 3, 2, 2, 2, 2, 2, 2, 2, 2, 2, 2, 2, 3, 2, 2, 2, 2, 2, 2, 3, 3, 2, 2, 2, 2, 2, 2, 2, 2, 2, 2, 3, 2, 2, 2, 2, 2, 3, 2, 2, 3, 2, 3, 2, 2, 3, 2, 2, 2, 2, 2, 2, 2, 2, 2, 2, 2, 2, 2, 2, 2, 2, 2, 2, 2, 2, 2, 2, 3, 2, 2, 2, 3, 3, 3, 2, 2, 2, 2, 3, 2, 3, 3, 3, 3, 3, 3, 3, 3, 3, 3, 3, 3, 3, 3, 3, 3, 3, 3, 3, 2, 2, 2, 2, 3, 2, 2, 2, 2, 3, 3, 2, 2, 2, 2, 2, 2, 3, 3, 3, 3, 2, 2, 2, 2, 3, 3, 2, 2, 3, 3, 3, 2, 2, 3, 3, 3, 2, 2, 3, 3, 2, 2, 2, 2, 2, 2, 2, 2, 2, 2, 2, 2, 2, 2, 2, 2, 3, 3, 3, 2, 3, 2, 3, 3, 3, 2, 3, 2, 3, 3, 3, 3, 3, 2, 3, 3, 3, 3, 3, 3, 3, 3, 3, 3, 3, 3, 3, 3, 3, 3, 3, 3, 3, 3, 3, 3, 3, 3, 3, 3, 3]
TimeCharterCost: [120000, 125000, 130000, 110000, 104000]
RequiredVisits: [6, 5, 5, 5, 2, 2, 5, 6, 6, 1]
NumberOfDaysAvailable: [7, 7, 7, 7, 7]
DepotCapacity: [3, 3, 3, 3, 3, 3, 3]
