!Summary:
!Execution time: 0,74 seconds
!Total # voyages: 1224
!Number of installations (excluding depot): 8
!Number of time windows: 2
!Number of vessels: 5

!Min. # installations: 1
!Max. number of installations: 8
!Min. duration: 56
!Max. duration: 80

!Name: HavilaForesight	 # voyages: 249
!Name: FarSymphony	 # voyages: 241
!Name: FarSeeker	 # voyages: 250
!Name: FarSearcher	 # voyages: 250
!Name: FarStar	 # voyages: 234
!------------------------------------------------------------------------------------------------------------------------
nV : 5
nR : 1224
nN : 8
nT : 7
nL : 3
Rv : [
[3, 11, 15, 21, 25, 31, 38, 42, 59, 67, 74, 78, 95, 103, 110, 117, 138, 156, 164, 171, 178, 199, 217, 225, 243, 251, 258, 265, 320, 340, 359, 379, 397, 405, 412, 420, 437, 493, 514, 532, 551, 571, 578, 585, 592, 611, 668, 724, 743, 763, 781, 790, 807, 815, 834, 890, 946, 1004, 1023, 1042, 1051, 1069, 1087, 1096, 1113, 1132, 1189, 1245, 1302, 1323, 1341, 1397, 1418, 1436, 1455, 1475, 1483, 1538, 1712, 1730, 1749, 1767, 1824, 1880, 1889, 1944, 2001, 2022, 2077, 2098, 2116, 2172, 2229, 2401, 2421, 2476, 2533, 2590, 2647, 2667, 2724, 2743, 2762, 2780, 2952, 3123, 3141, 3198, 3254, 3313, 3368, 3390, 3445, 3499, 3556, 3577, 3595, 3651, 3822, 3880, 4049, 4216, 4272, 4294, 4311, 4367, 4388, 4445, 4500, 4559, 4613, 4669, 4841, 4860, 5028, 5203, 5366, 5423, 5480, 5538, 5593, 5652, 5707, 5727, 5785, 5953, 6012, 6071, 6243, 6413, 6582, 6745, 6804, 6824, 6880, 6937, 6995, 7167, 7635, 7808, 7866, 8035, 8095, 8263, 8439, 8494, 8667, 8724, 8780, 8801, 8971, 9469, 9640, 9809, 9868, 10038, 10209, 10382, 10438, 10493, 10550, 10606, 10777, 11274, 11768, 11938, 11997, 12056, 12224, 12389, 12445, 12616, 12786, 13282, 13776, 13833, 14001, 14174, 14338, 14509, 14680, 14737, 14900, 15393, 15887, 16360, 16532, 16700, 16872, 17035, 17197, 17257, 17749, 18223, 18691, 18865, 19034, 19206, 19368, 19426, 19918, 20417, 20886, 21060, 21526, 21700, 21869, 22365, 22858, 23330, 23501, 23674, 25469, 25964, 26460, 26632, 28004, 28498, 28989, 29153, 30519, 30995, 31488, 32847, 33318, 34632, 35101, 36404, 37704]!Vessel: HavilaForesight
[3, 11, 15, 21, 25, 31, 38, 42, 59, 67, 74, 78, 95, 103, 110, 117, 138, 156, 164, 171, 178, 199, 217, 225, 243, 251, 258, 265, 320, 340, 359, 379, 397, 405, 412, 420, 437, 493, 514, 532, 551, 571, 578, 585, 592, 611, 668, 724, 743, 763, 781, 790, 807, 815, 834, 890, 946, 1004, 1023, 1042, 1051, 1069, 1087, 1096, 1113, 1132, 1189, 1245, 1302, 1323, 1341, 1397, 1418, 1436, 1455, 1475, 1483, 1538, 1712, 1730, 1749, 1767, 1824, 1880, 1889, 1944, 2001, 2022, 2077, 2098, 2116, 2172, 2229, 2401, 2421, 2476, 2533, 2590, 2647, 2667, 2724, 2743, 2762, 2780, 2952, 3123, 3141, 3198, 3254, 3313, 3368, 3390, 3445, 3499, 3556, 3577, 3595, 3651, 3822, 3880, 4049, 4216, 4272, 4294, 4311, 4367, 4388, 4445, 4500, 4559, 4613, 4669, 4841, 4860, 5028, 5203, 5366, 5423, 5480, 5538, 5593, 5652, 5707, 5727, 5785, 5953, 6012, 6071, 6243, 6413, 6582, 6745, 6804, 6824, 6880, 6937, 6995, 7167, 7808, 7866, 8035, 8095, 8263, 8439, 8494, 8667, 8724, 8780, 8801, 8971, 9469, 9640, 9809, 9868, 10038, 10209, 10382, 10438, 10493, 10550, 10606, 10777, 11274, 11938, 11997, 12056, 12224, 12389, 12445, 12616, 12786, 13282, 13776, 13833, 14001, 14174, 14338, 14509, 14680, 14737, 14900, 15393, 15887, 16360, 16532, 16700, 16872, 17035, 17197, 17257, 17749, 18223, 18691, 18865, 19034, 19206, 19368, 19426, 19918, 20417, 20886, 21060, 21700, 21869, 22365, 22858, 23330, 23501, 23674, 25469, 25964, 26460, 26632, 28004, 28498, 28989, 29153, 30995, 31488, 33318, 35101]!Vessel: FarSymphony
[3, 11, 15, 21, 25, 31, 38, 42, 59, 67, 74, 78, 95, 103, 110, 117, 138, 156, 164, 171, 178, 199, 217, 225, 243, 251, 258, 265, 320, 340, 359, 379, 397, 405, 412, 420, 437, 493, 514, 532, 551, 571, 578, 585, 592, 611, 668, 724, 743, 763, 781, 790, 807, 815, 834, 890, 946, 1004, 1023, 1042, 1051, 1069, 1087, 1096, 1113, 1132, 1189, 1245, 1302, 1323, 1341, 1397, 1418, 1436, 1455, 1475, 1483, 1538, 1712, 1730, 1749, 1767, 1824, 1880, 1889, 1944, 2001, 2022, 2077, 2098, 2116, 2172, 2229, 2401, 2421, 2476, 2533, 2590, 2647, 2667, 2724, 2743, 2762, 2780, 2952, 3123, 3141, 3198, 3254, 3313, 3368, 3390, 3445, 3499, 3556, 3577, 3595, 3651, 3822, 3880, 4049, 4216, 4272, 4294, 4311, 4367, 4388, 4445, 4500, 4559, 4613, 4669, 4841, 4860, 5028, 5203, 5366, 5423, 5480, 5538, 5593, 5652, 5707, 5727, 5785, 5953, 6012, 6071, 6243, 6413, 6582, 6745, 6804, 6824, 6880, 6937, 6995, 7167, 7635, 7808, 7866, 8035, 8095, 8263, 8439, 8494, 8667, 8724, 8780, 8801, 8971, 9469, 9640, 9809, 9868, 10038, 10209, 10382, 10438, 10493, 10550, 10606, 10777, 11274, 11768, 11938, 11997, 12056, 12224, 12389, 12445, 12616, 12786, 13282, 13776, 13833, 14001, 14174, 14338, 14509, 14680, 14737, 14900, 15393, 15887, 16360, 16532, 16700, 16872, 17035, 17197, 17257, 17749, 18223, 18691, 18865, 19034, 19206, 19368, 19426, 19918, 20417, 20886, 21060, 21526, 21700, 21869, 22365, 22858, 23330, 23501, 23674, 24974, 25469, 25964, 26460, 26632, 28004, 28498, 28989, 29153, 30519, 30995, 31488, 32847, 33318, 34632, 35101, 36404, 37704]!Vessel: FarSeeker
[3, 11, 15, 21, 25, 31, 38, 42, 59, 67, 74, 78, 95, 103, 110, 117, 138, 156, 164, 171, 178, 199, 217, 225, 243, 251, 258, 265, 320, 340, 359, 379, 397, 405, 412, 420, 437, 493, 514, 532, 551, 571, 578, 585, 592, 611, 668, 724, 743, 763, 781, 790, 807, 815, 834, 890, 946, 1004, 1023, 1042, 1051, 1069, 1087, 1096, 1113, 1132, 1189, 1245, 1302, 1323, 1341, 1397, 1418, 1436, 1455, 1475, 1483, 1538, 1712, 1730, 1749, 1767, 1824, 1880, 1889, 1944, 2001, 2022, 2077, 2098, 2116, 2172, 2229, 2401, 2421, 2476, 2533, 2590, 2647, 2667, 2724, 2743, 2762, 2780, 2952, 3123, 3141, 3198, 3254, 3313, 3368, 3390, 3445, 3499, 3556, 3577, 3595, 3651, 3822, 3880, 4049, 4216, 4272, 4294, 4311, 4367, 4388, 4445, 4500, 4559, 4613, 4669, 4841, 4860, 5028, 5203, 5366, 5423, 5480, 5538, 5593, 5652, 5707, 5727, 5785, 5953, 6012, 6071, 6243, 6413, 6582, 6745, 6804, 6824, 6880, 6937, 6995, 7167, 7635, 7808, 7866, 8035, 8095, 8263, 8439, 8494, 8667, 8724, 8780, 8801, 8971, 9469, 9640, 9809, 9868, 10038, 10209, 10382, 10438, 10493, 10550, 10606, 10777, 11274, 11768, 11938, 11997, 12056, 12224, 12389, 12445, 12616, 12786, 13282, 13776, 13833, 14001, 14174, 14338, 14509, 14680, 14737, 14900, 15393, 15887, 16360, 16532, 16700, 16872, 17035, 17197, 17257, 17749, 18223, 18691, 18865, 19034, 19206, 19368, 19426, 19918, 20417, 20886, 21060, 21526, 21700, 21869, 22365, 22858, 23330, 23501, 23674, 24974, 25469, 25964, 26460, 26632, 28004, 28498, 28989, 29153, 30519, 30995, 31488, 32847, 33318, 34632, 35101, 36404, 37704]!Vessel: FarSearcher
[3, 11, 15, 21, 25, 31, 38, 42, 59, 67, 74, 78, 95, 103, 110, 117, 138, 156, 164, 171, 178, 199, 217, 225, 243, 251, 258, 265, 320, 340, 359, 379, 397, 405, 412, 420, 437, 493, 514, 532, 551, 571, 578, 585, 592, 611, 668, 724, 743, 763, 781, 790, 807, 815, 834, 890, 946, 1004, 1023, 1042, 1051, 1069, 1087, 1096, 1113, 1132, 1189, 1245, 1302, 1323, 1341, 1397, 1418, 1436, 1455, 1475, 1483, 1538, 1712, 1730, 1749, 1767, 1824, 1880, 1889, 1944, 2001, 2022, 2077, 2098, 2116, 2172, 2229, 2401, 2421, 2476, 2533, 2590, 2647, 2667, 2724, 2743, 2762, 2780, 2952, 3123, 3141, 3198, 3254, 3313, 3368, 3390, 3445, 3499, 3556, 3577, 3595, 3651, 3822, 3880, 4049, 4216, 4272, 4294, 4311, 4367, 4388, 4445, 4500, 4559, 4613, 4669, 4841, 4860, 5028, 5203, 5366, 5423, 5480, 5538, 5593, 5652, 5707, 5727, 5785, 5953, 6012, 6071, 6243, 6413, 6582, 6745, 6804, 6824, 6880, 6937, 6995, 7167, 7808, 7866, 8035, 8095, 8263, 8439, 8494, 8667, 8724, 8780, 8801, 8971, 9469, 9640, 9809, 9868, 10038, 10209, 10382, 10438, 10493, 10550, 10606, 10777, 11274, 11938, 11997, 12056, 12224, 12389, 12445, 12616, 12786, 13833, 14001, 14174, 14338, 14509, 14680, 14737, 14900, 15393, 15887, 16532, 16700, 16872, 17035, 17197, 17257, 17749, 18223, 18865, 19034, 19206, 19368, 19426, 19918, 20417, 21060, 21700, 21869, 22365, 22858, 23501, 23674, 25469, 25964, 26460, 26632, 28004, 28498, 29153, 30995, 31488, 33318, 35101]!Vessel: FarStar
]
