!Summary:
!Execution time: 0,69 seconds
!Total # voyages: 1785 (376 unique)
!Number of installations (excluding depot): 10
!Number of time windows: 3
!Number of vessels: 5

!Min. # installations: 1
!Max. number of installations: 8
!Min. duration: 56
!Max. duration: 80

!Name: FarStar	 # voyages: 320
!Name: FarSymphony	 # voyages: 348
!Name: FarSearcher	 # voyages: 376
!Name: FarSeeker	 # voyages: 376
!Name: HavilaForesight	 # voyages: 365
!------------------------------------------------------------------------------------------------------------------------
nV : 5
nR : 376
nN : 10
nT : 7
minL : 2
maxL : 3

! Sets: 
Rv : [
[1, 2, 3, 4, 5, 6, 7, 8, 9, 10, 11, 12, 13, 14, 15, 16, 17, 19, 20, 21, 22, 23, 24, 25, 26, 27, 28, 29, 30, 31, 32, 35, 36, 39, 40, 41, 42, 43, 44, 45, 46, 47, 48, 49, 50, 51, 53, 54, 55, 56, 57, 58, 59, 60, 61, 62, 63, 64, 66, 67, 68, 69, 70, 71, 73, 74, 76, 77, 78, 79, 80, 81, 83, 85, 87, 88, 89, 91, 92, 94, 95, 96, 97, 98, 100, 101, 102, 108, 113, 129, 130, 131, 132, 133, 134, 135, 136, 137, 139, 140, 141, 143, 144, 145, 146, 147, 148, 149, 150, 151, 152, 154, 155, 156, 157, 158, 159, 160, 161, 162, 163, 164, 165, 166, 168, 169, 170, 171, 172, 173, 174, 175, 176, 177, 178, 179, 181, 182, 183, 184, 185, 186, 188, 189, 192, 195, 196, 197, 198, 199, 200, 202, 203, 205, 206, 208, 209, 212, 213, 214, 215, 218, 219, 220, 221, 222, 230, 231, 233, 235, 236, 239, 241, 242, 243, 245, 246, 251, 255, 272, 277, 293, 295, 296, 297, 298, 299, 300, 301, 302, 305, 306, 307, 314, 315, 316, 317, 318, 320, 322, 323, 325, 326, 327, 328, 329, 331, 333, 334, 335, 337, 338, 340, 341, 344, 346, 347, 348, 350, 352, 355, 356, 357, 359, 360, 361, 362, 363, 365, 366, 367, 370, 373, 375, 376, 377, 379, 380, 382, 383, 385, 386, 388, 389, 390, 391, 392, 398, 399, 401, 403, 404, 405, 409, 412, 413, 415, 416, 418, 419, 421, 423, 427, 431, 432, 434, 435, 437, 440, 443, 445, 484, 523, 525, 526, 527, 530, 531, 532, 533, 534, 535, 536, 540, 542, 544, 545, 546, 548, 552, 557, 558, 559, 560, 562, 563, 564, 565, 567, 569, 574, 576, 579, 580, 581, 582, 584, 589, 591, 592, 593, 596, 597, 598, 600, 601, 602, 603, 604, 605, 606, 607, 608, 609, 612, 614, 616, 617, 618, 619, 621, 625, 628, 629, 630, 638, 639, 640, 641, 642, 645, 646, 648, 649, 652, 653, 654, 655, 656, 659, 725, 726, 728, 731, 732, 733, 735, 739, 746, 748, 749, 752, 755, 756, 757, 758, 763, 766, 769, 776, 778, 780, 807, 808, 809, 810]!Vessel: FarSeeker
[1, 2, 3, 4, 5, 6, 7, 8, 9, 10, 11, 12, 13, 14, 15, 16, 17, 19, 20, 21, 22, 23, 24, 25, 26, 27, 28, 29, 30, 31, 32, 35, 36, 39, 40, 41, 42, 43, 44, 45, 46, 47, 48, 49, 50, 51, 53, 54, 55, 56, 57, 58, 59, 60, 61, 62, 63, 64, 66, 67, 68, 69, 70, 71, 73, 74, 76, 77, 78, 79, 80, 81, 83, 85, 87, 88, 89, 91, 92, 94, 95, 96, 97, 98, 100, 101, 102, 108, 113, 129, 130, 131, 132, 133, 134, 135, 136, 137, 139, 140, 141, 143, 144, 145, 146, 147, 148, 149, 150, 151, 152, 154, 155, 156, 157, 158, 159, 160, 161, 162, 163, 164, 165, 166, 168, 169, 170, 171, 172, 173, 174, 175, 176, 177, 178, 179, 181, 182, 183, 184, 185, 186, 188, 189, 192, 195, 196, 197, 198, 199, 200, 202, 203, 205, 206, 208, 209, 212, 213, 214, 215, 218, 219, 220, 221, 222, 230, 231, 233, 235, 236, 239, 241, 242, 243, 245, 246, 251, 255, 272, 277, 293, 295, 296, 297, 298, 299, 300, 301, 302, 305, 306, 307, 314, 315, 316, 317, 318, 320, 322, 323, 325, 326, 327, 328, 329, 331, 333, 334, 335, 337, 338, 340, 341, 344, 346, 347, 348, 350, 352, 355, 356, 357, 359, 360, 361, 362, 363, 365, 366, 367, 370, 373, 375, 376, 377, 379, 380, 382, 383, 385, 386, 388, 389, 390, 391, 392, 398, 399, 401, 403, 404, 405, 409, 412, 413, 415, 416, 418, 419, 421, 423, 427, 431, 432, 434, 435, 437, 440, 443, 445, 484, 523, 525, 526, 527, 530, 531, 532, 533, 534, 535, 536, 540, 542, 544, 545, 546, 548, 552, 557, 558, 559, 560, 562, 563, 564, 565, 567, 569, 574, 576, 579, 580, 581, 582, 584, 589, 591, 592, 593, 596, 597, 598, 600, 601, 602, 603, 604, 605, 606, 607, 608, 609, 612, 614, 616, 617, 618, 619, 621, 625, 628, 629, 630, 638, 639, 640, 641, 642, 645, 646, 648, 649, 652, 653, 654, 655, 656, 659, 725, 726, 728, 731, 732, 733, 735, 739, 746, 748, 749, 752, 755, 756, 757, 758, 763, 766, 769, 776, 778, 780, 807, 808, 809, 810]!Vessel: FarSearcher
[1, 2, 3, 4, 5, 6, 7, 8, 9, 10, 11, 12, 13, 14, 15, 16, 17, 19, 20, 21, 22, 23, 24, 25, 26, 27, 28, 29, 30, 31, 32, 35, 36, 39, 40, 41, 42, 43, 44, 45, 46, 47, 48, 49, 50, 51, 53, 54, 55, 56, 57, 58, 59, 60, 61, 62, 63, 64, 66, 67, 68, 69, 70, 71, 73, 74, 76, 77, 78, 79, 80, 81, 83, 85, 87, 88, 89, 91, 92, 94, 95, 96, 97, 98, 100, 101, 102, 108, 113, 129, 130, 131, 132, 133, 134, 135, 136, 137, 139, 140, 141, 143, 144, 145, 146, 147, 148, 149, 150, 151, 152, 154, 155, 156, 157, 158, 159, 160, 161, 162, 163, 164, 165, 166, 168, 169, 170, 171, 172, 173, 174, 175, 176, 177, 178, 179, 181, 182, 183, 184, 185, 186, 188, 189, 192, 195, 196, 197, 198, 199, 200, 202, 203, 205, 206, 208, 209, 212, 213, 214, 215, 218, 219, 220, 221, 222, 230, 231, 233, 235, 236, 239, 241, 242, 243, 245, 246, 251, 255, 272, 277, 293, 295, 296, 297, 298, 299, 300, 301, 302, 305, 306, 307, 314, 315, 316, 317, 318, 320, 322, 323, 325, 326, 327, 328, 329, 331, 333, 334, 335, 337, 338, 340, 341, 344, 346, 347, 348, 350, 352, 355, 356, 357, 359, 360, 361, 362, 363, 365, 366, 367, 370, 373, 375, 376, 377, 379, 380, 382, 383, 385, 388, 389, 390, 391, 392, 398, 399, 401, 403, 404, 405, 409, 412, 413, 415, 416, 418, 421, 423, 427, 431, 432, 434, 435, 437, 440, 443, 445, 484, 525, 526, 527, 530, 532, 533, 534, 535, 536, 540, 544, 546, 548, 552, 557, 558, 559, 560, 562, 563, 564, 565, 567, 569, 574, 576, 579, 580, 581, 582, 584, 589, 591, 592, 593, 596, 600, 601, 602, 603, 604, 607, 608, 609, 614, 617, 619, 628, 630, 638, 641, 645, 646, 648, 649, 652, 653, 654, 655, 656, 659, 726, 728, 731, 732, 733, 735, 739, 746, 748, 749, 752, 755, 756, 757, 758, 766, 808]!Vessel: FarSymphony
[1, 2, 3, 4, 5, 6, 7, 8, 9, 10, 11, 12, 13, 14, 15, 16, 17, 19, 20, 21, 22, 23, 24, 25, 26, 27, 28, 29, 30, 31, 32, 35, 36, 39, 40, 41, 42, 43, 44, 45, 46, 47, 48, 49, 50, 51, 53, 54, 55, 56, 57, 58, 59, 60, 61, 62, 63, 64, 66, 67, 68, 69, 70, 71, 73, 74, 76, 77, 78, 79, 80, 81, 83, 85, 87, 88, 89, 91, 92, 94, 95, 96, 97, 98, 100, 101, 102, 108, 113, 129, 130, 131, 132, 133, 134, 135, 136, 137, 139, 140, 141, 143, 144, 145, 146, 147, 148, 149, 150, 151, 152, 154, 155, 156, 157, 158, 159, 160, 161, 162, 163, 164, 165, 166, 168, 169, 170, 171, 172, 173, 174, 175, 176, 177, 178, 179, 181, 182, 183, 184, 185, 186, 188, 189, 192, 195, 196, 197, 198, 199, 200, 202, 203, 205, 206, 208, 209, 212, 213, 214, 215, 218, 219, 220, 221, 222, 230, 231, 233, 235, 236, 239, 241, 242, 243, 245, 246, 251, 255, 272, 277, 293, 295, 296, 297, 298, 299, 300, 301, 302, 305, 306, 307, 314, 315, 316, 317, 318, 320, 322, 323, 325, 326, 327, 328, 329, 331, 333, 334, 335, 337, 338, 340, 341, 344, 346, 347, 348, 350, 352, 355, 356, 357, 359, 360, 361, 362, 363, 365, 366, 367, 370, 373, 375, 376, 377, 379, 380, 382, 383, 385, 388, 389, 390, 391, 392, 398, 399, 401, 403, 404, 405, 409, 412, 413, 415, 416, 418, 419, 421, 423, 427, 431, 432, 434, 435, 437, 440, 443, 445, 484, 523, 525, 526, 527, 530, 531, 532, 533, 534, 535, 536, 540, 542, 544, 546, 548, 552, 557, 558, 559, 560, 562, 563, 564, 565, 567, 569, 574, 576, 579, 580, 581, 582, 584, 589, 591, 592, 593, 596, 600, 601, 602, 603, 604, 606, 607, 608, 609, 612, 614, 616, 617, 618, 619, 628, 629, 630, 638, 639, 640, 641, 645, 646, 648, 649, 652, 653, 654, 655, 656, 659, 725, 726, 728, 731, 732, 733, 735, 739, 746, 748, 749, 752, 755, 756, 757, 758, 766, 776, 778, 780, 808, 809, 810]!Vessel: HavilaForesight
[1, 2, 3, 4, 5, 6, 7, 8, 9, 10, 11, 12, 13, 14, 15, 16, 17, 19, 20, 21, 22, 23, 24, 25, 26, 27, 28, 29, 30, 31, 32, 35, 36, 39, 40, 41, 42, 43, 44, 45, 46, 47, 48, 49, 50, 51, 53, 54, 55, 56, 57, 58, 59, 60, 61, 62, 63, 64, 66, 67, 68, 69, 70, 71, 73, 74, 76, 77, 78, 79, 80, 81, 83, 85, 87, 88, 89, 91, 92, 94, 95, 96, 97, 98, 100, 101, 102, 108, 113, 129, 130, 131, 132, 133, 134, 135, 136, 137, 139, 140, 141, 143, 144, 145, 146, 147, 148, 149, 150, 151, 152, 154, 155, 156, 157, 158, 159, 160, 161, 162, 163, 164, 165, 166, 168, 169, 170, 171, 172, 173, 174, 175, 176, 177, 178, 179, 181, 183, 184, 185, 186, 188, 189, 192, 195, 196, 197, 198, 199, 200, 202, 203, 205, 206, 208, 209, 212, 213, 214, 215, 218, 219, 221, 222, 230, 231, 233, 235, 236, 239, 241, 242, 243, 245, 246, 251, 255, 272, 277, 293, 295, 296, 297, 298, 299, 300, 301, 302, 305, 306, 307, 314, 315, 316, 317, 318, 320, 322, 323, 325, 326, 327, 328, 329, 331, 333, 334, 335, 337, 338, 340, 341, 344, 346, 347, 348, 350, 352, 355, 356, 357, 360, 361, 362, 363, 366, 367, 370, 375, 376, 377, 380, 382, 383, 385, 389, 391, 392, 398, 399, 401, 403, 404, 405, 409, 412, 413, 415, 416, 418, 421, 423, 427, 431, 432, 434, 435, 437, 443, 445, 484, 526, 530, 532, 533, 534, 535, 536, 540, 546, 548, 552, 557, 558, 559, 560, 562, 563, 564, 567, 569, 574, 576, 579, 580, 581, 582, 584, 589, 591, 592, 593, 596, 600, 602, 603, 604, 607, 608, 609, 617, 619, 628, 630, 638, 641, 648, 649, 652, 654, 656, 659, 731, 733, 746, 748, 749, 757, 758, 808]!Vessel: FarStar
] 

Rvi : [
!i : 1, 2, 3, 4, 5, 6, 7, 8, 9, 10
[1, 8, 9, 10, 11, 12, 13, 14, 15, 16, 53, 54, 55, 56, 57, 58, 59, 60, 61, 62, 63, 64, 66, 67, 68, 69, 70, 71, 73, 74, 129, 130, 131, 144, 145, 146, 159, 160, 161, 162, 173, 174, 175, 176, 177, 178, 179, 181, 182, 183, 184, 185, 186, 188, 189, 192, 195, 196, 197, 198, 199, 200, 202, 203, 205, 206, 208, 209, 239, 245, 255, 272, 293, 295, 297, 298, 299, 314, 315, 318, 322, 323, 325, 326, 334, 335, 355, 356, 357, 359, 360, 361, 362, 382, 383, 385, 386, 388, 389, 390, 391, 392, 398, 399, 401, 403, 404, 405, 409, 423, 434, 443, 445, 484, 523, 525, 526, 530, 531, 532, 533, 534, 536, 546, 552, 557, 558, 559, 560, 562, 563, 564, 565, 567, 574, 579, 580, 589, 591, 592, 593, 596, 597, 598, 600, 601, 602, 603, 616, 621, 625, 628, 629, 630, 639, 645, 646, 648, 649, 653, 654, 656, 659, 725, 726, 728, 731, 733, 735, 739, 746, 748, 749, 755, 756, 757, 758, 763, 769, 776, 778, 780, 807, 808, 809], [8, 17, 19, 20, 21, 22, 23, 24, 53, 54, 55, 68, 70, 73, 74, 76, 77, 78, 79, 80, 81, 83, 85, 87, 88, 89, 91, 92, 94, 95, 132, 147, 148, 163, 169, 173, 174, 175, 184, 188, 192, 195, 197, 198, 199, 202, 203, 205, 206, 208, 209, 212, 213, 214, 215, 218, 219, 220, 221, 222, 230, 231, 233, 235, 236, 239, 241, 242, 243, 245, 246, 296, 300, 327, 328, 329, 331, 333, 355, 360, 363, 366, 373, 376, 377, 382, 383, 385, 386, 389, 390, 392, 398, 399, 401, 403, 404, 405, 409, 412, 413, 415, 416, 418, 419, 421, 423, 427, 431, 432, 434, 435, 437, 440, 443, 445, 523, 526, 527, 532, 535, 542, 557, 562, 565, 567, 569, 589, 591, 596, 597, 602, 604, 605, 607, 609, 612, 617, 618, 619, 625, 628, 629, 630, 638, 639, 640, 641, 642, 645, 646, 648, 649, 652, 653, 654, 655, 656, 659, 725, 726, 732, 733, 739, 755, 757, 758, 766, 769, 776, 778, 780, 807, 808, 810], [2, 9, 17, 25, 26, 27, 28, 29, 30, 31, 55, 56, 57, 58, 59, 60, 61, 62, 76, 77, 78, 79, 80, 81, 96, 97, 98, 100, 101, 102, 108, 133, 134, 135, 136, 149, 150, 151, 164, 165, 174, 175, 176, 177, 178, 179, 181, 182, 183, 184, 185, 186, 188, 189, 208, 209, 212, 213, 214, 215, 218, 219, 220, 221, 222, 251, 255, 277, 297, 298, 299, 300, 301, 302, 305, 306, 307, 327, 328, 329, 334, 335, 337, 338, 340, 341, 346, 347, 348, 365, 366, 367, 370, 383, 385, 386, 388, 389, 390, 391, 392, 403, 404, 405, 409, 412, 413, 415, 416, 418, 419, 421, 435, 484, 527, 530, 531, 532, 533, 534, 535, 536, 540, 542, 544, 545, 557, 558, 559, 560, 567, 569, 574, 576, 579, 580, 581, 582, 584, 591, 592, 593, 598, 605, 606, 607, 608, 609, 619, 621, 628, 629, 630, 638, 639, 640, 641, 642, 645, 654, 655, 725, 726, 728, 732, 733, 735, 739, 746, 748, 749, 752, 755, 756, 757, 758, 766, 769, 776, 778, 807, 808, 809, 810], [3, 10, 25, 32, 35, 56, 63, 96, 108, 113, 159, 176, 255, 272, 277, 484], [4, 11, 19, 26, 32, 36, 40, 45, 49, 57, 63, 64, 73, 76, 83, 87, 91, 94, 96, 97, 98, 113, 129, 133, 137, 140, 143, 144, 149, 152, 157, 160, 166, 176, 177, 178, 179, 188, 189, 192, 202, 203, 212, 213, 214, 215, 230, 231, 235, 241, 242, 246, 272, 277, 293, 301, 302, 314, 316, 317, 320, 322, 323, 337, 338, 344, 346, 355, 356, 357, 370, 392, 399, 409, 412, 413, 415, 416, 423, 427, 431, 432, 434, 435, 437, 445, 484, 536, 540, 546, 548, 552, 557, 558, 559, 560, 562, 563, 564, 576, 581, 582, 589, 591, 592, 593, 609, 638, 639, 640, 641, 645, 646, 648, 649, 652, 654, 655, 656, 728, 731, 733, 735, 748, 749, 752, 757, 758, 776, 780, 807, 808, 809, 810], [5, 12, 20, 27, 36, 39, 41, 46, 50, 58, 64, 66, 74, 77, 83, 85, 88, 95, 97, 100, 130, 134, 137, 139, 145, 147, 150, 152, 154, 155, 158, 161, 164, 166, 168, 170, 177, 181, 182, 202, 205, 206, 208, 212, 218, 219, 220, 230, 233, 239, 241, 243, 245, 246, 293, 295, 297, 301, 305, 306, 315, 316, 318, 320, 322, 325, 326, 327, 331, 333, 334, 337, 340, 341, 344, 347, 350, 352, 356, 359, 365, 370, 373, 375, 376, 379, 385, 386, 388, 401, 403, 404, 409, 412, 415, 418, 419, 423, 427, 431, 434, 435, 437, 440, 443, 445, 523, 525, 530, 531, 536, 540, 542, 544, 545, 546, 548, 552, 558, 563, 565, 569, 574, 576, 579, 581, 584, 592, 596, 597, 598, 600, 601, 605, 606, 612, 614, 616, 617, 618, 619, 621, 625, 628, 629, 638, 639, 640, 642, 645, 646, 648, 652, 654, 655, 656, 659, 728, 731, 735, 739, 746, 748, 752, 763, 766, 776, 778, 780, 807, 809, 810], [13, 21, 28, 40, 41, 42, 43, 44, 53, 59, 67, 71, 78, 87, 88, 89, 101, 129, 130, 131, 132, 133, 134, 135, 136, 137, 139, 140, 141, 143, 155, 156, 169, 170, 171, 173, 174, 183, 189, 195, 196, 198, 200, 203, 205, 213, 218, 221, 222, 230, 231, 233, 235, 236, 243, 251, 293, 295, 296, 297, 298, 299, 300, 301, 302, 305, 306, 307, 314, 315, 316, 317, 318, 320, 346, 347, 348, 350, 352, 357, 361, 376, 377, 379, 380, 382, 383, 392, 398, 399, 401, 403, 405, 412, 413, 416, 418, 421, 423, 427, 431, 432, 440, 443, 523, 525, 526, 527, 530, 531, 532, 533, 534, 535, 536, 540, 542, 544, 545, 546, 548, 552, 559, 564, 579, 580, 581, 582, 584, 589, 593, 600, 603, 604, 608, 614, 616, 617, 618, 619, 621, 625, 628, 629, 630, 638, 640, 641, 642, 645, 646, 648, 649, 652, 653, 659, 725, 726, 728, 731, 732, 733, 746, 748, 749, 752, 756, 757, 763, 766, 769, 776, 778, 780, 808, 809, 810], [14, 22, 29, 42, 45, 46, 47, 48, 60, 67, 68, 69, 79, 89, 91, 92, 101, 102, 140, 141, 144, 145, 146, 147, 148, 149, 150, 151, 152, 154, 155, 156, 157, 158, 172, 173, 175, 178, 183, 185, 192, 196, 197, 199, 200, 214, 221, 235, 236, 239, 241, 242, 243, 251, 314, 315, 316, 317, 322, 323, 325, 326, 327, 328, 329, 331, 333, 334, 335, 337, 338, 340, 341, 344, 346, 347, 348, 350, 352, 362, 363, 367, 375, 377, 380, 382, 383, 385, 388, 389, 391, 398, 399, 401, 413, 418, 419, 421, 431, 432, 434, 435, 437, 440, 525, 533, 535, 544, 546, 548, 557, 558, 559, 560, 562, 563, 564, 565, 567, 569, 574, 576, 579, 580, 581, 582, 584, 596, 600, 601, 602, 603, 604, 606, 607, 608, 609, 612, 614, 617, 621, 625, 628, 630, 638, 641, 642, 648, 649, 652, 653, 654, 655, 656, 659, 726, 731, 732, 733, 735, 739, 746, 748, 749, 752, 755, 756, 758, 763, 766, 769, 776, 778, 780, 807, 808, 809, 810], [6, 15, 23, 30, 35, 43, 47, 49, 50, 51, 61, 70, 71, 80, 94, 95, 98, 108, 113, 135, 143, 146, 148, 151, 156, 157, 158, 159, 160, 161, 162, 163, 164, 165, 166, 168, 169, 170, 171, 172, 179, 181, 186, 198, 199, 200, 209, 215, 219, 222, 231, 242, 245, 246, 255, 272, 277, 296, 298, 302, 305, 307, 317, 318, 320, 323, 326, 328, 333, 335, 338, 340, 344, 348, 352, 355, 356, 357, 359, 360, 361, 362, 363, 365, 366, 367, 370, 373, 375, 376, 377, 379, 380, 390, 391, 398, 404, 405, 415, 416, 421, 427, 432, 437, 443, 445, 484, 526, 527, 530, 534, 540, 545, 548, 552, 560, 562, 563, 564, 567, 569, 574, 576, 580, 582, 584, 589, 591, 592, 593, 596, 597, 598, 600, 601, 602, 603, 604, 605, 606, 607, 608, 609, 612, 614, 616, 617, 618, 619, 629, 630, 639, 640, 641, 646, 649, 652, 653, 655, 656, 659, 725, 728, 731, 732, 735, 739, 746, 749, 752, 755, 756, 757, 758, 763, 766, 769, 778, 780, 807, 808, 809, 810], [7, 16, 24, 31, 39, 44, 48, 51, 54, 62, 66, 69, 81, 85, 92, 100, 102, 131, 132, 136, 139, 141, 154, 162, 163, 165, 168, 171, 172, 182, 184, 185, 186, 195, 196, 197, 206, 220, 233, 236, 251, 295, 296, 299, 300, 306, 307, 325, 329, 331, 341, 350, 359, 360, 361, 362, 363, 365, 366, 367, 373, 375, 379, 380, 382, 386, 388, 389, 390, 391, 419, 440, 523, 525, 526, 527, 531, 532, 533, 534, 535, 542, 544, 545, 565, 597, 598, 601, 602, 603, 604, 605, 606, 607, 608, 612, 614, 616, 618, 621, 625, 642, 653, 725, 726, 732, 755, 756, 763, 769]!Vessel: FarSeeker
[1, 8, 9, 10, 11, 12, 13, 14, 15, 16, 53, 54, 55, 56, 57, 58, 59, 60, 61, 62, 63, 64, 66, 67, 68, 69, 70, 71, 73, 74, 129, 130, 131, 144, 145, 146, 159, 160, 161, 162, 173, 174, 175, 176, 177, 178, 179, 181, 182, 183, 184, 185, 186, 188, 189, 192, 195, 196, 197, 198, 199, 200, 202, 203, 205, 206, 208, 209, 239, 245, 255, 272, 293, 295, 297, 298, 299, 314, 315, 318, 322, 323, 325, 326, 334, 335, 355, 356, 357, 359, 360, 361, 362, 382, 383, 385, 386, 388, 389, 390, 391, 392, 398, 399, 401, 403, 404, 405, 409, 423, 434, 443, 445, 484, 523, 525, 526, 530, 531, 532, 533, 534, 536, 546, 552, 557, 558, 559, 560, 562, 563, 564, 565, 567, 574, 579, 580, 589, 591, 592, 593, 596, 597, 598, 600, 601, 602, 603, 616, 621, 625, 628, 629, 630, 639, 645, 646, 648, 649, 653, 654, 656, 659, 725, 726, 728, 731, 733, 735, 739, 746, 748, 749, 755, 756, 757, 758, 763, 769, 776, 778, 780, 807, 808, 809], [8, 17, 19, 20, 21, 22, 23, 24, 53, 54, 55, 68, 70, 73, 74, 76, 77, 78, 79, 80, 81, 83, 85, 87, 88, 89, 91, 92, 94, 95, 132, 147, 148, 163, 169, 173, 174, 175, 184, 188, 192, 195, 197, 198, 199, 202, 203, 205, 206, 208, 209, 212, 213, 214, 215, 218, 219, 220, 221, 222, 230, 231, 233, 235, 236, 239, 241, 242, 243, 245, 246, 296, 300, 327, 328, 329, 331, 333, 355, 360, 363, 366, 373, 376, 377, 382, 383, 385, 386, 389, 390, 392, 398, 399, 401, 403, 404, 405, 409, 412, 413, 415, 416, 418, 419, 421, 423, 427, 431, 432, 434, 435, 437, 440, 443, 445, 523, 526, 527, 532, 535, 542, 557, 562, 565, 567, 569, 589, 591, 596, 597, 602, 604, 605, 607, 609, 612, 617, 618, 619, 625, 628, 629, 630, 638, 639, 640, 641, 642, 645, 646, 648, 649, 652, 653, 654, 655, 656, 659, 725, 726, 732, 733, 739, 755, 757, 758, 766, 769, 776, 778, 780, 807, 808, 810], [2, 9, 17, 25, 26, 27, 28, 29, 30, 31, 55, 56, 57, 58, 59, 60, 61, 62, 76, 77, 78, 79, 80, 81, 96, 97, 98, 100, 101, 102, 108, 133, 134, 135, 136, 149, 150, 151, 164, 165, 174, 175, 176, 177, 178, 179, 181, 182, 183, 184, 185, 186, 188, 189, 208, 209, 212, 213, 214, 215, 218, 219, 220, 221, 222, 251, 255, 277, 297, 298, 299, 300, 301, 302, 305, 306, 307, 327, 328, 329, 334, 335, 337, 338, 340, 341, 346, 347, 348, 365, 366, 367, 370, 383, 385, 386, 388, 389, 390, 391, 392, 403, 404, 405, 409, 412, 413, 415, 416, 418, 419, 421, 435, 484, 527, 530, 531, 532, 533, 534, 535, 536, 540, 542, 544, 545, 557, 558, 559, 560, 567, 569, 574, 576, 579, 580, 581, 582, 584, 591, 592, 593, 598, 605, 606, 607, 608, 609, 619, 621, 628, 629, 630, 638, 639, 640, 641, 642, 645, 654, 655, 725, 726, 728, 732, 733, 735, 739, 746, 748, 749, 752, 755, 756, 757, 758, 766, 769, 776, 778, 807, 808, 809, 810], [3, 10, 25, 32, 35, 56, 63, 96, 108, 113, 159, 176, 255, 272, 277, 484], [4, 11, 19, 26, 32, 36, 40, 45, 49, 57, 63, 64, 73, 76, 83, 87, 91, 94, 96, 97, 98, 113, 129, 133, 137, 140, 143, 144, 149, 152, 157, 160, 166, 176, 177, 178, 179, 188, 189, 192, 202, 203, 212, 213, 214, 215, 230, 231, 235, 241, 242, 246, 272, 277, 293, 301, 302, 314, 316, 317, 320, 322, 323, 337, 338, 344, 346, 355, 356, 357, 370, 392, 399, 409, 412, 413, 415, 416, 423, 427, 431, 432, 434, 435, 437, 445, 484, 536, 540, 546, 548, 552, 557, 558, 559, 560, 562, 563, 564, 576, 581, 582, 589, 591, 592, 593, 609, 638, 639, 640, 641, 645, 646, 648, 649, 652, 654, 655, 656, 728, 731, 733, 735, 748, 749, 752, 757, 758, 776, 780, 807, 808, 809, 810], [5, 12, 20, 27, 36, 39, 41, 46, 50, 58, 64, 66, 74, 77, 83, 85, 88, 95, 97, 100, 130, 134, 137, 139, 145, 147, 150, 152, 154, 155, 158, 161, 164, 166, 168, 170, 177, 181, 182, 202, 205, 206, 208, 212, 218, 219, 220, 230, 233, 239, 241, 243, 245, 246, 293, 295, 297, 301, 305, 306, 315, 316, 318, 320, 322, 325, 326, 327, 331, 333, 334, 337, 340, 341, 344, 347, 350, 352, 356, 359, 365, 370, 373, 375, 376, 379, 385, 386, 388, 401, 403, 404, 409, 412, 415, 418, 419, 423, 427, 431, 434, 435, 437, 440, 443, 445, 523, 525, 530, 531, 536, 540, 542, 544, 545, 546, 548, 552, 558, 563, 565, 569, 574, 576, 579, 581, 584, 592, 596, 597, 598, 600, 601, 605, 606, 612, 614, 616, 617, 618, 619, 621, 625, 628, 629, 638, 639, 640, 642, 645, 646, 648, 652, 654, 655, 656, 659, 728, 731, 735, 739, 746, 748, 752, 763, 766, 776, 778, 780, 807, 809, 810], [13, 21, 28, 40, 41, 42, 43, 44, 53, 59, 67, 71, 78, 87, 88, 89, 101, 129, 130, 131, 132, 133, 134, 135, 136, 137, 139, 140, 141, 143, 155, 156, 169, 170, 171, 173, 174, 183, 189, 195, 196, 198, 200, 203, 205, 213, 218, 221, 222, 230, 231, 233, 235, 236, 243, 251, 293, 295, 296, 297, 298, 299, 300, 301, 302, 305, 306, 307, 314, 315, 316, 317, 318, 320, 346, 347, 348, 350, 352, 357, 361, 376, 377, 379, 380, 382, 383, 392, 398, 399, 401, 403, 405, 412, 413, 416, 418, 421, 423, 427, 431, 432, 440, 443, 523, 525, 526, 527, 530, 531, 532, 533, 534, 535, 536, 540, 542, 544, 545, 546, 548, 552, 559, 564, 579, 580, 581, 582, 584, 589, 593, 600, 603, 604, 608, 614, 616, 617, 618, 619, 621, 625, 628, 629, 630, 638, 640, 641, 642, 645, 646, 648, 649, 652, 653, 659, 725, 726, 728, 731, 732, 733, 746, 748, 749, 752, 756, 757, 763, 766, 769, 776, 778, 780, 808, 809, 810], [14, 22, 29, 42, 45, 46, 47, 48, 60, 67, 68, 69, 79, 89, 91, 92, 101, 102, 140, 141, 144, 145, 146, 147, 148, 149, 150, 151, 152, 154, 155, 156, 157, 158, 172, 173, 175, 178, 183, 185, 192, 196, 197, 199, 200, 214, 221, 235, 236, 239, 241, 242, 243, 251, 314, 315, 316, 317, 322, 323, 325, 326, 327, 328, 329, 331, 333, 334, 335, 337, 338, 340, 341, 344, 346, 347, 348, 350, 352, 362, 363, 367, 375, 377, 380, 382, 383, 385, 388, 389, 391, 398, 399, 401, 413, 418, 419, 421, 431, 432, 434, 435, 437, 440, 525, 533, 535, 544, 546, 548, 557, 558, 559, 560, 562, 563, 564, 565, 567, 569, 574, 576, 579, 580, 581, 582, 584, 596, 600, 601, 602, 603, 604, 606, 607, 608, 609, 612, 614, 617, 621, 625, 628, 630, 638, 641, 642, 648, 649, 652, 653, 654, 655, 656, 659, 726, 731, 732, 733, 735, 739, 746, 748, 749, 752, 755, 756, 758, 763, 766, 769, 776, 778, 780, 807, 808, 809, 810], [6, 15, 23, 30, 35, 43, 47, 49, 50, 51, 61, 70, 71, 80, 94, 95, 98, 108, 113, 135, 143, 146, 148, 151, 156, 157, 158, 159, 160, 161, 162, 163, 164, 165, 166, 168, 169, 170, 171, 172, 179, 181, 186, 198, 199, 200, 209, 215, 219, 222, 231, 242, 245, 246, 255, 272, 277, 296, 298, 302, 305, 307, 317, 318, 320, 323, 326, 328, 333, 335, 338, 340, 344, 348, 352, 355, 356, 357, 359, 360, 361, 362, 363, 365, 366, 367, 370, 373, 375, 376, 377, 379, 380, 390, 391, 398, 404, 405, 415, 416, 421, 427, 432, 437, 443, 445, 484, 526, 527, 530, 534, 540, 545, 548, 552, 560, 562, 563, 564, 567, 569, 574, 576, 580, 582, 584, 589, 591, 592, 593, 596, 597, 598, 600, 601, 602, 603, 604, 605, 606, 607, 608, 609, 612, 614, 616, 617, 618, 619, 629, 630, 639, 640, 641, 646, 649, 652, 653, 655, 656, 659, 725, 728, 731, 732, 735, 739, 746, 749, 752, 755, 756, 757, 758, 763, 766, 769, 778, 780, 807, 808, 809, 810], [7, 16, 24, 31, 39, 44, 48, 51, 54, 62, 66, 69, 81, 85, 92, 100, 102, 131, 132, 136, 139, 141, 154, 162, 163, 165, 168, 171, 172, 182, 184, 185, 186, 195, 196, 197, 206, 220, 233, 236, 251, 295, 296, 299, 300, 306, 307, 325, 329, 331, 341, 350, 359, 360, 361, 362, 363, 365, 366, 367, 373, 375, 379, 380, 382, 386, 388, 389, 390, 391, 419, 440, 523, 525, 526, 527, 531, 532, 533, 534, 535, 542, 544, 545, 565, 597, 598, 601, 602, 603, 604, 605, 606, 607, 608, 612, 614, 616, 618, 621, 625, 642, 653, 725, 726, 732, 755, 756, 763, 769]!Vessel: FarSearcher
[1, 8, 9, 10, 11, 12, 13, 14, 15, 16, 53, 54, 55, 56, 57, 58, 59, 60, 61, 62, 63, 64, 66, 67, 68, 69, 70, 71, 73, 74, 129, 130, 131, 144, 145, 146, 159, 160, 161, 162, 173, 174, 175, 176, 177, 178, 179, 181, 182, 183, 184, 185, 186, 188, 189, 192, 195, 196, 197, 198, 199, 200, 202, 203, 205, 206, 208, 209, 239, 245, 255, 272, 293, 295, 297, 298, 299, 314, 315, 318, 322, 323, 325, 326, 334, 335, 355, 356, 357, 359, 360, 361, 362, 382, 383, 385, 388, 389, 390, 391, 392, 398, 399, 401, 403, 404, 405, 409, 423, 434, 443, 445, 484, 525, 526, 530, 532, 533, 534, 536, 546, 552, 557, 558, 559, 560, 562, 563, 564, 565, 567, 574, 579, 580, 589, 591, 592, 593, 596, 600, 601, 602, 603, 628, 630, 645, 646, 648, 649, 653, 654, 656, 659, 726, 728, 731, 733, 735, 739, 746, 748, 749, 755, 756, 757, 758, 808], [8, 17, 19, 20, 21, 22, 23, 24, 53, 54, 55, 68, 70, 73, 74, 76, 77, 78, 79, 80, 81, 83, 85, 87, 88, 89, 91, 92, 94, 95, 132, 147, 148, 163, 169, 173, 174, 175, 184, 188, 192, 195, 197, 198, 199, 202, 203, 205, 206, 208, 209, 212, 213, 214, 215, 218, 219, 220, 221, 222, 230, 231, 233, 235, 236, 239, 241, 242, 243, 245, 246, 296, 300, 327, 328, 329, 331, 333, 355, 360, 363, 366, 373, 376, 377, 382, 383, 385, 389, 390, 392, 398, 399, 401, 403, 404, 405, 409, 412, 413, 415, 416, 418, 421, 423, 427, 431, 432, 434, 435, 437, 440, 443, 445, 526, 527, 532, 535, 557, 562, 565, 567, 569, 589, 591, 596, 602, 604, 607, 609, 617, 619, 628, 630, 638, 641, 645, 646, 648, 649, 652, 653, 654, 655, 656, 659, 726, 732, 733, 739, 755, 757, 758, 766, 808], [2, 9, 17, 25, 26, 27, 28, 29, 30, 31, 55, 56, 57, 58, 59, 60, 61, 62, 76, 77, 78, 79, 80, 81, 96, 97, 98, 100, 101, 102, 108, 133, 134, 135, 136, 149, 150, 151, 164, 165, 174, 175, 176, 177, 178, 179, 181, 182, 183, 184, 185, 186, 188, 189, 208, 209, 212, 213, 214, 215, 218, 219, 220, 221, 222, 251, 255, 277, 297, 298, 299, 300, 301, 302, 305, 306, 307, 327, 328, 329, 334, 335, 337, 338, 340, 341, 346, 347, 348, 365, 366, 367, 370, 383, 385, 388, 389, 390, 391, 392, 403, 404, 405, 409, 412, 413, 415, 416, 418, 421, 435, 484, 527, 530, 532, 533, 534, 535, 536, 540, 544, 557, 558, 559, 560, 567, 569, 574, 576, 579, 580, 581, 582, 584, 591, 592, 593, 607, 608, 609, 619, 628, 630, 638, 641, 645, 654, 655, 726, 728, 732, 733, 735, 739, 746, 748, 749, 752, 755, 756, 757, 758, 766, 808], [3, 10, 25, 32, 35, 56, 63, 96, 108, 113, 159, 176, 255, 272, 277, 484], [4, 11, 19, 26, 32, 36, 40, 45, 49, 57, 63, 64, 73, 76, 83, 87, 91, 94, 96, 97, 98, 113, 129, 133, 137, 140, 143, 144, 149, 152, 157, 160, 166, 176, 177, 178, 179, 188, 189, 192, 202, 203, 212, 213, 214, 215, 230, 231, 235, 241, 242, 246, 272, 277, 293, 301, 302, 314, 316, 317, 320, 322, 323, 337, 338, 344, 346, 355, 356, 357, 370, 392, 399, 409, 412, 413, 415, 416, 423, 427, 431, 432, 434, 435, 437, 445, 484, 536, 540, 546, 548, 552, 557, 558, 559, 560, 562, 563, 564, 576, 581, 582, 589, 591, 592, 593, 609, 638, 641, 645, 646, 648, 649, 652, 654, 655, 656, 728, 731, 733, 735, 748, 749, 752, 757, 758, 808], [5, 12, 20, 27, 36, 39, 41, 46, 50, 58, 64, 66, 74, 77, 83, 85, 88, 95, 97, 100, 130, 134, 137, 139, 145, 147, 150, 152, 154, 155, 158, 161, 164, 166, 168, 170, 177, 181, 182, 202, 205, 206, 208, 212, 218, 219, 220, 230, 233, 239, 241, 243, 245, 246, 293, 295, 297, 301, 305, 306, 315, 316, 318, 320, 322, 325, 326, 327, 331, 333, 334, 337, 340, 341, 344, 347, 350, 352, 356, 359, 365, 370, 373, 375, 376, 379, 385, 388, 401, 403, 404, 409, 412, 415, 418, 423, 427, 431, 434, 435, 437, 440, 443, 445, 525, 530, 536, 540, 544, 546, 548, 552, 558, 563, 565, 569, 574, 576, 579, 581, 584, 592, 596, 600, 601, 614, 617, 619, 628, 638, 645, 646, 648, 652, 654, 655, 656, 659, 728, 731, 735, 739, 746, 748, 752, 766], [13, 21, 28, 40, 41, 42, 43, 44, 53, 59, 67, 71, 78, 87, 88, 89, 101, 129, 130, 131, 132, 133, 134, 135, 136, 137, 139, 140, 141, 143, 155, 156, 169, 170, 171, 173, 174, 183, 189, 195, 196, 198, 200, 203, 205, 213, 218, 221, 222, 230, 231, 233, 235, 236, 243, 251, 293, 295, 296, 297, 298, 299, 300, 301, 302, 305, 306, 307, 314, 315, 316, 317, 318, 320, 346, 347, 348, 350, 352, 357, 361, 376, 377, 379, 380, 382, 383, 392, 398, 399, 401, 403, 405, 412, 413, 416, 418, 421, 423, 427, 431, 432, 440, 443, 525, 526, 527, 530, 532, 533, 534, 535, 536, 540, 544, 546, 548, 552, 559, 564, 579, 580, 581, 582, 584, 589, 593, 600, 603, 604, 608, 614, 617, 619, 628, 630, 638, 641, 645, 646, 648, 649, 652, 653, 659, 726, 728, 731, 732, 733, 746, 748, 749, 752, 756, 757, 766, 808], [14, 22, 29, 42, 45, 46, 47, 48, 60, 67, 68, 69, 79, 89, 91, 92, 101, 102, 140, 141, 144, 145, 146, 147, 148, 149, 150, 151, 152, 154, 155, 156, 157, 158, 172, 173, 175, 178, 183, 185, 192, 196, 197, 199, 200, 214, 221, 235, 236, 239, 241, 242, 243, 251, 314, 315, 316, 317, 322, 323, 325, 326, 327, 328, 329, 331, 333, 334, 335, 337, 338, 340, 341, 344, 346, 347, 348, 350, 352, 362, 363, 367, 375, 377, 380, 382, 383, 385, 388, 389, 391, 398, 399, 401, 413, 418, 421, 431, 432, 434, 435, 437, 440, 525, 533, 535, 544, 546, 548, 557, 558, 559, 560, 562, 563, 564, 565, 567, 569, 574, 576, 579, 580, 581, 582, 584, 596, 600, 601, 602, 603, 604, 607, 608, 609, 614, 617, 628, 630, 638, 641, 648, 649, 652, 653, 654, 655, 656, 659, 726, 731, 732, 733, 735, 739, 746, 748, 749, 752, 755, 756, 758, 766, 808], [6, 15, 23, 30, 35, 43, 47, 49, 50, 51, 61, 70, 71, 80, 94, 95, 98, 108, 113, 135, 143, 146, 148, 151, 156, 157, 158, 159, 160, 161, 162, 163, 164, 165, 166, 168, 169, 170, 171, 172, 179, 181, 186, 198, 199, 200, 209, 215, 219, 222, 231, 242, 245, 246, 255, 272, 277, 296, 298, 302, 305, 307, 317, 318, 320, 323, 326, 328, 333, 335, 338, 340, 344, 348, 352, 355, 356, 357, 359, 360, 361, 362, 363, 365, 366, 367, 370, 373, 375, 376, 377, 379, 380, 390, 391, 398, 404, 405, 415, 416, 421, 427, 432, 437, 443, 445, 484, 526, 527, 530, 534, 540, 548, 552, 560, 562, 563, 564, 567, 569, 574, 576, 580, 582, 584, 589, 591, 592, 593, 596, 600, 601, 602, 603, 604, 607, 608, 609, 614, 617, 619, 630, 641, 646, 649, 652, 653, 655, 656, 659, 728, 731, 732, 735, 739, 746, 749, 752, 755, 756, 757, 758, 766, 808], [7, 16, 24, 31, 39, 44, 48, 51, 54, 62, 66, 69, 81, 85, 92, 100, 102, 131, 132, 136, 139, 141, 154, 162, 163, 165, 168, 171, 172, 182, 184, 185, 186, 195, 196, 197, 206, 220, 233, 236, 251, 295, 296, 299, 300, 306, 307, 325, 329, 331, 341, 350, 359, 360, 361, 362, 363, 365, 366, 367, 373, 375, 379, 380, 382, 388, 389, 390, 391, 440, 525, 526, 527, 532, 533, 534, 535, 544, 565, 601, 602, 603, 604, 607, 608, 614, 653, 726, 732, 755, 756]!Vessel: FarSymphony
[1, 8, 9, 10, 11, 12, 13, 14, 15, 16, 53, 54, 55, 56, 57, 58, 59, 60, 61, 62, 63, 64, 66, 67, 68, 69, 70, 71, 73, 74, 129, 130, 131, 144, 145, 146, 159, 160, 161, 162, 173, 174, 175, 176, 177, 178, 179, 181, 182, 183, 184, 185, 186, 188, 189, 192, 195, 196, 197, 198, 199, 200, 202, 203, 205, 206, 208, 209, 239, 245, 255, 272, 293, 295, 297, 298, 299, 314, 315, 318, 322, 323, 325, 326, 334, 335, 355, 356, 357, 359, 360, 361, 362, 382, 383, 385, 388, 389, 390, 391, 392, 398, 399, 401, 403, 404, 405, 409, 423, 434, 443, 445, 484, 523, 525, 526, 530, 531, 532, 533, 534, 536, 546, 552, 557, 558, 559, 560, 562, 563, 564, 565, 567, 574, 579, 580, 589, 591, 592, 593, 596, 600, 601, 602, 603, 616, 628, 629, 630, 639, 645, 646, 648, 649, 653, 654, 656, 659, 725, 726, 728, 731, 733, 735, 739, 746, 748, 749, 755, 756, 757, 758, 776, 778, 780, 808, 809], [8, 17, 19, 20, 21, 22, 23, 24, 53, 54, 55, 68, 70, 73, 74, 76, 77, 78, 79, 80, 81, 83, 85, 87, 88, 89, 91, 92, 94, 95, 132, 147, 148, 163, 169, 173, 174, 175, 184, 188, 192, 195, 197, 198, 199, 202, 203, 205, 206, 208, 209, 212, 213, 214, 215, 218, 219, 220, 221, 222, 230, 231, 233, 235, 236, 239, 241, 242, 243, 245, 246, 296, 300, 327, 328, 329, 331, 333, 355, 360, 363, 366, 373, 376, 377, 382, 383, 385, 389, 390, 392, 398, 399, 401, 403, 404, 405, 409, 412, 413, 415, 416, 418, 419, 421, 423, 427, 431, 432, 434, 435, 437, 440, 443, 445, 523, 526, 527, 532, 535, 542, 557, 562, 565, 567, 569, 589, 591, 596, 602, 604, 607, 609, 612, 617, 618, 619, 628, 629, 630, 638, 639, 640, 641, 645, 646, 648, 649, 652, 653, 654, 655, 656, 659, 725, 726, 732, 733, 739, 755, 757, 758, 766, 776, 778, 780, 808, 810], [2, 9, 17, 25, 26, 27, 28, 29, 30, 31, 55, 56, 57, 58, 59, 60, 61, 62, 76, 77, 78, 79, 80, 81, 96, 97, 98, 100, 101, 102, 108, 133, 134, 135, 136, 149, 150, 151, 164, 165, 174, 175, 176, 177, 178, 179, 181, 182, 183, 184, 185, 186, 188, 189, 208, 209, 212, 213, 214, 215, 218, 219, 220, 221, 222, 251, 255, 277, 297, 298, 299, 300, 301, 302, 305, 306, 307, 327, 328, 329, 334, 335, 337, 338, 340, 341, 346, 347, 348, 365, 366, 367, 370, 383, 385, 388, 389, 390, 391, 392, 403, 404, 405, 409, 412, 413, 415, 416, 418, 419, 421, 435, 484, 527, 530, 531, 532, 533, 534, 535, 536, 540, 542, 544, 557, 558, 559, 560, 567, 569, 574, 576, 579, 580, 581, 582, 584, 591, 592, 593, 606, 607, 608, 609, 619, 628, 629, 630, 638, 639, 640, 641, 645, 654, 655, 725, 726, 728, 732, 733, 735, 739, 746, 748, 749, 752, 755, 756, 757, 758, 766, 776, 778, 808, 809, 810], [3, 10, 25, 32, 35, 56, 63, 96, 108, 113, 159, 176, 255, 272, 277, 484], [4, 11, 19, 26, 32, 36, 40, 45, 49, 57, 63, 64, 73, 76, 83, 87, 91, 94, 96, 97, 98, 113, 129, 133, 137, 140, 143, 144, 149, 152, 157, 160, 166, 176, 177, 178, 179, 188, 189, 192, 202, 203, 212, 213, 214, 215, 230, 231, 235, 241, 242, 246, 272, 277, 293, 301, 302, 314, 316, 317, 320, 322, 323, 337, 338, 344, 346, 355, 356, 357, 370, 392, 399, 409, 412, 413, 415, 416, 423, 427, 431, 432, 434, 435, 437, 445, 484, 536, 540, 546, 548, 552, 557, 558, 559, 560, 562, 563, 564, 576, 581, 582, 589, 591, 592, 593, 609, 638, 639, 640, 641, 645, 646, 648, 649, 652, 654, 655, 656, 728, 731, 733, 735, 748, 749, 752, 757, 758, 776, 780, 808, 809, 810], [5, 12, 20, 27, 36, 39, 41, 46, 50, 58, 64, 66, 74, 77, 83, 85, 88, 95, 97, 100, 130, 134, 137, 139, 145, 147, 150, 152, 154, 155, 158, 161, 164, 166, 168, 170, 177, 181, 182, 202, 205, 206, 208, 212, 218, 219, 220, 230, 233, 239, 241, 243, 245, 246, 293, 295, 297, 301, 305, 306, 315, 316, 318, 320, 322, 325, 326, 327, 331, 333, 334, 337, 340, 341, 344, 347, 350, 352, 356, 359, 365, 370, 373, 375, 376, 379, 385, 388, 401, 403, 404, 409, 412, 415, 418, 419, 423, 427, 431, 434, 435, 437, 440, 443, 445, 523, 525, 530, 531, 536, 540, 542, 544, 546, 548, 552, 558, 563, 565, 569, 574, 576, 579, 581, 584, 592, 596, 600, 601, 606, 612, 614, 616, 617, 618, 619, 628, 629, 638, 639, 640, 645, 646, 648, 652, 654, 655, 656, 659, 728, 731, 735, 739, 746, 748, 752, 766, 776, 778, 780, 809, 810], [13, 21, 28, 40, 41, 42, 43, 44, 53, 59, 67, 71, 78, 87, 88, 89, 101, 129, 130, 131, 132, 133, 134, 135, 136, 137, 139, 140, 141, 143, 155, 156, 169, 170, 171, 173, 174, 183, 189, 195, 196, 198, 200, 203, 205, 213, 218, 221, 222, 230, 231, 233, 235, 236, 243, 251, 293, 295, 296, 297, 298, 299, 300, 301, 302, 305, 306, 307, 314, 315, 316, 317, 318, 320, 346, 347, 348, 350, 352, 357, 361, 376, 377, 379, 380, 382, 383, 392, 398, 399, 401, 403, 405, 412, 413, 416, 418, 421, 423, 427, 431, 432, 440, 443, 523, 525, 526, 527, 530, 531, 532, 533, 534, 535, 536, 540, 542, 544, 546, 548, 552, 559, 564, 579, 580, 581, 582, 584, 589, 593, 600, 603, 604, 608, 614, 616, 617, 618, 619, 628, 629, 630, 638, 640, 641, 645, 646, 648, 649, 652, 653, 659, 725, 726, 728, 731, 732, 733, 746, 748, 749, 752, 756, 757, 766, 776, 778, 780, 808, 809, 810], [14, 22, 29, 42, 45, 46, 47, 48, 60, 67, 68, 69, 79, 89, 91, 92, 101, 102, 140, 141, 144, 145, 146, 147, 148, 149, 150, 151, 152, 154, 155, 156, 157, 158, 172, 173, 175, 178, 183, 185, 192, 196, 197, 199, 200, 214, 221, 235, 236, 239, 241, 242, 243, 251, 314, 315, 316, 317, 322, 323, 325, 326, 327, 328, 329, 331, 333, 334, 335, 337, 338, 340, 341, 344, 346, 347, 348, 350, 352, 362, 363, 367, 375, 377, 380, 382, 383, 385, 388, 389, 391, 398, 399, 401, 413, 418, 419, 421, 431, 432, 434, 435, 437, 440, 525, 533, 535, 544, 546, 548, 557, 558, 559, 560, 562, 563, 564, 565, 567, 569, 574, 576, 579, 580, 581, 582, 584, 596, 600, 601, 602, 603, 604, 606, 607, 608, 609, 612, 614, 617, 628, 630, 638, 641, 648, 649, 652, 653, 654, 655, 656, 659, 726, 731, 732, 733, 735, 739, 746, 748, 749, 752, 755, 756, 758, 766, 776, 778, 780, 808, 809, 810], [6, 15, 23, 30, 35, 43, 47, 49, 50, 51, 61, 70, 71, 80, 94, 95, 98, 108, 113, 135, 143, 146, 148, 151, 156, 157, 158, 159, 160, 161, 162, 163, 164, 165, 166, 168, 169, 170, 171, 172, 179, 181, 186, 198, 199, 200, 209, 215, 219, 222, 231, 242, 245, 246, 255, 272, 277, 296, 298, 302, 305, 307, 317, 318, 320, 323, 326, 328, 333, 335, 338, 340, 344, 348, 352, 355, 356, 357, 359, 360, 361, 362, 363, 365, 366, 367, 370, 373, 375, 376, 377, 379, 380, 390, 391, 398, 404, 405, 415, 416, 421, 427, 432, 437, 443, 445, 484, 526, 527, 530, 534, 540, 548, 552, 560, 562, 563, 564, 567, 569, 574, 576, 580, 582, 584, 589, 591, 592, 593, 596, 600, 601, 602, 603, 604, 606, 607, 608, 609, 612, 614, 616, 617, 618, 619, 629, 630, 639, 640, 641, 646, 649, 652, 653, 655, 656, 659, 725, 728, 731, 732, 735, 739, 746, 749, 752, 755, 756, 757, 758, 766, 778, 780, 808, 809, 810], [7, 16, 24, 31, 39, 44, 48, 51, 54, 62, 66, 69, 81, 85, 92, 100, 102, 131, 132, 136, 139, 141, 154, 162, 163, 165, 168, 171, 172, 182, 184, 185, 186, 195, 196, 197, 206, 220, 233, 236, 251, 295, 296, 299, 300, 306, 307, 325, 329, 331, 341, 350, 359, 360, 361, 362, 363, 365, 366, 367, 373, 375, 379, 380, 382, 388, 389, 390, 391, 419, 440, 523, 525, 526, 527, 531, 532, 533, 534, 535, 542, 544, 565, 601, 602, 603, 604, 606, 607, 608, 612, 614, 616, 618, 653, 725, 726, 732, 755, 756]!Vessel: HavilaForesight
[1, 8, 9, 10, 11, 12, 13, 14, 15, 16, 53, 54, 55, 56, 57, 58, 59, 60, 61, 62, 63, 64, 66, 67, 68, 69, 70, 71, 73, 74, 129, 130, 131, 144, 145, 146, 159, 160, 161, 162, 173, 174, 175, 176, 177, 178, 179, 181, 183, 184, 185, 186, 188, 189, 192, 195, 196, 197, 198, 199, 200, 202, 203, 205, 206, 208, 209, 239, 245, 255, 272, 293, 295, 297, 298, 299, 314, 315, 318, 322, 323, 325, 326, 334, 335, 355, 356, 357, 360, 361, 362, 382, 383, 385, 389, 391, 392, 398, 399, 401, 403, 404, 405, 409, 423, 434, 443, 445, 484, 526, 530, 532, 533, 534, 536, 546, 552, 557, 558, 559, 560, 562, 563, 564, 567, 574, 579, 580, 589, 591, 592, 593, 596, 600, 602, 603, 628, 630, 648, 649, 654, 656, 659, 731, 733, 746, 748, 749, 757, 758, 808], [8, 17, 19, 20, 21, 22, 23, 24, 53, 54, 55, 68, 70, 73, 74, 76, 77, 78, 79, 80, 81, 83, 85, 87, 88, 89, 91, 92, 94, 95, 132, 147, 148, 163, 169, 173, 174, 175, 184, 188, 192, 195, 197, 198, 199, 202, 203, 205, 206, 208, 209, 212, 213, 214, 215, 218, 219, 221, 222, 230, 231, 233, 235, 236, 239, 241, 242, 243, 245, 246, 296, 300, 327, 328, 329, 331, 333, 355, 360, 363, 366, 376, 377, 382, 383, 385, 389, 392, 398, 399, 401, 403, 404, 405, 409, 412, 413, 415, 416, 418, 421, 423, 427, 431, 432, 434, 435, 437, 443, 445, 526, 532, 535, 557, 562, 567, 569, 589, 591, 596, 602, 604, 607, 609, 617, 619, 628, 630, 638, 641, 648, 649, 652, 654, 656, 659, 733, 757, 758, 808], [2, 9, 17, 25, 26, 27, 28, 29, 30, 31, 55, 56, 57, 58, 59, 60, 61, 62, 76, 77, 78, 79, 80, 81, 96, 97, 98, 100, 101, 102, 108, 133, 134, 135, 136, 149, 150, 151, 164, 165, 174, 175, 176, 177, 178, 179, 181, 183, 184, 185, 186, 188, 189, 208, 209, 212, 213, 214, 215, 218, 219, 221, 222, 251, 255, 277, 297, 298, 299, 300, 301, 302, 305, 306, 307, 327, 328, 329, 334, 335, 337, 338, 340, 341, 346, 347, 348, 366, 367, 370, 383, 385, 389, 391, 392, 403, 404, 405, 409, 412, 413, 415, 416, 418, 421, 435, 484, 530, 532, 533, 534, 535, 536, 540, 557, 558, 559, 560, 567, 569, 574, 576, 579, 580, 581, 582, 584, 591, 592, 593, 607, 608, 609, 619, 628, 630, 638, 641, 654, 733, 746, 748, 749, 757, 758, 808], [3, 10, 25, 32, 35, 56, 63, 96, 108, 113, 159, 176, 255, 272, 277, 484], [4, 11, 19, 26, 32, 36, 40, 45, 49, 57, 63, 64, 73, 76, 83, 87, 91, 94, 96, 97, 98, 113, 129, 133, 137, 140, 143, 144, 149, 152, 157, 160, 166, 176, 177, 178, 179, 188, 189, 192, 202, 203, 212, 213, 214, 215, 230, 231, 235, 241, 242, 246, 272, 277, 293, 301, 302, 314, 316, 317, 320, 322, 323, 337, 338, 344, 346, 355, 356, 357, 370, 392, 399, 409, 412, 413, 415, 416, 423, 427, 431, 432, 434, 435, 437, 445, 484, 536, 540, 546, 548, 552, 557, 558, 559, 560, 562, 563, 564, 576, 581, 582, 589, 591, 592, 593, 609, 638, 641, 648, 649, 652, 654, 656, 731, 733, 748, 749, 757, 758, 808], [5, 12, 20, 27, 36, 39, 41, 46, 50, 58, 64, 66, 74, 77, 83, 85, 88, 95, 97, 100, 130, 134, 137, 139, 145, 147, 150, 152, 154, 155, 158, 161, 164, 166, 168, 170, 177, 181, 202, 205, 206, 208, 212, 218, 219, 230, 233, 239, 241, 243, 245, 246, 293, 295, 297, 301, 305, 306, 315, 316, 318, 320, 322, 325, 326, 327, 331, 333, 334, 337, 340, 341, 344, 347, 350, 352, 356, 370, 375, 376, 385, 401, 403, 404, 409, 412, 415, 418, 423, 427, 431, 434, 435, 437, 443, 445, 530, 536, 540, 546, 548, 552, 558, 563, 569, 574, 576, 579, 581, 584, 592, 596, 600, 617, 619, 628, 638, 648, 652, 654, 656, 659, 731, 746, 748], [13, 21, 28, 40, 41, 42, 43, 44, 53, 59, 67, 71, 78, 87, 88, 89, 101, 129, 130, 131, 132, 133, 134, 135, 136, 137, 139, 140, 141, 143, 155, 156, 169, 170, 171, 173, 174, 183, 189, 195, 196, 198, 200, 203, 205, 213, 218, 221, 222, 230, 231, 233, 235, 236, 243, 251, 293, 295, 296, 297, 298, 299, 300, 301, 302, 305, 306, 307, 314, 315, 316, 317, 318, 320, 346, 347, 348, 350, 352, 357, 361, 376, 377, 380, 382, 383, 392, 398, 399, 401, 403, 405, 412, 413, 416, 418, 421, 423, 427, 431, 432, 443, 526, 530, 532, 533, 534, 535, 536, 540, 546, 548, 552, 559, 564, 579, 580, 581, 582, 584, 589, 593, 600, 603, 604, 608, 617, 619, 628, 630, 638, 641, 648, 649, 652, 659, 731, 733, 746, 748, 749, 757, 808], [14, 22, 29, 42, 45, 46, 47, 48, 60, 67, 68, 69, 79, 89, 91, 92, 101, 102, 140, 141, 144, 145, 146, 147, 148, 149, 150, 151, 152, 154, 155, 156, 157, 158, 172, 173, 175, 178, 183, 185, 192, 196, 197, 199, 200, 214, 221, 235, 236, 239, 241, 242, 243, 251, 314, 315, 316, 317, 322, 323, 325, 326, 327, 328, 329, 331, 333, 334, 335, 337, 338, 340, 341, 344, 346, 347, 348, 350, 352, 362, 363, 367, 375, 377, 380, 382, 383, 385, 389, 391, 398, 399, 401, 413, 418, 421, 431, 432, 434, 435, 437, 533, 535, 546, 548, 557, 558, 559, 560, 562, 563, 564, 567, 569, 574, 576, 579, 580, 581, 582, 584, 596, 600, 602, 603, 604, 607, 608, 609, 617, 628, 630, 638, 641, 648, 649, 652, 654, 656, 659, 731, 733, 746, 748, 749, 758, 808], [6, 15, 23, 30, 35, 43, 47, 49, 50, 51, 61, 70, 71, 80, 94, 95, 98, 108, 113, 135, 143, 146, 148, 151, 156, 157, 158, 159, 160, 161, 162, 163, 164, 165, 166, 168, 169, 170, 171, 172, 179, 181, 186, 198, 199, 200, 209, 215, 219, 222, 231, 242, 245, 246, 255, 272, 277, 296, 298, 302, 305, 307, 317, 318, 320, 323, 326, 328, 333, 335, 338, 340, 344, 348, 352, 355, 356, 357, 360, 361, 362, 363, 366, 367, 370, 375, 376, 377, 380, 391, 398, 404, 405, 415, 416, 421, 427, 432, 437, 443, 445, 484, 526, 530, 534, 540, 548, 552, 560, 562, 563, 564, 567, 569, 574, 576, 580, 582, 584, 589, 591, 592, 593, 596, 600, 602, 603, 604, 607, 608, 609, 617, 619, 630, 641, 649, 652, 656, 659, 731, 746, 749, 757, 758, 808], [7, 16, 24, 31, 39, 44, 48, 51, 54, 62, 66, 69, 81, 85, 92, 100, 102, 131, 132, 136, 139, 141, 154, 162, 163, 165, 168, 171, 172, 184, 185, 186, 195, 196, 197, 206, 233, 236, 251, 295, 296, 299, 300, 306, 307, 325, 329, 331, 341, 350, 360, 361, 362, 363, 366, 367, 375, 380, 382, 389, 391, 526, 532, 533, 534, 535, 602, 603, 604, 607, 608]!Vessel: FarStar
] 

Rvl : [
!l : 2, 3
[1, 2, 3, 4, 5, 6, 7, 8, 9, 10, 11, 12, 13, 14, 15, 16, 17, 19, 20, 21, 22, 23, 24, 25, 26, 27, 28, 29, 30, 31, 32, 35, 40, 41, 42, 43, 44, 45, 46, 47, 48, 49, 50, 51, 53, 54, 55, 57, 58, 59, 60, 61, 62, 67, 68, 69, 70, 71, 73, 74, 76, 77, 78, 79, 80, 81, 87, 88, 89, 91, 92, 94, 95, 98, 101, 102, 129, 130, 131, 132, 133, 134, 135, 136, 140, 141, 143, 144, 145, 146, 147, 148, 149, 150, 151, 155, 156, 157, 158, 160, 161, 162, 163, 164, 165, 169, 170, 171, 172, 173, 174, 175, 178, 181, 183, 184, 185, 188, 189, 192, 195, 196, 197, 198, 199, 200, 203, 205, 208, 209, 213, 214, 218, 219, 221, 222, 235, 236, 239, 243, 245, 251, 296, 297, 298, 299, 300, 305, 307, 314, 315, 318, 326, 327, 328, 329, 333, 334, 335, 340, 346, 347, 348, 352, 360, 361, 362, 363, 366, 367, 376, 377, 380, 382, 383, 385, 389, 398, 401, 403, 404, 405, 418, 421, 443, 530, 532, 533, 535, 567, 569, 574, 579, 580, 584, 596, 600, 603, 604, 617, 619, 628, 630, 659], [36, 39, 56, 63, 64, 66, 83, 85, 96, 97, 100, 108, 113, 137, 139, 152, 154, 159, 166, 168, 176, 177, 179, 182, 186, 202, 206, 212, 215, 220, 230, 231, 233, 241, 242, 246, 255, 272, 277, 293, 295, 301, 302, 306, 316, 317, 320, 322, 323, 325, 331, 337, 338, 341, 344, 350, 355, 356, 357, 359, 365, 370, 373, 375, 379, 386, 388, 390, 391, 392, 399, 409, 412, 413, 415, 416, 419, 423, 427, 431, 432, 434, 435, 437, 440, 445, 484, 523, 525, 526, 527, 531, 534, 536, 540, 542, 544, 545, 546, 548, 552, 557, 558, 559, 560, 562, 563, 564, 565, 576, 581, 582, 589, 591, 592, 593, 597, 598, 601, 602, 605, 606, 607, 608, 609, 612, 614, 616, 618, 621, 625, 629, 638, 639, 640, 641, 642, 645, 646, 648, 649, 652, 653, 654, 655, 656, 725, 726, 728, 731, 732, 733, 735, 739, 746, 748, 749, 752, 755, 756, 757, 758, 763, 766, 769, 776, 778, 780, 807, 808, 809, 810]!Vessel: FarSeeker
[1, 2, 3, 4, 5, 6, 7, 8, 9, 10, 11, 12, 13, 14, 15, 16, 17, 19, 20, 21, 22, 23, 24, 25, 26, 27, 28, 29, 30, 31, 32, 35, 40, 41, 42, 43, 44, 45, 46, 47, 48, 49, 50, 51, 53, 54, 55, 57, 58, 59, 60, 61, 62, 67, 68, 69, 70, 71, 73, 74, 76, 77, 78, 79, 80, 81, 87, 88, 89, 91, 92, 94, 95, 98, 101, 102, 129, 130, 131, 132, 133, 134, 135, 136, 140, 141, 143, 144, 145, 146, 147, 148, 149, 150, 151, 155, 156, 157, 158, 160, 161, 162, 163, 164, 165, 169, 170, 171, 172, 173, 174, 175, 178, 181, 183, 184, 185, 188, 189, 192, 195, 196, 197, 198, 199, 200, 203, 205, 208, 209, 213, 214, 218, 219, 221, 222, 235, 236, 239, 243, 245, 251, 296, 297, 298, 299, 300, 305, 307, 314, 315, 318, 326, 327, 328, 329, 333, 334, 335, 340, 346, 347, 348, 352, 360, 361, 362, 363, 366, 367, 376, 377, 380, 382, 383, 385, 389, 398, 401, 403, 404, 405, 418, 421, 443, 530, 532, 533, 535, 567, 569, 574, 579, 580, 584, 596, 600, 603, 604, 617, 619, 628, 630, 659], [36, 39, 56, 63, 64, 66, 83, 85, 96, 97, 100, 108, 113, 137, 139, 152, 154, 159, 166, 168, 176, 177, 179, 182, 186, 202, 206, 212, 215, 220, 230, 231, 233, 241, 242, 246, 255, 272, 277, 293, 295, 301, 302, 306, 316, 317, 320, 322, 323, 325, 331, 337, 338, 341, 344, 350, 355, 356, 357, 359, 365, 370, 373, 375, 379, 386, 388, 390, 391, 392, 399, 409, 412, 413, 415, 416, 419, 423, 427, 431, 432, 434, 435, 437, 440, 445, 484, 523, 525, 526, 527, 531, 534, 536, 540, 542, 544, 545, 546, 548, 552, 557, 558, 559, 560, 562, 563, 564, 565, 576, 581, 582, 589, 591, 592, 593, 597, 598, 601, 602, 605, 606, 607, 608, 609, 612, 614, 616, 618, 621, 625, 629, 638, 639, 640, 641, 642, 645, 646, 648, 649, 652, 653, 654, 655, 656, 725, 726, 728, 731, 732, 733, 735, 739, 746, 748, 749, 752, 755, 756, 757, 758, 763, 766, 769, 776, 778, 780, 807, 808, 809, 810]!Vessel: FarSearcher
[1, 2, 3, 4, 5, 6, 7, 8, 9, 10, 11, 12, 13, 14, 15, 16, 17, 19, 20, 21, 22, 23, 24, 25, 26, 27, 28, 29, 30, 31, 32, 35, 40, 41, 42, 43, 44, 45, 46, 47, 48, 49, 50, 51, 53, 54, 55, 57, 58, 59, 60, 61, 62, 67, 68, 69, 70, 71, 73, 74, 76, 77, 78, 79, 80, 81, 87, 88, 89, 91, 92, 94, 95, 98, 101, 102, 129, 130, 131, 132, 133, 134, 135, 136, 140, 141, 143, 144, 145, 146, 147, 148, 149, 150, 151, 155, 156, 157, 158, 160, 161, 162, 163, 164, 165, 169, 170, 171, 172, 173, 174, 175, 178, 181, 183, 184, 185, 188, 189, 192, 195, 196, 197, 198, 199, 200, 203, 205, 208, 209, 213, 214, 218, 219, 221, 222, 235, 236, 239, 243, 245, 251, 296, 297, 298, 299, 300, 305, 307, 314, 315, 318, 326, 327, 328, 329, 333, 334, 335, 340, 346, 347, 348, 352, 360, 361, 362, 363, 366, 367, 376, 377, 380, 382, 383, 385, 389, 398, 401, 403, 404, 405, 418, 421, 443, 530, 532, 533, 535, 567, 569, 574, 579, 580, 584, 596, 600, 603, 604, 617, 619, 628, 630, 659], [36, 39, 56, 63, 64, 66, 83, 85, 96, 97, 100, 108, 113, 137, 139, 152, 154, 159, 166, 168, 176, 177, 179, 182, 186, 202, 206, 212, 215, 220, 230, 231, 233, 241, 242, 246, 255, 272, 277, 293, 295, 301, 302, 306, 316, 317, 320, 322, 323, 325, 331, 337, 338, 341, 344, 350, 355, 356, 357, 359, 365, 370, 373, 375, 379, 388, 390, 391, 392, 399, 409, 412, 413, 415, 416, 423, 427, 431, 432, 434, 435, 437, 440, 445, 484, 525, 526, 527, 534, 536, 540, 544, 546, 548, 552, 557, 558, 559, 560, 562, 563, 564, 565, 576, 581, 582, 589, 591, 592, 593, 601, 602, 607, 608, 609, 614, 638, 641, 645, 646, 648, 649, 652, 653, 654, 655, 656, 726, 728, 731, 732, 733, 735, 739, 746, 748, 749, 752, 755, 756, 757, 758, 766, 808]!Vessel: FarSymphony
[1, 2, 3, 4, 5, 6, 7, 8, 9, 10, 11, 12, 13, 14, 15, 16, 17, 19, 20, 21, 22, 23, 24, 25, 26, 27, 28, 29, 30, 31, 32, 35, 40, 41, 42, 43, 44, 45, 46, 47, 48, 49, 50, 51, 53, 54, 55, 57, 58, 59, 60, 61, 62, 67, 68, 69, 70, 71, 73, 74, 76, 77, 78, 79, 80, 81, 87, 88, 89, 91, 92, 94, 95, 98, 101, 102, 129, 130, 131, 132, 133, 134, 135, 136, 140, 141, 143, 144, 145, 146, 147, 148, 149, 150, 151, 155, 156, 157, 158, 160, 161, 162, 163, 164, 165, 169, 170, 171, 172, 173, 174, 175, 178, 181, 183, 184, 185, 188, 189, 192, 195, 196, 197, 198, 199, 200, 203, 205, 208, 209, 213, 214, 218, 219, 221, 222, 235, 236, 239, 243, 245, 251, 296, 297, 298, 299, 300, 305, 307, 314, 315, 318, 326, 327, 328, 329, 333, 334, 335, 340, 346, 347, 348, 352, 360, 361, 362, 363, 366, 367, 376, 377, 380, 382, 383, 385, 389, 398, 401, 403, 404, 405, 418, 421, 443, 530, 532, 533, 535, 567, 569, 574, 579, 580, 584, 596, 600, 603, 604, 617, 619, 628, 630, 659], [36, 39, 56, 63, 64, 66, 83, 85, 96, 97, 100, 108, 113, 137, 139, 152, 154, 159, 166, 168, 176, 177, 179, 182, 186, 202, 206, 212, 215, 220, 230, 231, 233, 241, 242, 246, 255, 272, 277, 293, 295, 301, 302, 306, 316, 317, 320, 322, 323, 325, 331, 337, 338, 341, 344, 350, 355, 356, 357, 359, 365, 370, 373, 375, 379, 388, 390, 391, 392, 399, 409, 412, 413, 415, 416, 419, 423, 427, 431, 432, 434, 435, 437, 440, 445, 484, 523, 525, 526, 527, 531, 534, 536, 540, 542, 544, 546, 548, 552, 557, 558, 559, 560, 562, 563, 564, 565, 576, 581, 582, 589, 591, 592, 593, 601, 602, 606, 607, 608, 609, 612, 614, 616, 618, 629, 638, 639, 640, 641, 645, 646, 648, 649, 652, 653, 654, 655, 656, 725, 726, 728, 731, 732, 733, 735, 739, 746, 748, 749, 752, 755, 756, 757, 758, 766, 776, 778, 780, 808, 809, 810]!Vessel: HavilaForesight
[1, 2, 3, 4, 5, 6, 7, 8, 9, 10, 11, 12, 13, 14, 15, 16, 17, 19, 20, 21, 22, 23, 24, 25, 26, 27, 28, 29, 30, 31, 32, 35, 40, 41, 42, 43, 44, 45, 46, 47, 48, 49, 50, 51, 53, 54, 55, 57, 58, 59, 60, 61, 62, 67, 68, 69, 70, 71, 73, 74, 76, 77, 78, 79, 80, 81, 87, 88, 89, 91, 92, 94, 95, 98, 101, 102, 129, 130, 131, 132, 133, 134, 135, 136, 140, 141, 143, 144, 145, 146, 147, 148, 149, 150, 151, 155, 156, 157, 158, 160, 161, 162, 163, 164, 165, 169, 170, 171, 172, 173, 174, 175, 178, 181, 183, 184, 185, 188, 189, 192, 195, 196, 197, 198, 199, 200, 203, 205, 208, 209, 213, 214, 218, 219, 221, 222, 235, 236, 239, 243, 245, 251, 296, 297, 298, 299, 300, 305, 307, 314, 315, 318, 326, 327, 328, 329, 333, 334, 335, 340, 346, 347, 348, 352, 360, 361, 362, 363, 366, 367, 376, 377, 380, 382, 383, 385, 389, 398, 401, 403, 404, 405, 418, 421, 443, 530, 532, 533, 535, 567, 569, 574, 579, 580, 584, 596, 600, 603, 604, 617, 619, 628, 630, 659], [36, 39, 56, 63, 64, 66, 83, 85, 96, 97, 100, 108, 113, 137, 139, 152, 154, 159, 166, 168, 176, 177, 179, 186, 202, 206, 212, 215, 230, 231, 233, 241, 242, 246, 255, 272, 277, 293, 295, 301, 302, 306, 316, 317, 320, 322, 323, 325, 331, 337, 338, 341, 344, 350, 355, 356, 357, 370, 375, 391, 392, 399, 409, 412, 413, 415, 416, 423, 427, 431, 432, 434, 435, 437, 445, 484, 526, 534, 536, 540, 546, 548, 552, 557, 558, 559, 560, 562, 563, 564, 576, 581, 582, 589, 591, 592, 593, 602, 607, 608, 609, 638, 641, 648, 649, 652, 654, 656, 731, 733, 746, 748, 749, 757, 758, 808]!Vessel: FarStar
] 

minF : 1
maxF : 6
Nf : [
!f : 1, 2, 3, 4, 5, 6
[10], [5, 6], [], [], [2, 3, 4, 7], [1, 8, 9]
]

! Parameters
VoyageCost: [37970, 39085, 64838, 59991, 44841, 37570, 39448, 44429, 45544, 73722, 62814, 47265, 43726, 43120, 46453, 46720, 43120, 62814, 46053, 38879, 38273, 44029, 44296, 74837, 63929, 47265, 42418, 44235, 47568, 46720, 72716, 75746, 81805, 68535, 62414, 46053, 37570, 43326, 45508, 62414, 47265, 45144, 44296, 64838, 46053, 46720, 50186, 51156, 49580, 81296, 70389, 50392, 48877, 50695, 54028, 52271, 81599, 84629, 70959, 48877, 49580, 49847, 52913, 52210, 69274, 49277, 67965, 47968, 46453, 48271, 51604, 49847, 84629, 69747, 68571, 47265, 44029, 67965, 45508, 71298, 51301, 82714, 85744, 74837, 70959, 47568, 50962, 83320, 83623, 68571, 48574, 50453, 45605, 67262, 47265, 50901, 49144, 84229, 69747, 67262, 45508, 70595, 67965, 48477, 51604, 47265, 49180, 69080, 49083, 52719, 84229, 70959, 47265, 48477, 72413, 52416, 82205, 71298, 51301, 53179, 50756, 52416, 54294, 86047, 69747, 49786, 50598, 52477, 51871, 55337, 55337, 54731, 89174, 88471, 77963, 81296, 61299, 74085, 54028, 66002, 64693, 72873, 76848, 76146, 76848, 56912, 55603, 56306, 58670, 58064, 57361, 88471, 77454, 55034, 72970, 54428, 58064, 87259, 76146, 75540, 78872, 53725, 58876, 71661, 51604, 57361, 88471, 79478, 70959, 73722, 50756, 54428, 88471, 78872, 51301, 57761, 87259, 54294, 89780, 90083, 91198, 88471, 72267, 66208, 53725, 57361, 55603, 53179, 87259, 78169, 58173, 70959, 69747, 73722, 53725, 88471, 78169, 57058, 87259, 88471, 78872, 72170, 58876, 53119, 56755, 54997, 70959, 56452, 55543, 59179, 88471, 79987, 59991, 72776, 88471, 72413, 52416, 56052, 70959, 55749, 80181, 87259, 79478, 74994, 66911, 68632, 65602, 63178, 76109, 68026, 66717, 87259, 73782, 74897, 57058, 54937, 74291, 64899, 69335, 60487, 62002, 78121, 79236, 71152, 76909, 78024, 82605, 63820, 82605, 60184, 60184, 65335, 63820, 88471, 89683, 81296, 88471, 84629, 58876, 76812, 62511, 89683, 89683, 89683, 84629, 89683, 89683, 89683, 74994, 63517, 88471, 97657, 76303, 77418, 72667, 73782, 64632, 77418, 69335, 68026, 76206, 65602, 88471, 88471, 74994, 76109, 78230, 89683, 89683, 88471, 81999, 89683, 81296, 86447, 85332, 89683, 84629, 76206, 63214, 64026, 66450, 89683, 58876, 62511, 88471, 83320, 63323, 85938, 85332, 88471, 84629, 62911, 77018, 78230, 62208, 78230, 72061, 71358, 68935, 77018, 78230, 73176, 72473, 84023, 77018, 77018, 78230, 62208, 77018, 64632, 79442, 79442, 65335, 71092, 68971, 90895, 92604, 91901, 89780, 78230, 90895, 93210, 90895, 91089, 91901, 77818, 90895, 93719, 92604, 68668, 78230, 74485, 91901, 91901, 77721, 87756, 93719, 70486, 69783, 89683, 89780, 90592, 78230, 78230, 91089, 90483, 78230, 69783, 79442, 95027, 76243, 96348, 97754, 96239, 97051, 97051]
VoyageDuration: [2, 2, 2, 2, 2, 2, 2, 2, 2, 2, 2, 2, 2, 2, 2, 2, 2, 2, 2, 2, 2, 2, 2, 2, 2, 2, 2, 2, 2, 2, 2, 2, 3, 3, 2, 2, 2, 2, 2, 2, 2, 2, 2, 2, 2, 2, 2, 2, 2, 3, 2, 2, 2, 2, 2, 2, 3, 3, 3, 2, 2, 2, 2, 2, 2, 2, 2, 2, 2, 2, 2, 2, 3, 3, 2, 2, 2, 2, 2, 2, 2, 3, 3, 2, 3, 2, 2, 3, 3, 2, 2, 2, 2, 2, 2, 2, 2, 3, 3, 2, 2, 2, 2, 2, 2, 2, 2, 2, 2, 2, 3, 3, 2, 2, 2, 2, 3, 2, 2, 2, 2, 2, 2, 3, 3, 2, 2, 2, 2, 2, 2, 2, 3, 3, 2, 3, 2, 3, 2, 2, 2, 3, 2, 2, 2, 2, 2, 2, 2, 2, 2, 3, 2, 2, 3, 2, 2, 3, 2, 2, 3, 2, 2, 3, 2, 2, 3, 3, 3, 2, 2, 2, 3, 3, 2, 2, 3, 2, 3, 3, 3, 3, 3, 2, 2, 2, 2, 2, 3, 3, 2, 3, 2, 2, 2, 3, 3, 2, 3, 3, 3, 3, 2, 2, 2, 2, 3, 2, 2, 2, 3, 3, 2, 3, 3, 2, 2, 2, 3, 2, 3, 3, 3, 3, 2, 2, 2, 2, 3, 2, 2, 3, 3, 3, 2, 2, 3, 2, 2, 2, 2, 3, 3, 2, 3, 3, 3, 2, 3, 2, 2, 2, 2, 3, 3, 3, 3, 3, 2, 3, 2, 3, 3, 3, 3, 3, 3, 3, 3, 2, 3, 3, 3, 3, 3, 3, 2, 3, 2, 2, 3, 2, 3, 3, 3, 3, 3, 3, 3, 3, 3, 3, 3, 3, 3, 3, 3, 3, 2, 2, 2, 3, 2, 2, 3, 3, 2, 3, 3, 3, 3, 2, 3, 3, 2, 3, 3, 2, 2, 3, 3, 3, 3, 3, 3, 3, 3, 2, 3, 2, 3, 3, 2, 3, 2, 3, 3, 3, 3, 3, 3, 3, 3, 3, 3, 3, 3, 3, 3, 2, 3, 3, 3, 3, 3, 3, 3, 3, 3, 3, 3, 3, 3, 3, 3, 3, 3, 3, 3, 3, 3, 3, 3, 3, 3, 3]
TimeCharterCost: [120000, 125000, 130000, 110000, 104000]
RequiredVisits: [6, 5, 5, 5, 2, 2, 5, 6, 6, 1]
NumberOfDaysAvailable: [7, 7, 7, 7, 7]
DepotCapacity: [3, 3, 3, 3, 3, 3, 3]
