!Summary:
!Execution time: 0,57 seconds
!Total # voyages: 868 (492 unique)
!Number of installations (excluding depot): 9
!Number of time windows: 2
!Number of vessels: 5

!Min. # installations: 1
!Max. number of installations: 8
!Min. duration: 56
!Max. duration: 80

!Name: FarStar	 # voyages: 192
!Name: FarSymphony	 # voyages: 194
!Name: FarSearcher	 # voyages: 152
!Name: FarSeeker	 # voyages: 152
!Name: HavilaForesight	 # voyages: 178
!------------------------------------------------------------------------------------------------------------------------
nV : 5
nR : 492
nN : 9
nT : 7
minL : 2
maxL : 3

! Sets: 
Rv : [
[248, 254, 259, 260, 261, 264, 266, 267, 269, 271, 274, 276, 277, 278, 279, 280, 286, 287, 288, 292, 293, 294, 299, 304, 310, 314, 317, 322, 325, 328, 331, 333, 334, 335, 336, 340, 341, 342, 352, 353, 354, 355, 356, 357, 358, 359, 360, 365, 366, 367, 368, 371, 373, 376, 378, 379, 380, 381, 382, 384, 385, 386, 387, 388, 389, 390, 391, 392, 393, 395, 396, 397, 398, 399, 401, 402, 403, 404, 405, 406, 407, 408, 409, 410, 412, 413, 417, 419, 420, 421, 423, 424, 425, 426, 427, 429, 430, 433, 434, 435, 437, 439, 440, 442, 443, 444, 445, 446, 447, 448, 449, 450, 451, 452, 453, 454, 456, 457, 458, 459, 460, 462, 463, 464, 465, 466, 467, 468, 469, 470, 471, 472, 473, 474, 475, 476, 477, 478, 479, 480, 481, 482, 483, 484, 485, 486, 487, 488, 489, 490, 491, 492]!Vessel: FarSeeker
[248, 254, 259, 260, 261, 264, 266, 267, 269, 271, 274, 276, 277, 278, 279, 280, 286, 287, 288, 292, 293, 294, 299, 304, 310, 314, 317, 322, 325, 328, 331, 333, 334, 335, 336, 340, 341, 342, 352, 353, 354, 355, 356, 357, 358, 359, 360, 365, 366, 367, 368, 371, 373, 376, 378, 379, 380, 381, 382, 384, 385, 386, 387, 388, 389, 390, 391, 392, 393, 395, 396, 397, 398, 399, 401, 402, 403, 404, 405, 406, 407, 408, 409, 410, 412, 413, 417, 419, 420, 421, 423, 424, 425, 426, 427, 429, 430, 433, 434, 435, 437, 439, 440, 442, 443, 444, 445, 446, 447, 448, 449, 450, 451, 452, 453, 454, 456, 457, 458, 459, 460, 462, 463, 464, 465, 466, 467, 468, 469, 470, 471, 472, 473, 474, 475, 476, 477, 478, 479, 480, 481, 482, 483, 484, 485, 486, 487, 488, 489, 490, 491, 492]!Vessel: FarSearcher
[131, 134, 135, 144, 146, 149, 153, 157, 158, 159, 162, 168, 179, 180, 181, 191, 195, 198, 201, 205, 206, 208, 210, 211, 216, 217, 245, 247, 248, 249, 250, 252, 254, 258, 259, 260, 261, 262, 263, 264, 265, 266, 267, 268, 269, 271, 272, 273, 274, 276, 277, 278, 279, 280, 282, 284, 285, 286, 287, 288, 290, 292, 293, 294, 295, 298, 299, 304, 309, 310, 313, 314, 316, 317, 320, 322, 324, 325, 327, 328, 329, 331, 333, 334, 335, 336, 337, 338, 339, 340, 341, 342, 344, 347, 349, 352, 353, 354, 355, 356, 357, 358, 359, 360, 361, 363, 365, 366, 367, 368, 370, 371, 373, 374, 376, 377, 378, 381, 383, 384, 386, 387, 390, 391, 394, 396, 397, 398, 399, 400, 401, 402, 403, 404, 405, 406, 407, 408, 409, 411, 413, 414, 415, 416, 417, 418, 419, 420, 422, 423, 424, 425, 427, 428, 429, 430, 431, 432, 434, 435, 436, 438, 439, 440, 441, 442, 443, 444, 445, 446, 447, 448, 449, 450, 451, 452, 453, 454, 455, 456, 457, 458, 459, 460, 461, 462, 463, 465, 467, 476, 480, 481, 482, 489]!Vessel: FarSymphony
[134, 135, 157, 159, 181, 195, 201, 247, 248, 249, 254, 259, 260, 261, 263, 264, 266, 267, 268, 269, 271, 273, 274, 276, 277, 278, 279, 280, 285, 286, 287, 288, 290, 292, 293, 294, 299, 304, 310, 314, 317, 322, 325, 327, 328, 331, 333, 334, 335, 336, 338, 339, 340, 341, 342, 344, 347, 349, 352, 353, 354, 355, 356, 357, 358, 359, 360, 361, 363, 365, 366, 367, 368, 371, 373, 374, 376, 377, 378, 379, 380, 381, 382, 383, 384, 385, 386, 387, 388, 389, 390, 391, 392, 393, 394, 395, 396, 397, 398, 399, 401, 402, 403, 404, 405, 406, 407, 408, 409, 410, 411, 412, 413, 414, 415, 417, 418, 419, 420, 421, 423, 424, 425, 426, 427, 428, 429, 430, 432, 433, 434, 435, 436, 437, 438, 439, 440, 442, 443, 444, 445, 446, 447, 448, 449, 450, 451, 452, 453, 454, 456, 457, 458, 459, 460, 461, 462, 463, 465, 466, 467, 468, 469, 470, 471, 472, 473, 476, 478, 480, 481, 482, 484, 487, 489, 490, 491, 492]!Vessel: HavilaForesight
[131, 134, 135, 144, 146, 147, 149, 153, 157, 158, 159, 162, 166, 168, 179, 180, 181, 191, 195, 198, 201, 204, 205, 206, 208, 210, 211, 216, 217, 222, 223, 225, 227, 233, 234, 235, 236, 243, 245, 247, 248, 249, 250, 252, 254, 255, 258, 259, 260, 261, 262, 263, 265, 266, 267, 268, 269, 271, 272, 273, 274, 276, 277, 278, 279, 280, 282, 284, 285, 286, 287, 288, 290, 292, 293, 294, 295, 298, 299, 300, 302, 304, 305, 306, 307, 309, 310, 311, 313, 314, 316, 317, 318, 320, 322, 324, 325, 326, 327, 328, 329, 330, 331, 333, 334, 335, 336, 337, 338, 339, 340, 341, 342, 344, 347, 349, 352, 353, 354, 355, 356, 357, 358, 359, 360, 361, 363, 365, 366, 367, 368, 369, 370, 371, 372, 373, 374, 375, 376, 377, 378, 381, 383, 384, 386, 387, 390, 391, 394, 399, 400, 401, 402, 403, 405, 407, 408, 411, 413, 414, 415, 416, 417, 418, 422, 423, 424, 425, 427, 428, 431, 432, 434, 436, 438, 440, 441, 447, 451, 452, 454, 455, 456, 458, 460, 461, 463, 467, 476, 481, 482, 489]!Vessel: FarStar
] 

Rvi : [
!i : 1, 2, 3, 4, 5, 6, 7, 8, 9
[254, 259, 260, 261, 266, 276, 277, 280, 292, 293, 294, 299, 310, 314, 317, 333, 334, 335, 340, 341, 342, 354, 356, 357, 371, 373, 379, 380, 381, 382, 384, 387, 392, 395, 396, 397, 398, 399, 403, 405, 407, 408, 410, 412, 413, 417, 419, 420, 421, 423, 424, 425, 426, 427, 429, 430, 439, 440, 442, 443, 445, 447, 448, 450, 451, 452, 454, 458, 460, 463, 465, 468, 469, 470, 471, 472, 473, 474, 475, 476, 477, 478, 479, 480, 481, 482, 483, 484, 488, 489, 490, 492], [254, 259, 260, 261, 264, 266, 267, 269, 271, 274, 276, 277, 278, 279, 280, 286, 287, 288, 292, 293, 294, 328, 352, 353, 354, 355, 373, 376, 378, 379, 380, 381, 382, 384, 385, 386, 387, 388, 389, 390, 391, 392, 393, 395, 396, 397, 398, 399, 401, 402, 403, 404, 405, 406, 407, 408, 409, 410, 413, 417, 426, 427, 434, 437, 443, 444, 445, 446, 447, 448, 449, 460, 462, 463, 464, 465, 466, 467, 468, 469, 470, 471, 472, 473, 474, 476, 477, 480, 482, 483, 485, 487, 488, 489, 491, 492], [248, 254, 259, 260, 261, 264, 266, 267, 269, 271, 274, 286, 299, 304, 310, 322, 325, 333, 334, 335, 336, 352, 353, 356, 357, 358, 359, 360, 365, 366, 371, 378, 379, 380, 381, 382, 384, 385, 386, 387, 388, 389, 390, 391, 392, 393, 395, 396, 403, 404, 406, 412, 413, 417, 419, 420, 421, 423, 424, 433, 434, 435, 439, 442, 443, 444, 445, 446, 450, 451, 452, 453, 454, 456, 457, 460, 462, 463, 464, 465, 466, 467, 468, 469, 470, 474, 475, 476, 477, 478, 479, 480, 481, 485, 486, 488, 489, 490, 491, 492], [248, 259, 264, 267, 274, 276, 278, 280, 287, 293, 299, 304, 310, 314, 317, 322, 325, 328, 331, 333, 340, 342, 352, 354, 355, 356, 358, 360, 365, 367, 368, 376, 379, 380, 384, 385, 386, 387, 388, 389, 390, 395, 398, 401, 406, 407, 409, 410, 412, 413, 417, 419, 420, 421, 423, 424, 425, 426, 427, 429, 430, 433, 434, 435, 437, 443, 444, 446, 447, 448, 449, 450, 451, 453, 456, 458, 459, 463, 464, 465, 466, 467, 469, 471, 473, 474, 475, 476, 477, 478, 479, 480, 481, 482, 483, 484, 485, 486, 487, 492], [266, 267, 269, 271, 276, 277, 278, 279, 286, 287, 288, 294, 310, 314, 317, 322, 325, 328, 331, 335, 336, 341, 358, 359, 368, 371, 379, 387, 388, 389, 390, 391, 392, 393, 396, 397, 398, 399, 401, 402, 403, 404, 405, 417, 419, 420, 421, 423, 424, 425, 426, 427, 429, 430, 433, 434, 435, 437, 439, 440, 442, 446, 447, 449, 454, 456, 457, 459, 460, 465, 466, 467, 468, 471, 472, 476, 477, 478, 479, 480, 481, 482, 483, 484, 485, 486, 487, 488, 489, 490, 491, 492], [248, 254, 259, 260, 261, 264, 266, 267, 269, 271, 274, 276, 277, 278, 279, 280, 286, 287, 288, 292, 293, 294, 299, 304, 310, 314, 317, 322, 325, 328, 331, 333, 334, 335, 336, 340, 341, 342, 352, 353, 354, 355, 356, 357, 358, 359, 360, 365, 366, 367, 368, 371, 373, 376, 378, 379, 380, 381, 382, 385, 388, 389, 391, 392, 393, 395, 396, 397, 398, 399, 401, 402, 403, 404, 405, 406, 407, 408, 409, 410, 412, 419, 420, 421, 425, 426, 429, 430, 433, 435, 437, 439, 440, 442, 443, 444, 445, 446, 447, 448, 449, 450, 451, 452, 453, 454, 456, 457, 458, 459, 462, 464, 466, 468, 469, 470, 471, 472, 473, 474, 475, 477, 478, 479, 483, 484, 485, 486, 487, 488, 490, 491], [260, 269, 274, 277, 278, 279, 280, 292, 304, 314, 322, 331, 333, 334, 335, 336, 340, 341, 365, 366, 367, 376, 378, 381, 382, 384, 385, 386, 388, 390, 391, 393, 395, 396, 397, 398, 399, 401, 402, 406, 407, 408, 409, 410, 412, 417, 419, 423, 425, 427, 429, 433, 437, 439, 440, 451, 452, 453, 454, 456, 457, 458, 459, 460, 462, 463, 464, 465, 466, 467, 468, 469, 470, 471, 472, 473, 475, 476, 478, 481, 482, 484, 486, 487, 489, 490, 491, 492], [254, 286, 287, 288, 342, 352, 353, 354, 355, 356, 357, 358, 359, 360, 365, 366, 367, 368, 373, 381, 386, 391, 399, 401, 402, 403, 404, 405, 406, 407, 408, 409, 413, 420, 424, 425, 430, 434, 435, 440, 442, 443, 444, 445, 446, 447, 448, 449, 450, 451, 452, 453, 454, 456, 457, 458, 459, 462, 463, 464, 466, 467, 468, 469, 470, 471, 472, 473, 474, 475, 476, 477, 478, 479, 480, 481, 482, 483, 484, 485, 486, 487, 488, 489, 490, 491, 492], [248, 261, 264, 271, 279, 288, 292, 293, 294, 299, 304, 317, 325, 328, 331, 334, 336, 340, 341, 342, 353, 355, 357, 359, 360, 366, 367, 368, 371, 373, 376, 378, 380, 382, 384, 385, 386, 387, 389, 390, 392, 393, 397, 402, 404, 405, 408, 409, 410, 412, 413, 421, 423, 424, 426, 427, 429, 430, 433, 434, 435, 437, 439, 440, 442, 444, 445, 448, 449, 450, 452, 453, 457, 458, 459, 460, 462, 463, 464, 465, 467, 470, 472, 473, 474, 475, 479, 480, 481, 482, 483, 484, 485, 486, 487, 488, 489, 490, 491, 492]!Vessel: FarSeeker
[254, 259, 260, 261, 266, 276, 277, 280, 292, 293, 294, 299, 310, 314, 317, 333, 334, 335, 340, 341, 342, 354, 356, 357, 371, 373, 379, 380, 381, 382, 384, 387, 392, 395, 396, 397, 398, 399, 403, 405, 407, 408, 410, 412, 413, 417, 419, 420, 421, 423, 424, 425, 426, 427, 429, 430, 439, 440, 442, 443, 445, 447, 448, 450, 451, 452, 454, 458, 460, 463, 465, 468, 469, 470, 471, 472, 473, 474, 475, 476, 477, 478, 479, 480, 481, 482, 483, 484, 488, 489, 490, 492], [254, 259, 260, 261, 264, 266, 267, 269, 271, 274, 276, 277, 278, 279, 280, 286, 287, 288, 292, 293, 294, 328, 352, 353, 354, 355, 373, 376, 378, 379, 380, 381, 382, 384, 385, 386, 387, 388, 389, 390, 391, 392, 393, 395, 396, 397, 398, 399, 401, 402, 403, 404, 405, 406, 407, 408, 409, 410, 413, 417, 426, 427, 434, 437, 443, 444, 445, 446, 447, 448, 449, 460, 462, 463, 464, 465, 466, 467, 468, 469, 470, 471, 472, 473, 474, 476, 477, 480, 482, 483, 485, 487, 488, 489, 491, 492], [248, 254, 259, 260, 261, 264, 266, 267, 269, 271, 274, 286, 299, 304, 310, 322, 325, 333, 334, 335, 336, 352, 353, 356, 357, 358, 359, 360, 365, 366, 371, 378, 379, 380, 381, 382, 384, 385, 386, 387, 388, 389, 390, 391, 392, 393, 395, 396, 403, 404, 406, 412, 413, 417, 419, 420, 421, 423, 424, 433, 434, 435, 439, 442, 443, 444, 445, 446, 450, 451, 452, 453, 454, 456, 457, 460, 462, 463, 464, 465, 466, 467, 468, 469, 470, 474, 475, 476, 477, 478, 479, 480, 481, 485, 486, 488, 489, 490, 491, 492], [248, 259, 264, 267, 274, 276, 278, 280, 287, 293, 299, 304, 310, 314, 317, 322, 325, 328, 331, 333, 340, 342, 352, 354, 355, 356, 358, 360, 365, 367, 368, 376, 379, 380, 384, 385, 386, 387, 388, 389, 390, 395, 398, 401, 406, 407, 409, 410, 412, 413, 417, 419, 420, 421, 423, 424, 425, 426, 427, 429, 430, 433, 434, 435, 437, 443, 444, 446, 447, 448, 449, 450, 451, 453, 456, 458, 459, 463, 464, 465, 466, 467, 469, 471, 473, 474, 475, 476, 477, 478, 479, 480, 481, 482, 483, 484, 485, 486, 487, 492], [266, 267, 269, 271, 276, 277, 278, 279, 286, 287, 288, 294, 310, 314, 317, 322, 325, 328, 331, 335, 336, 341, 358, 359, 368, 371, 379, 387, 388, 389, 390, 391, 392, 393, 396, 397, 398, 399, 401, 402, 403, 404, 405, 417, 419, 420, 421, 423, 424, 425, 426, 427, 429, 430, 433, 434, 435, 437, 439, 440, 442, 446, 447, 449, 454, 456, 457, 459, 460, 465, 466, 467, 468, 471, 472, 476, 477, 478, 479, 480, 481, 482, 483, 484, 485, 486, 487, 488, 489, 490, 491, 492], [248, 254, 259, 260, 261, 264, 266, 267, 269, 271, 274, 276, 277, 278, 279, 280, 286, 287, 288, 292, 293, 294, 299, 304, 310, 314, 317, 322, 325, 328, 331, 333, 334, 335, 336, 340, 341, 342, 352, 353, 354, 355, 356, 357, 358, 359, 360, 365, 366, 367, 368, 371, 373, 376, 378, 379, 380, 381, 382, 385, 388, 389, 391, 392, 393, 395, 396, 397, 398, 399, 401, 402, 403, 404, 405, 406, 407, 408, 409, 410, 412, 419, 420, 421, 425, 426, 429, 430, 433, 435, 437, 439, 440, 442, 443, 444, 445, 446, 447, 448, 449, 450, 451, 452, 453, 454, 456, 457, 458, 459, 462, 464, 466, 468, 469, 470, 471, 472, 473, 474, 475, 477, 478, 479, 483, 484, 485, 486, 487, 488, 490, 491], [260, 269, 274, 277, 278, 279, 280, 292, 304, 314, 322, 331, 333, 334, 335, 336, 340, 341, 365, 366, 367, 376, 378, 381, 382, 384, 385, 386, 388, 390, 391, 393, 395, 396, 397, 398, 399, 401, 402, 406, 407, 408, 409, 410, 412, 417, 419, 423, 425, 427, 429, 433, 437, 439, 440, 451, 452, 453, 454, 456, 457, 458, 459, 460, 462, 463, 464, 465, 466, 467, 468, 469, 470, 471, 472, 473, 475, 476, 478, 481, 482, 484, 486, 487, 489, 490, 491, 492], [254, 286, 287, 288, 342, 352, 353, 354, 355, 356, 357, 358, 359, 360, 365, 366, 367, 368, 373, 381, 386, 391, 399, 401, 402, 403, 404, 405, 406, 407, 408, 409, 413, 420, 424, 425, 430, 434, 435, 440, 442, 443, 444, 445, 446, 447, 448, 449, 450, 451, 452, 453, 454, 456, 457, 458, 459, 462, 463, 464, 466, 467, 468, 469, 470, 471, 472, 473, 474, 475, 476, 477, 478, 479, 480, 481, 482, 483, 484, 485, 486, 487, 488, 489, 490, 491, 492], [248, 261, 264, 271, 279, 288, 292, 293, 294, 299, 304, 317, 325, 328, 331, 334, 336, 340, 341, 342, 353, 355, 357, 359, 360, 366, 367, 368, 371, 373, 376, 378, 380, 382, 384, 385, 386, 387, 389, 390, 392, 393, 397, 402, 404, 405, 408, 409, 410, 412, 413, 421, 423, 424, 426, 427, 429, 430, 433, 434, 435, 437, 439, 440, 442, 444, 445, 448, 449, 450, 452, 453, 457, 458, 459, 460, 462, 463, 464, 465, 467, 470, 472, 473, 474, 475, 479, 480, 481, 482, 483, 484, 485, 486, 487, 488, 489, 490, 491, 492]!Vessel: FarSearcher
[131, 134, 135, 144, 146, 149, 179, 191, 205, 206, 216, 245, 247, 254, 258, 259, 260, 261, 262, 263, 266, 276, 277, 280, 284, 285, 292, 293, 294, 295, 298, 299, 309, 310, 313, 314, 316, 317, 333, 334, 335, 337, 338, 340, 341, 342, 344, 347, 349, 354, 356, 357, 361, 370, 371, 373, 374, 381, 383, 384, 387, 396, 397, 398, 399, 400, 403, 405, 407, 408, 411, 413, 414, 415, 416, 417, 418, 419, 420, 422, 423, 424, 425, 427, 428, 429, 430, 431, 439, 440, 441, 442, 443, 445, 447, 448, 450, 451, 452, 454, 455, 458, 460, 461, 463, 465, 476, 480, 481, 482, 489], [144, 146, 149, 153, 157, 158, 159, 162, 168, 179, 180, 181, 250, 254, 258, 259, 260, 261, 262, 263, 264, 265, 266, 267, 268, 269, 271, 272, 273, 274, 276, 277, 278, 279, 280, 282, 284, 285, 286, 287, 288, 290, 292, 293, 294, 295, 309, 316, 320, 328, 329, 352, 353, 354, 355, 370, 373, 376, 377, 378, 381, 383, 384, 386, 387, 390, 391, 394, 396, 397, 398, 399, 400, 401, 402, 403, 404, 405, 406, 407, 408, 409, 411, 413, 415, 416, 417, 418, 427, 428, 432, 434, 438, 441, 443, 444, 445, 446, 447, 448, 449, 460, 461, 462, 463, 465, 467, 476, 480, 482, 489], [131, 134, 135, 149, 153, 157, 158, 159, 195, 206, 208, 210, 211, 248, 249, 254, 259, 260, 261, 262, 263, 264, 265, 266, 267, 268, 269, 271, 272, 273, 274, 286, 295, 298, 299, 304, 309, 310, 313, 320, 322, 324, 325, 333, 334, 335, 336, 344, 352, 353, 356, 357, 358, 359, 360, 361, 363, 365, 366, 370, 371, 378, 381, 383, 384, 386, 387, 390, 391, 394, 396, 403, 404, 406, 411, 413, 414, 417, 418, 419, 420, 422, 423, 424, 432, 434, 435, 436, 439, 441, 442, 443, 444, 445, 446, 450, 451, 452, 453, 454, 455, 456, 457, 460, 461, 462, 463, 465, 467, 476, 480, 481, 489], [134, 146, 157, 162, 168, 181, 191, 195, 198, 201, 205, 210, 247, 248, 252, 259, 263, 264, 265, 267, 268, 274, 276, 278, 280, 284, 287, 290, 293, 295, 298, 299, 304, 309, 310, 313, 314, 316, 317, 320, 322, 324, 325, 327, 328, 329, 331, 333, 338, 340, 342, 347, 352, 354, 355, 356, 358, 360, 365, 367, 368, 376, 384, 386, 387, 390, 398, 401, 406, 407, 409, 411, 413, 414, 415, 416, 417, 418, 419, 420, 422, 423, 424, 425, 427, 428, 429, 430, 431, 432, 434, 435, 436, 438, 443, 444, 446, 447, 448, 449, 450, 451, 453, 456, 458, 459, 463, 465, 467, 476, 480, 481, 482], [131, 144, 153, 162, 180, 191, 195, 198, 201, 208, 217, 245, 249, 266, 267, 268, 269, 271, 272, 276, 277, 278, 279, 282, 285, 286, 287, 288, 294, 309, 310, 313, 314, 316, 317, 320, 322, 324, 325, 327, 328, 329, 331, 335, 336, 337, 339, 341, 344, 347, 349, 358, 359, 363, 368, 370, 371, 387, 390, 391, 394, 396, 397, 398, 399, 400, 401, 402, 403, 404, 405, 416, 417, 418, 419, 420, 422, 423, 424, 425, 427, 428, 429, 430, 431, 432, 434, 435, 436, 438, 439, 440, 441, 442, 446, 447, 449, 454, 455, 456, 457, 459, 460, 461, 465, 467, 476, 480, 481, 482, 489], [131, 134, 135, 144, 146, 149, 153, 157, 158, 159, 162, 168, 179, 180, 181, 191, 195, 198, 201, 205, 206, 208, 210, 211, 216, 217, 245, 247, 248, 249, 250, 252, 254, 258, 259, 260, 261, 264, 266, 267, 269, 271, 273, 274, 276, 277, 278, 279, 280, 282, 285, 286, 287, 288, 290, 292, 293, 294, 299, 304, 310, 314, 317, 322, 325, 327, 328, 331, 333, 334, 335, 336, 337, 338, 339, 340, 341, 342, 344, 347, 349, 352, 353, 354, 355, 356, 357, 358, 359, 360, 361, 363, 365, 366, 367, 368, 371, 373, 374, 376, 377, 378, 381, 391, 396, 397, 398, 399, 401, 402, 403, 404, 405, 406, 407, 408, 409, 419, 420, 425, 429, 430, 435, 439, 440, 442, 443, 444, 445, 446, 447, 448, 449, 450, 451, 452, 453, 454, 456, 457, 458, 459, 462], [158, 168, 198, 205, 206, 208, 210, 211, 216, 217, 250, 252, 258, 260, 262, 265, 269, 272, 273, 274, 277, 278, 279, 280, 282, 284, 290, 292, 295, 298, 304, 314, 320, 322, 324, 327, 329, 331, 333, 334, 335, 336, 337, 338, 339, 340, 341, 361, 363, 365, 366, 367, 374, 376, 377, 378, 381, 383, 384, 386, 390, 391, 394, 396, 397, 398, 399, 400, 401, 402, 406, 407, 408, 409, 411, 414, 415, 416, 417, 419, 422, 423, 425, 427, 429, 431, 432, 436, 438, 439, 440, 441, 451, 452, 453, 454, 455, 456, 457, 458, 459, 460, 462, 463, 465, 467, 476, 481, 482, 489], [254, 258, 273, 282, 285, 286, 287, 288, 290, 327, 337, 338, 339, 342, 344, 347, 349, 352, 353, 354, 355, 356, 357, 358, 359, 360, 361, 363, 365, 366, 367, 368, 373, 374, 377, 381, 383, 386, 391, 394, 399, 400, 401, 402, 403, 404, 405, 406, 407, 408, 409, 411, 413, 414, 415, 416, 418, 420, 422, 424, 425, 428, 430, 431, 432, 434, 435, 436, 438, 440, 441, 442, 443, 444, 445, 446, 447, 448, 449, 450, 451, 452, 453, 454, 455, 456, 457, 458, 459, 461, 462, 463, 467, 476, 480, 481, 482, 489], [135, 159, 179, 180, 181, 201, 211, 216, 217, 245, 247, 248, 249, 250, 252, 261, 262, 263, 264, 265, 268, 271, 272, 279, 284, 288, 292, 293, 294, 298, 299, 304, 313, 316, 317, 324, 325, 328, 329, 331, 334, 336, 339, 340, 341, 342, 349, 353, 355, 357, 359, 360, 366, 367, 368, 370, 371, 373, 374, 376, 377, 378, 383, 384, 386, 387, 390, 394, 397, 400, 402, 404, 405, 408, 409, 413, 414, 415, 423, 424, 427, 428, 429, 430, 431, 434, 435, 436, 438, 439, 440, 442, 444, 445, 448, 449, 450, 452, 453, 455, 457, 458, 459, 460, 461, 462, 463, 465, 467, 480, 481, 482, 489]!Vessel: FarSymphony
[134, 135, 247, 254, 259, 260, 261, 263, 266, 276, 277, 280, 285, 292, 293, 294, 299, 310, 314, 317, 333, 334, 335, 338, 340, 341, 342, 344, 347, 349, 354, 356, 357, 361, 371, 373, 374, 379, 380, 381, 382, 383, 384, 387, 392, 395, 396, 397, 398, 399, 403, 405, 407, 408, 410, 411, 412, 413, 414, 415, 417, 418, 419, 420, 421, 423, 424, 425, 426, 427, 428, 429, 430, 439, 440, 442, 443, 445, 447, 448, 450, 451, 452, 454, 458, 460, 461, 463, 465, 468, 469, 470, 471, 472, 473, 476, 478, 480, 481, 482, 484, 489, 490, 492], [157, 159, 181, 254, 259, 260, 261, 263, 264, 266, 267, 268, 269, 271, 273, 274, 276, 277, 278, 279, 280, 285, 286, 287, 288, 290, 292, 293, 294, 328, 352, 353, 354, 355, 373, 376, 377, 378, 379, 380, 381, 382, 383, 384, 385, 386, 387, 388, 389, 390, 391, 392, 393, 394, 395, 396, 397, 398, 399, 401, 402, 403, 404, 405, 406, 407, 408, 409, 410, 411, 413, 415, 417, 418, 426, 427, 428, 432, 434, 437, 438, 443, 444, 445, 446, 447, 448, 449, 460, 461, 462, 463, 465, 466, 467, 468, 469, 470, 471, 472, 473, 476, 480, 482, 487, 489, 491, 492], [134, 135, 157, 159, 195, 248, 249, 254, 259, 260, 261, 263, 264, 266, 267, 268, 269, 271, 273, 274, 286, 299, 304, 310, 322, 325, 333, 334, 335, 336, 344, 352, 353, 356, 357, 358, 359, 360, 361, 363, 365, 366, 371, 378, 379, 380, 381, 382, 383, 384, 385, 386, 387, 388, 389, 390, 391, 392, 393, 394, 395, 396, 403, 404, 406, 411, 412, 413, 414, 417, 418, 419, 420, 421, 423, 424, 432, 433, 434, 435, 436, 439, 442, 443, 444, 445, 446, 450, 451, 452, 453, 454, 456, 457, 460, 461, 462, 463, 465, 466, 467, 468, 469, 470, 476, 478, 480, 481, 489, 490, 491, 492], [134, 157, 181, 195, 201, 247, 248, 259, 263, 264, 267, 268, 274, 276, 278, 280, 287, 290, 293, 299, 304, 310, 314, 317, 322, 325, 327, 328, 331, 333, 338, 340, 342, 347, 352, 354, 355, 356, 358, 360, 365, 367, 368, 376, 379, 380, 384, 385, 386, 387, 388, 389, 390, 395, 398, 401, 406, 407, 409, 410, 411, 412, 413, 414, 415, 417, 418, 419, 420, 421, 423, 424, 425, 426, 427, 428, 429, 430, 432, 433, 434, 435, 436, 437, 438, 443, 444, 446, 447, 448, 449, 450, 451, 453, 456, 458, 459, 463, 465, 466, 467, 469, 471, 473, 476, 478, 480, 481, 482, 484, 487, 492], [195, 201, 249, 266, 267, 268, 269, 271, 276, 277, 278, 279, 285, 286, 287, 288, 294, 310, 314, 317, 322, 325, 327, 328, 331, 335, 336, 339, 341, 344, 347, 349, 358, 359, 363, 368, 371, 379, 387, 388, 389, 390, 391, 392, 393, 394, 396, 397, 398, 399, 401, 402, 403, 404, 405, 417, 418, 419, 420, 421, 423, 424, 425, 426, 427, 428, 429, 430, 432, 433, 434, 435, 436, 437, 438, 439, 440, 442, 446, 447, 449, 454, 456, 457, 459, 460, 461, 465, 466, 467, 468, 471, 472, 476, 478, 480, 481, 482, 484, 487, 489, 490, 491, 492], [134, 135, 157, 159, 181, 195, 201, 247, 248, 249, 254, 259, 260, 261, 264, 266, 267, 269, 271, 273, 274, 276, 277, 278, 279, 280, 285, 286, 287, 288, 290, 292, 293, 294, 299, 304, 310, 314, 317, 322, 325, 327, 328, 331, 333, 334, 335, 336, 338, 339, 340, 341, 342, 344, 347, 349, 352, 353, 354, 355, 356, 357, 358, 359, 360, 361, 363, 365, 366, 367, 368, 371, 373, 374, 376, 377, 378, 379, 380, 381, 382, 385, 388, 389, 391, 392, 393, 395, 396, 397, 398, 399, 401, 402, 403, 404, 405, 406, 407, 408, 409, 410, 412, 419, 420, 421, 425, 426, 429, 430, 433, 435, 437, 439, 440, 442, 443, 444, 445, 446, 447, 448, 449, 450, 451, 452, 453, 454, 456, 457, 458, 459, 462, 466, 468, 469, 470, 471, 472, 473, 478, 484, 487, 490, 491], [260, 269, 273, 274, 277, 278, 279, 280, 290, 292, 304, 314, 322, 327, 331, 333, 334, 335, 336, 338, 339, 340, 341, 361, 363, 365, 366, 367, 374, 376, 377, 378, 381, 382, 383, 384, 385, 386, 388, 390, 391, 393, 394, 395, 396, 397, 398, 399, 401, 402, 406, 407, 408, 409, 410, 411, 412, 414, 415, 417, 419, 423, 425, 427, 429, 432, 433, 436, 437, 438, 439, 440, 451, 452, 453, 454, 456, 457, 458, 459, 460, 462, 463, 465, 466, 467, 468, 469, 470, 471, 472, 473, 476, 478, 481, 482, 484, 487, 489, 490, 491, 492], [254, 273, 285, 286, 287, 288, 290, 327, 338, 339, 342, 344, 347, 349, 352, 353, 354, 355, 356, 357, 358, 359, 360, 361, 363, 365, 366, 367, 368, 373, 374, 377, 381, 383, 386, 391, 394, 399, 401, 402, 403, 404, 405, 406, 407, 408, 409, 411, 413, 414, 415, 418, 420, 424, 425, 428, 430, 432, 434, 435, 436, 438, 440, 442, 443, 444, 445, 446, 447, 448, 449, 450, 451, 452, 453, 454, 456, 457, 458, 459, 461, 462, 463, 466, 467, 468, 469, 470, 471, 472, 473, 476, 478, 480, 481, 482, 484, 487, 489, 490, 491, 492], [135, 159, 181, 201, 247, 248, 249, 261, 263, 264, 268, 271, 279, 288, 292, 293, 294, 299, 304, 317, 325, 328, 331, 334, 336, 339, 340, 341, 342, 349, 353, 355, 357, 359, 360, 366, 367, 368, 371, 373, 374, 376, 377, 378, 380, 382, 383, 384, 385, 386, 387, 389, 390, 392, 393, 394, 397, 402, 404, 405, 408, 409, 410, 412, 413, 414, 415, 421, 423, 424, 426, 427, 428, 429, 430, 433, 434, 435, 436, 437, 438, 439, 440, 442, 444, 445, 448, 449, 450, 452, 453, 457, 458, 459, 460, 461, 462, 463, 465, 467, 470, 472, 473, 480, 481, 482, 484, 487, 489, 490, 491, 492]!Vessel: HavilaForesight
[131, 134, 135, 144, 146, 147, 149, 179, 191, 204, 205, 206, 216, 222, 245, 247, 254, 255, 258, 259, 260, 261, 262, 263, 266, 276, 277, 280, 284, 285, 292, 293, 294, 295, 298, 299, 300, 302, 307, 309, 310, 311, 313, 314, 316, 317, 318, 333, 334, 335, 337, 338, 340, 341, 342, 344, 347, 349, 354, 356, 357, 361, 369, 370, 371, 372, 373, 374, 381, 383, 384, 387, 399, 400, 403, 405, 407, 408, 411, 413, 414, 415, 416, 417, 418, 422, 423, 424, 425, 427, 428, 431, 440, 441, 447, 451, 452, 454, 455, 458, 460, 461, 463, 476, 481, 482, 489], [144, 146, 147, 149, 153, 157, 158, 159, 162, 166, 168, 179, 180, 181, 223, 225, 227, 250, 254, 255, 258, 259, 260, 261, 262, 263, 265, 266, 267, 268, 269, 271, 272, 273, 274, 276, 277, 278, 279, 280, 282, 284, 285, 286, 287, 288, 290, 292, 293, 294, 295, 302, 305, 307, 309, 316, 320, 328, 329, 330, 352, 353, 354, 355, 369, 370, 373, 375, 376, 377, 378, 381, 383, 384, 386, 387, 390, 391, 394, 399, 400, 401, 402, 403, 405, 407, 408, 411, 413, 415, 416, 417, 418, 427, 428, 432, 434, 438, 441, 447, 460, 461, 463, 467, 476, 482, 489], [131, 134, 135, 149, 153, 157, 158, 159, 195, 206, 208, 210, 211, 223, 233, 234, 248, 249, 254, 255, 259, 260, 261, 262, 263, 265, 266, 267, 268, 269, 271, 272, 273, 274, 286, 295, 298, 299, 300, 304, 305, 306, 309, 310, 311, 313, 320, 322, 324, 325, 326, 333, 334, 335, 336, 344, 352, 353, 356, 357, 358, 359, 360, 361, 363, 365, 366, 370, 371, 372, 375, 378, 381, 383, 384, 386, 387, 390, 391, 394, 403, 411, 413, 414, 417, 418, 422, 423, 424, 432, 434, 436, 441, 451, 452, 454, 455, 456, 460, 461, 463, 467, 476, 481, 489], [134, 146, 157, 162, 168, 181, 191, 195, 198, 201, 205, 210, 225, 233, 235, 243, 247, 248, 252, 259, 263, 265, 267, 268, 274, 276, 278, 280, 284, 287, 290, 293, 295, 298, 299, 300, 302, 304, 305, 306, 307, 309, 310, 311, 313, 314, 316, 317, 318, 320, 322, 324, 325, 326, 327, 328, 329, 330, 331, 333, 338, 340, 342, 347, 352, 354, 355, 356, 358, 360, 365, 367, 368, 376, 384, 386, 387, 390, 401, 407, 411, 413, 414, 415, 416, 417, 418, 422, 423, 424, 425, 427, 428, 431, 432, 434, 436, 438, 447, 451, 456, 458, 463, 467, 476, 481, 482], [131, 144, 153, 162, 166, 180, 191, 195, 198, 201, 204, 208, 217, 235, 236, 245, 249, 255, 266, 267, 268, 269, 271, 272, 276, 277, 278, 279, 282, 285, 286, 287, 288, 294, 307, 309, 310, 311, 313, 314, 316, 317, 318, 320, 322, 324, 325, 326, 327, 328, 329, 330, 331, 335, 336, 337, 339, 341, 344, 347, 349, 358, 359, 363, 368, 369, 370, 371, 372, 375, 387, 390, 391, 394, 399, 400, 401, 402, 403, 405, 416, 417, 418, 422, 423, 424, 425, 427, 428, 431, 432, 434, 436, 438, 440, 441, 447, 454, 455, 456, 460, 461, 467, 476, 481, 482, 489], [131, 134, 135, 144, 146, 147, 149, 153, 157, 158, 159, 162, 166, 168, 179, 180, 181, 191, 195, 198, 201, 204, 205, 206, 208, 210, 211, 216, 217, 222, 223, 225, 227, 233, 234, 235, 236, 243, 245, 247, 248, 249, 250, 252, 254, 258, 259, 260, 261, 266, 267, 269, 271, 273, 274, 276, 277, 278, 279, 280, 282, 285, 286, 287, 288, 290, 292, 293, 294, 299, 304, 310, 314, 317, 322, 325, 327, 328, 331, 333, 334, 335, 336, 337, 338, 339, 340, 341, 342, 344, 347, 349, 352, 353, 354, 355, 356, 357, 358, 359, 360, 361, 363, 365, 366, 367, 368, 371, 373, 374, 376, 377, 378, 381, 391, 399, 401, 402, 403, 405, 407, 408, 425, 440, 447, 451, 452, 454, 456, 458], [147, 158, 166, 168, 198, 204, 205, 206, 208, 210, 211, 216, 217, 250, 252, 255, 258, 260, 262, 265, 269, 272, 273, 274, 277, 278, 279, 280, 282, 284, 290, 292, 295, 298, 304, 306, 307, 311, 314, 318, 320, 322, 324, 327, 329, 331, 333, 334, 335, 336, 337, 338, 339, 340, 341, 361, 363, 365, 366, 367, 369, 372, 374, 376, 377, 378, 381, 383, 384, 386, 390, 391, 394, 399, 400, 401, 402, 407, 408, 411, 414, 415, 416, 417, 422, 423, 425, 427, 431, 432, 436, 438, 440, 441, 451, 452, 454, 455, 456, 458, 460, 463, 467, 476, 481, 482, 489], [222, 223, 225, 227, 233, 234, 235, 236, 243, 254, 258, 273, 282, 285, 286, 287, 288, 290, 300, 302, 305, 306, 326, 327, 330, 337, 338, 339, 342, 344, 347, 349, 352, 353, 354, 355, 356, 357, 358, 359, 360, 361, 363, 365, 366, 367, 368, 373, 374, 375, 377, 381, 383, 386, 391, 394, 399, 400, 401, 402, 403, 405, 407, 408, 411, 413, 414, 415, 416, 418, 422, 424, 425, 428, 431, 432, 434, 436, 438, 440, 441, 447, 451, 452, 454, 455, 456, 458, 461, 463, 467, 476, 481, 482, 489], [135, 159, 179, 180, 181, 201, 211, 216, 217, 222, 227, 234, 236, 243, 245, 247, 248, 249, 250, 252, 261, 262, 263, 265, 268, 271, 272, 279, 284, 288, 292, 293, 294, 298, 299, 300, 302, 304, 305, 306, 313, 316, 317, 318, 324, 325, 326, 328, 329, 330, 331, 334, 336, 339, 340, 341, 342, 349, 353, 355, 357, 359, 360, 366, 367, 368, 369, 370, 371, 372, 373, 374, 375, 376, 377, 378, 383, 384, 386, 387, 390, 394, 400, 402, 405, 408, 413, 414, 415, 423, 424, 427, 428, 431, 434, 436, 438, 440, 452, 455, 458, 460, 461, 463, 467, 481, 482, 489]!Vessel: FarStar
] 

Rvl : [
!l : 2, 3
[254, 260, 261, 292, 334, 353, 357, 366, 373, 378, 381, 408], [248, 259, 264, 266, 267, 269, 271, 274, 276, 277, 278, 279, 280, 286, 287, 288, 293, 294, 299, 304, 310, 314, 317, 322, 325, 328, 331, 333, 335, 336, 340, 341, 342, 352, 354, 355, 356, 358, 359, 360, 365, 367, 368, 371, 376, 379, 380, 382, 384, 385, 386, 387, 388, 389, 390, 391, 392, 393, 395, 396, 397, 398, 399, 401, 402, 403, 404, 405, 406, 407, 409, 410, 412, 413, 417, 419, 420, 421, 423, 424, 425, 426, 427, 429, 430, 433, 434, 435, 437, 439, 440, 442, 443, 444, 445, 446, 447, 448, 449, 450, 451, 452, 453, 454, 456, 457, 458, 459, 460, 462, 463, 464, 465, 466, 467, 468, 469, 470, 471, 472, 473, 474, 475, 476, 477, 478, 479, 480, 481, 482, 483, 484, 485, 486, 487, 488, 489, 490, 491, 492]!Vessel: FarSeeker
[254, 260, 261, 292, 334, 353, 357, 366, 373, 378, 381, 408], [248, 259, 264, 266, 267, 269, 271, 274, 276, 277, 278, 279, 280, 286, 287, 288, 293, 294, 299, 304, 310, 314, 317, 322, 325, 328, 331, 333, 335, 336, 340, 341, 342, 352, 354, 355, 356, 358, 359, 360, 365, 367, 368, 371, 376, 379, 380, 382, 384, 385, 386, 387, 388, 389, 390, 391, 392, 393, 395, 396, 397, 398, 399, 401, 402, 403, 404, 405, 406, 407, 409, 410, 412, 413, 417, 419, 420, 421, 423, 424, 425, 426, 427, 429, 430, 433, 434, 435, 437, 439, 440, 442, 443, 444, 445, 446, 447, 448, 449, 450, 451, 452, 453, 454, 456, 457, 458, 459, 460, 462, 463, 464, 465, 466, 467, 468, 469, 470, 471, 472, 473, 474, 475, 476, 477, 478, 479, 480, 481, 482, 483, 484, 485, 486, 487, 488, 489, 490, 491, 492]!Vessel: FarSearcher
[135, 149, 158, 159, 179, 206, 211, 216, 250, 254, 258, 260, 261, 262, 273, 292, 334, 353, 357, 361, 366, 373, 374, 377, 378, 381, 383, 408], [131, 134, 144, 146, 153, 157, 162, 168, 180, 181, 191, 195, 198, 201, 205, 208, 210, 217, 245, 247, 248, 249, 252, 259, 263, 264, 265, 266, 267, 268, 269, 271, 272, 274, 276, 277, 278, 279, 280, 282, 284, 285, 286, 287, 288, 290, 293, 294, 295, 298, 299, 304, 309, 310, 313, 314, 316, 317, 320, 322, 324, 325, 327, 328, 329, 331, 333, 335, 336, 337, 338, 339, 340, 341, 342, 344, 347, 349, 352, 354, 355, 356, 358, 359, 360, 363, 365, 367, 368, 370, 371, 376, 384, 386, 387, 390, 391, 394, 396, 397, 398, 399, 400, 401, 402, 403, 404, 405, 406, 407, 409, 411, 413, 414, 415, 416, 417, 418, 419, 420, 422, 423, 424, 425, 427, 428, 429, 430, 431, 432, 434, 435, 436, 438, 439, 440, 441, 442, 443, 444, 445, 446, 447, 448, 449, 450, 451, 452, 453, 454, 455, 456, 457, 458, 459, 460, 461, 462, 463, 465, 467, 476, 480, 481, 482, 489]!Vessel: FarSymphony
[135, 159, 254, 260, 261, 273, 292, 334, 353, 357, 361, 366, 373, 374, 377, 378, 381, 383, 408], [134, 157, 181, 195, 201, 247, 248, 249, 259, 263, 264, 266, 267, 268, 269, 271, 274, 276, 277, 278, 279, 280, 285, 286, 287, 288, 290, 293, 294, 299, 304, 310, 314, 317, 322, 325, 327, 328, 331, 333, 335, 336, 338, 339, 340, 341, 342, 344, 347, 349, 352, 354, 355, 356, 358, 359, 360, 363, 365, 367, 368, 371, 376, 379, 380, 382, 384, 385, 386, 387, 388, 389, 390, 391, 392, 393, 394, 395, 396, 397, 398, 399, 401, 402, 403, 404, 405, 406, 407, 409, 410, 411, 412, 413, 414, 415, 417, 418, 419, 420, 421, 423, 424, 425, 426, 427, 428, 429, 430, 432, 433, 434, 435, 436, 437, 438, 439, 440, 442, 443, 444, 445, 446, 447, 448, 449, 450, 451, 452, 453, 454, 456, 457, 458, 459, 460, 461, 462, 463, 465, 466, 467, 468, 469, 470, 471, 472, 473, 476, 478, 480, 481, 482, 484, 487, 489, 490, 491, 492]!Vessel: HavilaForesight
[135, 147, 149, 158, 159, 179, 206, 211, 216, 222, 223, 227, 234, 250, 254, 258, 260, 261, 262, 273, 292, 334, 353, 357, 361, 366, 373, 374, 377, 378, 381, 383, 408], [131, 134, 144, 146, 153, 157, 162, 166, 168, 180, 181, 191, 195, 198, 201, 204, 205, 208, 210, 217, 225, 233, 235, 236, 243, 245, 247, 248, 249, 252, 255, 259, 263, 265, 266, 267, 268, 269, 271, 272, 274, 276, 277, 278, 279, 280, 282, 284, 285, 286, 287, 288, 290, 293, 294, 295, 298, 299, 300, 302, 304, 305, 306, 307, 309, 310, 311, 313, 314, 316, 317, 318, 320, 322, 324, 325, 326, 327, 328, 329, 330, 331, 333, 335, 336, 337, 338, 339, 340, 341, 342, 344, 347, 349, 352, 354, 355, 356, 358, 359, 360, 363, 365, 367, 368, 369, 370, 371, 372, 375, 376, 384, 386, 387, 390, 391, 394, 399, 400, 401, 402, 403, 405, 407, 411, 413, 414, 415, 416, 417, 418, 422, 423, 424, 425, 427, 428, 431, 432, 434, 436, 438, 440, 441, 447, 451, 452, 454, 455, 456, 458, 460, 461, 463, 467, 476, 481, 482, 489]!Vessel: FarStar
] 

minF : 2
maxF : 6
Nf : [
!f : 2, 3, 4, 5, 6
[5, 6], [], [], [2, 3, 4, 7], [1, 8, 9]
]

! Parameters
VoyageCost: [37970, 39085, 64838, 59991, 44841, 37570, 44429, 45544, 73722, 62814, 47265, 43726, 43120, 46453, 43120, 73722, 62814, 46053, 38879, 38273, 44029, 74837, 63929, 47265, 42418, 44235, 47568, 72716, 73019, 72413, 75746, 81805, 83017, 62414, 46053, 37570, 43326, 62414, 47265, 45144, 64838, 46053, 50186, 49580, 81296, 70389, 50392, 48877, 50695, 54028, 81599, 84629, 85441, 48877, 49580, 52913, 52210, 80181, 69274, 49277, 78872, 67965, 47968, 46453, 48271, 51604, 81599, 84629, 84229, 79478, 68571, 47265, 44029, 78872, 67965, 82205, 71298, 51301, 82714, 85744, 74837, 85441, 47568, 78872, 78169, 79987, 83320, 90895, 80896, 80290, 83623, 78169, 83320, 79478, 68571, 48574, 67262, 47265, 50901, 84229, 84229, 67262, 81502, 70595, 67965, 48477, 51604, 47265, 49180, 69080, 49083, 52719, 84229, 85441, 47265, 48477, 72413, 52416, 82205, 71298, 51301, 52416, 86047, 84229, 49786, 50598, 55337, 55337, 54731, 89174, 88471, 77963, 81296, 88568, 61299, 54028, 76848, 76146, 76848, 58670, 58064, 57361, 88059, 88471, 77454, 87453, 55034, 85332, 54428, 58064, 89780, 86750, 87259, 76146, 75540, 78872, 86144, 53725, 58876, 51604, 57361, 93319, 85938, 84629, 87356, 88471, 79478, 85441, 84629, 73722, 87962, 85332, 54428, 86750, 88471, 78872, 51301, 88665, 57761, 87259, 89477, 84629, 86447, 89780, 84629, 87962, 84023, 83320, 89077, 90895, 92107, 87356, 86750, 90083, 92107, 86047, 91198, 93319, 86047, 90083, 92107, 89380, 91198, 88471, 86750, 53725, 57361, 87259, 78169, 85441, 58173, 73722, 53725, 88471, 78169, 57058, 87259, 89780, 88471, 78872, 86653, 58876, 53119, 56755, 85441, 87356, 56452, 55543, 59179, 87865, 88471, 79987, 87259, 59991, 93319, 88471, 72413, 52416, 56052, 85441, 86653, 55749, 90592, 80181, 87259, 79478, 89477, 90592, 87259, 57058, 54937, 88774, 60487, 62002, 82605, 63820, 82605, 60184, 92604, 60184, 65335, 63820, 96239, 97051, 95536, 88471, 94022, 97657, 89683, 81296, 88471, 84629, 58876, 91901, 62511, 95330, 89683, 94627, 89683, 91901, 92507, 89683, 84629, 94421, 89683, 89683, 94531, 89683, 89780, 89477, 93113, 63517, 95936, 88471, 91089, 90483, 89780, 95536, 97051, 97354, 91089, 93816, 93113, 96348, 94930, 94228, 93816, 93210, 93210, 94022, 92507, 94325, 97657, 94627, 92507, 96542, 97354, 95839, 97657, 92507, 91901, 93319, 91198, 96954, 98469, 98772, 94531, 97354, 95839, 95233, 96651, 94531, 91901, 64632, 88471, 88471, 89683, 91901, 89683, 95233, 88471, 97051, 81999, 89683, 81296, 86447, 94531, 85332, 89683, 84629, 63214, 91295, 64026, 91901, 94627, 93719, 66450, 95137, 89683, 98166, 58876, 62511, 88471, 83320, 90592, 63323, 93925, 98469, 85938, 85332, 88471, 84629, 62911, 62208, 84023, 95233, 62208, 64632, 100481, 103511, 65335, 71092, 68971, 101996, 102808, 100687, 104117, 99778, 104929, 103414, 90895, 92604, 91901, 89780, 98360, 90895, 93210, 99984, 90895, 91089, 99778, 91901, 90895, 93719, 92604, 97051, 95936, 68668, 100384, 101693, 96239, 102808, 101390, 100687, 99572, 98966, 98966, 98360, 99778, 101596, 104929, 97657, 103414, 105232, 99778, 103814, 102299, 101693, 103111, 104929, 100990, 97657, 104226, 102808, 106044, 102105, 103111, 100990, 91901, 91901, 87756, 93719, 97754, 102202, 70486, 99984, 99984, 101087, 102505, 104626, 97051, 69783, 101499, 89683, 89780, 98469, 90592, 100384, 101802, 91089, 90483, 69783, 107147, 107959, 109874, 104929, 108565, 95027, 103511, 76243, 103814, 96348, 106844, 108662, 107959, 104117, 105632, 104929, 112503, 109268, 108565, 107450, 108965, 108262, 110080, 109377, 108262, 97754, 96239, 97051, 97051, 115024]
VoyageDuration: [2, 2, 2, 2, 2, 2, 2, 2, 2, 2, 2, 2, 2, 2, 2, 2, 2, 2, 2, 2, 2, 2, 2, 2, 2, 2, 2, 2, 2, 2, 2, 3, 3, 2, 2, 2, 2, 2, 2, 2, 2, 2, 2, 2, 3, 2, 2, 2, 2, 2, 3, 3, 3, 2, 2, 2, 2, 2, 2, 2, 2, 2, 2, 2, 2, 2, 3, 3, 3, 2, 2, 2, 2, 2, 2, 3, 2, 2, 3, 3, 2, 3, 2, 2, 2, 2, 3, 3, 2, 2, 3, 2, 3, 2, 2, 2, 2, 2, 2, 3, 3, 2, 3, 2, 2, 2, 2, 2, 2, 2, 2, 2, 3, 3, 2, 2, 2, 2, 3, 2, 2, 2, 3, 3, 2, 2, 2, 2, 2, 3, 3, 2, 3, 3, 2, 2, 2, 2, 2, 2, 2, 2, 3, 3, 2, 3, 2, 3, 2, 2, 3, 3, 3, 2, 2, 3, 3, 2, 2, 2, 2, 3, 3, 3, 3, 3, 3, 3, 3, 2, 3, 3, 2, 3, 3, 3, 2, 3, 2, 3, 3, 3, 3, 3, 3, 3, 3, 3, 3, 3, 3, 3, 3, 3, 3, 3, 3, 3, 3, 3, 3, 3, 3, 3, 3, 2, 2, 3, 3, 3, 2, 2, 2, 3, 3, 2, 3, 3, 3, 3, 3, 2, 2, 2, 3, 3, 2, 2, 2, 3, 3, 3, 3, 2, 3, 3, 2, 2, 2, 3, 3, 2, 3, 3, 3, 3, 3, 3, 3, 2, 2, 3, 2, 2, 3, 2, 3, 2, 3, 2, 2, 2, 3, 3, 3, 3, 3, 3, 3, 3, 3, 3, 2, 3, 2, 3, 3, 3, 3, 3, 3, 3, 3, 3, 3, 3, 3, 3, 3, 3, 3, 2, 3, 3, 3, 3, 3, 3, 3, 3, 3, 3, 3, 3, 3, 3, 3, 3, 3, 3, 3, 3, 3, 3, 3, 3, 3, 3, 3, 3, 3, 3, 3, 3, 3, 3, 3, 3, 3, 3, 3, 3, 3, 2, 3, 3, 3, 3, 3, 3, 3, 3, 3, 3, 3, 3, 3, 3, 3, 3, 2, 3, 2, 3, 3, 3, 2, 3, 3, 3, 2, 2, 3, 3, 3, 2, 3, 3, 3, 3, 3, 3, 2, 2, 3, 3, 2, 2, 3, 3, 2, 3, 2, 3, 3, 3, 3, 3, 3, 3, 3, 3, 3, 3, 3, 3, 3, 3, 3, 3, 3, 3, 3, 3, 3, 3, 3, 2, 3, 3, 3, 3, 3, 3, 3, 3, 3, 3, 3, 3, 3, 3, 3, 3, 3, 3, 3, 3, 3, 3, 3, 3, 3, 3, 3, 3, 3, 3, 3, 3, 3, 3, 3, 3, 3, 3, 3, 3, 3, 3, 3, 3, 3, 3, 3, 3, 3, 3, 3, 3, 3, 3, 3, 3, 3, 3, 3, 3, 3, 3, 3, 3, 3, 3, 3, 3, 3, 3, 3, 3, 3, 3, 3, 3, 3, 3, 3, 3, 3, 3, 3, 3]
TimeCharterCost: [120000, 125000, 130000, 110000, 104000]
RequiredVisits: [6, 5, 5, 5, 2, 2, 5, 6, 6]
NumberOfDaysAvailable: [7, 7, 7, 7, 7]
DepotCapacity: [3, 3, 3, 3, 3, 3, 0]
