!Summary:
!Execution time: 0,88 seconds
!Total # voyages: 597 (829 unique)
!Number of installations (excluding depot): 10
!Number of time windows: 0
!Number of vessels: 5

!Min. # installations: 1
!Max. number of installations: 8
!Min. duration: 56
!Max. duration: 80

!Name: FarStar	 # voyages: 122
!Name: FarSymphony	 # voyages: 120
!Name: FarSearcher	 # voyages: 120
!Name: FarSeeker	 # voyages: 120
!Name: HavilaForesight	 # voyages: 115
!------------------------------------------------------------------------------------------------------------------------
nV : 5
nR : 829
nN : 10
nT : 7
minL : 2
maxL : 3

! Sets: 
Rv : [
[263, 293, 298, 300, 307, 309, 347, 366, 367, 399, 410, 413, 429, 432, 450, 452, 453, 456, 460, 477, 480, 494, 496, 497, 501, 503, 524, 525, 528, 529, 531, 533, 542, 543, 546, 569, 574, 577, 586, 598, 605, 608, 609, 612, 627, 631, 647, 648, 653, 654, 658, 659, 664, 667, 668, 669, 670, 671, 672, 674, 684, 685, 686, 687, 688, 689, 691, 694, 695, 696, 697, 700, 714, 715, 716, 717, 718, 719, 720, 722, 727, 728, 729, 742, 743, 746, 754, 755, 756, 757, 762, 764, 772, 773, 775, 776, 777, 779, 780, 790, 791, 793, 795, 799, 800, 801, 802, 804, 806, 807, 808, 809, 810, 811, 812, 819, 820, 821, 822, 823]!Vessel: FarSeeker
[263, 293, 298, 300, 307, 309, 347, 366, 367, 399, 410, 413, 429, 432, 450, 452, 453, 456, 460, 477, 480, 494, 496, 497, 501, 503, 524, 525, 528, 529, 531, 533, 542, 543, 546, 569, 574, 577, 586, 598, 605, 608, 609, 612, 627, 631, 647, 648, 653, 654, 658, 659, 664, 667, 668, 669, 670, 671, 672, 674, 684, 685, 686, 687, 688, 689, 691, 694, 695, 696, 697, 700, 714, 715, 716, 717, 718, 719, 720, 722, 727, 728, 729, 742, 743, 746, 754, 755, 756, 757, 762, 764, 772, 773, 775, 776, 777, 779, 780, 790, 791, 793, 795, 799, 800, 801, 802, 804, 806, 807, 808, 809, 810, 811, 812, 819, 820, 821, 822, 823]!Vessel: FarSearcher
[135, 164, 240, 263, 288, 293, 298, 300, 307, 309, 311, 341, 347, 354, 366, 367, 373, 380, 382, 398, 399, 405, 410, 411, 413, 429, 430, 431, 432, 435, 448, 449, 452, 453, 454, 456, 460, 462, 477, 478, 479, 480, 490, 494, 498, 501, 504, 507, 525, 526, 527, 529, 530, 543, 546, 554, 567, 568, 569, 570, 571, 577, 584, 585, 586, 588, 598, 605, 608, 610, 611, 613, 614, 621, 627, 629, 631, 646, 647, 654, 659, 664, 667, 668, 669, 672, 673, 684, 685, 686, 689, 691, 692, 695, 696, 699, 700, 714, 715, 716, 718, 720, 721, 727, 729, 742, 743, 754, 755, 756, 764, 772, 773, 775, 776, 777, 790, 805, 811, 812]!Vessel: FarSymphony
[263, 293, 298, 300, 307, 309, 311, 347, 366, 367, 373, 398, 399, 410, 411, 413, 429, 430, 432, 452, 453, 456, 460, 462, 477, 478, 480, 490, 494, 496, 497, 501, 503, 524, 525, 526, 528, 529, 533, 542, 543, 546, 567, 569, 570, 574, 577, 584, 585, 586, 588, 598, 605, 608, 610, 612, 613, 627, 631, 646, 647, 648, 654, 658, 659, 664, 667, 668, 669, 670, 671, 672, 684, 685, 686, 688, 689, 691, 694, 695, 696, 697, 700, 714, 715, 716, 717, 718, 719, 720, 727, 728, 729, 742, 743, 746, 754, 755, 756, 757, 762, 764, 772, 773, 775, 776, 777, 790, 795, 804, 805, 808, 811, 812, 823]!Vessel: HavilaForesight
[124, 135, 164, 168, 174, 194, 199, 204, 205, 226, 240, 241, 242, 252, 265, 275, 277, 278, 288, 295, 297, 298, 307, 311, 316, 318, 341, 346, 349, 350, 354, 355, 362, 364, 365, 368, 370, 373, 380, 382, 383, 397, 398, 400, 404, 405, 410, 411, 423, 430, 431, 432, 435, 448, 449, 451, 452, 453, 454, 460, 462, 478, 479, 480, 490, 491, 498, 499, 502, 504, 507, 508, 526, 527, 530, 532, 546, 554, 567, 568, 570, 571, 573, 577, 584, 585, 588, 598, 605, 608, 610, 611, 613, 614, 621, 629, 630, 646, 649, 652, 662, 664, 666, 669, 673, 675, 692, 693, 698, 699, 701, 716, 721, 723, 726, 747, 749, 772, 777, 790, 805, 812]!Vessel: FarStar
] 

Rvi : [
!i : 1, 2, 3, 4, 5, 6, 7, 8, 9, 10
[429, 432, 460, 503, 577, 598, 631, 667, 668, 669, 670, 671, 672, 674, 691, 694, 695, 696, 697, 700, 757, 762, 764, 772, 777, 799, 800, 801, 802, 804, 806, 807, 808, 809, 810, 811, 812, 823], [263, 293, 307, 309, 399, 410, 413, 429, 450, 453, 456, 460, 477, 494, 496, 497, 501, 524, 528, 531, 542, 569, 574, 577, 586, 631, 647, 648, 653, 654, 658, 659, 664, 667, 668, 671, 674, 684, 685, 687, 688, 691, 694, 714, 715, 719, 722, 727, 728, 742, 746, 754, 756, 757, 764, 772, 773, 775, 776, 790, 791, 793, 795, 799, 800, 804, 806, 807, 811, 819, 820, 822, 823], [293, 298, 300, 399, 429, 432, 450, 452, 453, 456, 477, 480, 503, 524, 525, 528, 529, 531, 533, 546, 569, 577, 586, 598, 605, 612, 631, 647, 648, 653, 654, 667, 668, 669, 670, 671, 672, 674, 684, 685, 686, 687, 688, 689, 694, 695, 696, 697, 700, 714, 715, 716, 717, 718, 719, 720, 722, 742, 743, 746, 754, 755, 756, 757, 762, 764, 773, 777, 779, 790, 791, 793, 799, 800, 801, 802, 806, 807, 808, 809, 810, 811, 812, 819, 820, 821, 823], [263, 366, 367, 399, 410, 429, 432, 450, 452, 453, 456, 460, 477, 480, 494, 496, 497, 501, 598, 605, 608, 609, 612, 627, 647, 648, 658, 659, 664, 667, 668, 669, 670, 671, 672, 674, 684, 685, 686, 687, 688, 689, 691, 694, 695, 696, 697, 700, 714, 715, 716, 717, 718, 719, 720, 722, 727, 728, 729, 762, 775, 780, 790, 791, 795, 799, 800, 801, 802, 804, 806, 807, 808, 809, 810, 811, 812, 819, 820, 821, 822], [410, 460, 477, 480, 494, 503, 525, 546, 569, 577, 605, 608, 658, 664, 691, 694, 695, 696, 697, 700, 714, 715, 716, 717, 718, 719, 720, 722, 727, 728, 729, 742, 743, 746, 754, 755, 757, 762, 764, 772, 773, 776, 777, 779, 780, 790, 793, 795, 804, 806, 807, 808, 809, 810, 811, 812, 819, 820, 821, 822, 823], [263, 293, 298, 300, 307, 309, 347, 366, 367, 399, 410, 413, 432, 450, 452, 480, 496, 497, 503, 524, 525, 528, 529, 531, 533, 542, 543, 574, 609, 612, 627, 647, 648, 653, 658, 659, 664, 668, 669, 670, 685, 686, 695, 696, 697, 715, 716, 717, 718, 742, 743, 756, 779, 780, 791, 795, 800, 801, 807, 808, 809, 820, 821], [298, 307, 347, 366, 413, 452, 453, 497, 501, 528, 529, 543, 546, 574, 586, 598, 605, 608, 609, 627, 631, 647, 648, 653, 654, 658, 659, 664, 669, 670, 671, 672, 684, 686, 687, 689, 695, 716, 717, 719, 720, 728, 729, 743, 746, 755, 756, 757, 762, 772, 773, 775, 776, 777, 779, 780, 790, 791, 793, 795, 799, 801, 802, 804, 808, 810, 812, 819, 821, 822, 823], [413, 496, 524, 525, 529, 533, 542, 543, 612, 627, 631, 647, 653, 654, 659, 664, 667, 668, 669, 672, 684, 685, 686, 688, 689, 691, 696, 700, 714, 715, 716, 718, 720, 727, 729, 742, 743, 754, 755, 756, 764, 772, 773, 775, 776, 777, 779, 780, 790, 791, 793, 795, 799, 800, 801, 802, 804, 806, 807, 808, 809, 810, 811, 812, 819, 820, 821, 822, 823], [300, 309, 347, 367, 399, 410, 432, 452, 456, 480, 494, 501, 531, 533, 542, 543, 546, 569, 574, 586, 608, 609, 648, 654, 658, 659, 670, 674, 685, 686, 687, 688, 689, 697, 717, 718, 722, 727, 728, 729, 742, 743, 746, 754, 755, 756, 775, 776, 790, 791, 793, 795, 800, 801, 802, 809, 811, 812, 820, 821, 822], [263, 293, 298, 300, 307, 309, 347, 366, 367, 413, 429, 450, 453, 456, 460, 477, 494, 496, 497, 501, 503, 524, 525, 528, 529, 531, 533, 542, 543, 546, 569, 574, 577, 586, 598, 605, 608, 609, 612, 627, 631, 653, 654, 667, 671, 672, 674, 684, 687, 688, 689, 691, 694, 700, 714, 719, 720, 722, 727, 728, 729, 746, 754, 755, 757, 762, 764, 772, 773, 775, 776, 777, 779, 780, 793, 799, 802, 804, 806, 810, 819, 822, 823]!Vessel: FarSeeker
[429, 432, 460, 503, 577, 598, 631, 667, 668, 669, 670, 671, 672, 674, 691, 694, 695, 696, 697, 700, 757, 762, 764, 772, 777, 799, 800, 801, 802, 804, 806, 807, 808, 809, 810, 811, 812, 823], [263, 293, 307, 309, 399, 410, 413, 429, 450, 453, 456, 460, 477, 494, 496, 497, 501, 524, 528, 531, 542, 569, 574, 577, 586, 631, 647, 648, 653, 654, 658, 659, 664, 667, 668, 671, 674, 684, 685, 687, 688, 691, 694, 714, 715, 719, 722, 727, 728, 742, 746, 754, 756, 757, 764, 772, 773, 775, 776, 790, 791, 793, 795, 799, 800, 804, 806, 807, 811, 819, 820, 822, 823], [293, 298, 300, 399, 429, 432, 450, 452, 453, 456, 477, 480, 503, 524, 525, 528, 529, 531, 533, 546, 569, 577, 586, 598, 605, 612, 631, 647, 648, 653, 654, 667, 668, 669, 670, 671, 672, 674, 684, 685, 686, 687, 688, 689, 694, 695, 696, 697, 700, 714, 715, 716, 717, 718, 719, 720, 722, 742, 743, 746, 754, 755, 756, 757, 762, 764, 773, 777, 779, 790, 791, 793, 799, 800, 801, 802, 806, 807, 808, 809, 810, 811, 812, 819, 820, 821, 823], [263, 366, 367, 399, 410, 429, 432, 450, 452, 453, 456, 460, 477, 480, 494, 496, 497, 501, 598, 605, 608, 609, 612, 627, 647, 648, 658, 659, 664, 667, 668, 669, 670, 671, 672, 674, 684, 685, 686, 687, 688, 689, 691, 694, 695, 696, 697, 700, 714, 715, 716, 717, 718, 719, 720, 722, 727, 728, 729, 762, 775, 780, 790, 791, 795, 799, 800, 801, 802, 804, 806, 807, 808, 809, 810, 811, 812, 819, 820, 821, 822], [410, 460, 477, 480, 494, 503, 525, 546, 569, 577, 605, 608, 658, 664, 691, 694, 695, 696, 697, 700, 714, 715, 716, 717, 718, 719, 720, 722, 727, 728, 729, 742, 743, 746, 754, 755, 757, 762, 764, 772, 773, 776, 777, 779, 780, 790, 793, 795, 804, 806, 807, 808, 809, 810, 811, 812, 819, 820, 821, 822, 823], [263, 293, 298, 300, 307, 309, 347, 366, 367, 399, 410, 413, 432, 450, 452, 480, 496, 497, 503, 524, 525, 528, 529, 531, 533, 542, 543, 574, 609, 612, 627, 647, 648, 653, 658, 659, 664, 668, 669, 670, 685, 686, 695, 696, 697, 715, 716, 717, 718, 742, 743, 756, 779, 780, 791, 795, 800, 801, 807, 808, 809, 820, 821], [298, 307, 347, 366, 413, 452, 453, 497, 501, 528, 529, 543, 546, 574, 586, 598, 605, 608, 609, 627, 631, 647, 648, 653, 654, 658, 659, 664, 669, 670, 671, 672, 684, 686, 687, 689, 695, 716, 717, 719, 720, 728, 729, 743, 746, 755, 756, 757, 762, 772, 773, 775, 776, 777, 779, 780, 790, 791, 793, 795, 799, 801, 802, 804, 808, 810, 812, 819, 821, 822, 823], [413, 496, 524, 525, 529, 533, 542, 543, 612, 627, 631, 647, 653, 654, 659, 664, 667, 668, 669, 672, 684, 685, 686, 688, 689, 691, 696, 700, 714, 715, 716, 718, 720, 727, 729, 742, 743, 754, 755, 756, 764, 772, 773, 775, 776, 777, 779, 780, 790, 791, 793, 795, 799, 800, 801, 802, 804, 806, 807, 808, 809, 810, 811, 812, 819, 820, 821, 822, 823], [300, 309, 347, 367, 399, 410, 432, 452, 456, 480, 494, 501, 531, 533, 542, 543, 546, 569, 574, 586, 608, 609, 648, 654, 658, 659, 670, 674, 685, 686, 687, 688, 689, 697, 717, 718, 722, 727, 728, 729, 742, 743, 746, 754, 755, 756, 775, 776, 790, 791, 793, 795, 800, 801, 802, 809, 811, 812, 820, 821, 822], [263, 293, 298, 300, 307, 309, 347, 366, 367, 413, 429, 450, 453, 456, 460, 477, 494, 496, 497, 501, 503, 524, 525, 528, 529, 531, 533, 542, 543, 546, 569, 574, 577, 586, 598, 605, 608, 609, 612, 627, 631, 653, 654, 667, 671, 672, 674, 684, 687, 688, 689, 691, 694, 700, 714, 719, 720, 722, 727, 728, 729, 746, 754, 755, 757, 762, 764, 772, 773, 775, 776, 777, 779, 780, 793, 799, 802, 804, 806, 810, 819, 822, 823]!Vessel: FarSearcher
[382, 429, 430, 431, 432, 435, 460, 462, 504, 577, 584, 598, 631, 667, 668, 669, 672, 673, 691, 692, 695, 696, 699, 700, 764, 772, 777, 805, 811, 812], [240, 263, 288, 293, 307, 309, 341, 354, 382, 398, 399, 405, 410, 411, 413, 429, 448, 449, 453, 456, 460, 477, 490, 494, 498, 501, 507, 530, 567, 569, 570, 571, 577, 584, 585, 586, 588, 610, 611, 631, 646, 647, 654, 659, 664, 667, 668, 673, 684, 685, 691, 692, 714, 715, 721, 727, 742, 754, 756, 764, 772, 773, 775, 776, 790, 805, 811], [240, 293, 298, 300, 341, 373, 382, 398, 399, 405, 429, 430, 431, 432, 435, 448, 449, 452, 453, 454, 456, 462, 477, 478, 479, 480, 504, 507, 525, 526, 527, 529, 530, 546, 554, 567, 568, 569, 570, 577, 584, 585, 586, 598, 605, 613, 614, 621, 631, 646, 647, 654, 667, 668, 669, 672, 673, 684, 685, 686, 689, 692, 695, 696, 699, 700, 714, 715, 716, 718, 720, 721, 742, 743, 754, 755, 756, 764, 773, 777, 790, 805, 811, 812], [164, 240, 263, 354, 366, 367, 398, 399, 410, 411, 429, 430, 431, 432, 435, 448, 449, 452, 453, 454, 456, 460, 462, 477, 478, 479, 480, 490, 494, 498, 501, 554, 598, 605, 608, 610, 613, 614, 627, 629, 646, 647, 659, 664, 667, 668, 669, 672, 673, 684, 685, 686, 689, 691, 692, 695, 696, 699, 700, 714, 715, 716, 718, 720, 721, 727, 729, 775, 790, 805, 811, 812], [410, 460, 462, 477, 478, 479, 480, 490, 494, 504, 507, 525, 526, 527, 546, 569, 577, 585, 588, 605, 608, 611, 614, 621, 646, 664, 691, 692, 695, 696, 699, 700, 714, 715, 716, 718, 720, 721, 727, 729, 742, 743, 754, 755, 764, 772, 773, 776, 777, 790, 805, 811, 812], [135, 164, 263, 288, 293, 298, 300, 307, 309, 311, 347, 366, 367, 373, 380, 398, 399, 410, 411, 413, 430, 431, 432, 449, 452, 462, 478, 479, 480, 498, 525, 526, 527, 529, 530, 543, 554, 570, 627, 647, 659, 664, 668, 669, 685, 686, 695, 696, 715, 716, 718, 742, 743, 756], [298, 307, 347, 366, 380, 398, 405, 411, 413, 430, 452, 453, 454, 478, 490, 501, 526, 529, 543, 546, 568, 570, 571, 584, 585, 586, 588, 598, 605, 608, 627, 629, 631, 646, 647, 654, 659, 664, 669, 672, 684, 686, 689, 692, 695, 699, 716, 720, 729, 743, 755, 756, 772, 773, 775, 776, 777, 790, 805, 812], [288, 311, 373, 380, 382, 405, 413, 431, 435, 448, 449, 454, 479, 498, 504, 507, 525, 527, 529, 530, 543, 554, 567, 568, 571, 610, 611, 613, 614, 621, 627, 629, 631, 647, 654, 659, 664, 667, 668, 669, 672, 673, 684, 685, 686, 689, 691, 696, 700, 714, 715, 716, 718, 720, 721, 727, 729, 742, 743, 754, 755, 756, 764, 772, 773, 775, 776, 777, 790, 805, 811, 812], [135, 300, 309, 311, 341, 347, 354, 367, 399, 410, 411, 432, 452, 456, 480, 494, 498, 501, 526, 527, 530, 543, 546, 554, 567, 568, 569, 570, 571, 586, 588, 608, 610, 611, 613, 621, 629, 646, 654, 659, 673, 685, 686, 689, 699, 718, 721, 727, 729, 742, 743, 754, 755, 756, 775, 776, 790, 811, 812], [135, 164, 240, 263, 288, 293, 298, 300, 307, 309, 311, 341, 347, 354, 366, 367, 373, 380, 382, 405, 413, 429, 435, 448, 453, 454, 456, 460, 477, 490, 494, 501, 504, 507, 525, 529, 543, 546, 567, 568, 569, 571, 577, 584, 585, 586, 588, 598, 605, 608, 610, 611, 613, 614, 621, 627, 629, 631, 654, 667, 672, 684, 689, 691, 700, 714, 720, 727, 729, 754, 755, 764, 772, 773, 775, 776, 777]!Vessel: FarSymphony
[429, 430, 432, 460, 462, 503, 577, 584, 598, 631, 667, 668, 669, 670, 671, 672, 691, 694, 695, 696, 697, 700, 757, 762, 764, 772, 777, 804, 805, 808, 811, 812, 823], [263, 293, 307, 309, 398, 399, 410, 411, 413, 429, 453, 456, 460, 477, 490, 494, 496, 497, 501, 524, 528, 542, 567, 569, 570, 574, 577, 584, 585, 586, 588, 610, 631, 646, 647, 648, 654, 658, 659, 664, 667, 668, 671, 684, 685, 688, 691, 694, 714, 715, 719, 727, 728, 742, 746, 754, 756, 757, 764, 772, 773, 775, 776, 790, 795, 804, 805, 811, 823], [293, 298, 300, 373, 398, 399, 429, 430, 432, 452, 453, 456, 462, 477, 478, 480, 503, 524, 525, 526, 528, 529, 533, 546, 567, 569, 570, 577, 584, 585, 586, 598, 605, 612, 613, 631, 646, 647, 648, 654, 667, 668, 669, 670, 671, 672, 684, 685, 686, 688, 689, 694, 695, 696, 697, 700, 714, 715, 716, 717, 718, 719, 720, 742, 743, 746, 754, 755, 756, 757, 762, 764, 773, 777, 790, 805, 808, 811, 812, 823], [263, 366, 367, 398, 399, 410, 411, 429, 430, 432, 452, 453, 456, 460, 462, 477, 478, 480, 490, 494, 496, 497, 501, 598, 605, 608, 610, 612, 613, 627, 646, 647, 648, 658, 659, 664, 667, 668, 669, 670, 671, 672, 684, 685, 686, 688, 689, 691, 694, 695, 696, 697, 700, 714, 715, 716, 717, 718, 719, 720, 727, 728, 729, 762, 775, 790, 795, 804, 805, 808, 811, 812], [410, 460, 462, 477, 478, 480, 490, 494, 503, 525, 526, 546, 569, 577, 585, 588, 605, 608, 646, 658, 664, 691, 694, 695, 696, 697, 700, 714, 715, 716, 717, 718, 719, 720, 727, 728, 729, 742, 743, 746, 754, 755, 757, 762, 764, 772, 773, 776, 777, 790, 795, 804, 805, 808, 811, 812, 823], [263, 293, 298, 300, 307, 309, 311, 347, 366, 367, 373, 398, 399, 410, 411, 413, 430, 432, 452, 462, 478, 480, 496, 497, 503, 524, 525, 526, 528, 529, 533, 542, 543, 570, 574, 612, 627, 647, 648, 658, 659, 664, 668, 669, 670, 685, 686, 695, 696, 697, 715, 716, 717, 718, 742, 743, 756, 795, 808], [298, 307, 347, 366, 398, 411, 413, 430, 452, 453, 478, 490, 497, 501, 526, 528, 529, 543, 546, 570, 574, 584, 585, 586, 588, 598, 605, 608, 627, 631, 646, 647, 648, 654, 658, 659, 664, 669, 670, 671, 672, 684, 686, 689, 695, 716, 717, 719, 720, 728, 729, 743, 746, 755, 756, 757, 762, 772, 773, 775, 776, 777, 790, 795, 804, 805, 808, 812, 823], [311, 373, 413, 496, 524, 525, 529, 533, 542, 543, 567, 610, 612, 613, 627, 631, 647, 654, 659, 664, 667, 668, 669, 672, 684, 685, 686, 688, 689, 691, 696, 700, 714, 715, 716, 718, 720, 727, 729, 742, 743, 754, 755, 756, 764, 772, 773, 775, 776, 777, 790, 795, 804, 805, 808, 811, 812, 823], [300, 309, 311, 347, 367, 399, 410, 411, 432, 452, 456, 480, 494, 501, 526, 533, 542, 543, 546, 567, 569, 570, 574, 586, 588, 608, 610, 613, 646, 648, 654, 658, 659, 670, 685, 686, 688, 689, 697, 717, 718, 727, 728, 729, 742, 743, 746, 754, 755, 756, 775, 776, 790, 795, 811, 812], [263, 293, 298, 300, 307, 309, 311, 347, 366, 367, 373, 413, 429, 453, 456, 460, 477, 490, 494, 496, 497, 501, 503, 524, 525, 528, 529, 533, 542, 543, 546, 567, 569, 574, 577, 584, 585, 586, 588, 598, 605, 608, 610, 612, 613, 627, 631, 654, 667, 671, 672, 684, 688, 689, 691, 694, 700, 714, 719, 720, 727, 728, 729, 746, 754, 755, 757, 762, 764, 772, 773, 775, 776, 777, 804, 823]!Vessel: HavilaForesight
[174, 226, 349, 350, 382, 383, 430, 431, 432, 435, 460, 462, 502, 504, 577, 584, 598, 666, 669, 673, 675, 692, 693, 698, 699, 701, 747, 749, 772, 777, 805, 812], [124, 174, 194, 199, 204, 205, 240, 275, 288, 307, 316, 341, 346, 349, 350, 354, 355, 382, 397, 398, 400, 404, 405, 410, 411, 423, 448, 449, 453, 460, 490, 498, 507, 530, 567, 570, 571, 573, 577, 584, 585, 588, 610, 611, 646, 649, 652, 662, 664, 666, 673, 692, 693, 721, 726, 747, 772, 790, 805], [174, 194, 199, 226, 240, 241, 242, 252, 275, 277, 278, 295, 297, 298, 316, 318, 341, 362, 373, 382, 383, 397, 398, 400, 404, 405, 430, 431, 432, 435, 448, 449, 451, 452, 453, 454, 462, 478, 479, 480, 502, 504, 507, 508, 526, 527, 530, 532, 546, 554, 567, 568, 570, 577, 584, 585, 598, 605, 613, 614, 621, 646, 649, 652, 662, 666, 669, 673, 675, 692, 693, 698, 699, 701, 716, 721, 723, 747, 749, 777, 790, 805, 812], [164, 194, 204, 205, 226, 240, 241, 242, 252, 265, 349, 354, 362, 364, 365, 368, 397, 398, 400, 410, 411, 423, 430, 431, 432, 435, 448, 449, 451, 452, 453, 454, 460, 462, 478, 479, 480, 490, 491, 498, 499, 554, 598, 605, 608, 610, 613, 614, 629, 646, 649, 662, 664, 666, 669, 673, 675, 692, 693, 698, 699, 701, 716, 721, 723, 726, 790, 805, 812], [204, 252, 275, 277, 278, 295, 350, 355, 364, 365, 370, 397, 410, 460, 462, 478, 479, 480, 490, 491, 502, 504, 507, 508, 526, 527, 546, 577, 585, 588, 605, 608, 611, 614, 621, 630, 646, 652, 662, 664, 692, 693, 698, 699, 701, 716, 721, 723, 726, 747, 749, 772, 777, 790, 805, 812], [124, 135, 164, 168, 194, 199, 204, 205, 226, 241, 242, 252, 265, 288, 295, 297, 298, 307, 311, 373, 380, 398, 404, 410, 411, 423, 430, 431, 432, 449, 451, 452, 462, 478, 479, 480, 498, 499, 502, 526, 527, 530, 532, 554, 570, 573, 664, 669, 716], [168, 241, 265, 277, 297, 298, 307, 316, 318, 346, 362, 364, 368, 370, 380, 383, 398, 400, 404, 405, 411, 423, 430, 451, 452, 453, 454, 478, 490, 491, 499, 508, 526, 532, 546, 568, 570, 571, 573, 584, 585, 588, 598, 605, 608, 629, 630, 646, 649, 652, 662, 664, 666, 669, 675, 692, 698, 699, 716, 723, 726, 749, 772, 777, 790, 805, 812], [288, 311, 373, 380, 382, 383, 404, 405, 423, 431, 435, 448, 449, 451, 454, 479, 491, 498, 499, 502, 504, 507, 508, 527, 530, 532, 554, 567, 568, 571, 573, 610, 611, 613, 614, 621, 629, 630, 649, 652, 662, 664, 666, 669, 673, 675, 693, 698, 701, 716, 721, 723, 726, 747, 749, 772, 777, 790, 805, 812], [135, 199, 205, 242, 265, 278, 295, 297, 311, 318, 341, 346, 354, 355, 365, 368, 370, 397, 400, 410, 411, 432, 452, 480, 498, 499, 526, 527, 530, 532, 546, 554, 567, 568, 570, 571, 573, 588, 608, 610, 611, 613, 621, 629, 630, 646, 649, 652, 673, 675, 699, 701, 721, 723, 726, 747, 749, 790, 812], [124, 135, 164, 168, 174, 240, 275, 277, 278, 288, 298, 307, 311, 316, 318, 341, 346, 349, 350, 354, 355, 362, 364, 365, 368, 370, 373, 380, 382, 383, 405, 435, 448, 453, 454, 460, 490, 491, 504, 507, 508, 546, 567, 568, 571, 577, 584, 585, 588, 598, 605, 608, 610, 611, 613, 614, 621, 629, 630, 772, 777]!Vessel: FarStar
] 

Rvl : [
!l : 2, 3
[293, 298, 300, 307, 309, 347, 413, 524, 528, 529, 531, 533, 542, 543, 574, 586, 631, 653], [263, 366, 367, 399, 410, 429, 432, 450, 452, 453, 456, 460, 477, 480, 494, 496, 497, 501, 503, 525, 546, 569, 577, 598, 605, 608, 609, 612, 627, 647, 648, 654, 658, 659, 664, 667, 668, 669, 670, 671, 672, 674, 684, 685, 686, 687, 688, 689, 691, 694, 695, 696, 697, 700, 714, 715, 716, 717, 718, 719, 720, 722, 727, 728, 729, 742, 743, 746, 754, 755, 756, 757, 762, 764, 772, 773, 775, 776, 777, 779, 780, 790, 791, 793, 795, 799, 800, 801, 802, 804, 806, 807, 808, 809, 810, 811, 812, 819, 820, 821, 822, 823]!Vessel: FarSeeker
[293, 298, 300, 307, 309, 347, 413, 524, 528, 529, 531, 533, 542, 543, 574, 586, 631, 653], [263, 366, 367, 399, 410, 429, 432, 450, 452, 453, 456, 460, 477, 480, 494, 496, 497, 501, 503, 525, 546, 569, 577, 598, 605, 608, 609, 612, 627, 647, 648, 654, 658, 659, 664, 667, 668, 669, 670, 671, 672, 674, 684, 685, 686, 687, 688, 689, 691, 694, 695, 696, 697, 700, 714, 715, 716, 717, 718, 719, 720, 722, 727, 728, 729, 742, 743, 746, 754, 755, 756, 757, 762, 764, 772, 773, 775, 776, 777, 779, 780, 790, 791, 793, 795, 799, 800, 801, 802, 804, 806, 807, 808, 809, 810, 811, 812, 819, 820, 821, 822, 823]!Vessel: FarSearcher
[135, 288, 293, 298, 300, 307, 309, 311, 341, 347, 373, 380, 382, 405, 413, 529, 530, 543, 567, 568, 570, 571, 584, 586, 631], [164, 240, 263, 354, 366, 367, 398, 399, 410, 411, 429, 430, 431, 432, 435, 448, 449, 452, 453, 454, 456, 460, 462, 477, 478, 479, 480, 490, 494, 498, 501, 504, 507, 525, 526, 527, 546, 554, 569, 577, 585, 588, 598, 605, 608, 610, 611, 613, 614, 621, 627, 629, 646, 647, 654, 659, 664, 667, 668, 669, 672, 673, 684, 685, 686, 689, 691, 692, 695, 696, 699, 700, 714, 715, 716, 718, 720, 721, 727, 729, 742, 743, 754, 755, 756, 764, 772, 773, 775, 776, 777, 790, 805, 811, 812]!Vessel: FarSymphony
[293, 298, 300, 307, 309, 311, 347, 373, 413, 524, 528, 529, 533, 542, 543, 567, 570, 574, 584, 586, 631], [263, 366, 367, 398, 399, 410, 411, 429, 430, 432, 452, 453, 456, 460, 462, 477, 478, 480, 490, 494, 496, 497, 501, 503, 525, 526, 546, 569, 577, 585, 588, 598, 605, 608, 610, 612, 613, 627, 646, 647, 648, 654, 658, 659, 664, 667, 668, 669, 670, 671, 672, 684, 685, 686, 688, 689, 691, 694, 695, 696, 697, 700, 714, 715, 716, 717, 718, 719, 720, 727, 728, 729, 742, 743, 746, 754, 755, 756, 757, 762, 764, 772, 773, 775, 776, 777, 790, 795, 804, 805, 808, 811, 812, 823]!Vessel: HavilaForesight
[124, 135, 168, 174, 199, 275, 288, 297, 298, 307, 311, 316, 318, 341, 346, 350, 373, 380, 382, 383, 404, 405, 530, 532, 567, 568, 570, 571, 573, 584], [164, 194, 204, 205, 226, 240, 241, 242, 252, 265, 277, 278, 295, 349, 354, 355, 362, 364, 365, 368, 370, 397, 398, 400, 410, 411, 423, 430, 431, 432, 435, 448, 449, 451, 452, 453, 454, 460, 462, 478, 479, 480, 490, 491, 498, 499, 502, 504, 507, 508, 526, 527, 546, 554, 577, 585, 588, 598, 605, 608, 610, 611, 613, 614, 621, 629, 630, 646, 649, 652, 662, 664, 666, 669, 673, 675, 692, 693, 698, 699, 701, 716, 721, 723, 726, 747, 749, 772, 777, 790, 805, 812]!Vessel: FarStar
] 

minF : 1
maxF : 6
Nf : [
!f : 1, 2, 3, 4, 5, 6
[10], [5, 6], [], [], [2, 3, 4, 7], [1, 8, 9]
]

! Parameters
VoyageCost: [37970, 39085, 64838, 53931, 37570, 44429, 45544, 73722, 62814, 42817, 43726, 43120, 46453, 44696, 43120, 73722, 62814, 40394, 38879, 38273, 44029, 39848, 74837, 63929, 43932, 42418, 44235, 47568, 45811, 72716, 73019, 72413, 75746, 73988, 62111, 64838, 72110, 61202, 39691, 41509, 44841, 43084, 37570, 43326, 41569, 61505, 45144, 46720, 65505, 38539, 50186, 51156, 49580, 81296, 70389, 50392, 48877, 50695, 54028, 52271, 81599, 49277, 48574, 48877, 49580, 49847, 52913, 52210, 80181, 69274, 78872, 67965, 47968, 46453, 48271, 51604, 49847, 81599, 78569, 67662, 46150, 51301, 79478, 68571, 44029, 78872, 67965, 44999, 82205, 71298, 82714, 47568, 50962, 78569, 78872, 80448, 80448, 78169, 79987, 83320, 79987, 80896, 83623, 77867, 83017, 78169, 83320, 67662, 67965, 69541, 69541, 67262, 72413, 70656, 66959, 70353, 67262, 68232, 73988, 47968, 51301, 49544, 45544, 47120, 79684, 68777, 47265, 52416, 50659, 68777, 72110, 44841, 50598, 52416, 53991, 79478, 68571, 50453, 45605, 50901, 49144, 44296, 81502, 70595, 51604, 49180, 69080, 49083, 52719, 80290, 72413, 79684, 48477, 82205, 71298, 53179, 50756, 54294, 49786, 52477, 51871, 81563, 81866, 81260, 82169, 84896, 71261, 48841, 79139, 48235, 55337, 55337, 54731, 56306, 89174, 54028, 57421, 55034, 54428, 56003, 53725, 55603, 56306, 58670, 58064, 59639, 57361, 88059, 85332, 74425, 54428, 58064, 86750, 86144, 89780, 75237, 78872, 53725, 58876, 51604, 57361, 74122, 57761, 86447, 89477, 78569, 51301, 85938, 75031, 84629, 73722, 87356, 84326, 73419, 84629, 73722, 50756, 87962, 77055, 85332, 74425, 86750, 88665, 77757, 54294, 86144, 84629, 86447, 89780, 88022, 85029, 84326, 86144, 89477, 84629, 85599, 87962, 85599, 84023, 85599, 85441, 90592, 83320, 89077, 90895, 86447, 87356, 86750, 90083, 88325, 88325, 87562, 86047, 91198, 85744, 87562, 90895, 86047, 90083, 89380, 91198, 83720, 85296, 83017, 88774, 90592, 75237, 75540, 77115, 76812, 74691, 77055, 74691, 73116, 74691, 72413, 76412, 81563, 72813, 74388, 72110, 75237, 78569, 54694, 57058, 58876, 60451, 52271, 55543, 58876, 57118, 53119, 54694, 76352, 79684, 52416, 58173, 56415, 59991, 61566, 74534, 77927, 75503, 77867, 79684, 81260, 52877, 56452, 58027, 55749, 59142, 73722, 53725, 57361, 55603, 53179, 78169, 60051, 77721, 73419, 55300, 73722, 58936, 89780, 78872, 56755, 54997, 87356, 76449, 59179, 87865, 79987, 87259, 56052, 86653, 75746, 78872, 60754, 58330, 55906, 58330, 59445, 80448, 57058, 54937, 56512, 59748, 55203, 86908, 76000, 56912, 86205, 75297, 88931, 78024, 89440, 88834, 92470, 87719, 88628, 91355, 87320, 89137, 90046, 92773, 87017, 92167, 90652, 76109, 79745, 86714, 75806, 55809, 87017, 86411, 90046, 79139, 84896, 73988, 51568, 60487, 61457, 60754, 60184, 61154, 60451, 63820, 64790, 65396, 81696, 92604, 60184, 65335, 63820, 96239, 94022, 97657, 91901, 97051, 95536, 80993, 86144, 84629, 58876, 58330, 62511, 92907, 63517, 95936, 97354, 95233, 84326, 58027, 80181, 92507, 79878, 80181, 92507, 94421, 83514, 89780, 78872, 89477, 78569, 93113, 82205, 91089, 90483, 92058, 91901, 93719, 97051, 89780, 95536, 93173, 97354, 90786, 90180, 91755, 89477, 95233, 97051, 91089, 92058, 93816, 95391, 93113, 90749, 91295, 92870, 90592, 96348, 91355, 90046, 94930, 96506, 94228, 93816, 93210, 94785, 93210, 94022, 92507, 94325, 97657, 95900, 92204, 94022, 97354, 92507, 93476, 96542, 95839, 97657, 93476, 91901, 93476, 93319, 95137, 98469, 91198, 96954, 98772, 92204, 91598, 93173, 90895, 96651, 98469, 94082, 92773, 95839, 95233, 96809, 94531, 90446, 91052, 94627, 93925, 91355, 94688, 82811, 84387, 82266, 82908, 84484, 79842, 79139, 79539, 80993, 86144, 85029, 84326, 86144, 87719, 62911, 64487, 64632, 66450, 68026, 62208, 65602, 62269, 59845, 83078, 85441, 87259, 60451, 59142, 64026, 65602, 63323, 66717, 80387, 81963, 79684, 83720, 85296, 83017, 87017, 62875, 63178, 62475, 66511, 82872, 87320, 82569, 86447, 79575, 59578, 63214, 84023, 79272, 98166, 78872, 58876, 62511, 83320, 78569, 82205, 64790, 65905, 85332, 84629, 88022, 85599, 63481, 62778, 85599, 64632, 61663, 66208, 62208, 63784, 67323, 86205, 81151, 61154, 80848, 92664, 81757, 61760, 62063, 62063, 80448, 64087, 80145, 83781, 81151, 95294, 98930, 96712, 100348, 94591, 98227, 83684, 88834, 93779, 93476, 98627, 97112, 95597, 96506, 99233, 95197, 94894, 100045, 98530, 97924, 94082, 83175, 93985, 97621, 94591, 92870, 96506, 94288, 97924, 97318, 81963, 86714, 86411, 91355, 80448, 64087, 80448, 89743, 78836, 93379, 82472, 67214, 66911, 70546, 87453, 92604, 100481, 103511, 65335, 71092, 68971, 98360, 101996, 104117, 99778, 104929, 103414, 97051, 102808, 100687, 86144, 91901, 89780, 65602, 69238, 68668, 101693, 103814, 103111, 100384, 89477, 85332, 97657, 85029, 97354, 88665, 96239, 97209, 97754, 97051, 102808, 97815, 96506, 101390, 102966, 100687, 95936, 96203, 101087, 100384, 97815, 99572, 100542, 101148, 96506, 102202, 101499, 102263, 101657, 100954, 98966, 99936, 98966, 98360, 99936, 99778, 101596, 104929, 97657, 103414, 101051, 105232, 98663, 98057, 97354, 103111, 104929, 100542, 99233, 102299, 101693, 103269, 100990, 99233, 98627, 99172, 98469, 104226, 106044, 99233, 97924, 102808, 104384, 102105, 102505, 101802, 100990, 101960, 102566, 101257, 89634, 65602, 86847, 86144, 91901, 93719, 90786, 90180, 89477, 70486, 69783, 68935, 91295, 90592, 70546, 93779, 91355, 90483, 104626, 89780, 69940, 69238, 91089, 92058, 90749, 90046, 69783, 86908, 90240, 104687, 106807, 106104, 101657, 104989, 86302, 85999, 104081, 100748, 104384, 105499, 89537, 93173, 86908, 85599, 85296, 99839, 88931, 85599, 85296, 86411, 97621, 89743, 99839, 88931, 92604, 75697, 103511, 107147, 109874, 104929, 108565, 107959, 97051, 96506, 106844, 108262, 76243, 96239, 95936, 102966, 108662, 107959, 107413, 106298, 105692, 104117, 105086, 105632, 104929, 112503, 104384, 109268, 108565, 103814, 108965, 108262, 107450, 108419, 107716, 104384, 110080, 109377, 107716, 92058, 95391, 97754, 97051, 97209, 96506, 115024]
VoyageDuration: [2, 2, 2, 2, 2, 2, 2, 2, 2, 2, 2, 2, 2, 2, 2, 2, 2, 2, 2, 2, 2, 2, 2, 2, 2, 2, 2, 2, 2, 2, 2, 2, 2, 2, 2, 2, 2, 2, 2, 2, 2, 2, 2, 2, 2, 2, 2, 2, 2, 2, 2, 2, 2, 3, 2, 2, 2, 2, 2, 2, 3, 2, 2, 2, 2, 2, 2, 2, 2, 2, 2, 2, 2, 2, 2, 2, 2, 3, 2, 2, 2, 2, 2, 2, 2, 2, 2, 2, 3, 2, 3, 2, 2, 2, 2, 3, 3, 2, 2, 3, 2, 2, 3, 2, 3, 2, 3, 2, 2, 2, 2, 2, 2, 2, 2, 2, 2, 2, 2, 2, 2, 2, 2, 2, 2, 2, 2, 2, 2, 2, 2, 2, 2, 2, 2, 2, 2, 2, 2, 2, 2, 2, 3, 2, 2, 2, 2, 2, 2, 2, 2, 2, 2, 3, 2, 2, 2, 2, 2, 2, 2, 3, 3, 3, 3, 3, 2, 2, 2, 2, 2, 2, 2, 2, 3, 2, 2, 2, 2, 2, 2, 2, 2, 2, 2, 2, 2, 3, 3, 2, 2, 2, 3, 3, 3, 2, 3, 2, 2, 2, 2, 2, 2, 3, 3, 3, 2, 3, 2, 3, 2, 3, 3, 2, 3, 2, 2, 3, 3, 3, 2, 3, 3, 3, 2, 3, 3, 3, 3, 3, 3, 3, 3, 3, 3, 3, 3, 3, 3, 3, 3, 3, 3, 3, 3, 3, 3, 3, 3, 3, 3, 3, 3, 3, 3, 3, 3, 3, 3, 3, 3, 3, 3, 3, 3, 3, 2, 2, 3, 3, 2, 3, 2, 2, 2, 2, 3, 3, 2, 2, 2, 2, 3, 2, 2, 2, 2, 2, 2, 2, 2, 2, 2, 2, 3, 2, 2, 2, 2, 2, 2, 3, 2, 3, 3, 3, 2, 2, 2, 2, 2, 2, 2, 2, 2, 2, 3, 2, 3, 2, 2, 2, 2, 3, 3, 2, 2, 3, 3, 2, 3, 3, 3, 2, 3, 2, 3, 2, 2, 2, 2, 2, 3, 2, 2, 2, 2, 2, 3, 2, 2, 3, 2, 3, 3, 3, 3, 3, 3, 3, 3, 3, 3, 3, 3, 3, 3, 3, 2, 3, 3, 2, 2, 3, 3, 3, 3, 3, 2, 2, 2, 2, 2, 2, 2, 2, 2, 2, 2, 3, 3, 2, 2, 2, 3, 3, 3, 3, 3, 3, 3, 3, 3, 2, 2, 2, 3, 2, 3, 3, 3, 3, 2, 3, 3, 3, 3, 3, 3, 3, 3, 3, 3, 3, 3, 3, 3, 3, 3, 3, 3, 3, 3, 3, 3, 3, 3, 3, 3, 3, 3, 3, 3, 3, 3, 3, 3, 3, 3, 3, 3, 3, 3, 3, 3, 3, 3, 3, 3, 3, 3, 3, 3, 3, 3, 3, 3, 3, 3, 3, 3, 3, 3, 3, 3, 3, 3, 3, 3, 3, 3, 3, 3, 3, 3, 3, 3, 3, 3, 3, 3, 3, 3, 3, 3, 3, 3, 3, 3, 3, 3, 3, 3, 3, 3, 3, 3, 3, 3, 3, 3, 3, 3, 3, 3, 2, 2, 2, 2, 3, 2, 2, 2, 2, 3, 3, 3, 2, 2, 2, 2, 2, 2, 3, 3, 3, 3, 3, 3, 3, 2, 2, 2, 2, 3, 3, 3, 3, 3, 2, 2, 3, 3, 3, 3, 2, 2, 3, 3, 3, 2, 2, 3, 3, 3, 3, 2, 2, 3, 2, 2, 2, 2, 2, 2, 3, 3, 2, 3, 3, 3, 2, 2, 2, 3, 2, 3, 3, 3, 3, 3, 3, 3, 3, 3, 3, 3, 3, 3, 3, 3, 3, 3, 3, 3, 3, 3, 3, 3, 3, 3, 3, 3, 3, 3, 3, 3, 3, 3, 3, 3, 3, 3, 3, 2, 3, 3, 3, 3, 3, 2, 2, 3, 3, 3, 3, 3, 2, 3, 2, 3, 3, 3, 3, 3, 3, 3, 3, 3, 3, 3, 3, 2, 3, 2, 3, 3, 3, 3, 3, 3, 3, 3, 3, 3, 3, 3, 3, 3, 3, 3, 3, 3, 3, 3, 3, 3, 3, 3, 3, 3, 3, 3, 3, 3, 3, 3, 3, 3, 3, 3, 3, 3, 3, 3, 3, 3, 3, 3, 3, 3, 3, 3, 3, 3, 3, 3, 3, 3, 3, 3, 3, 3, 3, 3, 3, 3, 3, 3, 3, 3, 3, 3, 3, 3, 3, 3, 3, 3, 3, 2, 3, 3, 3, 3, 3, 3, 3, 3, 3, 3, 3, 3, 3, 3, 3, 3, 3, 3, 3, 3, 3, 3, 3, 3, 3, 3, 3, 3, 3, 3, 3, 3, 3, 3, 3, 3, 3, 3, 3, 3, 3, 3, 3, 3, 3, 3, 3, 3, 3, 3, 3, 3, 3, 3, 3, 3, 3, 3, 3, 3, 3, 3, 3, 3, 3, 3, 3, 3, 3, 3, 3, 3, 3, 3, 3, 3, 3, 3, 3, 3, 3, 3, 3, 3, 3, 3, 3, 3, 3, 3, 3, 3, 3, 3, 3, 3, 3, 3]
TimeCharterCost: [120000, 125000, 130000, 110000, 104000]
RequiredVisits: [6, 5, 5, 5, 2, 2, 5, 6, 6, 1]
NumberOfDaysAvailable: [7, 7, 7, 7, 7]
DepotCapacity: [3, 3, 3, 3, 3, 3, 0]
