!Summary:
!Execution time: 1,50 seconds
!Total # voyages: 1753 (1513 unique)
!Number of installations (excluding depot): 11
!Number of time windows: 0
!Number of vessels: 5

!Min. # installations: 1
!Max. number of installations: 8
!Min. duration: 56
!Max. duration: 80

!Name: FarStar	 # voyages: 316
!Name: FarSymphony	 # voyages: 324
!Name: FarSearcher	 # voyages: 380
!Name: FarSeeker	 # voyages: 380
!Name: HavilaForesight	 # voyages: 353
!------------------------------------------------------------------------------------------------------------------------
nV : 5
nR : 1513
nN : 11
nT : 7
minL : 2
maxL : 3

! Sets: 
Rv : [
[342, 377, 395, 401, 407, 411, 421, 423, 425, 427, 432, 492, 520, 523, 524, 525, 544, 579, 582, 585, 593, 594, 597, 613, 617, 641, 647, 648, 650, 653, 654, 660, 666, 690, 694, 704, 711, 718, 723, 725, 730, 736, 741, 749, 753, 757, 758, 759, 784, 788, 790, 791, 795, 796, 798, 800, 802, 803, 805, 807, 809, 814, 816, 819, 822, 825, 826, 828, 829, 830, 831, 834, 837, 840, 860, 876, 882, 887, 891, 895, 903, 913, 914, 933, 934, 940, 941, 943, 944, 947, 950, 951, 952, 953, 954, 957, 958, 959, 960, 961, 962, 963, 964, 966, 967, 971, 983, 991, 992, 996, 997, 998, 1000, 1016, 1020, 1022, 1023, 1032, 1033, 1035, 1036, 1038, 1039, 1041, 1042, 1045, 1046, 1047, 1048, 1049, 1053, 1056, 1058, 1059, 1060, 1061, 1062, 1063, 1064, 1065, 1067, 1071, 1088, 1090, 1093, 1095, 1096, 1097, 1098, 1099, 1100, 1101, 1102, 1103, 1105, 1107, 1110, 1114, 1116, 1117, 1118, 1119, 1123, 1142, 1149, 1151, 1152, 1153, 1154, 1155, 1156, 1157, 1158, 1159, 1161, 1165, 1166, 1169, 1170, 1171, 1172, 1173, 1174, 1175, 1176, 1178, 1180, 1182, 1184, 1185, 1186, 1187, 1190, 1196, 1198, 1199, 1200, 1202, 1227, 1228, 1229, 1230, 1231, 1232, 1233, 1234, 1235, 1236, 1237, 1238, 1239, 1240, 1241, 1243, 1245, 1249, 1251, 1253, 1255, 1257, 1259, 1261, 1263, 1265, 1266, 1267, 1269, 1270, 1273, 1274, 1275, 1283, 1285, 1298, 1299, 1300, 1303, 1304, 1305, 1306, 1307, 1308, 1309, 1310, 1311, 1314, 1315, 1317, 1318, 1321, 1322, 1323, 1324, 1325, 1326, 1327, 1328, 1330, 1334, 1337, 1339, 1340, 1341, 1343, 1345, 1346, 1347, 1348, 1349, 1350, 1352, 1357, 1358, 1359, 1360, 1361, 1362, 1364, 1365, 1366, 1367, 1370, 1374, 1376, 1377, 1379, 1380, 1381, 1382, 1383, 1384, 1385, 1386, 1387, 1388, 1389, 1391, 1392, 1393, 1394, 1397, 1398, 1400, 1401, 1402, 1403, 1404, 1405, 1406, 1407, 1408, 1412, 1413, 1414, 1415, 1418, 1419, 1420, 1421, 1422, 1423, 1424, 1425, 1427, 1428, 1429, 1430, 1431, 1439, 1440, 1441, 1442, 1444, 1445, 1446, 1447, 1448, 1449, 1450, 1451, 1452, 1453, 1454, 1455, 1456, 1457, 1458, 1459, 1462, 1474, 1475, 1476, 1477, 1478, 1479, 1480, 1482, 1483, 1486, 1487, 1488, 1489, 1490, 1492, 1494, 1495, 1496, 1497, 1499, 1500, 1501, 1502, 1506, 1507, 1508, 1509, 1510, 1511, 1512, 1513]!Vessel: FarSeeker
[342, 377, 395, 401, 407, 411, 421, 423, 425, 427, 432, 492, 520, 523, 524, 525, 544, 579, 582, 585, 593, 594, 597, 613, 617, 641, 647, 648, 650, 653, 654, 660, 666, 690, 694, 704, 711, 718, 723, 725, 730, 736, 741, 749, 753, 757, 758, 759, 784, 788, 790, 791, 795, 796, 798, 800, 802, 803, 805, 807, 809, 814, 816, 819, 822, 825, 826, 828, 829, 830, 831, 834, 837, 840, 860, 876, 882, 887, 891, 895, 903, 913, 914, 933, 934, 940, 941, 943, 944, 947, 950, 951, 952, 953, 954, 957, 958, 959, 960, 961, 962, 963, 964, 966, 967, 971, 983, 991, 992, 996, 997, 998, 1000, 1016, 1020, 1022, 1023, 1032, 1033, 1035, 1036, 1038, 1039, 1041, 1042, 1045, 1046, 1047, 1048, 1049, 1053, 1056, 1058, 1059, 1060, 1061, 1062, 1063, 1064, 1065, 1067, 1071, 1088, 1090, 1093, 1095, 1096, 1097, 1098, 1099, 1100, 1101, 1102, 1103, 1105, 1107, 1110, 1114, 1116, 1117, 1118, 1119, 1123, 1142, 1149, 1151, 1152, 1153, 1154, 1155, 1156, 1157, 1158, 1159, 1161, 1165, 1166, 1169, 1170, 1171, 1172, 1173, 1174, 1175, 1176, 1178, 1180, 1182, 1184, 1185, 1186, 1187, 1190, 1196, 1198, 1199, 1200, 1202, 1227, 1228, 1229, 1230, 1231, 1232, 1233, 1234, 1235, 1236, 1237, 1238, 1239, 1240, 1241, 1243, 1245, 1249, 1251, 1253, 1255, 1257, 1259, 1261, 1263, 1265, 1266, 1267, 1269, 1270, 1273, 1274, 1275, 1283, 1285, 1298, 1299, 1300, 1303, 1304, 1305, 1306, 1307, 1308, 1309, 1310, 1311, 1314, 1315, 1317, 1318, 1321, 1322, 1323, 1324, 1325, 1326, 1327, 1328, 1330, 1334, 1337, 1339, 1340, 1341, 1343, 1345, 1346, 1347, 1348, 1349, 1350, 1352, 1357, 1358, 1359, 1360, 1361, 1362, 1364, 1365, 1366, 1367, 1370, 1374, 1376, 1377, 1379, 1380, 1381, 1382, 1383, 1384, 1385, 1386, 1387, 1388, 1389, 1391, 1392, 1393, 1394, 1397, 1398, 1400, 1401, 1402, 1403, 1404, 1405, 1406, 1407, 1408, 1412, 1413, 1414, 1415, 1418, 1419, 1420, 1421, 1422, 1423, 1424, 1425, 1427, 1428, 1429, 1430, 1431, 1439, 1440, 1441, 1442, 1444, 1445, 1446, 1447, 1448, 1449, 1450, 1451, 1452, 1453, 1454, 1455, 1456, 1457, 1458, 1459, 1462, 1474, 1475, 1476, 1477, 1478, 1479, 1480, 1482, 1483, 1486, 1487, 1488, 1489, 1490, 1492, 1494, 1495, 1496, 1497, 1499, 1500, 1501, 1502, 1506, 1507, 1508, 1509, 1510, 1511, 1512, 1513]!Vessel: FarSearcher
[169, 214, 307, 342, 377, 393, 395, 401, 407, 411, 417, 421, 423, 425, 427, 430, 432, 480, 492, 505, 520, 523, 524, 525, 529, 530, 534, 541, 544, 546, 558, 569, 571, 573, 579, 581, 582, 584, 585, 588, 593, 594, 595, 596, 597, 613, 615, 616, 617, 618, 622, 641, 644, 646, 648, 650, 651, 652, 653, 654, 656, 660, 666, 669, 690, 692, 693, 694, 695, 702, 705, 707, 708, 710, 711, 718, 726, 728, 729, 730, 732, 733, 736, 742, 743, 749, 752, 753, 756, 757, 784, 791, 793, 794, 795, 797, 798, 801, 803, 806, 810, 812, 814, 817, 820, 825, 827, 829, 830, 831, 834, 837, 840, 853, 860, 862, 870, 873, 874, 876, 878, 880, 882, 884, 885, 887, 892, 894, 896, 903, 911, 912, 913, 915, 933, 934, 940, 941, 942, 943, 944, 947, 950, 951, 956, 957, 958, 962, 964, 965, 966, 967, 968, 969, 970, 972, 973, 982, 983, 984, 991, 992, 993, 996, 997, 999, 1000, 1003, 1016, 1020, 1022, 1030, 1031, 1034, 1035, 1038, 1042, 1048, 1049, 1053, 1056, 1058, 1060, 1063, 1066, 1067, 1069, 1070, 1072, 1088, 1091, 1093, 1095, 1097, 1099, 1101, 1102, 1104, 1106, 1107, 1110, 1112, 1115, 1116, 1117, 1121, 1122, 1123, 1126, 1140, 1143, 1145, 1149, 1151, 1153, 1156, 1157, 1160, 1161, 1163, 1164, 1166, 1169, 1170, 1171, 1173, 1175, 1176, 1178, 1181, 1182, 1184, 1186, 1187, 1190, 1191, 1196, 1198, 1202, 1227, 1229, 1231, 1233, 1234, 1235, 1236, 1237, 1238, 1239, 1240, 1244, 1250, 1253, 1255, 1259, 1261, 1262, 1264, 1265, 1266, 1267, 1270, 1273, 1274, 1298, 1305, 1306, 1307, 1309, 1323, 1325, 1327, 1328, 1330, 1334, 1337, 1339, 1340, 1343, 1345, 1346, 1348, 1349, 1350, 1352, 1361, 1362, 1364, 1368, 1370, 1371, 1377, 1379, 1380, 1382, 1385, 1389, 1396, 1399, 1406, 1408, 1413, 1416, 1417, 1419, 1424, 1426, 1427, 1428, 1430, 1431, 1438, 1440, 1441, 1443, 1445, 1452, 1453, 1458, 1460, 1463, 1478, 1479, 1481]!Vessel: FarSymphony
[342, 377, 395, 401, 407, 411, 421, 423, 425, 427, 430, 432, 492, 520, 523, 524, 525, 530, 534, 544, 571, 573, 579, 581, 582, 585, 593, 594, 595, 597, 613, 615, 617, 618, 641, 648, 650, 651, 653, 654, 660, 666, 669, 690, 692, 694, 695, 705, 707, 711, 718, 723, 725, 726, 728, 730, 736, 741, 742, 749, 753, 756, 757, 758, 759, 784, 788, 791, 793, 795, 796, 797, 798, 800, 803, 805, 810, 814, 817, 819, 822, 825, 826, 829, 830, 831, 834, 837, 840, 860, 874, 876, 882, 884, 887, 891, 892, 894, 895, 903, 911, 912, 913, 914, 915, 933, 934, 940, 941, 943, 944, 947, 950, 951, 952, 957, 958, 961, 962, 964, 966, 967, 969, 971, 972, 983, 991, 992, 996, 997, 999, 1000, 1016, 1020, 1022, 1023, 1030, 1031, 1032, 1033, 1034, 1035, 1036, 1038, 1039, 1042, 1045, 1046, 1047, 1048, 1049, 1053, 1056, 1058, 1059, 1060, 1061, 1062, 1063, 1064, 1065, 1067, 1069, 1072, 1088, 1090, 1093, 1095, 1096, 1097, 1098, 1099, 1101, 1102, 1104, 1105, 1107, 1110, 1114, 1116, 1117, 1118, 1119, 1123, 1126, 1142, 1143, 1149, 1151, 1152, 1153, 1154, 1155, 1156, 1157, 1158, 1159, 1161, 1163, 1166, 1169, 1170, 1171, 1172, 1173, 1174, 1175, 1176, 1178, 1180, 1182, 1184, 1185, 1186, 1187, 1190, 1196, 1198, 1200, 1202, 1227, 1228, 1229, 1230, 1231, 1233, 1234, 1235, 1236, 1237, 1238, 1239, 1240, 1243, 1245, 1249, 1251, 1253, 1255, 1259, 1261, 1263, 1264, 1265, 1266, 1267, 1270, 1273, 1274, 1275, 1283, 1285, 1298, 1299, 1300, 1304, 1305, 1306, 1307, 1308, 1309, 1310, 1311, 1314, 1315, 1318, 1322, 1323, 1325, 1326, 1327, 1328, 1330, 1334, 1337, 1339, 1340, 1343, 1345, 1346, 1348, 1349, 1350, 1352, 1361, 1362, 1364, 1365, 1366, 1367, 1370, 1371, 1374, 1377, 1379, 1380, 1381, 1382, 1385, 1386, 1387, 1389, 1391, 1392, 1394, 1396, 1397, 1399, 1401, 1405, 1406, 1408, 1413, 1415, 1416, 1417, 1419, 1421, 1422, 1424, 1426, 1427, 1428, 1429, 1430, 1431, 1438, 1440, 1441, 1443, 1445, 1447, 1451, 1452, 1453, 1454, 1456, 1458, 1459, 1460, 1462, 1463, 1475, 1478, 1479, 1481, 1507, 1508, 1509, 1510, 1511, 1512, 1513]!Vessel: HavilaForesight
[141, 155, 169, 171, 214, 218, 229, 246, 255, 257, 260, 265, 266, 267, 289, 307, 309, 310, 311, 326, 332, 343, 345, 349, 368, 372, 375, 377, 384, 393, 397, 402, 404, 406, 407, 412, 417, 423, 425, 428, 430, 435, 441, 444, 479, 480, 490, 495, 499, 500, 502, 505, 506, 516, 518, 519, 522, 526, 528, 529, 530, 531, 534, 541, 542, 544, 546, 558, 561, 569, 571, 573, 578, 579, 580, 581, 583, 584, 585, 587, 588, 593, 594, 595, 596, 607, 608, 615, 616, 617, 618, 622, 625, 644, 646, 648, 649, 650, 651, 652, 654, 656, 661, 666, 669, 692, 693, 694, 695, 701, 702, 703, 705, 706, 707, 708, 709, 710, 711, 724, 726, 727, 728, 729, 730, 731, 732, 733, 740, 742, 743, 749, 752, 753, 755, 756, 789, 792, 793, 794, 795, 797, 799, 801, 803, 804, 806, 808, 810, 811, 812, 815, 817, 818, 820, 821, 827, 831, 834, 837, 840, 853, 862, 870, 873, 874, 878, 880, 884, 885, 887, 890, 892, 894, 896, 903, 911, 912, 915, 933, 934, 940, 942, 944, 947, 950, 956, 957, 964, 965, 967, 968, 969, 970, 972, 973, 982, 984, 990, 993, 994, 996, 999, 1003, 1005, 1010, 1012, 1013, 1028, 1030, 1031, 1034, 1037, 1038, 1040, 1043, 1049, 1051, 1053, 1055, 1057, 1060, 1066, 1068, 1069, 1070, 1072, 1073, 1074, 1087, 1089, 1091, 1092, 1094, 1104, 1106, 1108, 1111, 1112, 1113, 1115, 1120, 1121, 1122, 1124, 1125, 1126, 1140, 1141, 1143, 1144, 1145, 1146, 1150, 1153, 1160, 1162, 1163, 1164, 1166, 1167, 1168, 1171, 1177, 1179, 1181, 1183, 1184, 1188, 1189, 1190, 1191, 1197, 1201, 1237, 1240, 1244, 1250, 1252, 1254, 1256, 1258, 1260, 1262, 1264, 1268, 1271, 1273, 1345, 1350, 1368, 1370, 1371, 1377, 1379, 1382, 1389, 1396, 1399, 1408, 1413, 1416, 1417, 1419, 1426, 1430, 1438, 1440, 1443, 1445, 1453, 1458, 1460, 1463, 1478, 1481]!Vessel: FarStar
] 

Rvi : [
!i : 1, 2, 3, 4, 5, 6, 7, 8, 9, 10, 11
[593, 613, 617, 641, 666, 741, 749, 831, 860, 903, 933, 934, 940, 941, 947, 1016, 1020, 1022, 1023, 1045, 1046, 1056, 1058, 1059, 1060, 1061, 1062, 1063, 1064, 1065, 1067, 1071, 1088, 1090, 1110, 1114, 1116, 1117, 1118, 1119, 1123, 1142, 1190, 1196, 1243, 1245, 1253, 1255, 1257, 1259, 1261, 1263, 1283, 1285, 1298, 1299, 1300, 1303, 1304, 1305, 1310, 1311, 1314, 1315, 1328, 1330, 1334, 1337, 1345, 1350, 1361, 1362, 1366, 1374, 1376, 1377, 1379, 1380, 1391, 1397, 1398, 1400, 1401, 1402, 1403, 1404, 1405, 1406, 1407, 1408, 1412, 1413, 1415, 1418, 1419, 1420, 1421, 1422, 1423, 1424, 1425, 1427, 1428, 1429, 1430, 1431, 1439, 1440, 1441, 1442, 1459, 1462, 1476, 1477, 1478, 1479, 1480, 1486, 1487, 1488, 1490, 1492, 1497, 1499, 1500, 1507, 1508, 1510, 1511, 1512, 1513], [342, 377, 395, 401, 423, 427, 579, 582, 585, 593, 594, 597, 613, 641, 647, 648, 654, 660, 666, 690, 704, 718, 723, 725, 730, 736, 749, 753, 757, 758, 784, 788, 790, 796, 802, 803, 809, 816, 822, 826, 828, 834, 860, 876, 882, 887, 891, 903, 913, 914, 933, 943, 959, 964, 966, 996, 1016, 1020, 1022, 1023, 1032, 1033, 1035, 1036, 1038, 1039, 1041, 1042, 1045, 1046, 1047, 1048, 1049, 1053, 1056, 1058, 1059, 1065, 1071, 1088, 1090, 1093, 1095, 1096, 1099, 1100, 1103, 1105, 1110, 1114, 1142, 1149, 1151, 1152, 1159, 1165, 1166, 1169, 1170, 1173, 1174, 1178, 1180, 1184, 1185, 1186, 1196, 1200, 1227, 1228, 1233, 1235, 1236, 1238, 1239, 1243, 1249, 1251, 1255, 1257, 1263, 1265, 1267, 1269, 1273, 1274, 1275, 1283, 1285, 1298, 1299, 1303, 1306, 1307, 1308, 1310, 1317, 1321, 1325, 1326, 1328, 1334, 1339, 1341, 1343, 1345, 1346, 1347, 1348, 1349, 1352, 1357, 1364, 1365, 1370, 1374, 1376, 1377, 1379, 1380, 1381, 1382, 1383, 1384, 1385, 1386, 1387, 1388, 1389, 1391, 1392, 1393, 1394, 1397, 1398, 1400, 1402, 1405, 1406, 1412, 1413, 1415, 1418, 1419, 1420, 1424, 1428, 1429, 1439, 1440, 1441, 1444, 1445, 1446, 1448, 1451, 1452, 1454, 1455, 1457, 1458, 1459, 1462, 1474, 1477, 1478, 1479, 1483, 1486, 1489, 1490, 1496, 1497, 1499, 1501, 1502, 1506, 1507, 1508, 1509, 1510, 1512, 1513], [401, 407, 411, 579, 582, 585, 613, 617, 647, 648, 650, 653, 654, 660, 690, 694, 741, 753, 788, 790, 791, 795, 796, 798, 800, 802, 803, 805, 807, 809, 831, 834, 837, 840, 860, 876, 882, 903, 913, 934, 943, 944, 950, 951, 971, 997, 1000, 1016, 1022, 1023, 1032, 1033, 1035, 1036, 1038, 1039, 1041, 1042, 1056, 1058, 1059, 1060, 1061, 1062, 1063, 1064, 1065, 1067, 1071, 1093, 1095, 1096, 1097, 1098, 1099, 1100, 1101, 1102, 1103, 1105, 1107, 1114, 1116, 1117, 1118, 1119, 1123, 1149, 1151, 1152, 1153, 1154, 1155, 1156, 1157, 1158, 1159, 1161, 1165, 1166, 1190, 1198, 1227, 1228, 1229, 1230, 1231, 1232, 1233, 1234, 1235, 1236, 1237, 1243, 1245, 1249, 1251, 1253, 1255, 1257, 1259, 1261, 1263, 1265, 1266, 1267, 1269, 1270, 1274, 1275, 1283, 1299, 1300, 1307, 1308, 1309, 1311, 1317, 1318, 1328, 1330, 1337, 1339, 1340, 1346, 1350, 1352, 1358, 1365, 1366, 1367, 1370, 1374, 1376, 1377, 1379, 1380, 1381, 1382, 1383, 1384, 1385, 1386, 1387, 1388, 1389, 1398, 1400, 1401, 1402, 1403, 1404, 1405, 1406, 1407, 1408, 1414, 1418, 1419, 1420, 1421, 1422, 1423, 1424, 1425, 1427, 1428, 1429, 1430, 1431, 1444, 1445, 1446, 1447, 1448, 1449, 1450, 1451, 1452, 1453, 1459, 1474, 1475, 1476, 1477, 1478, 1479, 1480, 1482, 1483, 1487, 1489, 1494, 1497, 1500, 1501, 1506, 1507, 1508, 1509, 1510, 1511, 1513], [342, 520, 523, 524, 525, 579, 582, 593, 594, 613, 617, 641, 647, 648, 650, 653, 654, 660, 666, 690, 694, 704, 711, 718, 723, 725, 730, 736, 933, 934, 940, 941, 943, 944, 947, 950, 951, 952, 953, 954, 957, 958, 959, 960, 961, 962, 963, 964, 966, 967, 971, 991, 1032, 1033, 1035, 1036, 1045, 1046, 1047, 1048, 1053, 1056, 1058, 1059, 1060, 1061, 1062, 1063, 1064, 1065, 1067, 1071, 1088, 1090, 1093, 1095, 1096, 1097, 1098, 1099, 1100, 1101, 1102, 1103, 1105, 1107, 1110, 1114, 1116, 1117, 1118, 1119, 1123, 1142, 1149, 1151, 1152, 1153, 1154, 1155, 1156, 1157, 1158, 1159, 1161, 1165, 1166, 1169, 1170, 1171, 1172, 1173, 1174, 1175, 1176, 1178, 1180, 1182, 1184, 1185, 1186, 1187, 1253, 1298, 1299, 1300, 1303, 1304, 1305, 1306, 1307, 1308, 1309, 1310, 1311, 1314, 1315, 1317, 1318, 1321, 1322, 1323, 1324, 1325, 1326, 1327, 1330, 1348, 1359, 1361, 1379, 1380, 1381, 1382, 1383, 1384, 1385, 1391, 1392, 1393, 1398, 1400, 1401, 1402, 1403, 1404, 1405, 1406, 1407, 1408, 1412, 1413, 1414, 1415, 1418, 1419, 1420, 1421, 1422, 1423, 1424, 1425, 1427, 1428, 1429, 1430, 1431, 1439, 1440, 1441, 1442, 1444, 1445, 1446, 1447, 1448, 1449, 1450, 1451, 1452, 1453, 1454, 1455, 1456, 1457, 1458, 1486, 1487, 1488, 1489, 1490, 1492, 1494, 1495, 1496, 1507, 1508, 1509, 1510, 1511, 1512], [377, 421, 520, 544, 579, 585, 594, 666, 690, 694, 704, 711, 718, 741, 749, 753, 757, 758, 759, 791, 795, 809, 814, 816, 819, 837, 882, 903, 914, 947, 950, 951, 952, 953, 954, 957, 958, 983, 992, 996, 997, 998, 1022, 1023, 1032, 1033, 1038, 1039, 1046, 1047, 1049, 1053, 1110, 1114, 1116, 1117, 1118, 1119, 1123, 1142, 1149, 1151, 1152, 1153, 1154, 1155, 1156, 1157, 1158, 1159, 1161, 1165, 1166, 1169, 1170, 1171, 1172, 1173, 1174, 1175, 1176, 1178, 1180, 1182, 1190, 1196, 1198, 1199, 1200, 1202, 1227, 1228, 1229, 1230, 1231, 1235, 1236, 1237, 1238, 1239, 1240, 1249, 1263, 1267, 1269, 1270, 1283, 1285, 1310, 1311, 1314, 1315, 1317, 1318, 1321, 1322, 1323, 1328, 1334, 1337, 1339, 1340, 1341, 1343, 1345, 1346, 1347, 1349, 1350, 1358, 1359, 1360, 1362, 1365, 1366, 1367, 1374, 1380, 1381, 1382, 1386, 1387, 1388, 1389, 1392, 1394, 1397, 1415, 1418, 1419, 1420, 1421, 1422, 1423, 1424, 1425, 1427, 1428, 1429, 1430, 1431, 1439, 1440, 1441, 1442, 1444, 1445, 1446, 1447, 1448, 1449, 1450, 1451, 1452, 1453, 1454, 1455, 1456, 1457, 1458, 1459, 1462, 1474, 1475, 1477, 1478, 1479, 1480, 1482, 1490, 1492, 1494, 1495, 1497, 1499, 1500, 1501, 1502, 1508, 1509, 1510, 1511, 1512, 1513], [342, 377, 395, 401, 407, 411, 421, 423, 425, 427, 432, 492, 520, 523, 524, 525, 544, 579, 582, 585, 593, 594, 597, 617, 647, 648, 650, 653, 694, 704, 711, 723, 725, 730, 741, 757, 758, 759, 784, 788, 790, 791, 795, 796, 798, 800, 802, 803, 805, 807, 809, 814, 816, 819, 822, 825, 826, 828, 829, 830, 891, 895, 914, 952, 953, 954, 959, 960, 961, 962, 963, 971, 983, 991, 992, 998, 1000, 1022, 1023, 1032, 1033, 1035, 1036, 1038, 1039, 1041, 1045, 1046, 1047, 1048, 1049, 1053, 1058, 1059, 1060, 1061, 1062, 1063, 1064, 1095, 1096, 1097, 1098, 1099, 1100, 1101, 1102, 1116, 1117, 1118, 1119, 1151, 1152, 1153, 1154, 1155, 1156, 1157, 1158, 1169, 1170, 1171, 1172, 1173, 1174, 1175, 1176, 1184, 1185, 1186, 1187, 1190, 1199, 1227, 1228, 1229, 1230, 1231, 1232, 1233, 1234, 1235, 1236, 1237, 1238, 1239, 1240, 1241, 1253, 1273, 1274, 1275, 1324, 1341, 1347, 1357, 1358, 1359, 1360, 1370, 1374, 1381, 1383, 1384, 1386, 1387, 1391, 1392, 1393, 1394, 1397, 1400, 1401, 1402, 1403, 1404, 1414, 1420, 1421, 1422, 1423, 1446, 1447, 1448, 1449, 1450, 1454, 1455, 1456, 1474, 1475, 1483], [407, 423, 425, 492, 523, 597, 650, 654, 725, 736, 759, 796, 798, 800, 819, 822, 825, 829, 831, 834, 837, 840, 887, 891, 895, 913, 914, 934, 940, 944, 950, 952, 957, 960, 961, 964, 967, 991, 992, 1016, 1020, 1022, 1032, 1035, 1036, 1038, 1039, 1041, 1042, 1045, 1047, 1048, 1049, 1053, 1060, 1061, 1062, 1065, 1067, 1090, 1093, 1096, 1097, 1098, 1101, 1103, 1107, 1116, 1153, 1154, 1155, 1159, 1161, 1170, 1171, 1172, 1175, 1180, 1182, 1184, 1185, 1187, 1198, 1199, 1200, 1202, 1229, 1230, 1232, 1234, 1236, 1237, 1239, 1240, 1241, 1243, 1245, 1249, 1251, 1259, 1266, 1270, 1273, 1274, 1275, 1283, 1285, 1300, 1304, 1306, 1308, 1309, 1311, 1314, 1318, 1322, 1324, 1326, 1327, 1345, 1346, 1347, 1348, 1349, 1350, 1352, 1357, 1358, 1359, 1360, 1361, 1362, 1364, 1365, 1367, 1370, 1374, 1376, 1377, 1379, 1380, 1381, 1382, 1383, 1384, 1385, 1386, 1387, 1388, 1389, 1391, 1392, 1393, 1394, 1397, 1398, 1401, 1403, 1405, 1407, 1408, 1412, 1413, 1414, 1415, 1421, 1424, 1425, 1427, 1430, 1441, 1442, 1444, 1445, 1447, 1449, 1451, 1453, 1454, 1456, 1457, 1458, 1459, 1462, 1475, 1476, 1479, 1480, 1482, 1483, 1486, 1487, 1488, 1489, 1494, 1495, 1496, 1501, 1502, 1506, 1507, 1508, 1509, 1510, 1511, 1512, 1513], [597, 723, 757, 784, 788, 791, 798, 805, 814, 825, 826, 829, 830, 962, 971, 983, 991, 992, 1000, 1016, 1020, 1035, 1038, 1041, 1042, 1048, 1049, 1053, 1056, 1058, 1060, 1063, 1067, 1088, 1093, 1095, 1097, 1099, 1101, 1102, 1105, 1107, 1110, 1117, 1123, 1149, 1151, 1153, 1156, 1157, 1161, 1169, 1171, 1173, 1175, 1176, 1178, 1182, 1184, 1186, 1187, 1190, 1196, 1198, 1199, 1202, 1227, 1229, 1231, 1232, 1233, 1234, 1235, 1237, 1238, 1240, 1241, 1253, 1255, 1259, 1261, 1265, 1266, 1267, 1270, 1273, 1274, 1298, 1305, 1306, 1307, 1309, 1323, 1324, 1325, 1327, 1328, 1330, 1334, 1337, 1339, 1340, 1341, 1343, 1345, 1346, 1347, 1348, 1349, 1350, 1352, 1357, 1358, 1359, 1360, 1361, 1362, 1364, 1370, 1374, 1376, 1377, 1379, 1381, 1382, 1383, 1384, 1385, 1386, 1387, 1388, 1389, 1391, 1392, 1393, 1394, 1397, 1398, 1400, 1401, 1402, 1403, 1404, 1406, 1407, 1408, 1412, 1413, 1414, 1415, 1418, 1419, 1420, 1421, 1422, 1423, 1425, 1428, 1430, 1431, 1439, 1440, 1442, 1444, 1445, 1446, 1447, 1448, 1449, 1450, 1452, 1453, 1454, 1455, 1456, 1457, 1458, 1459, 1462, 1474, 1475, 1476, 1477, 1478, 1480, 1482, 1483, 1486, 1487, 1488, 1489, 1490, 1492, 1494, 1495, 1496, 1497, 1499, 1500, 1501, 1502, 1506, 1507, 1508, 1509, 1510, 1511, 1512, 1513], [411, 421, 427, 432, 492, 524, 582, 585, 593, 594, 617, 641, 650, 653, 660, 694, 711, 718, 730, 736, 749, 795, 802, 803, 805, 807, 816, 819, 826, 828, 829, 830, 831, 837, 840, 860, 876, 882, 887, 891, 895, 913, 940, 941, 947, 953, 957, 958, 960, 963, 966, 967, 983, 996, 997, 998, 1020, 1023, 1033, 1036, 1039, 1042, 1045, 1046, 1047, 1048, 1049, 1061, 1064, 1071, 1088, 1090, 1098, 1099, 1100, 1101, 1102, 1103, 1105, 1107, 1118, 1142, 1154, 1157, 1158, 1165, 1166, 1172, 1173, 1174, 1175, 1176, 1178, 1180, 1182, 1185, 1186, 1187, 1196, 1200, 1202, 1227, 1228, 1229, 1230, 1231, 1233, 1234, 1238, 1239, 1240, 1241, 1243, 1245, 1249, 1251, 1253, 1255, 1257, 1259, 1261, 1263, 1265, 1266, 1267, 1269, 1270, 1273, 1274, 1275, 1285, 1303, 1304, 1305, 1314, 1315, 1321, 1322, 1323, 1325, 1326, 1327, 1330, 1337, 1340, 1343, 1348, 1349, 1360, 1361, 1362, 1364, 1366, 1367, 1376, 1377, 1379, 1380, 1382, 1384, 1385, 1387, 1388, 1389, 1391, 1392, 1393, 1394, 1397, 1402, 1403, 1404, 1405, 1406, 1407, 1408, 1412, 1413, 1414, 1423, 1427, 1428, 1429, 1430, 1431, 1439, 1440, 1441, 1442, 1448, 1449, 1450, 1451, 1452, 1453, 1455, 1456, 1457, 1458, 1462, 1474, 1475, 1476, 1477, 1478, 1479, 1480, 1482, 1483, 1488, 1492, 1495, 1496, 1499, 1500, 1502, 1506, 1507, 1508, 1509, 1511, 1512, 1513], [342, 377, 395, 401, 407, 411, 421, 423, 425, 427, 432, 492, 520, 523, 524, 525, 544, 597, 613, 641, 647, 654, 660, 666, 690, 704, 718, 723, 725, 736, 741, 749, 753, 757, 758, 759, 784, 788, 790, 791, 796, 798, 800, 802, 805, 807, 809, 814, 816, 819, 822, 825, 826, 828, 829, 830, 831, 834, 837, 840, 860, 876, 882, 887, 891, 895, 903, 913, 914, 933, 934, 940, 941, 943, 944, 947, 950, 951, 952, 953, 954, 957, 958, 959, 960, 961, 962, 963, 964, 966, 967, 971, 983, 991, 992, 996, 997, 998, 1000, 1016, 1020, 1041, 1042, 1056, 1065, 1067, 1071, 1088, 1090, 1093, 1103, 1105, 1107, 1110, 1114, 1123, 1142, 1149, 1159, 1161, 1165, 1178, 1180, 1182, 1196, 1198, 1199, 1200, 1202, 1232, 1241, 1243, 1245, 1249, 1251, 1255, 1257, 1259, 1261, 1263, 1265, 1266, 1267, 1269, 1270, 1283, 1285, 1298, 1299, 1300, 1303, 1304, 1305, 1306, 1307, 1308, 1309, 1310, 1311, 1314, 1315, 1317, 1318, 1321, 1322, 1323, 1324, 1325, 1326, 1327, 1328, 1330, 1334, 1337, 1339, 1340, 1341, 1343, 1345, 1346, 1347, 1348, 1349, 1350, 1352, 1357, 1358, 1359, 1360, 1361, 1362, 1364, 1365, 1366, 1367, 1376, 1388, 1398, 1407, 1412, 1415, 1418, 1425, 1439, 1442, 1444, 1457, 1459, 1462, 1476, 1477, 1480, 1482, 1486, 1487, 1488, 1489, 1490, 1492, 1494, 1495, 1496, 1497, 1499, 1500, 1501, 1502, 1506], [395, 425, 432, 525, 544, 648, 653, 711, 730, 753, 758, 759, 784, 790, 795, 800, 803, 807, 814, 822, 825, 828, 830, 834, 840, 876, 887, 895, 933, 941, 943, 944, 951, 954, 958, 959, 961, 962, 963, 964, 966, 967, 996, 997, 998, 1000, 1059, 1062, 1063, 1064, 1095, 1096, 1097, 1098, 1100, 1102, 1119, 1152, 1155, 1156, 1158, 1166, 1169, 1170, 1171, 1172, 1174, 1176, 1184, 1185, 1186, 1187, 1190, 1198, 1199, 1200, 1202, 1228, 1230, 1231, 1232, 1233, 1234, 1235, 1236, 1237, 1238, 1239, 1240, 1241, 1245, 1251, 1257, 1261, 1265, 1266, 1269, 1273, 1275, 1298, 1299, 1300, 1303, 1304, 1305, 1306, 1307, 1308, 1309, 1310, 1315, 1317, 1318, 1321, 1322, 1323, 1324, 1325, 1326, 1327, 1334, 1339, 1340, 1341, 1343, 1352, 1357, 1364, 1365, 1366, 1367, 1370, 1377, 1383, 1385, 1386, 1389, 1393, 1394, 1400, 1401, 1404, 1405, 1406, 1408, 1413, 1414, 1419, 1422, 1424, 1427, 1429, 1431, 1440, 1441, 1445, 1446, 1447, 1450, 1451, 1452, 1453, 1454, 1455, 1456, 1458, 1474, 1475, 1476, 1478, 1479, 1482, 1483, 1486, 1487, 1488, 1489, 1490, 1492, 1494, 1495, 1496, 1497, 1499, 1500, 1501, 1502, 1506, 1507, 1509, 1510, 1511, 1512, 1513]!Vessel: FarSeeker
[593, 613, 617, 641, 666, 741, 749, 831, 860, 903, 933, 934, 940, 941, 947, 1016, 1020, 1022, 1023, 1045, 1046, 1056, 1058, 1059, 1060, 1061, 1062, 1063, 1064, 1065, 1067, 1071, 1088, 1090, 1110, 1114, 1116, 1117, 1118, 1119, 1123, 1142, 1190, 1196, 1243, 1245, 1253, 1255, 1257, 1259, 1261, 1263, 1283, 1285, 1298, 1299, 1300, 1303, 1304, 1305, 1310, 1311, 1314, 1315, 1328, 1330, 1334, 1337, 1345, 1350, 1361, 1362, 1366, 1374, 1376, 1377, 1379, 1380, 1391, 1397, 1398, 1400, 1401, 1402, 1403, 1404, 1405, 1406, 1407, 1408, 1412, 1413, 1415, 1418, 1419, 1420, 1421, 1422, 1423, 1424, 1425, 1427, 1428, 1429, 1430, 1431, 1439, 1440, 1441, 1442, 1459, 1462, 1476, 1477, 1478, 1479, 1480, 1486, 1487, 1488, 1490, 1492, 1497, 1499, 1500, 1507, 1508, 1510, 1511, 1512, 1513], [342, 377, 395, 401, 423, 427, 579, 582, 585, 593, 594, 597, 613, 641, 647, 648, 654, 660, 666, 690, 704, 718, 723, 725, 730, 736, 749, 753, 757, 758, 784, 788, 790, 796, 802, 803, 809, 816, 822, 826, 828, 834, 860, 876, 882, 887, 891, 903, 913, 914, 933, 943, 959, 964, 966, 996, 1016, 1020, 1022, 1023, 1032, 1033, 1035, 1036, 1038, 1039, 1041, 1042, 1045, 1046, 1047, 1048, 1049, 1053, 1056, 1058, 1059, 1065, 1071, 1088, 1090, 1093, 1095, 1096, 1099, 1100, 1103, 1105, 1110, 1114, 1142, 1149, 1151, 1152, 1159, 1165, 1166, 1169, 1170, 1173, 1174, 1178, 1180, 1184, 1185, 1186, 1196, 1200, 1227, 1228, 1233, 1235, 1236, 1238, 1239, 1243, 1249, 1251, 1255, 1257, 1263, 1265, 1267, 1269, 1273, 1274, 1275, 1283, 1285, 1298, 1299, 1303, 1306, 1307, 1308, 1310, 1317, 1321, 1325, 1326, 1328, 1334, 1339, 1341, 1343, 1345, 1346, 1347, 1348, 1349, 1352, 1357, 1364, 1365, 1370, 1374, 1376, 1377, 1379, 1380, 1381, 1382, 1383, 1384, 1385, 1386, 1387, 1388, 1389, 1391, 1392, 1393, 1394, 1397, 1398, 1400, 1402, 1405, 1406, 1412, 1413, 1415, 1418, 1419, 1420, 1424, 1428, 1429, 1439, 1440, 1441, 1444, 1445, 1446, 1448, 1451, 1452, 1454, 1455, 1457, 1458, 1459, 1462, 1474, 1477, 1478, 1479, 1483, 1486, 1489, 1490, 1496, 1497, 1499, 1501, 1502, 1506, 1507, 1508, 1509, 1510, 1512, 1513], [401, 407, 411, 579, 582, 585, 613, 617, 647, 648, 650, 653, 654, 660, 690, 694, 741, 753, 788, 790, 791, 795, 796, 798, 800, 802, 803, 805, 807, 809, 831, 834, 837, 840, 860, 876, 882, 903, 913, 934, 943, 944, 950, 951, 971, 997, 1000, 1016, 1022, 1023, 1032, 1033, 1035, 1036, 1038, 1039, 1041, 1042, 1056, 1058, 1059, 1060, 1061, 1062, 1063, 1064, 1065, 1067, 1071, 1093, 1095, 1096, 1097, 1098, 1099, 1100, 1101, 1102, 1103, 1105, 1107, 1114, 1116, 1117, 1118, 1119, 1123, 1149, 1151, 1152, 1153, 1154, 1155, 1156, 1157, 1158, 1159, 1161, 1165, 1166, 1190, 1198, 1227, 1228, 1229, 1230, 1231, 1232, 1233, 1234, 1235, 1236, 1237, 1243, 1245, 1249, 1251, 1253, 1255, 1257, 1259, 1261, 1263, 1265, 1266, 1267, 1269, 1270, 1274, 1275, 1283, 1299, 1300, 1307, 1308, 1309, 1311, 1317, 1318, 1328, 1330, 1337, 1339, 1340, 1346, 1350, 1352, 1358, 1365, 1366, 1367, 1370, 1374, 1376, 1377, 1379, 1380, 1381, 1382, 1383, 1384, 1385, 1386, 1387, 1388, 1389, 1398, 1400, 1401, 1402, 1403, 1404, 1405, 1406, 1407, 1408, 1414, 1418, 1419, 1420, 1421, 1422, 1423, 1424, 1425, 1427, 1428, 1429, 1430, 1431, 1444, 1445, 1446, 1447, 1448, 1449, 1450, 1451, 1452, 1453, 1459, 1474, 1475, 1476, 1477, 1478, 1479, 1480, 1482, 1483, 1487, 1489, 1494, 1497, 1500, 1501, 1506, 1507, 1508, 1509, 1510, 1511, 1513], [342, 520, 523, 524, 525, 579, 582, 593, 594, 613, 617, 641, 647, 648, 650, 653, 654, 660, 666, 690, 694, 704, 711, 718, 723, 725, 730, 736, 933, 934, 940, 941, 943, 944, 947, 950, 951, 952, 953, 954, 957, 958, 959, 960, 961, 962, 963, 964, 966, 967, 971, 991, 1032, 1033, 1035, 1036, 1045, 1046, 1047, 1048, 1053, 1056, 1058, 1059, 1060, 1061, 1062, 1063, 1064, 1065, 1067, 1071, 1088, 1090, 1093, 1095, 1096, 1097, 1098, 1099, 1100, 1101, 1102, 1103, 1105, 1107, 1110, 1114, 1116, 1117, 1118, 1119, 1123, 1142, 1149, 1151, 1152, 1153, 1154, 1155, 1156, 1157, 1158, 1159, 1161, 1165, 1166, 1169, 1170, 1171, 1172, 1173, 1174, 1175, 1176, 1178, 1180, 1182, 1184, 1185, 1186, 1187, 1253, 1298, 1299, 1300, 1303, 1304, 1305, 1306, 1307, 1308, 1309, 1310, 1311, 1314, 1315, 1317, 1318, 1321, 1322, 1323, 1324, 1325, 1326, 1327, 1330, 1348, 1359, 1361, 1379, 1380, 1381, 1382, 1383, 1384, 1385, 1391, 1392, 1393, 1398, 1400, 1401, 1402, 1403, 1404, 1405, 1406, 1407, 1408, 1412, 1413, 1414, 1415, 1418, 1419, 1420, 1421, 1422, 1423, 1424, 1425, 1427, 1428, 1429, 1430, 1431, 1439, 1440, 1441, 1442, 1444, 1445, 1446, 1447, 1448, 1449, 1450, 1451, 1452, 1453, 1454, 1455, 1456, 1457, 1458, 1486, 1487, 1488, 1489, 1490, 1492, 1494, 1495, 1496, 1507, 1508, 1509, 1510, 1511, 1512], [377, 421, 520, 544, 579, 585, 594, 666, 690, 694, 704, 711, 718, 741, 749, 753, 757, 758, 759, 791, 795, 809, 814, 816, 819, 837, 882, 903, 914, 947, 950, 951, 952, 953, 954, 957, 958, 983, 992, 996, 997, 998, 1022, 1023, 1032, 1033, 1038, 1039, 1046, 1047, 1049, 1053, 1110, 1114, 1116, 1117, 1118, 1119, 1123, 1142, 1149, 1151, 1152, 1153, 1154, 1155, 1156, 1157, 1158, 1159, 1161, 1165, 1166, 1169, 1170, 1171, 1172, 1173, 1174, 1175, 1176, 1178, 1180, 1182, 1190, 1196, 1198, 1199, 1200, 1202, 1227, 1228, 1229, 1230, 1231, 1235, 1236, 1237, 1238, 1239, 1240, 1249, 1263, 1267, 1269, 1270, 1283, 1285, 1310, 1311, 1314, 1315, 1317, 1318, 1321, 1322, 1323, 1328, 1334, 1337, 1339, 1340, 1341, 1343, 1345, 1346, 1347, 1349, 1350, 1358, 1359, 1360, 1362, 1365, 1366, 1367, 1374, 1380, 1381, 1382, 1386, 1387, 1388, 1389, 1392, 1394, 1397, 1415, 1418, 1419, 1420, 1421, 1422, 1423, 1424, 1425, 1427, 1428, 1429, 1430, 1431, 1439, 1440, 1441, 1442, 1444, 1445, 1446, 1447, 1448, 1449, 1450, 1451, 1452, 1453, 1454, 1455, 1456, 1457, 1458, 1459, 1462, 1474, 1475, 1477, 1478, 1479, 1480, 1482, 1490, 1492, 1494, 1495, 1497, 1499, 1500, 1501, 1502, 1508, 1509, 1510, 1511, 1512, 1513], [342, 377, 395, 401, 407, 411, 421, 423, 425, 427, 432, 492, 520, 523, 524, 525, 544, 579, 582, 585, 593, 594, 597, 617, 647, 648, 650, 653, 694, 704, 711, 723, 725, 730, 741, 757, 758, 759, 784, 788, 790, 791, 795, 796, 798, 800, 802, 803, 805, 807, 809, 814, 816, 819, 822, 825, 826, 828, 829, 830, 891, 895, 914, 952, 953, 954, 959, 960, 961, 962, 963, 971, 983, 991, 992, 998, 1000, 1022, 1023, 1032, 1033, 1035, 1036, 1038, 1039, 1041, 1045, 1046, 1047, 1048, 1049, 1053, 1058, 1059, 1060, 1061, 1062, 1063, 1064, 1095, 1096, 1097, 1098, 1099, 1100, 1101, 1102, 1116, 1117, 1118, 1119, 1151, 1152, 1153, 1154, 1155, 1156, 1157, 1158, 1169, 1170, 1171, 1172, 1173, 1174, 1175, 1176, 1184, 1185, 1186, 1187, 1190, 1199, 1227, 1228, 1229, 1230, 1231, 1232, 1233, 1234, 1235, 1236, 1237, 1238, 1239, 1240, 1241, 1253, 1273, 1274, 1275, 1324, 1341, 1347, 1357, 1358, 1359, 1360, 1370, 1374, 1381, 1383, 1384, 1386, 1387, 1391, 1392, 1393, 1394, 1397, 1400, 1401, 1402, 1403, 1404, 1414, 1420, 1421, 1422, 1423, 1446, 1447, 1448, 1449, 1450, 1454, 1455, 1456, 1474, 1475, 1483], [407, 423, 425, 492, 523, 597, 650, 654, 725, 736, 759, 796, 798, 800, 819, 822, 825, 829, 831, 834, 837, 840, 887, 891, 895, 913, 914, 934, 940, 944, 950, 952, 957, 960, 961, 964, 967, 991, 992, 1016, 1020, 1022, 1032, 1035, 1036, 1038, 1039, 1041, 1042, 1045, 1047, 1048, 1049, 1053, 1060, 1061, 1062, 1065, 1067, 1090, 1093, 1096, 1097, 1098, 1101, 1103, 1107, 1116, 1153, 1154, 1155, 1159, 1161, 1170, 1171, 1172, 1175, 1180, 1182, 1184, 1185, 1187, 1198, 1199, 1200, 1202, 1229, 1230, 1232, 1234, 1236, 1237, 1239, 1240, 1241, 1243, 1245, 1249, 1251, 1259, 1266, 1270, 1273, 1274, 1275, 1283, 1285, 1300, 1304, 1306, 1308, 1309, 1311, 1314, 1318, 1322, 1324, 1326, 1327, 1345, 1346, 1347, 1348, 1349, 1350, 1352, 1357, 1358, 1359, 1360, 1361, 1362, 1364, 1365, 1367, 1370, 1374, 1376, 1377, 1379, 1380, 1381, 1382, 1383, 1384, 1385, 1386, 1387, 1388, 1389, 1391, 1392, 1393, 1394, 1397, 1398, 1401, 1403, 1405, 1407, 1408, 1412, 1413, 1414, 1415, 1421, 1424, 1425, 1427, 1430, 1441, 1442, 1444, 1445, 1447, 1449, 1451, 1453, 1454, 1456, 1457, 1458, 1459, 1462, 1475, 1476, 1479, 1480, 1482, 1483, 1486, 1487, 1488, 1489, 1494, 1495, 1496, 1501, 1502, 1506, 1507, 1508, 1509, 1510, 1511, 1512, 1513], [597, 723, 757, 784, 788, 791, 798, 805, 814, 825, 826, 829, 830, 962, 971, 983, 991, 992, 1000, 1016, 1020, 1035, 1038, 1041, 1042, 1048, 1049, 1053, 1056, 1058, 1060, 1063, 1067, 1088, 1093, 1095, 1097, 1099, 1101, 1102, 1105, 1107, 1110, 1117, 1123, 1149, 1151, 1153, 1156, 1157, 1161, 1169, 1171, 1173, 1175, 1176, 1178, 1182, 1184, 1186, 1187, 1190, 1196, 1198, 1199, 1202, 1227, 1229, 1231, 1232, 1233, 1234, 1235, 1237, 1238, 1240, 1241, 1253, 1255, 1259, 1261, 1265, 1266, 1267, 1270, 1273, 1274, 1298, 1305, 1306, 1307, 1309, 1323, 1324, 1325, 1327, 1328, 1330, 1334, 1337, 1339, 1340, 1341, 1343, 1345, 1346, 1347, 1348, 1349, 1350, 1352, 1357, 1358, 1359, 1360, 1361, 1362, 1364, 1370, 1374, 1376, 1377, 1379, 1381, 1382, 1383, 1384, 1385, 1386, 1387, 1388, 1389, 1391, 1392, 1393, 1394, 1397, 1398, 1400, 1401, 1402, 1403, 1404, 1406, 1407, 1408, 1412, 1413, 1414, 1415, 1418, 1419, 1420, 1421, 1422, 1423, 1425, 1428, 1430, 1431, 1439, 1440, 1442, 1444, 1445, 1446, 1447, 1448, 1449, 1450, 1452, 1453, 1454, 1455, 1456, 1457, 1458, 1459, 1462, 1474, 1475, 1476, 1477, 1478, 1480, 1482, 1483, 1486, 1487, 1488, 1489, 1490, 1492, 1494, 1495, 1496, 1497, 1499, 1500, 1501, 1502, 1506, 1507, 1508, 1509, 1510, 1511, 1512, 1513], [411, 421, 427, 432, 492, 524, 582, 585, 593, 594, 617, 641, 650, 653, 660, 694, 711, 718, 730, 736, 749, 795, 802, 803, 805, 807, 816, 819, 826, 828, 829, 830, 831, 837, 840, 860, 876, 882, 887, 891, 895, 913, 940, 941, 947, 953, 957, 958, 960, 963, 966, 967, 983, 996, 997, 998, 1020, 1023, 1033, 1036, 1039, 1042, 1045, 1046, 1047, 1048, 1049, 1061, 1064, 1071, 1088, 1090, 1098, 1099, 1100, 1101, 1102, 1103, 1105, 1107, 1118, 1142, 1154, 1157, 1158, 1165, 1166, 1172, 1173, 1174, 1175, 1176, 1178, 1180, 1182, 1185, 1186, 1187, 1196, 1200, 1202, 1227, 1228, 1229, 1230, 1231, 1233, 1234, 1238, 1239, 1240, 1241, 1243, 1245, 1249, 1251, 1253, 1255, 1257, 1259, 1261, 1263, 1265, 1266, 1267, 1269, 1270, 1273, 1274, 1275, 1285, 1303, 1304, 1305, 1314, 1315, 1321, 1322, 1323, 1325, 1326, 1327, 1330, 1337, 1340, 1343, 1348, 1349, 1360, 1361, 1362, 1364, 1366, 1367, 1376, 1377, 1379, 1380, 1382, 1384, 1385, 1387, 1388, 1389, 1391, 1392, 1393, 1394, 1397, 1402, 1403, 1404, 1405, 1406, 1407, 1408, 1412, 1413, 1414, 1423, 1427, 1428, 1429, 1430, 1431, 1439, 1440, 1441, 1442, 1448, 1449, 1450, 1451, 1452, 1453, 1455, 1456, 1457, 1458, 1462, 1474, 1475, 1476, 1477, 1478, 1479, 1480, 1482, 1483, 1488, 1492, 1495, 1496, 1499, 1500, 1502, 1506, 1507, 1508, 1509, 1511, 1512, 1513], [342, 377, 395, 401, 407, 411, 421, 423, 425, 427, 432, 492, 520, 523, 524, 525, 544, 597, 613, 641, 647, 654, 660, 666, 690, 704, 718, 723, 725, 736, 741, 749, 753, 757, 758, 759, 784, 788, 790, 791, 796, 798, 800, 802, 805, 807, 809, 814, 816, 819, 822, 825, 826, 828, 829, 830, 831, 834, 837, 840, 860, 876, 882, 887, 891, 895, 903, 913, 914, 933, 934, 940, 941, 943, 944, 947, 950, 951, 952, 953, 954, 957, 958, 959, 960, 961, 962, 963, 964, 966, 967, 971, 983, 991, 992, 996, 997, 998, 1000, 1016, 1020, 1041, 1042, 1056, 1065, 1067, 1071, 1088, 1090, 1093, 1103, 1105, 1107, 1110, 1114, 1123, 1142, 1149, 1159, 1161, 1165, 1178, 1180, 1182, 1196, 1198, 1199, 1200, 1202, 1232, 1241, 1243, 1245, 1249, 1251, 1255, 1257, 1259, 1261, 1263, 1265, 1266, 1267, 1269, 1270, 1283, 1285, 1298, 1299, 1300, 1303, 1304, 1305, 1306, 1307, 1308, 1309, 1310, 1311, 1314, 1315, 1317, 1318, 1321, 1322, 1323, 1324, 1325, 1326, 1327, 1328, 1330, 1334, 1337, 1339, 1340, 1341, 1343, 1345, 1346, 1347, 1348, 1349, 1350, 1352, 1357, 1358, 1359, 1360, 1361, 1362, 1364, 1365, 1366, 1367, 1376, 1388, 1398, 1407, 1412, 1415, 1418, 1425, 1439, 1442, 1444, 1457, 1459, 1462, 1476, 1477, 1480, 1482, 1486, 1487, 1488, 1489, 1490, 1492, 1494, 1495, 1496, 1497, 1499, 1500, 1501, 1502, 1506], [395, 425, 432, 525, 544, 648, 653, 711, 730, 753, 758, 759, 784, 790, 795, 800, 803, 807, 814, 822, 825, 828, 830, 834, 840, 876, 887, 895, 933, 941, 943, 944, 951, 954, 958, 959, 961, 962, 963, 964, 966, 967, 996, 997, 998, 1000, 1059, 1062, 1063, 1064, 1095, 1096, 1097, 1098, 1100, 1102, 1119, 1152, 1155, 1156, 1158, 1166, 1169, 1170, 1171, 1172, 1174, 1176, 1184, 1185, 1186, 1187, 1190, 1198, 1199, 1200, 1202, 1228, 1230, 1231, 1232, 1233, 1234, 1235, 1236, 1237, 1238, 1239, 1240, 1241, 1245, 1251, 1257, 1261, 1265, 1266, 1269, 1273, 1275, 1298, 1299, 1300, 1303, 1304, 1305, 1306, 1307, 1308, 1309, 1310, 1315, 1317, 1318, 1321, 1322, 1323, 1324, 1325, 1326, 1327, 1334, 1339, 1340, 1341, 1343, 1352, 1357, 1364, 1365, 1366, 1367, 1370, 1377, 1383, 1385, 1386, 1389, 1393, 1394, 1400, 1401, 1404, 1405, 1406, 1408, 1413, 1414, 1419, 1422, 1424, 1427, 1429, 1431, 1440, 1441, 1445, 1446, 1447, 1450, 1451, 1452, 1453, 1454, 1455, 1456, 1458, 1474, 1475, 1476, 1478, 1479, 1482, 1483, 1486, 1487, 1488, 1489, 1490, 1492, 1494, 1495, 1496, 1497, 1499, 1500, 1501, 1502, 1506, 1507, 1509, 1510, 1511, 1512, 1513]!Vessel: FarSearcher
[558, 569, 571, 573, 593, 613, 615, 616, 617, 618, 622, 641, 666, 669, 742, 743, 749, 831, 860, 862, 870, 903, 911, 933, 934, 940, 941, 947, 1016, 1020, 1022, 1030, 1031, 1056, 1058, 1060, 1063, 1066, 1067, 1069, 1070, 1072, 1088, 1091, 1110, 1112, 1115, 1116, 1117, 1121, 1122, 1123, 1126, 1140, 1143, 1145, 1190, 1191, 1196, 1244, 1253, 1255, 1259, 1261, 1262, 1264, 1298, 1305, 1328, 1330, 1334, 1337, 1345, 1350, 1361, 1362, 1368, 1377, 1379, 1380, 1396, 1399, 1406, 1408, 1413, 1416, 1417, 1419, 1424, 1426, 1427, 1428, 1430, 1431, 1438, 1440, 1441, 1443, 1460, 1463, 1478, 1479, 1481], [307, 342, 377, 393, 395, 401, 423, 427, 480, 505, 558, 569, 571, 573, 579, 581, 582, 584, 585, 588, 593, 594, 595, 596, 597, 613, 641, 644, 646, 648, 654, 660, 666, 690, 702, 705, 718, 726, 729, 730, 733, 736, 749, 752, 753, 757, 784, 797, 801, 803, 810, 817, 827, 834, 860, 873, 874, 876, 882, 884, 885, 887, 892, 903, 911, 912, 913, 915, 933, 942, 943, 964, 966, 969, 970, 996, 1003, 1016, 1020, 1022, 1030, 1031, 1034, 1035, 1038, 1042, 1048, 1049, 1053, 1056, 1058, 1066, 1070, 1072, 1088, 1091, 1093, 1095, 1099, 1104, 1106, 1110, 1112, 1115, 1140, 1143, 1149, 1151, 1160, 1164, 1166, 1169, 1170, 1173, 1178, 1181, 1184, 1186, 1191, 1196, 1227, 1233, 1235, 1236, 1238, 1239, 1244, 1250, 1255, 1262, 1264, 1265, 1267, 1273, 1274, 1298, 1306, 1307, 1325, 1328, 1334, 1339, 1343, 1345, 1346, 1348, 1349, 1352, 1364, 1368, 1370, 1371, 1377, 1379, 1380, 1382, 1385, 1389, 1396, 1399, 1406, 1413, 1416, 1417, 1419, 1424, 1428, 1438, 1440, 1441, 1445, 1452, 1458, 1460, 1463, 1478, 1479], [307, 401, 407, 411, 480, 534, 558, 573, 579, 581, 582, 584, 585, 588, 613, 615, 616, 617, 618, 622, 644, 646, 648, 650, 651, 652, 653, 654, 656, 660, 669, 690, 692, 693, 694, 695, 742, 743, 752, 753, 756, 791, 793, 794, 795, 797, 798, 801, 803, 806, 810, 812, 831, 834, 837, 840, 853, 860, 862, 874, 876, 878, 880, 882, 884, 894, 903, 911, 912, 913, 934, 943, 944, 950, 951, 972, 973, 982, 997, 1000, 1016, 1022, 1030, 1031, 1034, 1035, 1038, 1042, 1056, 1058, 1060, 1063, 1066, 1067, 1069, 1070, 1072, 1093, 1095, 1097, 1099, 1101, 1102, 1104, 1106, 1107, 1112, 1115, 1116, 1117, 1121, 1122, 1123, 1126, 1149, 1151, 1153, 1156, 1157, 1160, 1161, 1163, 1164, 1166, 1190, 1191, 1198, 1227, 1229, 1231, 1233, 1234, 1235, 1236, 1237, 1244, 1250, 1253, 1255, 1259, 1261, 1262, 1264, 1265, 1266, 1267, 1270, 1274, 1307, 1309, 1328, 1330, 1337, 1339, 1340, 1346, 1350, 1352, 1370, 1377, 1379, 1380, 1382, 1385, 1389, 1396, 1399, 1406, 1408, 1417, 1419, 1424, 1426, 1427, 1428, 1430, 1431, 1445, 1452, 1453, 1460, 1478, 1479, 1481], [214, 307, 342, 505, 520, 523, 524, 525, 529, 579, 581, 582, 593, 594, 595, 613, 615, 616, 617, 618, 622, 641, 644, 646, 648, 650, 651, 652, 653, 654, 656, 660, 666, 669, 690, 692, 693, 694, 695, 702, 705, 707, 708, 710, 711, 718, 726, 728, 729, 730, 732, 733, 736, 853, 933, 934, 940, 941, 942, 943, 944, 947, 950, 951, 956, 957, 958, 962, 964, 965, 966, 967, 968, 969, 972, 973, 991, 993, 1030, 1031, 1034, 1035, 1048, 1053, 1056, 1058, 1060, 1063, 1066, 1067, 1069, 1070, 1072, 1088, 1091, 1093, 1095, 1097, 1099, 1101, 1102, 1104, 1106, 1107, 1110, 1112, 1115, 1116, 1117, 1121, 1122, 1123, 1126, 1140, 1143, 1145, 1149, 1151, 1153, 1156, 1157, 1160, 1161, 1163, 1164, 1166, 1169, 1170, 1171, 1173, 1175, 1176, 1178, 1181, 1182, 1184, 1186, 1187, 1253, 1298, 1305, 1306, 1307, 1309, 1323, 1325, 1327, 1330, 1348, 1361, 1379, 1380, 1382, 1385, 1399, 1406, 1408, 1413, 1416, 1417, 1419, 1424, 1426, 1427, 1428, 1430, 1431, 1438, 1440, 1441, 1443, 1445, 1452, 1453, 1458], [377, 417, 421, 520, 530, 544, 573, 579, 584, 585, 594, 596, 666, 669, 690, 692, 693, 694, 695, 702, 705, 707, 708, 710, 711, 718, 742, 743, 749, 752, 753, 756, 757, 791, 793, 794, 795, 810, 812, 814, 817, 820, 837, 870, 882, 903, 912, 915, 947, 950, 951, 956, 957, 958, 970, 973, 982, 983, 984, 992, 996, 997, 999, 1003, 1022, 1031, 1034, 1038, 1049, 1053, 1110, 1112, 1115, 1116, 1117, 1121, 1122, 1123, 1126, 1140, 1143, 1145, 1149, 1151, 1153, 1156, 1157, 1160, 1161, 1163, 1164, 1166, 1169, 1170, 1171, 1173, 1175, 1176, 1178, 1181, 1182, 1190, 1191, 1196, 1198, 1202, 1227, 1229, 1231, 1235, 1236, 1237, 1238, 1239, 1240, 1250, 1262, 1264, 1267, 1270, 1323, 1328, 1334, 1337, 1339, 1340, 1343, 1345, 1346, 1349, 1350, 1362, 1368, 1371, 1380, 1382, 1389, 1396, 1416, 1417, 1419, 1424, 1426, 1427, 1428, 1430, 1431, 1438, 1440, 1441, 1443, 1445, 1452, 1453, 1458, 1460, 1463, 1478, 1479, 1481], [169, 214, 342, 377, 393, 395, 401, 407, 411, 417, 421, 423, 425, 427, 430, 432, 492, 520, 523, 524, 525, 530, 534, 541, 544, 546, 573, 579, 581, 582, 584, 585, 593, 594, 595, 596, 597, 615, 616, 617, 618, 646, 648, 650, 651, 652, 653, 669, 692, 693, 694, 695, 702, 705, 707, 708, 710, 711, 726, 728, 729, 730, 732, 742, 757, 784, 791, 793, 794, 795, 797, 798, 801, 803, 806, 810, 812, 814, 817, 820, 825, 827, 829, 830, 853, 884, 892, 894, 962, 983, 991, 992, 1000, 1003, 1022, 1035, 1038, 1048, 1049, 1053, 1058, 1060, 1063, 1095, 1097, 1099, 1101, 1102, 1116, 1117, 1151, 1153, 1156, 1157, 1169, 1170, 1171, 1173, 1175, 1176, 1184, 1186, 1187, 1190, 1227, 1229, 1231, 1233, 1234, 1235, 1236, 1237, 1238, 1239, 1240, 1253, 1273, 1274, 1370, 1371], [407, 423, 425, 492, 523, 530, 541, 571, 581, 584, 588, 595, 596, 597, 615, 650, 651, 654, 656, 692, 702, 707, 708, 726, 728, 733, 736, 756, 793, 797, 798, 812, 820, 825, 829, 831, 834, 837, 840, 878, 884, 885, 887, 892, 894, 896, 911, 912, 913, 915, 934, 940, 944, 950, 957, 964, 965, 967, 991, 992, 993, 999, 1003, 1016, 1020, 1022, 1030, 1034, 1035, 1038, 1042, 1048, 1049, 1053, 1060, 1066, 1067, 1069, 1091, 1093, 1097, 1101, 1104, 1107, 1112, 1116, 1121, 1122, 1140, 1145, 1153, 1160, 1161, 1163, 1170, 1171, 1175, 1181, 1182, 1184, 1187, 1191, 1198, 1202, 1229, 1234, 1236, 1237, 1239, 1240, 1244, 1250, 1259, 1262, 1266, 1270, 1273, 1274, 1306, 1309, 1327, 1345, 1346, 1348, 1349, 1350, 1352, 1361, 1362, 1364, 1368, 1370, 1371, 1377, 1379, 1380, 1382, 1385, 1389, 1396, 1399, 1408, 1413, 1416, 1417, 1424, 1426, 1427, 1430, 1438, 1441, 1443, 1445, 1453, 1458, 1460, 1463, 1479, 1481], [393, 417, 430, 534, 541, 546, 558, 569, 588, 597, 616, 622, 644, 646, 652, 656, 693, 710, 729, 732, 733, 743, 752, 757, 784, 791, 794, 798, 801, 806, 814, 825, 827, 829, 830, 853, 862, 870, 873, 874, 878, 880, 885, 896, 942, 956, 962, 965, 968, 969, 970, 972, 973, 982, 983, 984, 991, 992, 993, 1000, 1016, 1020, 1035, 1038, 1042, 1048, 1049, 1053, 1056, 1058, 1060, 1063, 1067, 1070, 1088, 1093, 1095, 1097, 1099, 1101, 1102, 1106, 1107, 1110, 1117, 1123, 1149, 1151, 1153, 1156, 1157, 1161, 1164, 1169, 1171, 1173, 1175, 1176, 1178, 1182, 1184, 1186, 1187, 1190, 1196, 1198, 1202, 1227, 1229, 1231, 1233, 1234, 1235, 1237, 1238, 1240, 1253, 1255, 1259, 1261, 1265, 1266, 1267, 1270, 1273, 1274, 1298, 1305, 1306, 1307, 1309, 1323, 1325, 1327, 1328, 1330, 1334, 1337, 1339, 1340, 1343, 1345, 1346, 1348, 1349, 1350, 1352, 1361, 1362, 1364, 1370, 1371, 1377, 1379, 1382, 1385, 1389, 1396, 1399, 1406, 1408, 1413, 1416, 1417, 1419, 1426, 1428, 1430, 1431, 1438, 1440, 1443, 1445, 1452, 1453, 1458, 1460, 1463, 1478, 1481], [169, 411, 421, 427, 430, 432, 480, 492, 505, 524, 529, 569, 571, 582, 585, 593, 594, 595, 596, 617, 641, 650, 653, 660, 694, 707, 710, 711, 718, 728, 729, 730, 732, 736, 749, 793, 794, 795, 801, 803, 806, 817, 820, 827, 829, 830, 831, 837, 840, 853, 860, 862, 870, 873, 874, 876, 878, 880, 882, 884, 885, 887, 892, 894, 896, 913, 915, 940, 941, 947, 957, 958, 966, 967, 968, 969, 970, 972, 982, 983, 984, 993, 996, 997, 999, 1020, 1030, 1031, 1034, 1042, 1048, 1049, 1069, 1070, 1072, 1088, 1091, 1099, 1101, 1102, 1104, 1106, 1107, 1121, 1126, 1140, 1143, 1145, 1157, 1163, 1164, 1166, 1173, 1175, 1176, 1178, 1181, 1182, 1186, 1187, 1196, 1202, 1227, 1229, 1231, 1233, 1234, 1238, 1239, 1240, 1244, 1250, 1253, 1255, 1259, 1261, 1262, 1264, 1265, 1266, 1267, 1270, 1273, 1274, 1305, 1323, 1325, 1327, 1330, 1337, 1340, 1343, 1348, 1349, 1361, 1362, 1364, 1368, 1377, 1379, 1380, 1382, 1385, 1389, 1396, 1406, 1408, 1413, 1427, 1428, 1430, 1431, 1438, 1440, 1441, 1443, 1452, 1453, 1458, 1463, 1478, 1479, 1481], [169, 214, 307, 342, 377, 393, 395, 401, 407, 411, 417, 421, 423, 425, 427, 430, 432, 480, 492, 505, 520, 523, 524, 525, 529, 530, 534, 541, 544, 546, 558, 569, 571, 588, 597, 613, 622, 641, 644, 654, 656, 660, 666, 690, 718, 733, 736, 743, 749, 752, 753, 756, 757, 784, 791, 798, 814, 825, 829, 830, 831, 834, 837, 840, 860, 862, 870, 873, 874, 876, 878, 880, 882, 885, 887, 896, 903, 911, 912, 913, 915, 933, 934, 940, 941, 942, 943, 944, 947, 950, 951, 956, 957, 958, 962, 964, 965, 966, 967, 968, 969, 970, 972, 973, 982, 983, 984, 991, 992, 993, 996, 997, 999, 1000, 1016, 1020, 1042, 1056, 1067, 1088, 1093, 1107, 1110, 1123, 1149, 1161, 1178, 1182, 1196, 1198, 1202, 1255, 1259, 1261, 1265, 1266, 1267, 1270, 1298, 1305, 1306, 1307, 1309, 1323, 1325, 1327, 1328, 1330, 1334, 1337, 1339, 1340, 1343, 1345, 1346, 1348, 1349, 1350, 1352, 1361, 1362, 1364], [395, 425, 432, 525, 529, 544, 546, 618, 648, 651, 652, 653, 695, 705, 708, 711, 726, 728, 730, 732, 742, 753, 756, 784, 795, 797, 803, 806, 810, 812, 814, 817, 820, 825, 827, 830, 834, 840, 873, 876, 880, 887, 892, 894, 896, 933, 941, 942, 943, 944, 951, 956, 958, 962, 964, 965, 966, 967, 968, 984, 996, 997, 999, 1000, 1003, 1063, 1066, 1069, 1072, 1091, 1095, 1097, 1102, 1104, 1106, 1115, 1122, 1126, 1143, 1145, 1156, 1160, 1163, 1166, 1169, 1170, 1171, 1176, 1181, 1184, 1186, 1187, 1190, 1191, 1198, 1202, 1231, 1233, 1234, 1235, 1236, 1237, 1238, 1239, 1240, 1244, 1250, 1261, 1264, 1265, 1266, 1273, 1298, 1305, 1306, 1307, 1309, 1323, 1325, 1327, 1334, 1339, 1340, 1343, 1352, 1364, 1368, 1370, 1371, 1377, 1385, 1389, 1399, 1406, 1408, 1413, 1416, 1419, 1424, 1426, 1427, 1431, 1440, 1441, 1443, 1445, 1452, 1453, 1458, 1460, 1463, 1478, 1479, 1481]!Vessel: FarSymphony
[571, 573, 593, 613, 615, 617, 618, 641, 666, 669, 741, 742, 749, 831, 860, 903, 911, 933, 934, 940, 941, 947, 1016, 1020, 1022, 1023, 1030, 1031, 1045, 1046, 1056, 1058, 1059, 1060, 1061, 1062, 1063, 1064, 1065, 1067, 1069, 1072, 1088, 1090, 1110, 1114, 1116, 1117, 1118, 1119, 1123, 1126, 1142, 1143, 1190, 1196, 1243, 1245, 1253, 1255, 1259, 1261, 1263, 1264, 1283, 1285, 1298, 1299, 1300, 1304, 1305, 1310, 1311, 1314, 1315, 1328, 1330, 1334, 1337, 1345, 1350, 1361, 1362, 1366, 1374, 1377, 1379, 1380, 1391, 1396, 1397, 1399, 1401, 1405, 1406, 1408, 1413, 1415, 1416, 1417, 1419, 1421, 1422, 1424, 1426, 1427, 1428, 1429, 1430, 1431, 1438, 1440, 1441, 1443, 1459, 1460, 1462, 1463, 1478, 1479, 1481, 1507, 1508, 1510, 1511, 1512, 1513], [342, 377, 395, 401, 423, 427, 571, 573, 579, 581, 582, 585, 593, 594, 595, 597, 613, 641, 648, 654, 660, 666, 690, 705, 718, 723, 725, 726, 730, 736, 749, 753, 757, 758, 784, 788, 796, 797, 803, 810, 817, 822, 826, 834, 860, 874, 876, 882, 884, 887, 891, 892, 903, 911, 912, 913, 914, 915, 933, 943, 964, 966, 969, 996, 1016, 1020, 1022, 1023, 1030, 1031, 1032, 1033, 1034, 1035, 1036, 1038, 1039, 1042, 1045, 1046, 1047, 1048, 1049, 1053, 1056, 1058, 1059, 1065, 1072, 1088, 1090, 1093, 1095, 1096, 1099, 1104, 1105, 1110, 1114, 1142, 1143, 1149, 1151, 1152, 1159, 1166, 1169, 1170, 1173, 1174, 1178, 1180, 1184, 1185, 1186, 1196, 1200, 1227, 1228, 1233, 1235, 1236, 1238, 1239, 1243, 1249, 1251, 1255, 1263, 1264, 1265, 1267, 1273, 1274, 1275, 1283, 1285, 1298, 1299, 1306, 1307, 1308, 1310, 1325, 1326, 1328, 1334, 1339, 1343, 1345, 1346, 1348, 1349, 1352, 1364, 1365, 1370, 1371, 1374, 1377, 1379, 1380, 1381, 1382, 1385, 1386, 1387, 1389, 1391, 1392, 1394, 1396, 1397, 1399, 1405, 1406, 1413, 1415, 1416, 1417, 1419, 1424, 1428, 1429, 1438, 1440, 1441, 1445, 1451, 1452, 1454, 1458, 1459, 1460, 1462, 1463, 1478, 1479, 1507, 1508, 1509, 1510, 1512, 1513], [401, 407, 411, 534, 573, 579, 581, 582, 585, 613, 615, 617, 618, 648, 650, 651, 653, 654, 660, 669, 690, 692, 694, 695, 741, 742, 753, 756, 788, 791, 793, 795, 796, 797, 798, 800, 803, 805, 810, 831, 834, 837, 840, 860, 874, 876, 882, 884, 894, 903, 911, 912, 913, 934, 943, 944, 950, 951, 971, 972, 997, 1000, 1016, 1022, 1023, 1030, 1031, 1032, 1033, 1034, 1035, 1036, 1038, 1039, 1042, 1056, 1058, 1059, 1060, 1061, 1062, 1063, 1064, 1065, 1067, 1069, 1072, 1093, 1095, 1096, 1097, 1098, 1099, 1101, 1102, 1104, 1105, 1107, 1114, 1116, 1117, 1118, 1119, 1123, 1126, 1149, 1151, 1152, 1153, 1154, 1155, 1156, 1157, 1158, 1159, 1161, 1163, 1166, 1190, 1198, 1227, 1228, 1229, 1230, 1231, 1233, 1234, 1235, 1236, 1237, 1243, 1245, 1249, 1251, 1253, 1255, 1259, 1261, 1263, 1264, 1265, 1266, 1267, 1270, 1274, 1275, 1283, 1299, 1300, 1307, 1308, 1309, 1311, 1318, 1328, 1330, 1337, 1339, 1340, 1346, 1350, 1352, 1365, 1366, 1367, 1370, 1374, 1377, 1379, 1380, 1381, 1382, 1385, 1386, 1387, 1389, 1396, 1399, 1401, 1405, 1406, 1408, 1417, 1419, 1421, 1422, 1424, 1426, 1427, 1428, 1429, 1430, 1431, 1445, 1447, 1451, 1452, 1453, 1459, 1460, 1475, 1478, 1479, 1481, 1507, 1508, 1509, 1510, 1511, 1513], [342, 520, 523, 524, 525, 579, 581, 582, 593, 594, 595, 613, 615, 617, 618, 641, 648, 650, 651, 653, 654, 660, 666, 669, 690, 692, 694, 695, 705, 707, 711, 718, 723, 725, 726, 728, 730, 736, 933, 934, 940, 941, 943, 944, 947, 950, 951, 952, 957, 958, 961, 962, 964, 966, 967, 969, 971, 972, 991, 1030, 1031, 1032, 1033, 1034, 1035, 1036, 1045, 1046, 1047, 1048, 1053, 1056, 1058, 1059, 1060, 1061, 1062, 1063, 1064, 1065, 1067, 1069, 1072, 1088, 1090, 1093, 1095, 1096, 1097, 1098, 1099, 1101, 1102, 1104, 1105, 1107, 1110, 1114, 1116, 1117, 1118, 1119, 1123, 1126, 1142, 1143, 1149, 1151, 1152, 1153, 1154, 1155, 1156, 1157, 1158, 1159, 1161, 1163, 1166, 1169, 1170, 1171, 1172, 1173, 1174, 1175, 1176, 1178, 1180, 1182, 1184, 1185, 1186, 1187, 1253, 1298, 1299, 1300, 1304, 1305, 1306, 1307, 1308, 1309, 1310, 1311, 1314, 1315, 1318, 1322, 1323, 1325, 1326, 1327, 1330, 1348, 1361, 1379, 1380, 1381, 1382, 1385, 1391, 1392, 1399, 1401, 1405, 1406, 1408, 1413, 1415, 1416, 1417, 1419, 1421, 1422, 1424, 1426, 1427, 1428, 1429, 1430, 1431, 1438, 1440, 1441, 1443, 1445, 1447, 1451, 1452, 1453, 1454, 1456, 1458, 1507, 1508, 1509, 1510, 1511, 1512], [377, 421, 520, 530, 544, 573, 579, 585, 594, 666, 669, 690, 692, 694, 695, 705, 707, 711, 718, 741, 742, 749, 753, 756, 757, 758, 759, 791, 793, 795, 810, 814, 817, 819, 837, 882, 903, 912, 914, 915, 947, 950, 951, 952, 957, 958, 983, 992, 996, 997, 999, 1022, 1023, 1031, 1032, 1033, 1034, 1038, 1039, 1046, 1047, 1049, 1053, 1110, 1114, 1116, 1117, 1118, 1119, 1123, 1126, 1142, 1143, 1149, 1151, 1152, 1153, 1154, 1155, 1156, 1157, 1158, 1159, 1161, 1163, 1166, 1169, 1170, 1171, 1172, 1173, 1174, 1175, 1176, 1178, 1180, 1182, 1190, 1196, 1198, 1200, 1202, 1227, 1228, 1229, 1230, 1231, 1235, 1236, 1237, 1238, 1239, 1240, 1249, 1263, 1264, 1267, 1270, 1283, 1285, 1310, 1311, 1314, 1315, 1318, 1322, 1323, 1328, 1334, 1337, 1339, 1340, 1343, 1345, 1346, 1349, 1350, 1362, 1365, 1366, 1367, 1371, 1374, 1380, 1381, 1382, 1386, 1387, 1389, 1392, 1394, 1396, 1397, 1415, 1416, 1417, 1419, 1421, 1422, 1424, 1426, 1427, 1428, 1429, 1430, 1431, 1438, 1440, 1441, 1443, 1445, 1447, 1451, 1452, 1453, 1454, 1456, 1458, 1459, 1460, 1462, 1463, 1475, 1478, 1479, 1481, 1508, 1509, 1510, 1511, 1512, 1513], [342, 377, 395, 401, 407, 411, 421, 423, 425, 427, 430, 432, 492, 520, 523, 524, 525, 530, 534, 544, 573, 579, 581, 582, 585, 593, 594, 595, 597, 615, 617, 618, 648, 650, 651, 653, 669, 692, 694, 695, 705, 707, 711, 723, 725, 726, 728, 730, 741, 742, 757, 758, 759, 784, 788, 791, 793, 795, 796, 797, 798, 800, 803, 805, 810, 814, 817, 819, 822, 825, 826, 829, 830, 884, 891, 892, 894, 895, 914, 952, 961, 962, 971, 983, 991, 992, 1000, 1022, 1023, 1032, 1033, 1035, 1036, 1038, 1039, 1045, 1046, 1047, 1048, 1049, 1053, 1058, 1059, 1060, 1061, 1062, 1063, 1064, 1095, 1096, 1097, 1098, 1099, 1101, 1102, 1116, 1117, 1118, 1119, 1151, 1152, 1153, 1154, 1155, 1156, 1157, 1158, 1169, 1170, 1171, 1172, 1173, 1174, 1175, 1176, 1184, 1185, 1186, 1187, 1190, 1227, 1228, 1229, 1230, 1231, 1233, 1234, 1235, 1236, 1237, 1238, 1239, 1240, 1253, 1273, 1274, 1275, 1370, 1371, 1374, 1381, 1386, 1387, 1391, 1392, 1394, 1397, 1401, 1421, 1422, 1447, 1454, 1456, 1475], [407, 423, 425, 492, 523, 530, 571, 581, 595, 597, 615, 650, 651, 654, 692, 707, 725, 726, 728, 736, 756, 759, 793, 796, 797, 798, 800, 819, 822, 825, 829, 831, 834, 837, 840, 884, 887, 891, 892, 894, 895, 911, 912, 913, 914, 915, 934, 940, 944, 950, 952, 957, 961, 964, 967, 991, 992, 999, 1016, 1020, 1022, 1030, 1032, 1034, 1035, 1036, 1038, 1039, 1042, 1045, 1047, 1048, 1049, 1053, 1060, 1061, 1062, 1065, 1067, 1069, 1090, 1093, 1096, 1097, 1098, 1101, 1104, 1107, 1116, 1153, 1154, 1155, 1159, 1161, 1163, 1170, 1171, 1172, 1175, 1180, 1182, 1184, 1185, 1187, 1198, 1200, 1202, 1229, 1230, 1234, 1236, 1237, 1239, 1240, 1243, 1245, 1249, 1251, 1259, 1266, 1270, 1273, 1274, 1275, 1283, 1285, 1300, 1304, 1306, 1308, 1309, 1311, 1314, 1318, 1322, 1326, 1327, 1345, 1346, 1348, 1349, 1350, 1352, 1361, 1362, 1364, 1365, 1367, 1370, 1371, 1374, 1377, 1379, 1380, 1381, 1382, 1385, 1386, 1387, 1389, 1391, 1392, 1394, 1396, 1397, 1399, 1401, 1405, 1408, 1413, 1415, 1416, 1417, 1421, 1424, 1426, 1427, 1430, 1438, 1441, 1443, 1445, 1447, 1451, 1453, 1454, 1456, 1458, 1459, 1460, 1462, 1463, 1475, 1479, 1481, 1507, 1508, 1509, 1510, 1511, 1512, 1513], [430, 534, 597, 723, 757, 784, 788, 791, 798, 805, 814, 825, 826, 829, 830, 874, 962, 969, 971, 972, 983, 991, 992, 1000, 1016, 1020, 1035, 1038, 1042, 1048, 1049, 1053, 1056, 1058, 1060, 1063, 1067, 1088, 1093, 1095, 1097, 1099, 1101, 1102, 1105, 1107, 1110, 1117, 1123, 1149, 1151, 1153, 1156, 1157, 1161, 1169, 1171, 1173, 1175, 1176, 1178, 1182, 1184, 1186, 1187, 1190, 1196, 1198, 1202, 1227, 1229, 1231, 1233, 1234, 1235, 1237, 1238, 1240, 1253, 1255, 1259, 1261, 1265, 1266, 1267, 1270, 1273, 1274, 1298, 1305, 1306, 1307, 1309, 1323, 1325, 1327, 1328, 1330, 1334, 1337, 1339, 1340, 1343, 1345, 1346, 1348, 1349, 1350, 1352, 1361, 1362, 1364, 1370, 1371, 1374, 1377, 1379, 1381, 1382, 1385, 1386, 1387, 1389, 1391, 1392, 1394, 1396, 1397, 1399, 1401, 1406, 1408, 1413, 1415, 1416, 1417, 1419, 1421, 1422, 1426, 1428, 1430, 1431, 1438, 1440, 1443, 1445, 1447, 1452, 1453, 1454, 1456, 1458, 1459, 1460, 1462, 1463, 1475, 1478, 1481, 1507, 1508, 1509, 1510, 1511, 1512, 1513], [411, 421, 427, 430, 432, 492, 524, 571, 582, 585, 593, 594, 595, 617, 641, 650, 653, 660, 694, 707, 711, 718, 728, 730, 736, 749, 793, 795, 803, 805, 817, 819, 826, 829, 830, 831, 837, 840, 860, 874, 876, 882, 884, 887, 891, 892, 894, 895, 913, 915, 940, 941, 947, 957, 958, 966, 967, 969, 972, 983, 996, 997, 999, 1020, 1023, 1030, 1031, 1033, 1034, 1036, 1039, 1042, 1045, 1046, 1047, 1048, 1049, 1061, 1064, 1069, 1072, 1088, 1090, 1098, 1099, 1101, 1102, 1104, 1105, 1107, 1118, 1126, 1142, 1143, 1154, 1157, 1158, 1163, 1166, 1172, 1173, 1174, 1175, 1176, 1178, 1180, 1182, 1185, 1186, 1187, 1196, 1200, 1202, 1227, 1228, 1229, 1230, 1231, 1233, 1234, 1238, 1239, 1240, 1243, 1245, 1249, 1251, 1253, 1255, 1259, 1261, 1263, 1264, 1265, 1266, 1267, 1270, 1273, 1274, 1275, 1285, 1304, 1305, 1314, 1315, 1322, 1323, 1325, 1326, 1327, 1330, 1337, 1340, 1343, 1348, 1349, 1361, 1362, 1364, 1366, 1367, 1377, 1379, 1380, 1382, 1385, 1387, 1389, 1391, 1392, 1394, 1396, 1397, 1405, 1406, 1408, 1413, 1427, 1428, 1429, 1430, 1431, 1438, 1440, 1441, 1443, 1451, 1452, 1453, 1456, 1458, 1462, 1463, 1475, 1478, 1479, 1481, 1507, 1508, 1509, 1511, 1512, 1513], [342, 377, 395, 401, 407, 411, 421, 423, 425, 427, 430, 432, 492, 520, 523, 524, 525, 530, 534, 544, 571, 597, 613, 641, 654, 660, 666, 690, 718, 723, 725, 736, 741, 749, 753, 756, 757, 758, 759, 784, 788, 791, 796, 798, 800, 805, 814, 819, 822, 825, 826, 829, 830, 831, 834, 837, 840, 860, 874, 876, 882, 887, 891, 895, 903, 911, 912, 913, 914, 915, 933, 934, 940, 941, 943, 944, 947, 950, 951, 952, 957, 958, 961, 962, 964, 966, 967, 969, 971, 972, 983, 991, 992, 996, 997, 999, 1000, 1016, 1020, 1042, 1056, 1065, 1067, 1088, 1090, 1093, 1105, 1107, 1110, 1114, 1123, 1142, 1149, 1159, 1161, 1178, 1180, 1182, 1196, 1198, 1200, 1202, 1243, 1245, 1249, 1251, 1255, 1259, 1261, 1263, 1265, 1266, 1267, 1270, 1283, 1285, 1298, 1299, 1300, 1304, 1305, 1306, 1307, 1308, 1309, 1310, 1311, 1314, 1315, 1318, 1322, 1323, 1325, 1326, 1327, 1328, 1330, 1334, 1337, 1339, 1340, 1343, 1345, 1346, 1348, 1349, 1350, 1352, 1361, 1362, 1364, 1365, 1366, 1367, 1415, 1459, 1462], [395, 425, 432, 525, 544, 618, 648, 651, 653, 695, 705, 711, 726, 728, 730, 742, 753, 756, 758, 759, 784, 795, 797, 800, 803, 810, 814, 817, 822, 825, 830, 834, 840, 876, 887, 892, 894, 895, 933, 941, 943, 944, 951, 958, 961, 962, 964, 966, 967, 996, 997, 999, 1000, 1059, 1062, 1063, 1064, 1069, 1072, 1095, 1096, 1097, 1098, 1102, 1104, 1119, 1126, 1143, 1152, 1155, 1156, 1158, 1163, 1166, 1169, 1170, 1171, 1172, 1174, 1176, 1184, 1185, 1186, 1187, 1190, 1198, 1200, 1202, 1228, 1230, 1231, 1233, 1234, 1235, 1236, 1237, 1238, 1239, 1240, 1245, 1251, 1261, 1264, 1265, 1266, 1273, 1275, 1298, 1299, 1300, 1304, 1305, 1306, 1307, 1308, 1309, 1310, 1315, 1318, 1322, 1323, 1325, 1326, 1327, 1334, 1339, 1340, 1343, 1352, 1364, 1365, 1366, 1367, 1370, 1371, 1377, 1385, 1386, 1389, 1394, 1399, 1401, 1405, 1406, 1408, 1413, 1416, 1419, 1422, 1424, 1426, 1427, 1429, 1431, 1440, 1441, 1443, 1445, 1447, 1451, 1452, 1453, 1454, 1456, 1458, 1460, 1463, 1475, 1478, 1479, 1481, 1507, 1509, 1510, 1511, 1512, 1513]!Vessel: HavilaForesight
[229, 246, 289, 397, 499, 500, 516, 558, 561, 569, 571, 573, 578, 593, 615, 616, 617, 618, 622, 625, 666, 669, 740, 742, 743, 749, 831, 862, 870, 903, 911, 933, 934, 940, 947, 1028, 1030, 1031, 1055, 1057, 1060, 1066, 1068, 1069, 1070, 1072, 1073, 1074, 1087, 1089, 1091, 1092, 1111, 1112, 1113, 1115, 1120, 1121, 1122, 1124, 1125, 1126, 1140, 1141, 1143, 1144, 1145, 1146, 1189, 1190, 1191, 1197, 1244, 1252, 1254, 1256, 1258, 1260, 1262, 1264, 1345, 1350, 1368, 1377, 1379, 1396, 1399, 1408, 1413, 1416, 1417, 1419, 1426, 1430, 1438, 1440, 1443, 1460, 1463, 1478, 1481], [155, 229, 246, 255, 257, 260, 265, 266, 267, 307, 343, 368, 377, 393, 402, 423, 428, 435, 441, 479, 480, 490, 499, 500, 502, 505, 506, 518, 558, 569, 571, 573, 578, 579, 580, 581, 583, 584, 585, 587, 588, 593, 594, 595, 596, 607, 608, 644, 646, 648, 654, 661, 666, 702, 703, 705, 724, 726, 729, 730, 733, 749, 752, 753, 789, 797, 801, 803, 808, 810, 815, 817, 827, 834, 873, 874, 884, 885, 887, 890, 892, 903, 911, 912, 915, 933, 942, 964, 969, 970, 990, 996, 1003, 1005, 1010, 1028, 1030, 1031, 1034, 1037, 1038, 1040, 1043, 1049, 1051, 1053, 1055, 1057, 1066, 1070, 1072, 1087, 1089, 1091, 1094, 1104, 1106, 1111, 1112, 1113, 1115, 1140, 1141, 1143, 1150, 1160, 1164, 1166, 1177, 1179, 1181, 1184, 1188, 1189, 1191, 1197, 1201, 1244, 1250, 1252, 1256, 1262, 1264, 1268, 1273, 1345, 1368, 1370, 1371, 1377, 1379, 1382, 1389, 1396, 1399, 1413, 1416, 1417, 1419, 1438, 1440, 1445, 1458, 1460, 1463, 1478], [229, 255, 257, 260, 289, 307, 309, 310, 311, 326, 368, 372, 375, 397, 402, 404, 406, 407, 412, 441, 444, 480, 519, 534, 542, 558, 561, 573, 578, 579, 580, 581, 583, 584, 585, 587, 588, 615, 616, 617, 618, 622, 625, 644, 646, 648, 649, 650, 651, 652, 654, 656, 661, 669, 692, 693, 694, 695, 701, 740, 742, 743, 752, 753, 755, 756, 789, 792, 793, 794, 795, 797, 799, 801, 803, 804, 806, 808, 810, 811, 812, 831, 834, 837, 840, 853, 862, 874, 878, 880, 884, 894, 903, 911, 912, 934, 944, 950, 972, 973, 982, 1028, 1030, 1031, 1034, 1037, 1038, 1040, 1043, 1051, 1055, 1057, 1060, 1066, 1068, 1069, 1070, 1072, 1073, 1074, 1094, 1104, 1106, 1108, 1112, 1113, 1115, 1120, 1121, 1122, 1124, 1125, 1126, 1150, 1153, 1160, 1162, 1163, 1164, 1166, 1167, 1168, 1189, 1190, 1191, 1237, 1244, 1250, 1252, 1254, 1256, 1258, 1260, 1262, 1264, 1268, 1271, 1350, 1370, 1377, 1379, 1382, 1389, 1396, 1399, 1408, 1417, 1419, 1426, 1430, 1445, 1453, 1460, 1478, 1481], [214, 255, 265, 266, 289, 307, 309, 310, 311, 326, 332, 343, 345, 349, 499, 502, 505, 516, 518, 519, 522, 526, 528, 529, 578, 579, 580, 581, 583, 593, 594, 595, 607, 615, 616, 617, 618, 622, 625, 644, 646, 648, 649, 650, 651, 652, 654, 656, 661, 666, 669, 692, 693, 694, 695, 701, 702, 703, 705, 706, 707, 708, 709, 710, 711, 724, 726, 727, 728, 729, 730, 731, 732, 733, 853, 933, 934, 940, 942, 944, 947, 950, 956, 957, 964, 965, 967, 968, 969, 972, 973, 993, 1030, 1031, 1034, 1037, 1051, 1053, 1055, 1057, 1060, 1066, 1068, 1069, 1070, 1072, 1073, 1074, 1087, 1089, 1091, 1092, 1094, 1104, 1106, 1108, 1111, 1112, 1113, 1115, 1120, 1121, 1122, 1124, 1125, 1126, 1140, 1141, 1143, 1144, 1145, 1146, 1150, 1153, 1160, 1162, 1163, 1164, 1166, 1167, 1168, 1171, 1177, 1179, 1181, 1183, 1184, 1188, 1379, 1382, 1399, 1408, 1413, 1416, 1417, 1419, 1426, 1430, 1438, 1440, 1443, 1445, 1453, 1458], [141, 257, 265, 267, 326, 332, 368, 372, 375, 377, 384, 404, 417, 500, 506, 522, 530, 531, 542, 544, 573, 579, 580, 584, 585, 594, 596, 608, 666, 669, 692, 693, 694, 695, 701, 702, 703, 705, 706, 707, 708, 709, 710, 711, 740, 742, 743, 749, 752, 753, 755, 756, 792, 793, 794, 795, 808, 810, 811, 812, 815, 817, 818, 820, 821, 837, 870, 903, 912, 915, 947, 950, 956, 957, 970, 973, 982, 984, 994, 996, 999, 1003, 1005, 1012, 1031, 1034, 1038, 1040, 1049, 1051, 1053, 1111, 1112, 1113, 1115, 1120, 1121, 1122, 1124, 1125, 1126, 1140, 1141, 1143, 1144, 1145, 1146, 1150, 1153, 1160, 1162, 1163, 1164, 1166, 1167, 1168, 1171, 1177, 1179, 1181, 1183, 1189, 1190, 1191, 1197, 1201, 1237, 1240, 1250, 1252, 1254, 1258, 1262, 1264, 1268, 1271, 1345, 1350, 1368, 1371, 1382, 1389, 1396, 1416, 1417, 1419, 1426, 1430, 1438, 1440, 1443, 1445, 1453, 1458, 1460, 1463, 1478, 1481], [141, 155, 169, 171, 214, 218, 255, 257, 260, 265, 266, 267, 289, 309, 310, 311, 326, 332, 343, 345, 349, 377, 393, 397, 402, 404, 406, 407, 412, 417, 423, 425, 428, 430, 530, 534, 541, 544, 546, 573, 579, 581, 584, 585, 587, 593, 594, 595, 596, 607, 608, 615, 616, 617, 618, 646, 648, 649, 650, 651, 652, 669, 692, 693, 694, 695, 702, 703, 705, 706, 707, 708, 709, 710, 711, 724, 726, 727, 728, 729, 730, 731, 732, 740, 742, 789, 792, 793, 794, 795, 797, 799, 801, 803, 804, 806, 808, 810, 811, 812, 815, 817, 818, 820, 821, 827, 853, 884, 890, 892, 894, 1003, 1005, 1010, 1012, 1013, 1038, 1049, 1053, 1060, 1153, 1171, 1184, 1190, 1237, 1240, 1273, 1370, 1371], [218, 309, 345, 372, 406, 407, 423, 425, 435, 441, 444, 490, 495, 502, 519, 526, 528, 530, 531, 541, 561, 571, 581, 583, 584, 587, 588, 595, 596, 607, 608, 615, 649, 650, 651, 654, 656, 692, 702, 706, 707, 708, 726, 727, 728, 731, 733, 755, 756, 793, 797, 799, 804, 811, 812, 818, 820, 831, 834, 837, 840, 878, 884, 885, 887, 890, 892, 894, 896, 911, 912, 915, 934, 940, 944, 950, 957, 964, 965, 967, 990, 993, 994, 999, 1003, 1010, 1012, 1013, 1028, 1030, 1034, 1037, 1038, 1040, 1043, 1049, 1051, 1053, 1055, 1060, 1066, 1068, 1069, 1073, 1087, 1091, 1092, 1094, 1104, 1108, 1112, 1120, 1121, 1122, 1140, 1144, 1145, 1153, 1160, 1162, 1163, 1167, 1171, 1177, 1181, 1183, 1184, 1188, 1191, 1201, 1237, 1240, 1244, 1250, 1254, 1260, 1262, 1271, 1273, 1345, 1350, 1368, 1370, 1371, 1377, 1379, 1382, 1389, 1396, 1399, 1408, 1413, 1416, 1417, 1426, 1430, 1438, 1443, 1445, 1453, 1458, 1460, 1463, 1481], [393, 417, 430, 534, 541, 546, 558, 561, 569, 587, 588, 607, 608, 616, 622, 644, 646, 649, 652, 656, 693, 703, 706, 709, 710, 724, 727, 729, 731, 732, 733, 740, 743, 752, 755, 789, 792, 794, 799, 801, 804, 806, 808, 811, 815, 818, 821, 827, 853, 862, 870, 873, 874, 878, 880, 885, 890, 896, 942, 956, 965, 968, 969, 970, 972, 973, 982, 984, 990, 993, 994, 1005, 1010, 1012, 1013, 1028, 1037, 1038, 1040, 1043, 1049, 1051, 1053, 1055, 1057, 1060, 1068, 1070, 1073, 1074, 1087, 1089, 1092, 1094, 1106, 1108, 1111, 1113, 1120, 1124, 1125, 1141, 1144, 1146, 1150, 1153, 1162, 1164, 1167, 1168, 1171, 1177, 1179, 1183, 1184, 1188, 1189, 1190, 1197, 1201, 1237, 1240, 1252, 1254, 1256, 1258, 1260, 1268, 1271, 1273, 1345, 1350, 1370, 1371, 1377, 1379, 1382, 1389, 1396, 1399, 1408, 1413, 1416, 1417, 1419, 1426, 1430, 1438, 1440, 1443, 1445, 1453, 1458, 1460, 1463, 1478, 1481], [169, 246, 260, 266, 267, 310, 332, 345, 349, 375, 384, 397, 404, 406, 412, 428, 430, 444, 479, 480, 490, 495, 505, 506, 516, 522, 528, 529, 531, 569, 571, 578, 580, 583, 585, 593, 594, 595, 596, 617, 625, 650, 661, 694, 701, 707, 710, 711, 728, 729, 730, 731, 732, 749, 793, 794, 795, 801, 803, 804, 806, 815, 817, 818, 820, 821, 827, 831, 837, 840, 853, 862, 870, 873, 874, 878, 880, 884, 885, 887, 890, 892, 894, 896, 915, 940, 947, 957, 967, 968, 969, 970, 972, 982, 984, 993, 994, 996, 999, 1013, 1028, 1030, 1031, 1034, 1037, 1040, 1043, 1049, 1069, 1070, 1072, 1073, 1074, 1087, 1089, 1091, 1092, 1104, 1106, 1108, 1121, 1125, 1126, 1140, 1141, 1143, 1144, 1145, 1146, 1163, 1164, 1166, 1167, 1168, 1177, 1179, 1181, 1183, 1188, 1197, 1201, 1240, 1244, 1250, 1252, 1254, 1256, 1258, 1260, 1262, 1264, 1268, 1271, 1273, 1368, 1377, 1379, 1382, 1389, 1396, 1408, 1413, 1430, 1438, 1440, 1443, 1453, 1458, 1463, 1478, 1481], [141, 155, 169, 171, 214, 218, 229, 246, 307, 368, 372, 375, 377, 384, 393, 407, 417, 423, 425, 430, 435, 441, 444, 479, 480, 490, 495, 499, 500, 502, 505, 506, 516, 518, 519, 522, 526, 528, 529, 530, 531, 534, 541, 542, 544, 546, 558, 561, 569, 571, 588, 622, 644, 654, 656, 666, 733, 743, 749, 752, 753, 755, 756, 831, 834, 837, 840, 862, 870, 873, 874, 878, 880, 885, 887, 896, 903, 911, 912, 915, 933, 934, 940, 942, 944, 947, 950, 956, 957, 964, 965, 967, 968, 969, 970, 972, 973, 982, 984, 990, 993, 994, 996, 999, 1345, 1350], [171, 311, 343, 349, 384, 402, 412, 425, 428, 435, 479, 495, 518, 526, 529, 542, 544, 546, 618, 625, 648, 651, 652, 661, 695, 701, 705, 708, 709, 711, 724, 726, 727, 728, 730, 732, 742, 753, 756, 789, 792, 795, 797, 799, 803, 806, 810, 812, 817, 820, 821, 827, 834, 840, 873, 880, 887, 892, 894, 896, 933, 942, 944, 956, 964, 965, 967, 968, 984, 990, 996, 999, 1003, 1005, 1010, 1012, 1013, 1043, 1057, 1066, 1068, 1069, 1072, 1074, 1089, 1091, 1092, 1094, 1104, 1106, 1108, 1111, 1115, 1122, 1124, 1126, 1143, 1145, 1146, 1150, 1160, 1162, 1163, 1166, 1168, 1171, 1179, 1181, 1183, 1184, 1188, 1189, 1190, 1191, 1197, 1201, 1237, 1240, 1244, 1250, 1256, 1258, 1260, 1264, 1268, 1271, 1273, 1368, 1370, 1371, 1377, 1389, 1399, 1408, 1413, 1416, 1419, 1426, 1440, 1443, 1445, 1453, 1458, 1460, 1463, 1478, 1481]!Vessel: FarStar
] 

Rvl : [
!l : 2, 3
[377, 395, 401, 407, 411, 423, 425, 427, 432, 492, 597, 784, 788, 790, 796, 798, 800, 802, 803, 805, 822, 825, 826, 828, 829, 830, 831, 834, 840, 860, 876, 887, 891, 895, 913, 1000, 1016, 1041, 1232, 1273, 1352, 1357, 1370], [342, 421, 520, 523, 524, 525, 544, 579, 582, 585, 593, 594, 613, 617, 641, 647, 648, 650, 653, 654, 660, 666, 690, 694, 704, 711, 718, 723, 725, 730, 736, 741, 749, 753, 757, 758, 759, 791, 795, 807, 809, 814, 816, 819, 837, 882, 903, 914, 933, 934, 940, 941, 943, 944, 947, 950, 951, 952, 953, 954, 957, 958, 959, 960, 961, 962, 963, 964, 966, 967, 971, 983, 991, 992, 996, 997, 998, 1020, 1022, 1023, 1032, 1033, 1035, 1036, 1038, 1039, 1042, 1045, 1046, 1047, 1048, 1049, 1053, 1056, 1058, 1059, 1060, 1061, 1062, 1063, 1064, 1065, 1067, 1071, 1088, 1090, 1093, 1095, 1096, 1097, 1098, 1099, 1100, 1101, 1102, 1103, 1105, 1107, 1110, 1114, 1116, 1117, 1118, 1119, 1123, 1142, 1149, 1151, 1152, 1153, 1154, 1155, 1156, 1157, 1158, 1159, 1161, 1165, 1166, 1169, 1170, 1171, 1172, 1173, 1174, 1175, 1176, 1178, 1180, 1182, 1184, 1185, 1186, 1187, 1190, 1196, 1198, 1199, 1200, 1202, 1227, 1228, 1229, 1230, 1231, 1233, 1234, 1235, 1236, 1237, 1238, 1239, 1240, 1241, 1243, 1245, 1249, 1251, 1253, 1255, 1257, 1259, 1261, 1263, 1265, 1266, 1267, 1269, 1270, 1274, 1275, 1283, 1285, 1298, 1299, 1300, 1303, 1304, 1305, 1306, 1307, 1308, 1309, 1310, 1311, 1314, 1315, 1317, 1318, 1321, 1322, 1323, 1324, 1325, 1326, 1327, 1328, 1330, 1334, 1337, 1339, 1340, 1341, 1343, 1345, 1346, 1347, 1348, 1349, 1350, 1358, 1359, 1360, 1361, 1362, 1364, 1365, 1366, 1367, 1374, 1376, 1377, 1379, 1380, 1381, 1382, 1383, 1384, 1385, 1386, 1387, 1388, 1389, 1391, 1392, 1393, 1394, 1397, 1398, 1400, 1401, 1402, 1403, 1404, 1405, 1406, 1407, 1408, 1412, 1413, 1414, 1415, 1418, 1419, 1420, 1421, 1422, 1423, 1424, 1425, 1427, 1428, 1429, 1430, 1431, 1439, 1440, 1441, 1442, 1444, 1445, 1446, 1447, 1448, 1449, 1450, 1451, 1452, 1453, 1454, 1455, 1456, 1457, 1458, 1459, 1462, 1474, 1475, 1476, 1477, 1478, 1479, 1480, 1482, 1483, 1486, 1487, 1488, 1489, 1490, 1492, 1494, 1495, 1496, 1497, 1499, 1500, 1501, 1502, 1506, 1507, 1508, 1509, 1510, 1511, 1512, 1513]!Vessel: FarSeeker
[377, 395, 401, 407, 411, 423, 425, 427, 432, 492, 597, 784, 788, 790, 796, 798, 800, 802, 803, 805, 822, 825, 826, 828, 829, 830, 831, 834, 840, 860, 876, 887, 891, 895, 913, 1000, 1016, 1041, 1232, 1273, 1352, 1357, 1370], [342, 421, 520, 523, 524, 525, 544, 579, 582, 585, 593, 594, 613, 617, 641, 647, 648, 650, 653, 654, 660, 666, 690, 694, 704, 711, 718, 723, 725, 730, 736, 741, 749, 753, 757, 758, 759, 791, 795, 807, 809, 814, 816, 819, 837, 882, 903, 914, 933, 934, 940, 941, 943, 944, 947, 950, 951, 952, 953, 954, 957, 958, 959, 960, 961, 962, 963, 964, 966, 967, 971, 983, 991, 992, 996, 997, 998, 1020, 1022, 1023, 1032, 1033, 1035, 1036, 1038, 1039, 1042, 1045, 1046, 1047, 1048, 1049, 1053, 1056, 1058, 1059, 1060, 1061, 1062, 1063, 1064, 1065, 1067, 1071, 1088, 1090, 1093, 1095, 1096, 1097, 1098, 1099, 1100, 1101, 1102, 1103, 1105, 1107, 1110, 1114, 1116, 1117, 1118, 1119, 1123, 1142, 1149, 1151, 1152, 1153, 1154, 1155, 1156, 1157, 1158, 1159, 1161, 1165, 1166, 1169, 1170, 1171, 1172, 1173, 1174, 1175, 1176, 1178, 1180, 1182, 1184, 1185, 1186, 1187, 1190, 1196, 1198, 1199, 1200, 1202, 1227, 1228, 1229, 1230, 1231, 1233, 1234, 1235, 1236, 1237, 1238, 1239, 1240, 1241, 1243, 1245, 1249, 1251, 1253, 1255, 1257, 1259, 1261, 1263, 1265, 1266, 1267, 1269, 1270, 1274, 1275, 1283, 1285, 1298, 1299, 1300, 1303, 1304, 1305, 1306, 1307, 1308, 1309, 1310, 1311, 1314, 1315, 1317, 1318, 1321, 1322, 1323, 1324, 1325, 1326, 1327, 1328, 1330, 1334, 1337, 1339, 1340, 1341, 1343, 1345, 1346, 1347, 1348, 1349, 1350, 1358, 1359, 1360, 1361, 1362, 1364, 1365, 1366, 1367, 1374, 1376, 1377, 1379, 1380, 1381, 1382, 1383, 1384, 1385, 1386, 1387, 1388, 1389, 1391, 1392, 1393, 1394, 1397, 1398, 1400, 1401, 1402, 1403, 1404, 1405, 1406, 1407, 1408, 1412, 1413, 1414, 1415, 1418, 1419, 1420, 1421, 1422, 1423, 1424, 1425, 1427, 1428, 1429, 1430, 1431, 1439, 1440, 1441, 1442, 1444, 1445, 1446, 1447, 1448, 1449, 1450, 1451, 1452, 1453, 1454, 1455, 1456, 1457, 1458, 1459, 1462, 1474, 1475, 1476, 1477, 1478, 1479, 1480, 1482, 1483, 1486, 1487, 1488, 1489, 1490, 1492, 1494, 1495, 1496, 1497, 1499, 1500, 1501, 1502, 1506, 1507, 1508, 1509, 1510, 1511, 1512, 1513]!Vessel: FarSearcher
[169, 377, 393, 395, 401, 407, 411, 417, 423, 425, 427, 430, 432, 480, 492, 530, 534, 541, 546, 558, 569, 571, 588, 597, 784, 797, 798, 801, 803, 806, 825, 827, 829, 830, 831, 834, 840, 860, 862, 873, 874, 876, 878, 880, 884, 885, 887, 892, 894, 896, 911, 913, 1000, 1016, 1273, 1352, 1370], [214, 307, 342, 421, 505, 520, 523, 524, 525, 529, 544, 573, 579, 581, 582, 584, 585, 593, 594, 595, 596, 613, 615, 616, 617, 618, 622, 641, 644, 646, 648, 650, 651, 652, 653, 654, 656, 660, 666, 669, 690, 692, 693, 694, 695, 702, 705, 707, 708, 710, 711, 718, 726, 728, 729, 730, 732, 733, 736, 742, 743, 749, 752, 753, 756, 757, 791, 793, 794, 795, 810, 812, 814, 817, 820, 837, 853, 870, 882, 903, 912, 915, 933, 934, 940, 941, 942, 943, 944, 947, 950, 951, 956, 957, 958, 962, 964, 965, 966, 967, 968, 969, 970, 972, 973, 982, 983, 984, 991, 992, 993, 996, 997, 999, 1003, 1020, 1022, 1030, 1031, 1034, 1035, 1038, 1042, 1048, 1049, 1053, 1056, 1058, 1060, 1063, 1066, 1067, 1069, 1070, 1072, 1088, 1091, 1093, 1095, 1097, 1099, 1101, 1102, 1104, 1106, 1107, 1110, 1112, 1115, 1116, 1117, 1121, 1122, 1123, 1126, 1140, 1143, 1145, 1149, 1151, 1153, 1156, 1157, 1160, 1161, 1163, 1164, 1166, 1169, 1170, 1171, 1173, 1175, 1176, 1178, 1181, 1182, 1184, 1186, 1187, 1190, 1191, 1196, 1198, 1202, 1227, 1229, 1231, 1233, 1234, 1235, 1236, 1237, 1238, 1239, 1240, 1244, 1250, 1253, 1255, 1259, 1261, 1262, 1264, 1265, 1266, 1267, 1270, 1274, 1298, 1305, 1306, 1307, 1309, 1323, 1325, 1327, 1328, 1330, 1334, 1337, 1339, 1340, 1343, 1345, 1346, 1348, 1349, 1350, 1361, 1362, 1364, 1368, 1371, 1377, 1379, 1380, 1382, 1385, 1389, 1396, 1399, 1406, 1408, 1413, 1416, 1417, 1419, 1424, 1426, 1427, 1428, 1430, 1431, 1438, 1440, 1441, 1443, 1445, 1452, 1453, 1458, 1460, 1463, 1478, 1479, 1481]!Vessel: FarSymphony
[377, 395, 401, 407, 411, 423, 425, 427, 430, 432, 492, 530, 534, 571, 597, 784, 788, 796, 797, 798, 800, 803, 805, 822, 825, 826, 829, 830, 831, 834, 840, 860, 874, 876, 884, 887, 891, 892, 894, 895, 911, 913, 1000, 1016, 1273, 1352, 1370], [342, 421, 520, 523, 524, 525, 544, 573, 579, 581, 582, 585, 593, 594, 595, 613, 615, 617, 618, 641, 648, 650, 651, 653, 654, 660, 666, 669, 690, 692, 694, 695, 705, 707, 711, 718, 723, 725, 726, 728, 730, 736, 741, 742, 749, 753, 756, 757, 758, 759, 791, 793, 795, 810, 814, 817, 819, 837, 882, 903, 912, 914, 915, 933, 934, 940, 941, 943, 944, 947, 950, 951, 952, 957, 958, 961, 962, 964, 966, 967, 969, 971, 972, 983, 991, 992, 996, 997, 999, 1020, 1022, 1023, 1030, 1031, 1032, 1033, 1034, 1035, 1036, 1038, 1039, 1042, 1045, 1046, 1047, 1048, 1049, 1053, 1056, 1058, 1059, 1060, 1061, 1062, 1063, 1064, 1065, 1067, 1069, 1072, 1088, 1090, 1093, 1095, 1096, 1097, 1098, 1099, 1101, 1102, 1104, 1105, 1107, 1110, 1114, 1116, 1117, 1118, 1119, 1123, 1126, 1142, 1143, 1149, 1151, 1152, 1153, 1154, 1155, 1156, 1157, 1158, 1159, 1161, 1163, 1166, 1169, 1170, 1171, 1172, 1173, 1174, 1175, 1176, 1178, 1180, 1182, 1184, 1185, 1186, 1187, 1190, 1196, 1198, 1200, 1202, 1227, 1228, 1229, 1230, 1231, 1233, 1234, 1235, 1236, 1237, 1238, 1239, 1240, 1243, 1245, 1249, 1251, 1253, 1255, 1259, 1261, 1263, 1264, 1265, 1266, 1267, 1270, 1274, 1275, 1283, 1285, 1298, 1299, 1300, 1304, 1305, 1306, 1307, 1308, 1309, 1310, 1311, 1314, 1315, 1318, 1322, 1323, 1325, 1326, 1327, 1328, 1330, 1334, 1337, 1339, 1340, 1343, 1345, 1346, 1348, 1349, 1350, 1361, 1362, 1364, 1365, 1366, 1367, 1371, 1374, 1377, 1379, 1380, 1381, 1382, 1385, 1386, 1387, 1389, 1391, 1392, 1394, 1396, 1397, 1399, 1401, 1405, 1406, 1408, 1413, 1415, 1416, 1417, 1419, 1421, 1422, 1424, 1426, 1427, 1428, 1429, 1430, 1431, 1438, 1440, 1441, 1443, 1445, 1447, 1451, 1452, 1453, 1454, 1456, 1458, 1459, 1460, 1462, 1463, 1475, 1478, 1479, 1481, 1507, 1508, 1509, 1510, 1511, 1512, 1513]!Vessel: HavilaForesight
[141, 155, 169, 171, 218, 229, 246, 257, 260, 368, 377, 393, 397, 402, 406, 407, 412, 417, 423, 425, 428, 430, 435, 441, 444, 479, 480, 490, 495, 500, 530, 534, 541, 546, 558, 561, 569, 571, 587, 588, 789, 797, 799, 801, 803, 804, 806, 827, 831, 834, 840, 862, 873, 874, 878, 880, 884, 885, 887, 890, 892, 894, 896, 911, 990, 1010, 1013, 1028, 1043, 1260, 1273, 1370], [214, 255, 265, 266, 267, 289, 307, 309, 310, 311, 326, 332, 343, 345, 349, 372, 375, 384, 404, 499, 502, 505, 506, 516, 518, 519, 522, 526, 528, 529, 531, 542, 544, 573, 578, 579, 580, 581, 583, 584, 585, 593, 594, 595, 596, 607, 608, 615, 616, 617, 618, 622, 625, 644, 646, 648, 649, 650, 651, 652, 654, 656, 661, 666, 669, 692, 693, 694, 695, 701, 702, 703, 705, 706, 707, 708, 709, 710, 711, 724, 726, 727, 728, 729, 730, 731, 732, 733, 740, 742, 743, 749, 752, 753, 755, 756, 792, 793, 794, 795, 808, 810, 811, 812, 815, 817, 818, 820, 821, 837, 853, 870, 903, 912, 915, 933, 934, 940, 942, 944, 947, 950, 956, 957, 964, 965, 967, 968, 969, 970, 972, 973, 982, 984, 993, 994, 996, 999, 1003, 1005, 1012, 1030, 1031, 1034, 1037, 1038, 1040, 1049, 1051, 1053, 1055, 1057, 1060, 1066, 1068, 1069, 1070, 1072, 1073, 1074, 1087, 1089, 1091, 1092, 1094, 1104, 1106, 1108, 1111, 1112, 1113, 1115, 1120, 1121, 1122, 1124, 1125, 1126, 1140, 1141, 1143, 1144, 1145, 1146, 1150, 1153, 1160, 1162, 1163, 1164, 1166, 1167, 1168, 1171, 1177, 1179, 1181, 1183, 1184, 1188, 1189, 1190, 1191, 1197, 1201, 1237, 1240, 1244, 1250, 1252, 1254, 1256, 1258, 1262, 1264, 1268, 1271, 1345, 1350, 1368, 1371, 1377, 1379, 1382, 1389, 1396, 1399, 1408, 1413, 1416, 1417, 1419, 1426, 1430, 1438, 1440, 1443, 1445, 1453, 1458, 1460, 1463, 1478, 1481]!Vessel: FarStar
] 

minF : 1
maxF : 6
Nf : [
!f : 1, 2, 3, 4, 5, 6
[10], [5, 6], [], [11], [2, 3, 4, 7], [1, 8, 9]
]

! Parameters
VoyageCost: [37970, 39085, 64838, 53931, 37570, 44429, 45544, 73722, 62814, 42817, 43726, 43120, 46453, 44696, 43120, 43120, 73722, 62814, 40394, 38879, 38273, 44029, 39848, 38273, 74837, 63929, 43932, 42418, 44235, 47568, 45811, 44235, 72716, 73019, 72413, 75746, 73988, 72413, 62111, 64838, 63929, 72110, 61202, 39691, 41509, 44841, 43084, 41509, 37570, 43326, 41569, 39994, 61505, 45144, 36964, 46720, 45144, 65505, 38539, 33692, 50186, 51156, 49580, 49580, 81296, 70389, 50392, 48877, 50695, 54028, 52271, 50695, 81599, 49277, 48574, 48877, 49580, 49847, 48271, 52913, 52210, 80181, 69274, 78872, 67965, 47968, 46453, 48271, 51604, 49847, 48271, 81599, 78569, 67662, 46150, 51301, 79478, 68571, 44029, 78872, 67965, 44999, 82205, 71298, 82714, 47568, 50962, 49386, 78569, 78872, 80448, 80448, 78169, 79987, 83320, 79987, 79987, 80896, 83623, 77867, 83017, 79684, 78169, 80593, 77564, 83320, 83320, 81563, 67662, 67965, 69541, 67965, 69541, 67965, 67262, 72413, 70656, 69080, 80290, 66959, 70353, 68777, 67262, 69686, 68232, 66656, 73988, 72413, 73079, 47968, 51301, 49544, 47968, 45544, 47120, 79684, 68777, 47265, 52416, 50659, 49083, 68777, 72110, 44841, 50598, 47265, 46659, 52416, 53991, 52416, 50659, 79478, 68571, 50453, 48877, 45605, 44029, 50901, 49144, 47568, 44296, 42721, 81502, 70595, 49144, 51604, 49180, 69080, 49083, 52719, 80290, 72413, 79684, 48477, 82205, 71298, 53179, 51604, 50756, 49180, 54294, 52719, 49786, 52477, 50901, 51871, 50295, 54294, 49847, 44999, 81563, 50962, 81866, 81260, 82169, 84896, 71261, 48841, 79139, 48235, 43690, 78872, 78872, 45544, 43423, 55337, 55337, 54731, 56306, 54731, 89174, 54028, 57421, 55846, 55034, 54428, 56003, 54428, 53725, 55337, 55603, 56306, 54731, 58670, 58064, 59639, 58064, 57361, 88059, 85332, 74425, 54428, 58064, 86750, 86144, 89780, 75237, 78872, 53725, 58876, 51604, 57361, 74122, 57761, 86447, 89477, 78569, 51301, 85938, 75031, 84629, 73722, 87356, 84326, 73419, 84629, 73722, 50756, 87962, 77055, 85332, 74425, 86750, 88665, 77757, 54294, 52719, 85332, 86144, 84629, 86447, 89780, 88022, 86447, 85029, 84326, 86144, 89477, 86144, 84629, 85599, 84023, 87962, 85599, 84023, 84023, 85599, 84023, 85441, 90592, 87259, 83320, 89077, 85744, 85138, 90895, 90895, 86447, 87356, 86750, 90083, 88325, 86750, 88325, 86750, 87562, 86047, 91198, 87865, 85744, 87562, 90895, 87562, 86047, 88471, 85441, 90083, 89380, 91198, 91198, 83720, 85296, 83720, 83017, 88774, 85441, 84835, 90592, 90592, 84629, 83320, 87356, 88471, 74425, 75237, 75540, 77115, 76812, 74691, 73116, 77055, 78872, 77115, 74691, 73116, 77115, 73116, 74691, 73116, 76352, 72413, 76412, 74837, 74231, 81563, 72813, 74388, 72813, 72110, 74534, 72413, 78836, 76449, 81563, 75237, 78569, 54694, 57058, 58876, 60451, 58876, 57118, 52271, 50695, 54694, 55543, 58876, 57118, 55543, 53119, 54694, 53119, 76352, 79684, 52416, 58173, 56415, 54840, 54234, 59991, 61566, 59991, 58233, 75237, 74534, 77927, 75503, 73928, 77867, 79684, 81260, 79684, 52877, 49992, 56415, 56452, 58027, 56452, 55749, 59142, 57567, 61566, 87053, 58027, 53179, 73722, 53725, 57361, 55603, 54028, 53179, 51604, 78169, 60051, 58476, 56718, 77721, 73419, 55300, 53725, 73722, 51871, 58936, 57361, 89077, 89780, 78872, 56755, 54997, 53422, 87356, 76449, 59179, 87865, 79987, 87259, 56052, 86653, 75746, 78872, 60754, 59179, 89780, 58330, 56755, 60754, 55906, 54331, 58330, 58330, 56755, 59445, 57870, 61869, 80448, 79987, 77564, 57058, 54937, 56512, 54937, 59748, 58173, 55203, 60051, 59445, 56306, 54997, 86908, 76000, 56912, 86205, 75297, 50150, 88931, 78024, 57421, 54997, 89440, 88834, 92470, 89137, 56112, 87719, 88628, 91355, 88022, 88022, 87320, 89137, 90046, 92773, 87017, 92167, 88834, 89743, 86714, 90652, 92470, 76109, 79745, 86714, 75806, 55809, 87017, 86411, 90046, 79139, 84896, 73988, 51568, 78230, 89440, 77927, 75806, 55809, 75540, 76146, 73722, 51301, 78169, 53119, 54028, 49180, 53628, 60487, 60487, 61457, 59881, 60487, 60754, 59179, 60184, 61154, 59578, 60184, 60451, 63820, 64790, 63214, 65396, 62511, 81696, 92604, 60184, 65335, 63820, 96239, 94022, 97657, 91901, 97051, 95536, 80993, 86144, 84629, 58876, 58330, 56755, 62511, 92907, 63517, 95936, 97354, 95233, 84326, 58027, 80181, 92507, 79878, 80181, 92507, 94421, 83514, 89780, 78872, 89477, 78569, 93113, 82205, 91089, 90483, 92058, 90483, 91901, 93719, 97051, 93719, 89780, 95536, 92204, 93173, 91598, 97354, 97354, 90786, 90180, 91755, 90180, 89477, 95233, 91901, 91295, 97051, 97051, 91089, 91089, 92058, 90483, 93816, 95391, 93816, 93113, 90749, 89174, 91295, 92870, 91295, 90592, 96348, 93016, 92410, 98166, 91355, 89780, 90046, 88471, 96651, 94930, 96506, 94930, 94228, 96045, 93816, 93210, 94785, 93210, 93210, 94022, 92507, 94325, 97657, 95900, 94325, 92204, 94022, 97354, 94022, 92507, 94930, 93476, 91901, 96542, 95839, 97657, 97657, 93476, 91901, 91901, 93476, 91901, 93319, 95137, 98469, 95137, 91198, 96954, 93622, 93016, 98772, 98772, 92204, 91598, 93173, 91598, 90895, 96651, 93319, 92713, 98469, 98469, 94082, 92507, 92773, 91198, 95839, 95233, 96809, 95233, 94531, 96954, 96348, 90446, 88871, 91052, 89477, 88168, 96348, 94627, 94627, 93925, 95742, 91355, 89780, 92507, 94688, 93113, 79575, 79575, 82811, 84387, 82811, 82266, 80690, 84690, 79272, 84387, 82908, 84484, 82908, 84629, 79842, 82266, 78872, 79139, 83987, 79539, 81963, 83684, 81563, 81599, 82205, 59578, 80993, 86144, 80387, 85029, 84326, 86144, 87719, 86144, 62269, 62911, 64487, 62911, 64632, 66450, 68026, 66450, 62208, 65602, 64026, 68026, 59845, 62269, 60693, 64693, 59845, 58270, 62269, 83078, 81502, 85441, 87259, 87259, 60451, 58876, 59142, 57567, 63990, 64026, 65602, 64026, 63323, 66717, 65141, 69141, 80387, 81963, 80387, 79684, 82108, 85502, 83078, 83720, 85296, 83720, 83017, 87017, 85441, 84835, 60451, 62875, 61299, 59142, 63178, 61602, 65602, 62475, 66717, 66511, 64935, 63178, 60754, 82872, 81296, 87320, 85744, 62511, 67626, 85296, 62875, 82569, 80993, 66511, 95536, 86447, 79575, 59578, 63214, 84023, 79272, 98166, 78872, 58876, 62511, 83320, 78569, 82205, 64790, 63214, 65905, 64329, 68329, 94930, 85332, 84629, 88022, 86447, 85599, 84023, 65905, 63481, 63481, 61905, 65905, 85138, 62778, 61202, 67020, 88022, 85599, 84023, 64632, 61663, 60087, 64087, 66208, 64632, 62208, 63784, 62208, 67323, 65747, 67323, 62778, 61457, 61457, 83575, 86205, 61154, 64790, 81151, 61154, 80848, 92664, 81757, 61760, 62063, 62063, 62063, 80448, 64087, 80145, 83781, 81151, 62572, 60148, 95294, 98930, 95597, 96712, 100348, 94591, 96409, 94288, 98227, 100045, 83684, 88834, 83381, 59445, 94482, 93779, 93476, 98627, 95294, 96203, 93173, 97112, 98930, 93173, 93173, 94894, 95597, 96506, 99233, 95900, 95900, 95197, 97015, 94894, 100045, 96712, 97621, 94591, 98530, 100348, 92870, 97924, 94591, 93985, 99742, 93779, 92470, 96506, 98227, 97621, 94082, 83175, 93985, 97621, 94591, 92870, 96506, 94288, 97924, 97318, 81963, 82266, 82266, 86714, 86411, 86714, 91355, 80448, 64087, 60754, 80448, 55906, 89743, 78836, 93379, 82472, 82872, 85599, 89137, 88834, 87320, 63384, 80181, 63820, 78569, 78266, 77963, 89780, 78872, 58876, 78872, 56452, 77564, 77261, 60899, 91804, 80896, 67214, 65638, 66911, 65335, 70546, 68971, 87453, 92604, 100481, 103511, 65335, 71092, 68971, 98360, 101996, 104117, 99778, 104929, 103414, 97051, 102808, 100687, 86144, 91901, 89780, 65602, 69238, 67662, 68668, 101693, 103814, 103111, 100384, 89477, 85332, 97657, 85029, 97354, 88665, 96239, 97209, 95633, 97754, 97754, 97051, 102808, 99475, 98869, 104626, 97815, 96239, 96506, 94930, 103111, 101390, 102966, 101390, 100687, 102505, 95936, 95330, 95936, 96203, 94627, 102808, 101087, 101087, 100384, 102202, 97815, 96239, 99572, 100542, 98966, 101148, 99572, 98263, 96506, 94930, 96445, 97051, 95742, 103923, 102202, 102202, 101499, 103317, 102263, 100687, 101657, 100081, 100954, 99378, 98966, 99936, 98360, 98966, 98360, 99936, 98360, 99778, 101596, 104929, 101596, 97657, 103414, 100081, 101051, 99475, 105232, 105232, 98663, 98057, 98057, 97354, 103111, 99778, 99172, 104929, 104929, 100542, 98966, 99233, 97657, 102299, 101693, 103269, 101693, 100990, 103414, 102808, 99233, 97657, 98627, 97051, 99172, 99172, 98469, 104226, 100893, 100287, 106044, 106044, 99233, 97657, 97924, 96348, 104529, 102808, 104384, 102808, 102105, 103923, 96748, 97354, 96045, 104226, 102505, 102505, 101802, 103620, 100990, 101960, 100384, 102566, 100990, 101257, 99681, 94627, 100384, 99778, 99075, 98263, 84726, 87962, 85332, 84023, 84423, 85029, 85332, 89634, 88059, 86714, 86411, 91355, 87356, 90046, 64729, 65602, 64026, 86847, 86847, 86144, 91901, 88568, 93719, 93719, 90786, 90180, 90180, 89477, 91901, 91295, 68062, 70486, 70486, 69783, 71601, 68668, 68935, 67359, 91295, 91295, 90592, 93016, 92410, 66717, 69177, 68474, 85538, 86144, 84835, 88871, 89477, 88168, 70050, 65335, 70546, 68971, 74085, 90446, 93779, 92204, 91355, 89780, 71661, 90483, 104626, 89780, 69940, 68365, 72364, 91598, 69238, 67662, 73479, 91089, 92058, 90483, 71055, 70353, 90749, 89174, 93173, 90046, 88471, 72207, 67359, 69783, 69783, 66608, 88725, 89331, 92058, 93779, 66305, 69940, 86908, 67214, 90240, 70546, 100748, 104687, 106504, 106807, 103475, 102166, 106104, 107922, 104081, 105801, 105196, 99633, 99633, 101354, 100239, 98930, 102966, 104687, 104081, 98930, 98324, 98930, 97621, 102360, 101657, 104081, 101051, 104989, 106807, 101051, 101051, 102772, 101657, 100348, 104384, 106104, 105499, 97318, 101657, 102263, 100954, 86302, 85999, 104081, 100748, 104384, 105499, 88725, 89537, 89537, 93173, 89840, 87417, 94288, 87114, 93173, 90749, 67214, 86908, 85599, 85296, 99839, 88931, 85599, 65905, 63481, 88022, 88022, 85296, 65602, 63178, 86411, 97621, 89743, 99839, 88931, 69238, 66814, 88022, 95597, 94894, 88665, 84023, 64026, 83720, 83720, 87356, 92604, 70486, 75697, 74122, 103511, 107147, 109874, 104929, 108565, 102202, 107959, 105838, 91295, 97051, 96506, 94930, 73819, 106844, 108262, 105535, 94627, 76243, 96239, 95936, 102966, 101390, 102905, 102202, 108662, 107959, 109777, 107147, 106541, 107413, 105838, 101087, 106238, 105535, 106298, 104723, 106650, 105692, 104117, 104117, 105086, 103511, 105632, 104929, 106747, 112503, 104117, 104384, 102808, 110989, 109268, 109268, 108565, 110383, 103814, 103208, 102505, 108965, 108262, 110080, 107450, 108419, 106844, 107450, 107716, 106141, 104384, 102808, 104323, 103620, 110080, 109377, 111195, 108565, 107959, 107256, 102505, 107656, 106953, 107716, 106141, 92058, 90483, 90180, 95391, 93816, 91998, 92604, 91295, 97754, 97051, 98869, 95330, 94627, 75637, 74934, 96445, 95742, 76812, 97209, 95633, 96239, 96506, 94930, 97621, 74934, 96506, 108625, 105389, 104081, 107413, 104081, 107510, 106807, 111958, 106807, 105499, 108831, 107413, 93876, 94482, 97209, 100748, 93173, 96506, 72364, 75697, 93173, 74388, 112297, 115024, 113715, 109268, 113715, 112600, 101390]
VoyageDuration: [2, 2, 2, 2, 2, 2, 2, 2, 2, 2, 2, 2, 2, 2, 2, 2, 2, 2, 2, 2, 2, 2, 2, 2, 2, 2, 2, 2, 2, 2, 2, 2, 2, 2, 2, 2, 2, 2, 2, 2, 2, 2, 2, 2, 2, 2, 2, 2, 2, 2, 2, 2, 2, 2, 2, 2, 2, 2, 2, 2, 2, 2, 2, 2, 3, 2, 2, 2, 2, 2, 2, 2, 3, 2, 2, 2, 2, 2, 2, 2, 2, 2, 2, 2, 2, 2, 2, 2, 2, 2, 2, 3, 2, 2, 2, 2, 2, 2, 2, 2, 2, 2, 3, 2, 3, 2, 2, 2, 2, 2, 3, 3, 2, 2, 3, 2, 2, 2, 3, 2, 3, 2, 2, 2, 2, 3, 3, 3, 2, 2, 2, 2, 2, 2, 2, 2, 2, 2, 3, 2, 2, 2, 2, 2, 2, 2, 2, 2, 2, 2, 2, 2, 2, 2, 2, 2, 2, 2, 2, 2, 2, 2, 2, 2, 2, 2, 2, 2, 2, 2, 2, 2, 2, 2, 2, 2, 2, 2, 2, 2, 2, 2, 3, 2, 2, 2, 2, 2, 2, 2, 2, 2, 2, 2, 3, 2, 2, 2, 2, 2, 2, 2, 2, 2, 2, 2, 2, 2, 2, 2, 3, 2, 3, 3, 3, 3, 2, 2, 2, 2, 2, 2, 2, 2, 2, 2, 2, 2, 2, 2, 3, 2, 2, 2, 2, 2, 2, 2, 2, 2, 2, 2, 2, 2, 2, 2, 2, 2, 3, 3, 2, 2, 2, 3, 3, 3, 2, 3, 2, 2, 2, 2, 2, 2, 3, 3, 3, 2, 3, 2, 3, 2, 3, 3, 2, 3, 2, 2, 3, 3, 3, 2, 3, 3, 3, 2, 2, 3, 3, 3, 3, 3, 3, 3, 3, 3, 3, 3, 3, 3, 3, 3, 3, 3, 3, 3, 3, 3, 3, 3, 3, 3, 3, 3, 3, 3, 3, 3, 3, 3, 3, 3, 3, 3, 3, 3, 3, 3, 3, 3, 3, 3, 3, 3, 3, 3, 3, 3, 3, 3, 3, 3, 3, 3, 3, 3, 3, 3, 3, 3, 3, 3, 3, 2, 2, 2, 3, 3, 2, 2, 3, 3, 3, 2, 2, 3, 2, 2, 2, 2, 2, 3, 2, 2, 3, 2, 2, 2, 2, 2, 2, 3, 3, 3, 2, 3, 2, 2, 2, 2, 2, 2, 2, 2, 2, 2, 2, 2, 2, 2, 2, 2, 2, 3, 2, 2, 2, 2, 2, 2, 2, 2, 2, 2, 2, 3, 2, 2, 3, 3, 3, 3, 2, 2, 2, 2, 2, 2, 2, 2, 2, 2, 3, 2, 2, 2, 2, 2, 2, 2, 2, 2, 3, 2, 2, 2, 3, 2, 2, 2, 2, 2, 2, 2, 3, 3, 3, 2, 2, 2, 3, 3, 2, 3, 3, 3, 2, 3, 2, 3, 2, 2, 3, 2, 2, 2, 2, 2, 2, 2, 2, 2, 2, 2, 3, 3, 3, 2, 2, 2, 2, 2, 2, 2, 2, 2, 2, 2, 3, 2, 2, 3, 2, 2, 3, 3, 2, 2, 3, 3, 3, 3, 2, 3, 3, 3, 3, 3, 3, 3, 3, 3, 3, 3, 3, 3, 3, 3, 3, 2, 3, 3, 2, 2, 3, 3, 3, 3, 3, 2, 2, 3, 3, 3, 2, 2, 2, 2, 2, 2, 3, 2, 2, 2, 2, 2, 2, 2, 2, 2, 2, 2, 2, 2, 2, 2, 2, 2, 2, 2, 2, 2, 3, 3, 2, 2, 2, 3, 3, 3, 3, 3, 3, 3, 3, 3, 2, 2, 2, 2, 3, 2, 3, 3, 3, 3, 2, 3, 3, 3, 3, 3, 3, 3, 3, 3, 3, 3, 3, 3, 3, 3, 3, 3, 3, 3, 3, 3, 3, 3, 3, 3, 3, 3, 3, 3, 3, 3, 3, 3, 3, 3, 3, 3, 3, 3, 3, 3, 3, 3, 3, 3, 3, 3, 3, 3, 3, 3, 3, 3, 3, 3, 3, 3, 3, 3, 3, 3, 3, 3, 3, 3, 3, 3, 3, 3, 3, 3, 3, 3, 3, 3, 3, 3, 3, 3, 3, 3, 3, 3, 3, 3, 3, 3, 3, 3, 3, 3, 3, 3, 3, 3, 3, 3, 3, 3, 3, 3, 3, 3, 3, 3, 3, 3, 3, 3, 3, 3, 3, 3, 3, 3, 3, 3, 3, 3, 3, 3, 3, 3, 3, 3, 3, 3, 3, 3, 3, 3, 3, 3, 3, 3, 3, 3, 3, 3, 3, 3, 3, 3, 3, 3, 3, 3, 3, 3, 3, 3, 3, 3, 3, 3, 3, 3, 3, 3, 3, 3, 3, 3, 3, 3, 2, 3, 3, 3, 3, 3, 3, 3, 3, 2, 2, 2, 2, 2, 2, 3, 2, 2, 2, 2, 3, 2, 2, 2, 2, 2, 2, 2, 3, 3, 3, 3, 3, 2, 2, 2, 2, 2, 2, 2, 2, 2, 2, 2, 3, 3, 3, 3, 3, 3, 3, 3, 3, 3, 3, 3, 3, 3, 3, 2, 2, 2, 2, 2, 2, 2, 2, 2, 2, 2, 2, 2, 3, 3, 3, 3, 2, 2, 3, 2, 3, 3, 2, 3, 3, 3, 2, 2, 3, 3, 3, 3, 2, 2, 3, 3, 3, 2, 2, 2, 2, 3, 3, 3, 3, 3, 3, 3, 3, 2, 2, 2, 2, 2, 3, 2, 2, 2, 3, 3, 3, 2, 2, 2, 2, 2, 2, 2, 2, 2, 2, 2, 2, 2, 2, 2, 3, 3, 2, 2, 3, 2, 3, 3, 3, 2, 2, 2, 2, 3, 2, 3, 3, 3, 2, 2, 3, 3, 3, 3, 3, 3, 3, 3, 3, 3, 3, 3, 3, 2, 3, 3, 3, 3, 3, 3, 3, 3, 3, 3, 3, 3, 3, 3, 3, 3, 3, 3, 3, 3, 3, 3, 3, 3, 3, 3, 3, 3, 3, 3, 3, 3, 3, 3, 3, 3, 3, 3, 3, 3, 3, 3, 3, 3, 3, 3, 3, 3, 3, 3, 3, 3, 3, 3, 2, 2, 3, 2, 3, 3, 3, 3, 3, 3, 3, 3, 3, 2, 3, 2, 3, 3, 3, 3, 3, 2, 3, 2, 3, 3, 2, 3, 3, 2, 2, 2, 2, 3, 2, 3, 3, 3, 3, 2, 3, 2, 3, 3, 3, 3, 3, 3, 3, 3, 3, 3, 3, 3, 2, 3, 2, 2, 3, 3, 3, 3, 3, 3, 3, 3, 3, 3, 3, 3, 3, 3, 3, 3, 3, 3, 3, 3, 3, 3, 3, 3, 3, 3, 3, 3, 3, 3, 3, 3, 3, 3, 3, 3, 3, 3, 3, 3, 3, 3, 3, 3, 3, 3, 3, 3, 3, 3, 3, 3, 3, 3, 3, 3, 3, 3, 3, 3, 3, 3, 3, 3, 3, 3, 3, 3, 3, 3, 3, 3, 3, 3, 3, 3, 3, 3, 3, 3, 3, 3, 3, 3, 3, 3, 3, 3, 3, 3, 3, 3, 3, 3, 3, 3, 3, 3, 3, 3, 3, 3, 3, 3, 3, 3, 3, 3, 3, 3, 3, 3, 3, 3, 3, 3, 3, 3, 3, 3, 3, 3, 3, 3, 3, 3, 3, 3, 3, 3, 3, 3, 3, 3, 3, 3, 3, 3, 3, 3, 3, 3, 3, 3, 3, 3, 3, 3, 3, 3, 3, 3, 3, 3, 3, 3, 3, 3, 2, 2, 2, 3, 3, 3, 3, 3, 3, 3, 3, 3, 3, 3, 3, 3, 3, 3, 3, 3, 3, 3, 3, 2, 3, 3, 3, 3, 3, 2, 3, 3, 3, 3, 3, 3, 3, 3, 3, 2, 3, 3, 3, 3, 3, 3, 3, 3, 3, 3, 3, 3, 3, 3, 3, 3, 3, 2, 3, 3, 3, 3, 3, 3, 3, 3, 3, 3, 3, 3, 2, 3, 3, 2, 3, 3, 3, 3, 2, 3, 3, 2, 3, 3, 3, 3, 3, 3, 3, 3, 3, 3, 3, 3, 3, 3, 3, 3, 3, 3, 3, 3, 3, 3, 3, 3, 3, 3, 3, 3, 3, 3, 3, 3, 3, 3, 3, 3, 3, 3, 3, 3, 3, 3, 3, 3, 3, 3, 3, 3, 3, 3, 3, 3, 3, 3, 3, 3, 3, 3, 3, 2, 3, 3, 3, 3, 3, 3, 2, 2, 3, 3, 3, 2, 2, 3, 3, 3, 3, 3, 3, 3, 3, 3, 3, 3, 3, 2, 3, 3, 3, 3, 3, 3, 3, 3, 3, 3, 3, 3, 3, 3, 3, 3, 3, 3, 3, 3, 3, 3, 3, 3, 3, 3, 3, 3, 3, 3, 3, 3, 3, 3, 3, 3, 3, 3, 3, 3, 3, 3, 3, 3, 3, 3, 3, 3, 3, 3, 3, 3, 3, 3, 3, 3, 3, 3, 3, 3, 3, 3, 3, 3, 3, 3, 3, 3, 3, 3, 3, 3, 3, 3, 3, 3, 3, 3, 3, 3, 3, 3, 3, 3, 3, 3, 3, 3, 3, 3, 3, 3, 3, 3, 3, 3, 3, 3, 3, 3, 3, 3, 3, 3, 3, 3, 3, 3, 3, 3, 3, 3, 3, 3, 3, 3, 3, 3, 3, 3, 3, 3, 3, 3, 3, 3, 3, 3, 3, 3, 3, 3, 3, 3, 3, 3, 3, 3, 3, 3, 3, 3, 3]
TimeCharterCost: [120000, 125000, 130000, 110000, 104000]
RequiredVisits: [6, 5, 5, 5, 2, 2, 5, 6, 6, 1, 4]
NumberOfDaysAvailable: [7, 7, 7, 7, 7]
DepotCapacity: [3, 3, 3, 3, 3, 3, 0]
