!Summary:
!Execution time: 0,62 seconds
!Total # voyages: 2370 (511 unique)
!Number of installations (excluding depot): 10
!Number of time windows: 0
!Number of vessels: 5

!Min. # installations: 1
!Max. number of installations: 8
!Min. duration: 56
!Max. duration: 80

!Name: FarStar	 # voyages: 407
!Name: FarSymphony	 # voyages: 452
!Name: FarSearcher	 # voyages: 511
!Name: FarSeeker	 # voyages: 511
!Name: HavilaForesight	 # voyages: 489
!------------------------------------------------------------------------------------------------------------------------
nV : 5
nR : 511
nN : 10
nT : 7
minL : 2
maxL : 3

! Sets: 
Rv : [
[1, 2, 3, 4, 5, 6, 7, 8, 9, 10, 11, 12, 13, 14, 15, 16, 17, 18, 19, 20, 21, 22, 23, 24, 25, 26, 27, 28, 29, 30, 33, 35, 36, 37, 38, 39, 40, 41, 42, 43, 44, 45, 46, 47, 48, 49, 50, 51, 52, 53, 54, 55, 56, 57, 58, 59, 60, 61, 62, 63, 64, 65, 66, 67, 68, 69, 70, 71, 72, 73, 74, 75, 76, 77, 78, 79, 80, 81, 82, 84, 85, 87, 88, 89, 90, 91, 92, 93, 94, 100, 101, 103, 105, 108, 109, 110, 111, 112, 113, 114, 115, 116, 117, 118, 119, 120, 121, 122, 123, 124, 125, 126, 127, 128, 129, 130, 131, 132, 133, 134, 135, 137, 138, 139, 140, 141, 142, 144, 145, 146, 147, 148, 149, 151, 153, 154, 155, 156, 157, 158, 159, 160, 161, 167, 168, 170, 171, 172, 173, 174, 175, 176, 177, 178, 179, 180, 181, 182, 183, 184, 185, 186, 187, 188, 189, 190, 191, 192, 193, 194, 195, 196, 197, 198, 199, 200, 201, 202, 203, 204, 205, 206, 207, 209, 211, 214, 216, 217, 219, 221, 223, 224, 225, 226, 229, 231, 234, 242, 246, 249, 252, 254, 257, 259, 267, 268, 269, 270, 271, 272, 273, 274, 275, 276, 277, 278, 279, 280, 281, 282, 283, 284, 285, 286, 287, 288, 289, 290, 291, 292, 293, 294, 295, 296, 297, 298, 299, 300, 301, 302, 303, 304, 305, 306, 307, 308, 309, 310, 311, 312, 313, 314, 315, 316, 317, 318, 319, 320, 321, 322, 323, 325, 326, 327, 329, 330, 332, 334, 336, 337, 338, 339, 340, 341, 342, 343, 344, 345, 346, 347, 348, 350, 351, 353, 355, 369, 370, 372, 373, 377, 379, 380, 381, 382, 383, 384, 385, 386, 387, 388, 389, 390, 391, 392, 393, 394, 395, 396, 397, 399, 401, 402, 403, 404, 405, 406, 407, 408, 409, 410, 412, 413, 414, 416, 417, 420, 422, 424, 426, 432, 461, 462, 465, 469, 472, 480, 502, 503, 504, 505, 506, 507, 508, 509, 510, 511, 512, 513, 514, 515, 516, 517, 518, 519, 520, 521, 522, 523, 524, 525, 526, 527, 528, 529, 530, 531, 532, 533, 534, 535, 536, 537, 538, 539, 540, 541, 542, 543, 544, 545, 546, 547, 548, 549, 550, 551, 552, 553, 555, 556, 557, 558, 559, 560, 561, 562, 563, 564, 565, 566, 567, 568, 569, 570, 571, 572, 573, 574, 575, 576, 577, 578, 579, 581, 582, 583, 584, 585, 586, 587, 588, 589, 596, 597, 611, 620, 621, 622, 624, 625, 626, 628, 630, 631, 632, 633, 634, 635, 636, 637, 638, 639, 640, 643, 645, 650, 651, 652, 653, 654, 655, 657, 660, 661, 663, 665, 697, 730, 731, 732, 733, 734, 735, 736, 737, 738, 739, 740, 741, 742, 743, 744, 745, 746, 747, 749, 750, 751, 752, 753, 754, 755, 756, 757, 758, 764, 765, 770, 771, 772, 773, 774, 776, 777, 778, 779, 781, 783, 784, 785, 792, 793, 796, 797, 798, 823, 824, 825, 826, 827, 828]!Vessel: FarSeeker
[1, 2, 3, 4, 5, 6, 7, 8, 9, 10, 11, 12, 13, 14, 15, 16, 17, 18, 19, 20, 21, 22, 23, 24, 25, 26, 27, 28, 29, 30, 33, 35, 36, 37, 38, 39, 40, 41, 42, 43, 44, 45, 46, 47, 48, 49, 50, 51, 52, 53, 54, 55, 56, 57, 58, 59, 60, 61, 62, 63, 64, 65, 66, 67, 68, 69, 70, 71, 72, 73, 74, 75, 76, 77, 78, 79, 80, 81, 82, 84, 85, 87, 88, 89, 90, 91, 92, 93, 94, 100, 101, 103, 105, 108, 109, 110, 111, 112, 113, 114, 115, 116, 117, 118, 119, 120, 121, 122, 123, 124, 125, 126, 127, 128, 129, 130, 131, 132, 133, 134, 135, 137, 138, 139, 140, 141, 142, 144, 145, 146, 147, 148, 149, 151, 153, 154, 155, 156, 157, 158, 159, 160, 161, 167, 168, 170, 171, 172, 173, 174, 175, 176, 177, 178, 179, 180, 181, 182, 183, 184, 185, 186, 187, 188, 189, 190, 191, 192, 193, 194, 195, 196, 197, 198, 199, 200, 201, 202, 203, 204, 205, 206, 207, 209, 211, 214, 216, 217, 219, 221, 223, 224, 225, 226, 229, 231, 234, 242, 246, 249, 252, 254, 257, 259, 267, 268, 269, 270, 271, 272, 273, 274, 275, 276, 277, 278, 279, 280, 281, 282, 283, 284, 285, 286, 287, 288, 289, 290, 291, 292, 293, 294, 295, 296, 297, 298, 299, 300, 301, 302, 303, 304, 305, 306, 307, 308, 309, 310, 311, 312, 313, 314, 315, 316, 317, 318, 319, 320, 321, 322, 323, 325, 326, 327, 329, 330, 332, 334, 336, 337, 338, 339, 340, 341, 342, 343, 344, 345, 346, 347, 348, 350, 351, 353, 355, 369, 370, 372, 373, 377, 379, 380, 381, 382, 383, 384, 385, 386, 387, 388, 389, 390, 391, 392, 393, 394, 395, 396, 397, 399, 401, 402, 403, 404, 405, 406, 407, 408, 409, 410, 412, 413, 414, 416, 417, 420, 422, 424, 426, 432, 461, 462, 465, 469, 472, 480, 502, 503, 504, 505, 506, 507, 508, 509, 510, 511, 512, 513, 514, 515, 516, 517, 518, 519, 520, 521, 522, 523, 524, 525, 526, 527, 528, 529, 530, 531, 532, 533, 534, 535, 536, 537, 538, 539, 540, 541, 542, 543, 544, 545, 546, 547, 548, 549, 550, 551, 552, 553, 555, 556, 557, 558, 559, 560, 561, 562, 563, 564, 565, 566, 567, 568, 569, 570, 571, 572, 573, 574, 575, 576, 577, 578, 579, 581, 582, 583, 584, 585, 586, 587, 588, 589, 596, 597, 611, 620, 621, 622, 624, 625, 626, 628, 630, 631, 632, 633, 634, 635, 636, 637, 638, 639, 640, 643, 645, 650, 651, 652, 653, 654, 655, 657, 660, 661, 663, 665, 697, 730, 731, 732, 733, 734, 735, 736, 737, 738, 739, 740, 741, 742, 743, 744, 745, 746, 747, 749, 750, 751, 752, 753, 754, 755, 756, 757, 758, 764, 765, 770, 771, 772, 773, 774, 776, 777, 778, 779, 781, 783, 784, 785, 792, 793, 796, 797, 798, 823, 824, 825, 826, 827, 828]!Vessel: FarSearcher
[1, 2, 3, 4, 5, 6, 7, 8, 9, 10, 11, 12, 13, 14, 15, 16, 17, 18, 19, 20, 21, 22, 23, 24, 25, 26, 27, 28, 29, 30, 33, 35, 36, 37, 38, 39, 40, 41, 42, 43, 44, 45, 46, 47, 48, 49, 50, 51, 52, 53, 54, 55, 56, 57, 58, 59, 60, 61, 62, 63, 64, 65, 66, 67, 68, 69, 70, 71, 72, 73, 74, 75, 76, 77, 78, 79, 80, 81, 82, 84, 85, 87, 88, 89, 90, 91, 92, 93, 94, 100, 101, 103, 105, 108, 109, 110, 111, 112, 113, 114, 115, 116, 117, 118, 119, 120, 121, 122, 123, 124, 125, 126, 127, 128, 129, 130, 131, 132, 133, 134, 135, 137, 138, 139, 140, 141, 142, 144, 145, 146, 147, 148, 149, 151, 153, 154, 155, 156, 157, 158, 159, 160, 161, 167, 168, 170, 171, 172, 173, 174, 175, 176, 177, 178, 179, 180, 181, 182, 183, 184, 185, 186, 187, 188, 189, 190, 191, 192, 193, 194, 195, 196, 197, 198, 199, 200, 201, 202, 203, 204, 205, 206, 207, 209, 211, 214, 216, 217, 219, 221, 223, 224, 225, 226, 229, 231, 234, 242, 246, 249, 252, 254, 257, 259, 267, 268, 269, 270, 271, 272, 273, 274, 275, 276, 277, 278, 279, 280, 281, 282, 283, 284, 285, 286, 287, 288, 289, 290, 291, 292, 293, 294, 295, 296, 297, 298, 299, 300, 301, 302, 303, 304, 305, 306, 307, 308, 309, 310, 311, 312, 313, 314, 315, 316, 317, 318, 319, 320, 321, 322, 323, 325, 326, 327, 329, 330, 332, 334, 336, 337, 338, 339, 340, 341, 342, 343, 344, 345, 346, 347, 348, 350, 351, 353, 355, 369, 370, 372, 373, 377, 379, 380, 381, 382, 383, 384, 385, 386, 387, 388, 389, 390, 391, 392, 393, 394, 395, 396, 397, 399, 401, 402, 403, 404, 405, 406, 407, 408, 409, 410, 412, 413, 414, 416, 417, 420, 422, 424, 426, 432, 461, 462, 465, 469, 472, 480, 502, 504, 505, 506, 507, 508, 509, 510, 511, 512, 513, 514, 516, 518, 519, 521, 522, 523, 525, 526, 527, 529, 530, 532, 534, 536, 537, 539, 543, 544, 545, 546, 548, 549, 550, 551, 552, 553, 555, 556, 557, 558, 559, 560, 561, 562, 563, 564, 565, 566, 567, 568, 569, 570, 571, 573, 576, 577, 581, 583, 584, 585, 586, 588, 589, 611, 620, 621, 622, 624, 625, 626, 628, 630, 631, 633, 634, 638, 640, 643, 650, 652, 654, 655, 660, 661, 663, 665, 730, 732, 733, 734, 735, 736, 737, 738, 739, 740, 742, 743, 747, 749, 750, 751, 752, 754, 755, 756, 764, 771, 772, 773, 776, 777, 783, 797]!Vessel: FarSymphony
[1, 2, 3, 4, 5, 6, 7, 8, 9, 10, 11, 12, 13, 14, 15, 16, 17, 18, 19, 20, 21, 22, 23, 24, 25, 26, 27, 28, 29, 30, 33, 35, 36, 37, 38, 39, 40, 41, 42, 43, 44, 45, 46, 47, 48, 49, 50, 51, 52, 53, 54, 55, 56, 57, 58, 59, 60, 61, 62, 63, 64, 65, 66, 67, 68, 69, 70, 71, 72, 73, 74, 75, 76, 77, 78, 79, 80, 81, 82, 84, 85, 87, 88, 89, 90, 91, 92, 93, 94, 100, 101, 103, 105, 108, 109, 110, 111, 112, 113, 114, 115, 116, 117, 118, 119, 120, 121, 122, 123, 124, 125, 126, 127, 128, 129, 130, 131, 132, 133, 134, 135, 137, 138, 139, 140, 141, 142, 144, 145, 146, 147, 148, 149, 151, 153, 154, 155, 156, 157, 158, 159, 160, 161, 167, 168, 170, 171, 172, 173, 174, 175, 176, 177, 178, 179, 180, 181, 182, 183, 184, 185, 186, 187, 188, 189, 190, 191, 192, 193, 194, 195, 196, 197, 198, 199, 200, 201, 202, 203, 204, 205, 206, 207, 209, 211, 214, 216, 217, 219, 221, 223, 224, 225, 226, 229, 231, 234, 242, 246, 249, 252, 254, 257, 259, 267, 268, 269, 270, 271, 272, 273, 274, 275, 276, 277, 278, 279, 280, 281, 282, 283, 284, 285, 286, 287, 288, 289, 290, 291, 292, 293, 294, 295, 296, 297, 298, 299, 300, 301, 302, 303, 304, 305, 306, 307, 308, 309, 310, 311, 312, 313, 314, 315, 316, 317, 318, 319, 320, 321, 322, 323, 325, 326, 327, 329, 330, 332, 334, 336, 337, 338, 339, 340, 341, 342, 343, 344, 345, 346, 347, 348, 350, 351, 353, 355, 369, 370, 372, 373, 377, 379, 380, 381, 382, 383, 384, 385, 386, 387, 388, 389, 390, 391, 392, 393, 394, 395, 396, 397, 399, 401, 402, 403, 404, 405, 406, 407, 408, 409, 410, 412, 413, 414, 416, 417, 420, 422, 424, 426, 432, 461, 462, 465, 469, 472, 480, 502, 503, 504, 505, 506, 507, 508, 509, 510, 511, 512, 513, 514, 515, 516, 518, 519, 521, 522, 523, 524, 525, 526, 527, 528, 529, 530, 532, 533, 534, 536, 537, 539, 540, 541, 542, 543, 544, 545, 546, 547, 548, 549, 550, 551, 552, 553, 555, 556, 557, 558, 559, 560, 561, 562, 563, 564, 565, 566, 567, 568, 569, 570, 571, 572, 573, 574, 576, 577, 579, 581, 582, 583, 584, 585, 586, 587, 588, 589, 596, 611, 620, 621, 622, 624, 625, 626, 628, 630, 631, 633, 634, 635, 636, 637, 638, 639, 640, 643, 645, 650, 651, 652, 654, 655, 657, 660, 661, 663, 665, 697, 730, 732, 733, 734, 735, 736, 737, 738, 739, 740, 742, 743, 744, 745, 746, 747, 749, 750, 751, 752, 753, 754, 755, 756, 757, 758, 764, 771, 772, 773, 776, 777, 778, 783, 784, 792, 796, 797, 798, 823, 824, 826]!Vessel: HavilaForesight
[1, 2, 3, 4, 5, 6, 7, 8, 9, 10, 11, 12, 13, 14, 15, 16, 17, 18, 19, 20, 21, 22, 23, 24, 25, 26, 27, 28, 29, 30, 33, 35, 36, 37, 38, 39, 40, 41, 42, 43, 44, 45, 46, 47, 48, 49, 50, 51, 52, 53, 54, 55, 56, 57, 58, 59, 60, 61, 62, 63, 64, 65, 66, 67, 68, 69, 70, 71, 72, 73, 74, 75, 76, 77, 78, 79, 80, 81, 82, 84, 85, 87, 88, 89, 90, 91, 92, 93, 94, 100, 101, 103, 105, 108, 109, 110, 111, 112, 113, 114, 115, 116, 117, 118, 119, 120, 121, 122, 123, 124, 125, 126, 127, 128, 129, 130, 131, 132, 133, 134, 135, 137, 138, 139, 140, 141, 142, 144, 145, 146, 147, 148, 149, 151, 153, 154, 155, 156, 157, 158, 159, 160, 161, 167, 168, 170, 171, 172, 173, 174, 175, 176, 177, 178, 179, 180, 181, 182, 183, 184, 185, 186, 187, 188, 189, 190, 191, 192, 193, 194, 195, 196, 197, 198, 199, 200, 201, 202, 203, 204, 205, 206, 207, 209, 211, 214, 216, 217, 219, 221, 223, 224, 225, 226, 229, 231, 234, 242, 246, 249, 252, 254, 257, 259, 267, 268, 269, 270, 271, 272, 273, 274, 275, 276, 277, 278, 279, 280, 281, 282, 283, 284, 285, 286, 288, 289, 290, 292, 294, 295, 296, 297, 298, 299, 301, 303, 304, 305, 307, 308, 310, 311, 312, 313, 314, 315, 316, 317, 318, 319, 320, 321, 322, 323, 325, 326, 327, 329, 330, 332, 334, 336, 337, 338, 339, 340, 341, 342, 343, 344, 345, 346, 348, 350, 351, 353, 355, 369, 370, 372, 373, 377, 379, 380, 381, 382, 383, 384, 387, 388, 389, 390, 391, 392, 393, 394, 395, 396, 397, 401, 402, 403, 404, 405, 406, 407, 408, 409, 410, 412, 414, 416, 417, 420, 422, 424, 426, 432, 461, 462, 465, 469, 472, 480, 502, 504, 505, 506, 507, 508, 510, 511, 512, 513, 514, 516, 518, 519, 521, 526, 527, 530, 532, 534, 536, 537, 539, 544, 545, 546, 548, 549, 550, 551, 552, 553, 555, 556, 557, 558, 559, 560, 562, 563, 564, 565, 566, 567, 568, 570, 571, 573, 576, 577, 581, 583, 584, 585, 588, 589, 611, 621, 624, 625, 626, 630, 638, 640, 643, 650, 652, 655, 660, 661, 663, 665, 732, 733, 737, 738, 740, 747, 749, 752, 772, 777, 797]!Vessel: FarStar
] 

Rvi : [
!i : 1, 2, 3, 4, 5, 6, 7, 8, 9, 10
[1, 6, 7, 8, 9, 10, 11, 12, 13, 14, 51, 52, 53, 54, 55, 56, 57, 58, 59, 60, 61, 62, 63, 64, 65, 66, 67, 68, 69, 70, 94, 108, 109, 110, 120, 121, 122, 137, 138, 145, 154, 155, 156, 171, 172, 173, 174, 175, 176, 177, 178, 179, 180, 181, 182, 183, 184, 185, 186, 187, 188, 189, 190, 191, 192, 202, 203, 209, 221, 223, 224, 226, 229, 231, 234, 246, 249, 267, 268, 269, 270, 271, 272, 282, 283, 284, 285, 286, 287, 289, 290, 291, 312, 313, 314, 315, 319, 320, 321, 322, 323, 325, 330, 337, 338, 339, 343, 350, 351, 381, 382, 383, 384, 385, 386, 387, 388, 389, 390, 391, 392, 393, 394, 395, 407, 408, 409, 414, 416, 417, 420, 432, 461, 462, 465, 469, 472, 502, 503, 504, 505, 506, 510, 511, 512, 513, 514, 515, 516, 517, 518, 519, 520, 521, 522, 523, 541, 544, 545, 547, 548, 549, 550, 551, 553, 555, 556, 557, 559, 560, 561, 562, 563, 564, 565, 566, 572, 576, 577, 578, 579, 581, 582, 583, 584, 589, 620, 624, 625, 631, 632, 633, 634, 635, 636, 637, 638, 639, 640, 643, 655, 657, 661, 663, 665, 697, 730, 731, 732, 733, 734, 735, 736, 737, 738, 739, 740, 741, 744, 745, 747, 749, 750, 751, 752, 753, 757, 758, 764, 765, 770, 771, 772, 777, 778, 783, 784, 785, 796, 797, 798, 823, 824, 825, 826, 827, 828], [6, 15, 16, 17, 18, 19, 20, 21, 22, 51, 52, 53, 62, 65, 67, 69, 70, 71, 72, 73, 74, 75, 76, 77, 78, 79, 80, 81, 82, 84, 85, 87, 88, 89, 90, 111, 123, 124, 139, 146, 157, 159, 171, 172, 173, 174, 178, 179, 180, 183, 184, 185, 186, 188, 189, 190, 191, 192, 193, 194, 195, 196, 197, 198, 199, 200, 201, 202, 203, 204, 205, 206, 207, 209, 211, 214, 216, 217, 219, 221, 223, 224, 231, 259, 273, 274, 275, 279, 280, 288, 292, 293, 307, 308, 309, 316, 326, 327, 329, 340, 341, 344, 345, 346, 350, 351, 353, 355, 381, 382, 384, 385, 387, 388, 389, 390, 391, 392, 393, 394, 395, 396, 397, 399, 401, 402, 403, 404, 405, 406, 407, 408, 409, 410, 412, 413, 414, 416, 417, 420, 422, 424, 426, 461, 472, 505, 506, 507, 509, 512, 516, 517, 524, 528, 530, 531, 534, 535, 537, 538, 542, 549, 550, 551, 552, 553, 561, 563, 567, 569, 570, 571, 573, 574, 577, 578, 579, 581, 582, 583, 584, 585, 586, 587, 588, 589, 611, 626, 631, 632, 633, 634, 635, 636, 637, 638, 639, 640, 643, 645, 650, 651, 652, 653, 654, 655, 657, 660, 661, 663, 665, 730, 732, 736, 737, 739, 742, 744, 746, 747, 750, 752, 753, 754, 756, 757, 758, 764, 765, 772, 773, 774, 776, 784, 785, 792, 793, 796, 797, 798, 823, 824, 825, 827], [2, 7, 15, 23, 24, 25, 26, 27, 28, 29, 53, 54, 55, 56, 57, 58, 59, 60, 71, 72, 73, 74, 75, 76, 77, 91, 92, 93, 100, 112, 113, 114, 125, 126, 127, 128, 129, 140, 141, 147, 148, 149, 158, 172, 173, 174, 175, 176, 177, 189, 190, 191, 192, 193, 194, 195, 196, 197, 198, 199, 200, 201, 211, 225, 226, 229, 242, 252, 254, 267, 268, 269, 274, 275, 276, 277, 278, 289, 290, 291, 292, 293, 294, 295, 296, 297, 298, 299, 300, 301, 302, 312, 313, 314, 315, 316, 317, 318, 326, 327, 330, 332, 334, 337, 338, 341, 342, 372, 373, 381, 382, 383, 390, 391, 392, 393, 394, 395, 396, 397, 399, 401, 402, 403, 404, 405, 406, 414, 422, 432, 461, 462, 465, 480, 502, 503, 504, 507, 508, 510, 511, 518, 519, 520, 523, 524, 525, 526, 527, 528, 529, 530, 531, 532, 533, 534, 535, 536, 541, 544, 545, 546, 548, 549, 550, 551, 552, 555, 556, 557, 558, 561, 562, 563, 564, 565, 567, 568, 569, 570, 575, 577, 578, 584, 585, 586, 596, 597, 621, 631, 634, 635, 636, 637, 638, 639, 640, 643, 645, 650, 651, 652, 653, 654, 661, 697, 731, 732, 733, 734, 735, 739, 740, 742, 743, 744, 745, 746, 747, 749, 750, 751, 752, 753, 754, 755, 756, 757, 764, 770, 771, 773, 777, 779, 784, 785, 792, 793, 796, 797, 823, 825, 826, 827, 828], [3, 8, 16, 23, 30, 33, 37, 54, 61, 69, 71, 78, 79, 89, 91, 94, 100, 101, 103, 105, 125, 154, 175, 188, 189, 193, 194, 195, 204, 205, 223, 226, 229, 231, 234, 242, 246, 249, 252, 254, 257, 259, 391, 395, 396, 397, 399, 407, 409, 410, 432, 461, 462, 465, 469, 472, 480, 636, 637, 643, 645, 657, 697], [4, 9, 17, 24, 30, 35, 36, 38, 46, 49, 55, 61, 70, 72, 78, 80, 84, 87, 90, 91, 101, 103, 108, 109, 110, 111, 112, 113, 114, 115, 116, 117, 118, 119, 126, 130, 131, 137, 144, 147, 151, 155, 167, 175, 188, 190, 193, 196, 197, 202, 204, 206, 209, 211, 214, 216, 219, 221, 224, 246, 249, 252, 254, 257, 259, 267, 268, 269, 270, 271, 272, 273, 274, 275, 276, 277, 278, 279, 280, 281, 282, 283, 294, 295, 301, 302, 303, 304, 305, 306, 312, 317, 319, 320, 322, 325, 329, 332, 336, 337, 343, 350, 353, 355, 369, 370, 372, 377, 379, 390, 396, 397, 401, 402, 403, 407, 410, 412, 414, 416, 417, 420, 422, 424, 426, 461, 462, 465, 469, 472, 480, 502, 503, 504, 505, 506, 507, 508, 509, 510, 511, 512, 513, 514, 515, 525, 526, 527, 534, 535, 536, 537, 538, 539, 540, 545, 546, 547, 548, 549, 552, 553, 555, 558, 559, 560, 563, 564, 565, 566, 569, 576, 577, 579, 581, 585, 587, 588, 589, 596, 597, 611, 620, 621, 622, 624, 626, 628, 630, 634, 635, 636, 643, 645, 650, 651, 652, 657, 660, 661, 663, 665, 697, 730, 732, 733, 734, 735, 736, 737, 738, 742, 743, 745, 746, 747, 749, 752, 753, 754, 755, 757, 758, 764, 765, 770, 771, 772, 773, 774, 776, 777, 778, 779, 781, 783, 784, 792, 793, 797, 798, 823, 824, 825, 826, 827, 828], [10, 18, 25, 37, 38, 39, 40, 41, 42, 56, 62, 63, 73, 79, 80, 81, 82, 94, 101, 105, 108, 115, 116, 120, 121, 122, 123, 124, 125, 126, 127, 128, 129, 130, 131, 132, 133, 134, 135, 148, 168, 170, 178, 179, 180, 181, 191, 194, 196, 198, 199, 202, 203, 204, 205, 206, 207, 214, 226, 231, 234, 242, 246, 252, 257, 267, 270, 279, 280, 281, 282, 283, 284, 285, 286, 287, 288, 289, 290, 291, 292, 293, 294, 295, 296, 297, 298, 299, 300, 301, 302, 303, 304, 305, 306, 307, 308, 309, 310, 311, 313, 320, 321, 344, 347, 369, 373, 380, 384, 385, 386, 390, 391, 392, 393, 396, 399, 401, 402, 404, 407, 408, 409, 410, 412, 413, 416, 424, 432, 462, 469, 480, 502, 503, 509, 510, 511, 512, 513, 514, 515, 516, 517, 518, 519, 520, 521, 522, 523, 524, 525, 526, 527, 528, 529, 530, 531, 532, 533, 534, 535, 536, 537, 538, 539, 540, 541, 542, 543, 547, 550, 553, 556, 559, 570, 572, 573, 574, 575, 578, 579, 582, 587, 596, 597, 620, 622, 628, 632, 634, 635, 636, 637, 638, 639, 645, 650, 651, 653, 655, 657, 660, 663, 697, 731, 732, 733, 734, 735, 736, 737, 738, 739, 740, 741, 742, 743, 756, 765, 770, 774, 778, 779, 781, 784, 792, 796, 798, 825, 826], [11, 19, 26, 35, 39, 43, 44, 45, 51, 57, 63, 64, 68, 74, 81, 84, 85, 92, 112, 115, 117, 127, 132, 133, 137, 138, 139, 140, 141, 142, 144, 153, 159, 160, 167, 168, 171, 172, 176, 178, 181, 182, 184, 187, 198, 200, 201, 207, 209, 211, 214, 216, 217, 219, 225, 272, 276, 277, 281, 285, 296, 297, 298, 301, 304, 307, 310, 312, 313, 314, 315, 316, 317, 318, 319, 320, 321, 322, 323, 334, 336, 344, 345, 346, 347, 348, 351, 353, 369, 370, 379, 380, 381, 383, 384, 386, 387, 389, 392, 394, 401, 403, 404, 405, 406, 408, 412, 413, 414, 416, 417, 420, 422, 424, 426, 508, 510, 513, 518, 521, 526, 528, 529, 532, 536, 539, 540, 541, 543, 544, 545, 546, 547, 555, 556, 557, 558, 559, 560, 564, 568, 570, 571, 572, 573, 574, 575, 576, 581, 582, 583, 584, 585, 586, 587, 588, 596, 624, 625, 626, 628, 630, 631, 632, 633, 634, 638, 639, 640, 650, 651, 652, 653, 654, 655, 660, 661, 663, 665, 731, 733, 734, 736, 738, 740, 741, 743, 744, 745, 746, 749, 751, 752, 755, 756, 757, 758, 772, 773, 774, 776, 777, 778, 779, 781, 783, 784, 785, 792, 793, 796, 797, 798, 823, 824, 826, 828], [12, 20, 27, 40, 43, 46, 47, 50, 58, 64, 65, 66, 75, 85, 87, 88, 92, 93, 109, 117, 118, 120, 123, 130, 132, 134, 142, 145, 146, 147, 148, 149, 151, 153, 161, 170, 171, 173, 176, 177, 179, 181, 182, 183, 185, 187, 200, 207, 216, 217, 221, 225, 268, 271, 273, 274, 276, 279, 281, 282, 284, 286, 288, 289, 292, 294, 296, 299, 303, 305, 308, 310, 311, 322, 325, 326, 327, 329, 330, 332, 334, 336, 339, 340, 342, 345, 348, 372, 373, 377, 379, 380, 381, 382, 383, 384, 385, 386, 387, 388, 404, 405, 406, 413, 417, 422, 424, 426, 502, 504, 505, 507, 508, 509, 514, 516, 519, 521, 522, 523, 524, 525, 527, 529, 530, 532, 533, 534, 536, 537, 539, 542, 543, 548, 549, 550, 551, 552, 553, 555, 556, 557, 558, 559, 560, 562, 566, 567, 568, 571, 573, 583, 589, 611, 620, 621, 622, 624, 625, 626, 628, 630, 631, 632, 633, 638, 640, 650, 652, 653, 654, 655, 660, 661, 663, 665, 730, 731, 732, 733, 735, 737, 738, 739, 740, 741, 742, 743, 747, 749, 750, 751, 754, 755, 756, 764, 765, 770, 771, 772, 773, 774, 776, 777, 778, 779, 781, 783, 784, 785, 792, 793, 796, 797, 798, 823, 824, 825, 826, 827, 828], [5, 13, 21, 28, 33, 36, 41, 44, 47, 48, 59, 67, 68, 76, 82, 89, 90, 100, 103, 105, 113, 119, 121, 128, 131, 133, 134, 135, 140, 144, 145, 146, 149, 151, 153, 154, 155, 156, 157, 158, 159, 160, 161, 184, 185, 186, 187, 192, 195, 197, 199, 201, 203, 205, 206, 219, 223, 224, 229, 234, 242, 249, 254, 257, 259, 272, 278, 283, 285, 286, 287, 290, 295, 297, 299, 300, 304, 305, 306, 308, 309, 310, 311, 314, 317, 318, 323, 325, 326, 329, 330, 332, 334, 336, 337, 338, 339, 340, 341, 342, 343, 344, 345, 346, 347, 348, 355, 370, 377, 387, 388, 389, 393, 394, 395, 397, 399, 402, 403, 406, 408, 409, 410, 412, 420, 426, 432, 465, 469, 472, 480, 505, 506, 511, 512, 513, 514, 515, 516, 517, 518, 519, 520, 521, 522, 526, 527, 530, 531, 532, 533, 537, 538, 539, 540, 542, 543, 544, 546, 548, 551, 552, 557, 558, 560, 561, 562, 563, 564, 565, 566, 567, 568, 569, 570, 571, 572, 573, 574, 575, 576, 586, 588, 597, 611, 621, 622, 625, 630, 633, 635, 637, 639, 640, 643, 645, 651, 652, 654, 655, 657, 660, 665, 697, 730, 734, 735, 736, 737, 738, 739, 740, 741, 742, 743, 744, 745, 746, 747, 749, 750, 751, 752, 753, 754, 755, 756, 758, 771, 776, 781, 783, 785, 792, 793, 796, 797, 798, 824, 825, 826, 827, 828], [14, 22, 29, 42, 45, 48, 49, 50, 52, 60, 66, 77, 88, 93, 110, 111, 114, 116, 118, 119, 122, 124, 129, 135, 138, 139, 141, 142, 156, 157, 158, 160, 161, 167, 168, 170, 174, 177, 180, 182, 183, 186, 217, 225, 269, 270, 271, 273, 275, 277, 278, 280, 284, 287, 288, 291, 293, 298, 300, 302, 303, 306, 307, 309, 311, 315, 316, 318, 319, 321, 323, 327, 338, 339, 340, 341, 342, 343, 346, 347, 348, 350, 351, 353, 355, 369, 370, 372, 373, 377, 379, 380, 382, 383, 385, 386, 388, 389, 405, 413, 503, 504, 506, 507, 508, 509, 515, 517, 520, 522, 523, 524, 525, 528, 529, 531, 533, 535, 538, 540, 541, 542, 543, 544, 545, 546, 547, 561, 562, 565, 566, 567, 568, 569, 571, 572, 574, 575, 576, 577, 578, 579, 581, 582, 583, 584, 585, 586, 587, 588, 589, 596, 597, 611, 620, 621, 622, 624, 625, 626, 628, 630, 631, 632, 633, 653, 654, 730, 731, 741, 744, 745, 746, 750, 751, 753, 754, 755, 757, 758, 764, 765, 770, 771, 772, 773, 774, 776, 777, 778, 779, 781, 783, 785, 793, 823, 824, 827, 828]!Vessel: FarSeeker
[1, 6, 7, 8, 9, 10, 11, 12, 13, 14, 51, 52, 53, 54, 55, 56, 57, 58, 59, 60, 61, 62, 63, 64, 65, 66, 67, 68, 69, 70, 94, 108, 109, 110, 120, 121, 122, 137, 138, 145, 154, 155, 156, 171, 172, 173, 174, 175, 176, 177, 178, 179, 180, 181, 182, 183, 184, 185, 186, 187, 188, 189, 190, 191, 192, 202, 203, 209, 221, 223, 224, 226, 229, 231, 234, 246, 249, 267, 268, 269, 270, 271, 272, 282, 283, 284, 285, 286, 287, 289, 290, 291, 312, 313, 314, 315, 319, 320, 321, 322, 323, 325, 330, 337, 338, 339, 343, 350, 351, 381, 382, 383, 384, 385, 386, 387, 388, 389, 390, 391, 392, 393, 394, 395, 407, 408, 409, 414, 416, 417, 420, 432, 461, 462, 465, 469, 472, 502, 503, 504, 505, 506, 510, 511, 512, 513, 514, 515, 516, 517, 518, 519, 520, 521, 522, 523, 541, 544, 545, 547, 548, 549, 550, 551, 553, 555, 556, 557, 559, 560, 561, 562, 563, 564, 565, 566, 572, 576, 577, 578, 579, 581, 582, 583, 584, 589, 620, 624, 625, 631, 632, 633, 634, 635, 636, 637, 638, 639, 640, 643, 655, 657, 661, 663, 665, 697, 730, 731, 732, 733, 734, 735, 736, 737, 738, 739, 740, 741, 744, 745, 747, 749, 750, 751, 752, 753, 757, 758, 764, 765, 770, 771, 772, 777, 778, 783, 784, 785, 796, 797, 798, 823, 824, 825, 826, 827, 828], [6, 15, 16, 17, 18, 19, 20, 21, 22, 51, 52, 53, 62, 65, 67, 69, 70, 71, 72, 73, 74, 75, 76, 77, 78, 79, 80, 81, 82, 84, 85, 87, 88, 89, 90, 111, 123, 124, 139, 146, 157, 159, 171, 172, 173, 174, 178, 179, 180, 183, 184, 185, 186, 188, 189, 190, 191, 192, 193, 194, 195, 196, 197, 198, 199, 200, 201, 202, 203, 204, 205, 206, 207, 209, 211, 214, 216, 217, 219, 221, 223, 224, 231, 259, 273, 274, 275, 279, 280, 288, 292, 293, 307, 308, 309, 316, 326, 327, 329, 340, 341, 344, 345, 346, 350, 351, 353, 355, 381, 382, 384, 385, 387, 388, 389, 390, 391, 392, 393, 394, 395, 396, 397, 399, 401, 402, 403, 404, 405, 406, 407, 408, 409, 410, 412, 413, 414, 416, 417, 420, 422, 424, 426, 461, 472, 505, 506, 507, 509, 512, 516, 517, 524, 528, 530, 531, 534, 535, 537, 538, 542, 549, 550, 551, 552, 553, 561, 563, 567, 569, 570, 571, 573, 574, 577, 578, 579, 581, 582, 583, 584, 585, 586, 587, 588, 589, 611, 626, 631, 632, 633, 634, 635, 636, 637, 638, 639, 640, 643, 645, 650, 651, 652, 653, 654, 655, 657, 660, 661, 663, 665, 730, 732, 736, 737, 739, 742, 744, 746, 747, 750, 752, 753, 754, 756, 757, 758, 764, 765, 772, 773, 774, 776, 784, 785, 792, 793, 796, 797, 798, 823, 824, 825, 827], [2, 7, 15, 23, 24, 25, 26, 27, 28, 29, 53, 54, 55, 56, 57, 58, 59, 60, 71, 72, 73, 74, 75, 76, 77, 91, 92, 93, 100, 112, 113, 114, 125, 126, 127, 128, 129, 140, 141, 147, 148, 149, 158, 172, 173, 174, 175, 176, 177, 189, 190, 191, 192, 193, 194, 195, 196, 197, 198, 199, 200, 201, 211, 225, 226, 229, 242, 252, 254, 267, 268, 269, 274, 275, 276, 277, 278, 289, 290, 291, 292, 293, 294, 295, 296, 297, 298, 299, 300, 301, 302, 312, 313, 314, 315, 316, 317, 318, 326, 327, 330, 332, 334, 337, 338, 341, 342, 372, 373, 381, 382, 383, 390, 391, 392, 393, 394, 395, 396, 397, 399, 401, 402, 403, 404, 405, 406, 414, 422, 432, 461, 462, 465, 480, 502, 503, 504, 507, 508, 510, 511, 518, 519, 520, 523, 524, 525, 526, 527, 528, 529, 530, 531, 532, 533, 534, 535, 536, 541, 544, 545, 546, 548, 549, 550, 551, 552, 555, 556, 557, 558, 561, 562, 563, 564, 565, 567, 568, 569, 570, 575, 577, 578, 584, 585, 586, 596, 597, 621, 631, 634, 635, 636, 637, 638, 639, 640, 643, 645, 650, 651, 652, 653, 654, 661, 697, 731, 732, 733, 734, 735, 739, 740, 742, 743, 744, 745, 746, 747, 749, 750, 751, 752, 753, 754, 755, 756, 757, 764, 770, 771, 773, 777, 779, 784, 785, 792, 793, 796, 797, 823, 825, 826, 827, 828], [3, 8, 16, 23, 30, 33, 37, 54, 61, 69, 71, 78, 79, 89, 91, 94, 100, 101, 103, 105, 125, 154, 175, 188, 189, 193, 194, 195, 204, 205, 223, 226, 229, 231, 234, 242, 246, 249, 252, 254, 257, 259, 391, 395, 396, 397, 399, 407, 409, 410, 432, 461, 462, 465, 469, 472, 480, 636, 637, 643, 645, 657, 697], [4, 9, 17, 24, 30, 35, 36, 38, 46, 49, 55, 61, 70, 72, 78, 80, 84, 87, 90, 91, 101, 103, 108, 109, 110, 111, 112, 113, 114, 115, 116, 117, 118, 119, 126, 130, 131, 137, 144, 147, 151, 155, 167, 175, 188, 190, 193, 196, 197, 202, 204, 206, 209, 211, 214, 216, 219, 221, 224, 246, 249, 252, 254, 257, 259, 267, 268, 269, 270, 271, 272, 273, 274, 275, 276, 277, 278, 279, 280, 281, 282, 283, 294, 295, 301, 302, 303, 304, 305, 306, 312, 317, 319, 320, 322, 325, 329, 332, 336, 337, 343, 350, 353, 355, 369, 370, 372, 377, 379, 390, 396, 397, 401, 402, 403, 407, 410, 412, 414, 416, 417, 420, 422, 424, 426, 461, 462, 465, 469, 472, 480, 502, 503, 504, 505, 506, 507, 508, 509, 510, 511, 512, 513, 514, 515, 525, 526, 527, 534, 535, 536, 537, 538, 539, 540, 545, 546, 547, 548, 549, 552, 553, 555, 558, 559, 560, 563, 564, 565, 566, 569, 576, 577, 579, 581, 585, 587, 588, 589, 596, 597, 611, 620, 621, 622, 624, 626, 628, 630, 634, 635, 636, 643, 645, 650, 651, 652, 657, 660, 661, 663, 665, 697, 730, 732, 733, 734, 735, 736, 737, 738, 742, 743, 745, 746, 747, 749, 752, 753, 754, 755, 757, 758, 764, 765, 770, 771, 772, 773, 774, 776, 777, 778, 779, 781, 783, 784, 792, 793, 797, 798, 823, 824, 825, 826, 827, 828], [10, 18, 25, 37, 38, 39, 40, 41, 42, 56, 62, 63, 73, 79, 80, 81, 82, 94, 101, 105, 108, 115, 116, 120, 121, 122, 123, 124, 125, 126, 127, 128, 129, 130, 131, 132, 133, 134, 135, 148, 168, 170, 178, 179, 180, 181, 191, 194, 196, 198, 199, 202, 203, 204, 205, 206, 207, 214, 226, 231, 234, 242, 246, 252, 257, 267, 270, 279, 280, 281, 282, 283, 284, 285, 286, 287, 288, 289, 290, 291, 292, 293, 294, 295, 296, 297, 298, 299, 300, 301, 302, 303, 304, 305, 306, 307, 308, 309, 310, 311, 313, 320, 321, 344, 347, 369, 373, 380, 384, 385, 386, 390, 391, 392, 393, 396, 399, 401, 402, 404, 407, 408, 409, 410, 412, 413, 416, 424, 432, 462, 469, 480, 502, 503, 509, 510, 511, 512, 513, 514, 515, 516, 517, 518, 519, 520, 521, 522, 523, 524, 525, 526, 527, 528, 529, 530, 531, 532, 533, 534, 535, 536, 537, 538, 539, 540, 541, 542, 543, 547, 550, 553, 556, 559, 570, 572, 573, 574, 575, 578, 579, 582, 587, 596, 597, 620, 622, 628, 632, 634, 635, 636, 637, 638, 639, 645, 650, 651, 653, 655, 657, 660, 663, 697, 731, 732, 733, 734, 735, 736, 737, 738, 739, 740, 741, 742, 743, 756, 765, 770, 774, 778, 779, 781, 784, 792, 796, 798, 825, 826], [11, 19, 26, 35, 39, 43, 44, 45, 51, 57, 63, 64, 68, 74, 81, 84, 85, 92, 112, 115, 117, 127, 132, 133, 137, 138, 139, 140, 141, 142, 144, 153, 159, 160, 167, 168, 171, 172, 176, 178, 181, 182, 184, 187, 198, 200, 201, 207, 209, 211, 214, 216, 217, 219, 225, 272, 276, 277, 281, 285, 296, 297, 298, 301, 304, 307, 310, 312, 313, 314, 315, 316, 317, 318, 319, 320, 321, 322, 323, 334, 336, 344, 345, 346, 347, 348, 351, 353, 369, 370, 379, 380, 381, 383, 384, 386, 387, 389, 392, 394, 401, 403, 404, 405, 406, 408, 412, 413, 414, 416, 417, 420, 422, 424, 426, 508, 510, 513, 518, 521, 526, 528, 529, 532, 536, 539, 540, 541, 543, 544, 545, 546, 547, 555, 556, 557, 558, 559, 560, 564, 568, 570, 571, 572, 573, 574, 575, 576, 581, 582, 583, 584, 585, 586, 587, 588, 596, 624, 625, 626, 628, 630, 631, 632, 633, 634, 638, 639, 640, 650, 651, 652, 653, 654, 655, 660, 661, 663, 665, 731, 733, 734, 736, 738, 740, 741, 743, 744, 745, 746, 749, 751, 752, 755, 756, 757, 758, 772, 773, 774, 776, 777, 778, 779, 781, 783, 784, 785, 792, 793, 796, 797, 798, 823, 824, 826, 828], [12, 20, 27, 40, 43, 46, 47, 50, 58, 64, 65, 66, 75, 85, 87, 88, 92, 93, 109, 117, 118, 120, 123, 130, 132, 134, 142, 145, 146, 147, 148, 149, 151, 153, 161, 170, 171, 173, 176, 177, 179, 181, 182, 183, 185, 187, 200, 207, 216, 217, 221, 225, 268, 271, 273, 274, 276, 279, 281, 282, 284, 286, 288, 289, 292, 294, 296, 299, 303, 305, 308, 310, 311, 322, 325, 326, 327, 329, 330, 332, 334, 336, 339, 340, 342, 345, 348, 372, 373, 377, 379, 380, 381, 382, 383, 384, 385, 386, 387, 388, 404, 405, 406, 413, 417, 422, 424, 426, 502, 504, 505, 507, 508, 509, 514, 516, 519, 521, 522, 523, 524, 525, 527, 529, 530, 532, 533, 534, 536, 537, 539, 542, 543, 548, 549, 550, 551, 552, 553, 555, 556, 557, 558, 559, 560, 562, 566, 567, 568, 571, 573, 583, 589, 611, 620, 621, 622, 624, 625, 626, 628, 630, 631, 632, 633, 638, 640, 650, 652, 653, 654, 655, 660, 661, 663, 665, 730, 731, 732, 733, 735, 737, 738, 739, 740, 741, 742, 743, 747, 749, 750, 751, 754, 755, 756, 764, 765, 770, 771, 772, 773, 774, 776, 777, 778, 779, 781, 783, 784, 785, 792, 793, 796, 797, 798, 823, 824, 825, 826, 827, 828], [5, 13, 21, 28, 33, 36, 41, 44, 47, 48, 59, 67, 68, 76, 82, 89, 90, 100, 103, 105, 113, 119, 121, 128, 131, 133, 134, 135, 140, 144, 145, 146, 149, 151, 153, 154, 155, 156, 157, 158, 159, 160, 161, 184, 185, 186, 187, 192, 195, 197, 199, 201, 203, 205, 206, 219, 223, 224, 229, 234, 242, 249, 254, 257, 259, 272, 278, 283, 285, 286, 287, 290, 295, 297, 299, 300, 304, 305, 306, 308, 309, 310, 311, 314, 317, 318, 323, 325, 326, 329, 330, 332, 334, 336, 337, 338, 339, 340, 341, 342, 343, 344, 345, 346, 347, 348, 355, 370, 377, 387, 388, 389, 393, 394, 395, 397, 399, 402, 403, 406, 408, 409, 410, 412, 420, 426, 432, 465, 469, 472, 480, 505, 506, 511, 512, 513, 514, 515, 516, 517, 518, 519, 520, 521, 522, 526, 527, 530, 531, 532, 533, 537, 538, 539, 540, 542, 543, 544, 546, 548, 551, 552, 557, 558, 560, 561, 562, 563, 564, 565, 566, 567, 568, 569, 570, 571, 572, 573, 574, 575, 576, 586, 588, 597, 611, 621, 622, 625, 630, 633, 635, 637, 639, 640, 643, 645, 651, 652, 654, 655, 657, 660, 665, 697, 730, 734, 735, 736, 737, 738, 739, 740, 741, 742, 743, 744, 745, 746, 747, 749, 750, 751, 752, 753, 754, 755, 756, 758, 771, 776, 781, 783, 785, 792, 793, 796, 797, 798, 824, 825, 826, 827, 828], [14, 22, 29, 42, 45, 48, 49, 50, 52, 60, 66, 77, 88, 93, 110, 111, 114, 116, 118, 119, 122, 124, 129, 135, 138, 139, 141, 142, 156, 157, 158, 160, 161, 167, 168, 170, 174, 177, 180, 182, 183, 186, 217, 225, 269, 270, 271, 273, 275, 277, 278, 280, 284, 287, 288, 291, 293, 298, 300, 302, 303, 306, 307, 309, 311, 315, 316, 318, 319, 321, 323, 327, 338, 339, 340, 341, 342, 343, 346, 347, 348, 350, 351, 353, 355, 369, 370, 372, 373, 377, 379, 380, 382, 383, 385, 386, 388, 389, 405, 413, 503, 504, 506, 507, 508, 509, 515, 517, 520, 522, 523, 524, 525, 528, 529, 531, 533, 535, 538, 540, 541, 542, 543, 544, 545, 546, 547, 561, 562, 565, 566, 567, 568, 569, 571, 572, 574, 575, 576, 577, 578, 579, 581, 582, 583, 584, 585, 586, 587, 588, 589, 596, 597, 611, 620, 621, 622, 624, 625, 626, 628, 630, 631, 632, 633, 653, 654, 730, 731, 741, 744, 745, 746, 750, 751, 753, 754, 755, 757, 758, 764, 765, 770, 771, 772, 773, 774, 776, 777, 778, 779, 781, 783, 785, 793, 823, 824, 827, 828]!Vessel: FarSearcher
[1, 6, 7, 8, 9, 10, 11, 12, 13, 14, 51, 52, 53, 54, 55, 56, 57, 58, 59, 60, 61, 62, 63, 64, 65, 66, 67, 68, 69, 70, 94, 108, 109, 110, 120, 121, 122, 137, 138, 145, 154, 155, 156, 171, 172, 173, 174, 175, 176, 177, 178, 179, 180, 181, 182, 183, 184, 185, 186, 187, 188, 189, 190, 191, 192, 202, 203, 209, 221, 223, 224, 226, 229, 231, 234, 246, 249, 267, 268, 269, 270, 271, 272, 282, 283, 284, 285, 286, 287, 289, 290, 291, 312, 313, 314, 315, 319, 320, 321, 322, 323, 325, 330, 337, 338, 339, 343, 350, 351, 381, 382, 383, 384, 385, 386, 387, 388, 389, 390, 391, 392, 393, 394, 395, 407, 408, 409, 414, 416, 417, 420, 432, 461, 462, 465, 469, 472, 502, 504, 505, 506, 510, 511, 512, 513, 514, 516, 518, 519, 521, 522, 523, 544, 545, 548, 549, 550, 551, 553, 555, 556, 557, 559, 560, 561, 562, 563, 564, 565, 566, 576, 577, 581, 583, 584, 589, 620, 624, 625, 631, 633, 634, 638, 640, 643, 655, 661, 663, 665, 730, 732, 733, 734, 735, 736, 737, 738, 739, 740, 747, 749, 750, 751, 752, 764, 771, 772, 777, 783, 797], [6, 15, 16, 17, 18, 19, 20, 21, 22, 51, 52, 53, 62, 65, 67, 69, 70, 71, 72, 73, 74, 75, 76, 77, 78, 79, 80, 81, 82, 84, 85, 87, 88, 89, 90, 111, 123, 124, 139, 146, 157, 159, 171, 172, 173, 174, 178, 179, 180, 183, 184, 185, 186, 188, 189, 190, 191, 192, 193, 194, 195, 196, 197, 198, 199, 200, 201, 202, 203, 204, 205, 206, 207, 209, 211, 214, 216, 217, 219, 221, 223, 224, 231, 259, 273, 274, 275, 279, 280, 288, 292, 293, 307, 308, 309, 316, 326, 327, 329, 340, 341, 344, 345, 346, 350, 351, 353, 355, 381, 382, 384, 385, 387, 388, 389, 390, 391, 392, 393, 394, 395, 396, 397, 399, 401, 402, 403, 404, 405, 406, 407, 408, 409, 410, 412, 413, 414, 416, 417, 420, 422, 424, 426, 461, 472, 505, 506, 507, 509, 512, 516, 530, 534, 537, 549, 550, 551, 552, 553, 561, 563, 567, 569, 570, 571, 573, 577, 581, 583, 584, 585, 586, 588, 589, 611, 626, 631, 633, 634, 638, 640, 643, 650, 652, 654, 655, 660, 661, 663, 665, 730, 732, 736, 737, 739, 742, 747, 750, 752, 754, 756, 764, 772, 773, 776, 797], [2, 7, 15, 23, 24, 25, 26, 27, 28, 29, 53, 54, 55, 56, 57, 58, 59, 60, 71, 72, 73, 74, 75, 76, 77, 91, 92, 93, 100, 112, 113, 114, 125, 126, 127, 128, 129, 140, 141, 147, 148, 149, 158, 172, 173, 174, 175, 176, 177, 189, 190, 191, 192, 193, 194, 195, 196, 197, 198, 199, 200, 201, 211, 225, 226, 229, 242, 252, 254, 267, 268, 269, 274, 275, 276, 277, 278, 289, 290, 291, 292, 293, 294, 295, 296, 297, 298, 299, 300, 301, 302, 312, 313, 314, 315, 316, 317, 318, 326, 327, 330, 332, 334, 337, 338, 341, 342, 372, 373, 381, 382, 383, 390, 391, 392, 393, 394, 395, 396, 397, 399, 401, 402, 403, 404, 405, 406, 414, 422, 432, 461, 462, 465, 480, 502, 504, 507, 508, 510, 511, 518, 519, 523, 525, 526, 527, 529, 530, 532, 534, 536, 544, 545, 546, 548, 549, 550, 551, 552, 555, 556, 557, 558, 561, 562, 563, 564, 565, 567, 568, 569, 570, 577, 584, 585, 586, 621, 631, 634, 638, 640, 643, 650, 652, 654, 661, 732, 733, 734, 735, 739, 740, 742, 743, 747, 749, 750, 751, 752, 754, 755, 756, 764, 771, 773, 777, 797], [3, 8, 16, 23, 30, 33, 37, 54, 61, 69, 71, 78, 79, 89, 91, 94, 100, 101, 103, 105, 125, 154, 175, 188, 189, 193, 194, 195, 204, 205, 223, 226, 229, 231, 234, 242, 246, 249, 252, 254, 257, 259, 391, 395, 396, 397, 399, 407, 409, 410, 432, 461, 462, 465, 469, 472, 480, 643], [4, 9, 17, 24, 30, 35, 36, 38, 46, 49, 55, 61, 70, 72, 78, 80, 84, 87, 90, 91, 101, 103, 108, 109, 110, 111, 112, 113, 114, 115, 116, 117, 118, 119, 126, 130, 131, 137, 144, 147, 151, 155, 167, 175, 188, 190, 193, 196, 197, 202, 204, 206, 209, 211, 214, 216, 219, 221, 224, 246, 249, 252, 254, 257, 259, 267, 268, 269, 270, 271, 272, 273, 274, 275, 276, 277, 278, 279, 280, 281, 282, 283, 294, 295, 301, 302, 303, 304, 305, 306, 312, 317, 319, 320, 322, 325, 329, 332, 336, 337, 343, 350, 353, 355, 369, 370, 372, 377, 379, 390, 396, 397, 401, 402, 403, 407, 410, 412, 414, 416, 417, 420, 422, 424, 426, 461, 462, 465, 469, 472, 480, 502, 504, 505, 506, 507, 508, 509, 510, 511, 512, 513, 514, 525, 526, 527, 534, 536, 537, 539, 545, 546, 548, 549, 552, 553, 555, 558, 559, 560, 563, 564, 565, 566, 569, 576, 577, 581, 585, 588, 589, 611, 620, 621, 622, 624, 626, 628, 630, 634, 643, 650, 652, 660, 661, 663, 665, 730, 732, 733, 734, 735, 736, 737, 738, 742, 743, 747, 749, 752, 754, 755, 764, 771, 772, 773, 776, 777, 783, 797], [10, 18, 25, 37, 38, 39, 40, 41, 42, 56, 62, 63, 73, 79, 80, 81, 82, 94, 101, 105, 108, 115, 116, 120, 121, 122, 123, 124, 125, 126, 127, 128, 129, 130, 131, 132, 133, 134, 135, 148, 168, 170, 178, 179, 180, 181, 191, 194, 196, 198, 199, 202, 203, 204, 205, 206, 207, 214, 226, 231, 234, 242, 246, 252, 257, 267, 270, 279, 280, 281, 282, 283, 284, 285, 286, 287, 288, 289, 290, 291, 292, 293, 294, 295, 296, 297, 298, 299, 300, 301, 302, 303, 304, 305, 306, 307, 308, 309, 310, 311, 313, 320, 321, 344, 347, 369, 373, 380, 384, 385, 386, 390, 391, 392, 393, 396, 399, 401, 402, 404, 407, 408, 409, 410, 412, 413, 416, 424, 432, 462, 469, 480, 502, 509, 510, 511, 512, 513, 514, 516, 518, 519, 521, 522, 523, 525, 526, 527, 529, 530, 532, 534, 536, 537, 539, 543, 550, 553, 556, 559, 570, 573, 620, 622, 628, 634, 638, 650, 655, 660, 663, 732, 733, 734, 735, 736, 737, 738, 739, 740, 742, 743, 756], [11, 19, 26, 35, 39, 43, 44, 45, 51, 57, 63, 64, 68, 74, 81, 84, 85, 92, 112, 115, 117, 127, 132, 133, 137, 138, 139, 140, 141, 142, 144, 153, 159, 160, 167, 168, 171, 172, 176, 178, 181, 182, 184, 187, 198, 200, 201, 207, 209, 211, 214, 216, 217, 219, 225, 272, 276, 277, 281, 285, 296, 297, 298, 301, 304, 307, 310, 312, 313, 314, 315, 316, 317, 318, 319, 320, 321, 322, 323, 334, 336, 344, 345, 346, 347, 348, 351, 353, 369, 370, 379, 380, 381, 383, 384, 386, 387, 389, 392, 394, 401, 403, 404, 405, 406, 408, 412, 413, 414, 416, 417, 420, 422, 424, 426, 508, 510, 513, 518, 521, 526, 529, 532, 536, 539, 543, 544, 545, 546, 555, 556, 557, 558, 559, 560, 564, 568, 570, 571, 573, 576, 581, 583, 584, 585, 586, 588, 624, 625, 626, 628, 630, 631, 633, 634, 638, 640, 650, 652, 654, 655, 660, 661, 663, 665, 733, 734, 736, 738, 740, 743, 749, 751, 752, 755, 756, 772, 773, 776, 777, 783, 797], [12, 20, 27, 40, 43, 46, 47, 50, 58, 64, 65, 66, 75, 85, 87, 88, 92, 93, 109, 117, 118, 120, 123, 130, 132, 134, 142, 145, 146, 147, 148, 149, 151, 153, 161, 170, 171, 173, 176, 177, 179, 181, 182, 183, 185, 187, 200, 207, 216, 217, 221, 225, 268, 271, 273, 274, 276, 279, 281, 282, 284, 286, 288, 289, 292, 294, 296, 299, 303, 305, 308, 310, 311, 322, 325, 326, 327, 329, 330, 332, 334, 336, 339, 340, 342, 345, 348, 372, 373, 377, 379, 380, 381, 382, 383, 384, 385, 386, 387, 388, 404, 405, 406, 413, 417, 422, 424, 426, 502, 504, 505, 507, 508, 509, 514, 516, 519, 521, 522, 523, 525, 527, 529, 530, 532, 534, 536, 537, 539, 543, 548, 549, 550, 551, 552, 553, 555, 556, 557, 558, 559, 560, 562, 566, 567, 568, 571, 573, 583, 589, 611, 620, 621, 622, 624, 625, 626, 628, 630, 631, 633, 638, 640, 650, 652, 654, 655, 660, 661, 663, 665, 730, 732, 733, 735, 737, 738, 739, 740, 742, 743, 747, 749, 750, 751, 754, 755, 756, 764, 771, 772, 773, 776, 777, 783, 797], [5, 13, 21, 28, 33, 36, 41, 44, 47, 48, 59, 67, 68, 76, 82, 89, 90, 100, 103, 105, 113, 119, 121, 128, 131, 133, 134, 135, 140, 144, 145, 146, 149, 151, 153, 154, 155, 156, 157, 158, 159, 160, 161, 184, 185, 186, 187, 192, 195, 197, 199, 201, 203, 205, 206, 219, 223, 224, 229, 234, 242, 249, 254, 257, 259, 272, 278, 283, 285, 286, 287, 290, 295, 297, 299, 300, 304, 305, 306, 308, 309, 310, 311, 314, 317, 318, 323, 325, 326, 329, 330, 332, 334, 336, 337, 338, 339, 340, 341, 342, 343, 344, 345, 346, 347, 348, 355, 370, 377, 387, 388, 389, 393, 394, 395, 397, 399, 402, 403, 406, 408, 409, 410, 412, 420, 426, 432, 465, 469, 472, 480, 505, 506, 511, 512, 513, 514, 516, 518, 519, 521, 522, 526, 527, 530, 532, 537, 539, 543, 544, 546, 548, 551, 552, 557, 558, 560, 561, 562, 563, 564, 565, 566, 567, 568, 569, 570, 571, 573, 576, 586, 588, 611, 621, 622, 625, 630, 633, 640, 643, 652, 654, 655, 660, 665, 730, 734, 735, 736, 737, 738, 739, 740, 742, 743, 747, 749, 750, 751, 752, 754, 755, 756, 771, 776, 783, 797], [14, 22, 29, 42, 45, 48, 49, 50, 52, 60, 66, 77, 88, 93, 110, 111, 114, 116, 118, 119, 122, 124, 129, 135, 138, 139, 141, 142, 156, 157, 158, 160, 161, 167, 168, 170, 174, 177, 180, 182, 183, 186, 217, 225, 269, 270, 271, 273, 275, 277, 278, 280, 284, 287, 288, 291, 293, 298, 300, 302, 303, 306, 307, 309, 311, 315, 316, 318, 319, 321, 323, 327, 338, 339, 340, 341, 342, 343, 346, 347, 348, 350, 351, 353, 355, 369, 370, 372, 373, 377, 379, 380, 382, 383, 385, 386, 388, 389, 405, 413, 504, 506, 507, 508, 509, 522, 523, 525, 529, 543, 544, 545, 546, 561, 562, 565, 566, 567, 568, 569, 571, 576, 577, 581, 583, 584, 585, 586, 588, 589, 611, 620, 621, 622, 624, 625, 626, 628, 630, 631, 633, 654, 730, 750, 751, 754, 755, 764, 771, 772, 773, 776, 777, 783]!Vessel: FarSymphony
[1, 6, 7, 8, 9, 10, 11, 12, 13, 14, 51, 52, 53, 54, 55, 56, 57, 58, 59, 60, 61, 62, 63, 64, 65, 66, 67, 68, 69, 70, 94, 108, 109, 110, 120, 121, 122, 137, 138, 145, 154, 155, 156, 171, 172, 173, 174, 175, 176, 177, 178, 179, 180, 181, 182, 183, 184, 185, 186, 187, 188, 189, 190, 191, 192, 202, 203, 209, 221, 223, 224, 226, 229, 231, 234, 246, 249, 267, 268, 269, 270, 271, 272, 282, 283, 284, 285, 286, 287, 289, 290, 291, 312, 313, 314, 315, 319, 320, 321, 322, 323, 325, 330, 337, 338, 339, 343, 350, 351, 381, 382, 383, 384, 385, 386, 387, 388, 389, 390, 391, 392, 393, 394, 395, 407, 408, 409, 414, 416, 417, 420, 432, 461, 462, 465, 469, 472, 502, 503, 504, 505, 506, 510, 511, 512, 513, 514, 515, 516, 518, 519, 521, 522, 523, 541, 544, 545, 547, 548, 549, 550, 551, 553, 555, 556, 557, 559, 560, 561, 562, 563, 564, 565, 566, 572, 576, 577, 579, 581, 582, 583, 584, 589, 620, 624, 625, 631, 633, 634, 635, 636, 637, 638, 639, 640, 643, 655, 657, 661, 663, 665, 697, 730, 732, 733, 734, 735, 736, 737, 738, 739, 740, 744, 745, 747, 749, 750, 751, 752, 753, 757, 758, 764, 771, 772, 777, 778, 783, 784, 796, 797, 798, 823, 824, 826], [6, 15, 16, 17, 18, 19, 20, 21, 22, 51, 52, 53, 62, 65, 67, 69, 70, 71, 72, 73, 74, 75, 76, 77, 78, 79, 80, 81, 82, 84, 85, 87, 88, 89, 90, 111, 123, 124, 139, 146, 157, 159, 171, 172, 173, 174, 178, 179, 180, 183, 184, 185, 186, 188, 189, 190, 191, 192, 193, 194, 195, 196, 197, 198, 199, 200, 201, 202, 203, 204, 205, 206, 207, 209, 211, 214, 216, 217, 219, 221, 223, 224, 231, 259, 273, 274, 275, 279, 280, 288, 292, 293, 307, 308, 309, 316, 326, 327, 329, 340, 341, 344, 345, 346, 350, 351, 353, 355, 381, 382, 384, 385, 387, 388, 389, 390, 391, 392, 393, 394, 395, 396, 397, 399, 401, 402, 403, 404, 405, 406, 407, 408, 409, 410, 412, 413, 414, 416, 417, 420, 422, 424, 426, 461, 472, 505, 506, 507, 509, 512, 516, 524, 528, 530, 534, 537, 542, 549, 550, 551, 552, 553, 561, 563, 567, 569, 570, 571, 573, 574, 577, 579, 581, 582, 583, 584, 585, 586, 587, 588, 589, 611, 626, 631, 633, 634, 635, 636, 637, 638, 639, 640, 643, 645, 650, 651, 652, 654, 655, 657, 660, 661, 663, 665, 730, 732, 736, 737, 739, 742, 744, 746, 747, 750, 752, 753, 754, 756, 757, 758, 764, 772, 773, 776, 784, 792, 796, 797, 798, 823, 824], [2, 7, 15, 23, 24, 25, 26, 27, 28, 29, 53, 54, 55, 56, 57, 58, 59, 60, 71, 72, 73, 74, 75, 76, 77, 91, 92, 93, 100, 112, 113, 114, 125, 126, 127, 128, 129, 140, 141, 147, 148, 149, 158, 172, 173, 174, 175, 176, 177, 189, 190, 191, 192, 193, 194, 195, 196, 197, 198, 199, 200, 201, 211, 225, 226, 229, 242, 252, 254, 267, 268, 269, 274, 275, 276, 277, 278, 289, 290, 291, 292, 293, 294, 295, 296, 297, 298, 299, 300, 301, 302, 312, 313, 314, 315, 316, 317, 318, 326, 327, 330, 332, 334, 337, 338, 341, 342, 372, 373, 381, 382, 383, 390, 391, 392, 393, 394, 395, 396, 397, 399, 401, 402, 403, 404, 405, 406, 414, 422, 432, 461, 462, 465, 480, 502, 503, 504, 507, 508, 510, 511, 518, 519, 523, 524, 525, 526, 527, 528, 529, 530, 532, 533, 534, 536, 541, 544, 545, 546, 548, 549, 550, 551, 552, 555, 556, 557, 558, 561, 562, 563, 564, 565, 567, 568, 569, 570, 577, 584, 585, 586, 596, 621, 631, 634, 635, 636, 637, 638, 639, 640, 643, 645, 650, 651, 652, 654, 661, 697, 732, 733, 734, 735, 739, 740, 742, 743, 744, 745, 746, 747, 749, 750, 751, 752, 753, 754, 755, 756, 757, 764, 771, 773, 777, 784, 792, 796, 797, 823, 826], [3, 8, 16, 23, 30, 33, 37, 54, 61, 69, 71, 78, 79, 89, 91, 94, 100, 101, 103, 105, 125, 154, 175, 188, 189, 193, 194, 195, 204, 205, 223, 226, 229, 231, 234, 242, 246, 249, 252, 254, 257, 259, 391, 395, 396, 397, 399, 407, 409, 410, 432, 461, 462, 465, 469, 472, 480, 636, 637, 643, 645, 657, 697], [4, 9, 17, 24, 30, 35, 36, 38, 46, 49, 55, 61, 70, 72, 78, 80, 84, 87, 90, 91, 101, 103, 108, 109, 110, 111, 112, 113, 114, 115, 116, 117, 118, 119, 126, 130, 131, 137, 144, 147, 151, 155, 167, 175, 188, 190, 193, 196, 197, 202, 204, 206, 209, 211, 214, 216, 219, 221, 224, 246, 249, 252, 254, 257, 259, 267, 268, 269, 270, 271, 272, 273, 274, 275, 276, 277, 278, 279, 280, 281, 282, 283, 294, 295, 301, 302, 303, 304, 305, 306, 312, 317, 319, 320, 322, 325, 329, 332, 336, 337, 343, 350, 353, 355, 369, 370, 372, 377, 379, 390, 396, 397, 401, 402, 403, 407, 410, 412, 414, 416, 417, 420, 422, 424, 426, 461, 462, 465, 469, 472, 480, 502, 503, 504, 505, 506, 507, 508, 509, 510, 511, 512, 513, 514, 515, 525, 526, 527, 534, 536, 537, 539, 540, 545, 546, 547, 548, 549, 552, 553, 555, 558, 559, 560, 563, 564, 565, 566, 569, 576, 577, 579, 581, 585, 587, 588, 589, 596, 611, 620, 621, 622, 624, 626, 628, 630, 634, 635, 636, 643, 645, 650, 651, 652, 657, 660, 661, 663, 665, 697, 730, 732, 733, 734, 735, 736, 737, 738, 742, 743, 745, 746, 747, 749, 752, 753, 754, 755, 757, 758, 764, 771, 772, 773, 776, 777, 778, 783, 784, 792, 797, 798, 823, 824, 826], [10, 18, 25, 37, 38, 39, 40, 41, 42, 56, 62, 63, 73, 79, 80, 81, 82, 94, 101, 105, 108, 115, 116, 120, 121, 122, 123, 124, 125, 126, 127, 128, 129, 130, 131, 132, 133, 134, 135, 148, 168, 170, 178, 179, 180, 181, 191, 194, 196, 198, 199, 202, 203, 204, 205, 206, 207, 214, 226, 231, 234, 242, 246, 252, 257, 267, 270, 279, 280, 281, 282, 283, 284, 285, 286, 287, 288, 289, 290, 291, 292, 293, 294, 295, 296, 297, 298, 299, 300, 301, 302, 303, 304, 305, 306, 307, 308, 309, 310, 311, 313, 320, 321, 344, 347, 369, 373, 380, 384, 385, 386, 390, 391, 392, 393, 396, 399, 401, 402, 404, 407, 408, 409, 410, 412, 413, 416, 424, 432, 462, 469, 480, 502, 503, 509, 510, 511, 512, 513, 514, 515, 516, 518, 519, 521, 522, 523, 524, 525, 526, 527, 528, 529, 530, 532, 533, 534, 536, 537, 539, 540, 541, 542, 543, 547, 550, 553, 556, 559, 570, 572, 573, 574, 579, 582, 587, 596, 620, 622, 628, 634, 635, 636, 637, 638, 639, 645, 650, 651, 655, 657, 660, 663, 697, 732, 733, 734, 735, 736, 737, 738, 739, 740, 742, 743, 756, 778, 784, 792, 796, 798, 826], [11, 19, 26, 35, 39, 43, 44, 45, 51, 57, 63, 64, 68, 74, 81, 84, 85, 92, 112, 115, 117, 127, 132, 133, 137, 138, 139, 140, 141, 142, 144, 153, 159, 160, 167, 168, 171, 172, 176, 178, 181, 182, 184, 187, 198, 200, 201, 207, 209, 211, 214, 216, 217, 219, 225, 272, 276, 277, 281, 285, 296, 297, 298, 301, 304, 307, 310, 312, 313, 314, 315, 316, 317, 318, 319, 320, 321, 322, 323, 334, 336, 344, 345, 346, 347, 348, 351, 353, 369, 370, 379, 380, 381, 383, 384, 386, 387, 389, 392, 394, 401, 403, 404, 405, 406, 408, 412, 413, 414, 416, 417, 420, 422, 424, 426, 508, 510, 513, 518, 521, 526, 528, 529, 532, 536, 539, 540, 541, 543, 544, 545, 546, 547, 555, 556, 557, 558, 559, 560, 564, 568, 570, 571, 572, 573, 574, 576, 581, 582, 583, 584, 585, 586, 587, 588, 596, 624, 625, 626, 628, 630, 631, 633, 634, 638, 639, 640, 650, 651, 652, 654, 655, 660, 661, 663, 665, 733, 734, 736, 738, 740, 743, 744, 745, 746, 749, 751, 752, 755, 756, 757, 758, 772, 773, 776, 777, 778, 783, 784, 792, 796, 797, 798, 823, 824, 826], [12, 20, 27, 40, 43, 46, 47, 50, 58, 64, 65, 66, 75, 85, 87, 88, 92, 93, 109, 117, 118, 120, 123, 130, 132, 134, 142, 145, 146, 147, 148, 149, 151, 153, 161, 170, 171, 173, 176, 177, 179, 181, 182, 183, 185, 187, 200, 207, 216, 217, 221, 225, 268, 271, 273, 274, 276, 279, 281, 282, 284, 286, 288, 289, 292, 294, 296, 299, 303, 305, 308, 310, 311, 322, 325, 326, 327, 329, 330, 332, 334, 336, 339, 340, 342, 345, 348, 372, 373, 377, 379, 380, 381, 382, 383, 384, 385, 386, 387, 388, 404, 405, 406, 413, 417, 422, 424, 426, 502, 504, 505, 507, 508, 509, 514, 516, 519, 521, 522, 523, 524, 525, 527, 529, 530, 532, 533, 534, 536, 537, 539, 542, 543, 548, 549, 550, 551, 552, 553, 555, 556, 557, 558, 559, 560, 562, 566, 567, 568, 571, 573, 583, 589, 611, 620, 621, 622, 624, 625, 626, 628, 630, 631, 633, 638, 640, 650, 652, 654, 655, 660, 661, 663, 665, 730, 732, 733, 735, 737, 738, 739, 740, 742, 743, 747, 749, 750, 751, 754, 755, 756, 764, 771, 772, 773, 776, 777, 778, 783, 784, 792, 796, 797, 798, 823, 824, 826], [5, 13, 21, 28, 33, 36, 41, 44, 47, 48, 59, 67, 68, 76, 82, 89, 90, 100, 103, 105, 113, 119, 121, 128, 131, 133, 134, 135, 140, 144, 145, 146, 149, 151, 153, 154, 155, 156, 157, 158, 159, 160, 161, 184, 185, 186, 187, 192, 195, 197, 199, 201, 203, 205, 206, 219, 223, 224, 229, 234, 242, 249, 254, 257, 259, 272, 278, 283, 285, 286, 287, 290, 295, 297, 299, 300, 304, 305, 306, 308, 309, 310, 311, 314, 317, 318, 323, 325, 326, 329, 330, 332, 334, 336, 337, 338, 339, 340, 341, 342, 343, 344, 345, 346, 347, 348, 355, 370, 377, 387, 388, 389, 393, 394, 395, 397, 399, 402, 403, 406, 408, 409, 410, 412, 420, 426, 432, 465, 469, 472, 480, 505, 506, 511, 512, 513, 514, 515, 516, 518, 519, 521, 522, 526, 527, 530, 532, 533, 537, 539, 540, 542, 543, 544, 546, 548, 551, 552, 557, 558, 560, 561, 562, 563, 564, 565, 566, 567, 568, 569, 570, 571, 572, 573, 574, 576, 586, 588, 611, 621, 622, 625, 630, 633, 635, 637, 639, 640, 643, 645, 651, 652, 654, 655, 657, 660, 665, 697, 730, 734, 735, 736, 737, 738, 739, 740, 742, 743, 744, 745, 746, 747, 749, 750, 751, 752, 753, 754, 755, 756, 758, 771, 776, 783, 792, 796, 797, 798, 824, 826], [14, 22, 29, 42, 45, 48, 49, 50, 52, 60, 66, 77, 88, 93, 110, 111, 114, 116, 118, 119, 122, 124, 129, 135, 138, 139, 141, 142, 156, 157, 158, 160, 161, 167, 168, 170, 174, 177, 180, 182, 183, 186, 217, 225, 269, 270, 271, 273, 275, 277, 278, 280, 284, 287, 288, 291, 293, 298, 300, 302, 303, 306, 307, 309, 311, 315, 316, 318, 319, 321, 323, 327, 338, 339, 340, 341, 342, 343, 346, 347, 348, 350, 351, 353, 355, 369, 370, 372, 373, 377, 379, 380, 382, 383, 385, 386, 388, 389, 405, 413, 503, 504, 506, 507, 508, 509, 515, 522, 523, 524, 525, 528, 529, 533, 540, 541, 542, 543, 544, 545, 546, 547, 561, 562, 565, 566, 567, 568, 569, 571, 572, 574, 576, 577, 579, 581, 582, 583, 584, 585, 586, 587, 588, 589, 596, 611, 620, 621, 622, 624, 625, 626, 628, 630, 631, 633, 654, 730, 744, 745, 746, 750, 751, 753, 754, 755, 757, 758, 764, 771, 772, 773, 776, 777, 778, 783, 823, 824]!Vessel: HavilaForesight
[1, 6, 7, 8, 9, 10, 11, 12, 13, 14, 51, 52, 53, 54, 55, 56, 57, 58, 59, 60, 61, 62, 63, 64, 65, 66, 67, 68, 69, 70, 94, 108, 109, 110, 120, 121, 122, 137, 138, 145, 154, 155, 156, 171, 172, 173, 174, 175, 176, 177, 178, 179, 180, 181, 182, 183, 184, 185, 186, 187, 188, 189, 190, 191, 192, 202, 203, 209, 221, 223, 224, 226, 229, 231, 234, 246, 249, 267, 268, 269, 270, 271, 272, 282, 283, 284, 285, 286, 289, 290, 312, 313, 314, 315, 319, 320, 321, 322, 323, 325, 330, 337, 338, 339, 343, 350, 351, 381, 382, 383, 384, 387, 388, 389, 390, 391, 392, 393, 394, 395, 407, 408, 409, 414, 416, 417, 420, 432, 461, 462, 465, 469, 472, 502, 504, 505, 506, 510, 511, 512, 513, 514, 516, 518, 519, 521, 544, 545, 548, 549, 550, 551, 553, 555, 556, 557, 559, 560, 562, 563, 564, 565, 566, 576, 577, 581, 583, 584, 589, 624, 625, 638, 640, 643, 655, 661, 663, 665, 732, 733, 737, 738, 740, 747, 749, 752, 772, 777, 797], [6, 15, 16, 17, 18, 19, 20, 21, 22, 51, 52, 53, 62, 65, 67, 69, 70, 71, 72, 73, 74, 75, 76, 77, 78, 79, 80, 81, 82, 84, 85, 87, 88, 89, 90, 111, 123, 124, 139, 146, 157, 159, 171, 172, 173, 174, 178, 179, 180, 183, 184, 185, 186, 188, 189, 190, 191, 192, 193, 194, 195, 196, 197, 198, 199, 200, 201, 202, 203, 204, 205, 206, 207, 209, 211, 214, 216, 217, 219, 221, 223, 224, 231, 259, 273, 274, 275, 279, 280, 288, 292, 307, 308, 316, 326, 327, 329, 340, 341, 344, 345, 346, 350, 351, 353, 355, 381, 382, 384, 387, 388, 389, 390, 391, 392, 393, 394, 395, 396, 397, 401, 402, 403, 404, 405, 406, 407, 408, 409, 410, 412, 414, 416, 417, 420, 422, 424, 426, 461, 472, 505, 506, 507, 512, 516, 530, 534, 537, 549, 550, 551, 552, 553, 563, 567, 570, 571, 573, 577, 581, 583, 584, 585, 588, 589, 611, 626, 638, 640, 643, 650, 652, 655, 660, 661, 663, 665, 732, 737, 747, 752, 772, 797], [2, 7, 15, 23, 24, 25, 26, 27, 28, 29, 53, 54, 55, 56, 57, 58, 59, 60, 71, 72, 73, 74, 75, 76, 77, 91, 92, 93, 100, 112, 113, 114, 125, 126, 127, 128, 129, 140, 141, 147, 148, 149, 158, 172, 173, 174, 175, 176, 177, 189, 190, 191, 192, 193, 194, 195, 196, 197, 198, 199, 200, 201, 211, 225, 226, 229, 242, 252, 254, 267, 268, 269, 274, 275, 276, 277, 278, 289, 290, 292, 294, 295, 296, 297, 298, 299, 301, 312, 313, 314, 315, 316, 317, 318, 326, 327, 330, 332, 334, 337, 338, 341, 342, 372, 373, 381, 382, 383, 390, 391, 392, 393, 394, 395, 396, 397, 401, 402, 403, 404, 405, 406, 414, 422, 432, 461, 462, 465, 480, 502, 504, 507, 508, 510, 511, 518, 519, 526, 527, 530, 532, 534, 536, 544, 545, 546, 548, 549, 550, 551, 552, 555, 556, 557, 558, 562, 563, 564, 565, 567, 568, 570, 577, 584, 585, 621, 638, 640, 643, 650, 652, 661, 732, 733, 740, 747, 749, 752, 777, 797], [3, 8, 16, 23, 30, 33, 37, 54, 61, 69, 71, 78, 79, 89, 91, 94, 100, 101, 103, 105, 125, 154, 175, 188, 189, 193, 194, 195, 204, 205, 223, 226, 229, 231, 234, 242, 246, 249, 252, 254, 257, 259, 391, 395, 396, 397, 407, 409, 410, 432, 461, 462, 465, 469, 472, 480, 643], [4, 9, 17, 24, 30, 35, 36, 38, 46, 49, 55, 61, 70, 72, 78, 80, 84, 87, 90, 91, 101, 103, 108, 109, 110, 111, 112, 113, 114, 115, 116, 117, 118, 119, 126, 130, 131, 137, 144, 147, 151, 155, 167, 175, 188, 190, 193, 196, 197, 202, 204, 206, 209, 211, 214, 216, 219, 221, 224, 246, 249, 252, 254, 257, 259, 267, 268, 269, 270, 271, 272, 273, 274, 275, 276, 277, 278, 279, 280, 281, 282, 283, 294, 295, 301, 303, 304, 305, 312, 317, 319, 320, 322, 325, 329, 332, 336, 337, 343, 350, 353, 355, 369, 370, 372, 377, 379, 390, 396, 397, 401, 402, 403, 407, 410, 412, 414, 416, 417, 420, 422, 424, 426, 461, 462, 465, 469, 472, 480, 502, 504, 505, 506, 507, 508, 510, 511, 512, 513, 514, 526, 527, 534, 536, 537, 539, 545, 546, 548, 549, 552, 553, 555, 558, 559, 560, 563, 564, 565, 566, 576, 577, 581, 585, 588, 589, 611, 621, 624, 626, 630, 643, 650, 652, 660, 661, 663, 665, 732, 733, 737, 738, 747, 749, 752, 772, 777, 797], [10, 18, 25, 37, 38, 39, 40, 41, 42, 56, 62, 63, 73, 79, 80, 81, 82, 94, 101, 105, 108, 115, 116, 120, 121, 122, 123, 124, 125, 126, 127, 128, 129, 130, 131, 132, 133, 134, 135, 148, 168, 170, 178, 179, 180, 181, 191, 194, 196, 198, 199, 202, 203, 204, 205, 206, 207, 214, 226, 231, 234, 242, 246, 252, 257, 267, 270, 279, 280, 281, 282, 283, 284, 285, 286, 288, 289, 290, 292, 294, 295, 296, 297, 298, 299, 301, 303, 304, 305, 307, 308, 310, 311, 313, 320, 321, 344, 369, 373, 380, 384, 390, 391, 392, 393, 396, 401, 402, 404, 407, 408, 409, 410, 412, 416, 424, 432, 462, 469, 480, 502, 510, 511, 512, 513, 514, 516, 518, 519, 521, 526, 527, 530, 532, 534, 536, 537, 539, 550, 553, 556, 559, 570, 573, 638, 650, 655, 660, 663, 732, 733, 737, 738, 740], [11, 19, 26, 35, 39, 43, 44, 45, 51, 57, 63, 64, 68, 74, 81, 84, 85, 92, 112, 115, 117, 127, 132, 133, 137, 138, 139, 140, 141, 142, 144, 153, 159, 160, 167, 168, 171, 172, 176, 178, 181, 182, 184, 187, 198, 200, 201, 207, 209, 211, 214, 216, 217, 219, 225, 272, 276, 277, 281, 285, 296, 297, 298, 301, 304, 307, 310, 312, 313, 314, 315, 316, 317, 318, 319, 320, 321, 322, 323, 334, 336, 344, 345, 346, 348, 351, 353, 369, 370, 379, 380, 381, 383, 384, 387, 389, 392, 394, 401, 403, 404, 405, 406, 408, 412, 414, 416, 417, 420, 422, 424, 426, 508, 510, 513, 518, 521, 526, 532, 536, 539, 544, 545, 546, 555, 556, 557, 558, 559, 560, 564, 568, 570, 571, 573, 576, 581, 583, 584, 585, 588, 624, 625, 626, 630, 638, 640, 650, 652, 655, 660, 661, 663, 665, 733, 738, 740, 749, 752, 772, 777, 797], [12, 20, 27, 40, 43, 46, 47, 50, 58, 64, 65, 66, 75, 85, 87, 88, 92, 93, 109, 117, 118, 120, 123, 130, 132, 134, 142, 145, 146, 147, 148, 149, 151, 153, 161, 170, 171, 173, 176, 177, 179, 181, 182, 183, 185, 187, 200, 207, 216, 217, 221, 225, 268, 271, 273, 274, 276, 279, 281, 282, 284, 286, 288, 289, 292, 294, 296, 299, 303, 305, 308, 310, 311, 322, 325, 326, 327, 329, 330, 332, 334, 336, 339, 340, 342, 345, 348, 372, 373, 377, 379, 380, 381, 382, 383, 384, 387, 388, 404, 405, 406, 417, 422, 424, 426, 502, 504, 505, 507, 508, 514, 516, 519, 521, 527, 530, 532, 534, 536, 537, 539, 548, 549, 550, 551, 552, 553, 555, 556, 557, 558, 559, 560, 562, 566, 567, 568, 571, 573, 583, 589, 611, 621, 624, 625, 626, 630, 638, 640, 650, 652, 655, 660, 661, 663, 665, 732, 733, 737, 738, 740, 747, 749, 772, 777, 797], [5, 13, 21, 28, 33, 36, 41, 44, 47, 48, 59, 67, 68, 76, 82, 89, 90, 100, 103, 105, 113, 119, 121, 128, 131, 133, 134, 135, 140, 144, 145, 146, 149, 151, 153, 154, 155, 156, 157, 158, 159, 160, 161, 184, 185, 186, 187, 192, 195, 197, 199, 201, 203, 205, 206, 219, 223, 224, 229, 234, 242, 249, 254, 257, 259, 272, 278, 283, 285, 286, 290, 295, 297, 299, 304, 305, 308, 310, 311, 314, 317, 318, 323, 325, 326, 329, 330, 332, 334, 336, 337, 338, 339, 340, 341, 342, 343, 344, 345, 346, 348, 355, 370, 377, 387, 388, 389, 393, 394, 395, 397, 402, 403, 406, 408, 409, 410, 412, 420, 426, 432, 465, 469, 472, 480, 505, 506, 511, 512, 513, 514, 516, 518, 519, 521, 526, 527, 530, 532, 537, 539, 544, 546, 548, 551, 552, 557, 558, 560, 562, 563, 564, 565, 566, 567, 568, 570, 571, 573, 576, 588, 611, 621, 625, 630, 640, 643, 652, 655, 660, 665, 737, 738, 740, 747, 749, 752, 797], [14, 22, 29, 42, 45, 48, 49, 50, 52, 60, 66, 77, 88, 93, 110, 111, 114, 116, 118, 119, 122, 124, 129, 135, 138, 139, 141, 142, 156, 157, 158, 160, 161, 167, 168, 170, 174, 177, 180, 182, 183, 186, 217, 225, 269, 270, 271, 273, 275, 277, 278, 280, 284, 288, 298, 303, 307, 311, 315, 316, 318, 319, 321, 323, 327, 338, 339, 340, 341, 342, 343, 346, 348, 350, 351, 353, 355, 369, 370, 372, 373, 377, 379, 380, 382, 383, 388, 389, 405, 504, 506, 507, 508, 544, 545, 546, 562, 565, 566, 567, 568, 571, 576, 577, 581, 583, 584, 585, 588, 589, 611, 621, 624, 625, 626, 630, 772, 777]!Vessel: FarStar
] 

Rvl : [
!l : 2, 3
[1, 2, 3, 4, 5, 6, 7, 8, 9, 10, 11, 12, 13, 14, 15, 16, 17, 18, 19, 20, 21, 22, 23, 24, 25, 26, 27, 28, 29, 30, 33, 35, 36, 37, 38, 39, 40, 41, 42, 43, 44, 45, 46, 47, 48, 49, 50, 51, 52, 53, 55, 56, 57, 58, 59, 60, 62, 63, 64, 65, 66, 67, 68, 69, 70, 71, 72, 73, 74, 75, 76, 77, 79, 80, 81, 82, 84, 85, 87, 88, 90, 92, 93, 94, 101, 108, 109, 110, 111, 112, 113, 114, 115, 116, 117, 118, 119, 120, 121, 122, 123, 124, 125, 126, 127, 128, 129, 130, 131, 132, 133, 134, 135, 137, 138, 139, 140, 141, 142, 144, 145, 146, 147, 148, 149, 151, 153, 155, 156, 157, 158, 159, 160, 161, 167, 168, 170, 171, 172, 173, 174, 176, 177, 178, 179, 180, 181, 182, 183, 184, 185, 186, 187, 190, 191, 192, 196, 198, 199, 200, 201, 202, 203, 207, 209, 211, 214, 216, 217, 221, 225, 267, 268, 271, 273, 274, 275, 276, 279, 280, 281, 282, 284, 285, 286, 287, 288, 289, 290, 291, 292, 293, 294, 296, 297, 298, 299, 300, 301, 303, 307, 308, 309, 310, 311, 312, 313, 314, 315, 316, 318, 320, 321, 322, 323, 326, 327, 330, 334, 336, 338, 339, 340, 341, 342, 344, 345, 346, 347, 348, 350, 351, 353, 369, 372, 373, 379, 380, 381, 382, 383, 384, 385, 386, 387, 388, 389, 392, 393, 394, 404, 405, 406, 408, 413, 516, 517, 518, 519, 521, 522, 523, 524, 528, 529, 530, 531, 532, 533, 541, 542, 543, 544, 550, 551, 556, 557, 561, 562, 567, 568, 570, 571, 572, 573, 574, 575, 578, 582, 583, 584, 586, 625, 631, 632, 638, 640, 653, 655, 731], [54, 61, 78, 89, 91, 100, 103, 105, 154, 175, 188, 189, 193, 194, 195, 197, 204, 205, 206, 219, 223, 224, 226, 229, 231, 234, 242, 246, 249, 252, 254, 257, 259, 269, 270, 272, 277, 278, 283, 295, 302, 304, 305, 306, 317, 319, 325, 329, 332, 337, 343, 355, 370, 377, 390, 391, 395, 396, 397, 399, 401, 402, 403, 407, 409, 410, 412, 414, 416, 417, 420, 422, 424, 426, 432, 461, 462, 465, 469, 472, 480, 502, 503, 504, 505, 506, 507, 508, 509, 510, 511, 512, 513, 514, 515, 520, 525, 526, 527, 534, 535, 536, 537, 538, 539, 540, 545, 546, 547, 548, 549, 552, 553, 555, 558, 559, 560, 563, 564, 565, 566, 569, 576, 577, 579, 581, 585, 587, 588, 589, 596, 597, 611, 620, 621, 622, 624, 626, 628, 630, 633, 634, 635, 636, 637, 639, 643, 645, 650, 651, 652, 654, 657, 660, 661, 663, 665, 697, 730, 732, 733, 734, 735, 736, 737, 738, 739, 740, 741, 742, 743, 744, 745, 746, 747, 749, 750, 751, 752, 753, 754, 755, 756, 757, 758, 764, 765, 770, 771, 772, 773, 774, 776, 777, 778, 779, 781, 783, 784, 785, 792, 793, 796, 797, 798, 823, 824, 825, 826, 827, 828]!Vessel: FarSeeker
[1, 2, 3, 4, 5, 6, 7, 8, 9, 10, 11, 12, 13, 14, 15, 16, 17, 18, 19, 20, 21, 22, 23, 24, 25, 26, 27, 28, 29, 30, 33, 35, 36, 37, 38, 39, 40, 41, 42, 43, 44, 45, 46, 47, 48, 49, 50, 51, 52, 53, 55, 56, 57, 58, 59, 60, 62, 63, 64, 65, 66, 67, 68, 69, 70, 71, 72, 73, 74, 75, 76, 77, 79, 80, 81, 82, 84, 85, 87, 88, 90, 92, 93, 94, 101, 108, 109, 110, 111, 112, 113, 114, 115, 116, 117, 118, 119, 120, 121, 122, 123, 124, 125, 126, 127, 128, 129, 130, 131, 132, 133, 134, 135, 137, 138, 139, 140, 141, 142, 144, 145, 146, 147, 148, 149, 151, 153, 155, 156, 157, 158, 159, 160, 161, 167, 168, 170, 171, 172, 173, 174, 176, 177, 178, 179, 180, 181, 182, 183, 184, 185, 186, 187, 190, 191, 192, 196, 198, 199, 200, 201, 202, 203, 207, 209, 211, 214, 216, 217, 221, 225, 267, 268, 271, 273, 274, 275, 276, 279, 280, 281, 282, 284, 285, 286, 287, 288, 289, 290, 291, 292, 293, 294, 296, 297, 298, 299, 300, 301, 303, 307, 308, 309, 310, 311, 312, 313, 314, 315, 316, 318, 320, 321, 322, 323, 326, 327, 330, 334, 336, 338, 339, 340, 341, 342, 344, 345, 346, 347, 348, 350, 351, 353, 369, 372, 373, 379, 380, 381, 382, 383, 384, 385, 386, 387, 388, 389, 392, 393, 394, 404, 405, 406, 408, 413, 516, 517, 518, 519, 521, 522, 523, 524, 528, 529, 530, 531, 532, 533, 541, 542, 543, 544, 550, 551, 556, 557, 561, 562, 567, 568, 570, 571, 572, 573, 574, 575, 578, 582, 583, 584, 586, 625, 631, 632, 638, 640, 653, 655, 731], [54, 61, 78, 89, 91, 100, 103, 105, 154, 175, 188, 189, 193, 194, 195, 197, 204, 205, 206, 219, 223, 224, 226, 229, 231, 234, 242, 246, 249, 252, 254, 257, 259, 269, 270, 272, 277, 278, 283, 295, 302, 304, 305, 306, 317, 319, 325, 329, 332, 337, 343, 355, 370, 377, 390, 391, 395, 396, 397, 399, 401, 402, 403, 407, 409, 410, 412, 414, 416, 417, 420, 422, 424, 426, 432, 461, 462, 465, 469, 472, 480, 502, 503, 504, 505, 506, 507, 508, 509, 510, 511, 512, 513, 514, 515, 520, 525, 526, 527, 534, 535, 536, 537, 538, 539, 540, 545, 546, 547, 548, 549, 552, 553, 555, 558, 559, 560, 563, 564, 565, 566, 569, 576, 577, 579, 581, 585, 587, 588, 589, 596, 597, 611, 620, 621, 622, 624, 626, 628, 630, 633, 634, 635, 636, 637, 639, 643, 645, 650, 651, 652, 654, 657, 660, 661, 663, 665, 697, 730, 732, 733, 734, 735, 736, 737, 738, 739, 740, 741, 742, 743, 744, 745, 746, 747, 749, 750, 751, 752, 753, 754, 755, 756, 757, 758, 764, 765, 770, 771, 772, 773, 774, 776, 777, 778, 779, 781, 783, 784, 785, 792, 793, 796, 797, 798, 823, 824, 825, 826, 827, 828]!Vessel: FarSearcher
[1, 2, 3, 4, 5, 6, 7, 8, 9, 10, 11, 12, 13, 14, 15, 16, 17, 18, 19, 20, 21, 22, 23, 24, 25, 26, 27, 28, 29, 30, 33, 35, 36, 37, 38, 39, 40, 41, 42, 43, 44, 45, 46, 47, 48, 49, 50, 51, 52, 53, 55, 56, 57, 58, 59, 60, 62, 63, 64, 65, 66, 67, 68, 69, 70, 71, 72, 73, 74, 75, 76, 77, 79, 80, 81, 82, 84, 85, 87, 88, 90, 92, 93, 94, 101, 108, 109, 110, 111, 112, 113, 114, 115, 116, 117, 118, 119, 120, 121, 122, 123, 124, 125, 126, 127, 128, 129, 130, 131, 132, 133, 134, 135, 137, 138, 139, 140, 141, 142, 144, 145, 146, 147, 148, 149, 151, 153, 155, 156, 157, 158, 159, 160, 161, 167, 168, 170, 171, 172, 173, 174, 176, 177, 178, 179, 180, 181, 182, 183, 184, 185, 186, 187, 190, 191, 192, 196, 198, 199, 200, 201, 202, 203, 207, 209, 211, 214, 216, 217, 221, 225, 267, 268, 271, 273, 274, 275, 276, 279, 280, 281, 282, 284, 285, 286, 287, 288, 289, 290, 291, 292, 293, 294, 296, 297, 298, 299, 300, 301, 303, 307, 308, 309, 310, 311, 312, 313, 314, 315, 316, 318, 320, 321, 322, 323, 326, 327, 330, 334, 336, 338, 339, 340, 341, 342, 344, 345, 346, 347, 348, 350, 351, 353, 369, 372, 373, 379, 380, 381, 382, 383, 384, 385, 386, 387, 388, 389, 392, 393, 394, 404, 405, 406, 408, 413, 516, 518, 519, 521, 522, 523, 529, 530, 532, 543, 544, 550, 551, 556, 557, 561, 562, 567, 568, 570, 571, 573, 583, 584, 586, 625, 631, 638, 640, 655], [54, 61, 78, 89, 91, 100, 103, 105, 154, 175, 188, 189, 193, 194, 195, 197, 204, 205, 206, 219, 223, 224, 226, 229, 231, 234, 242, 246, 249, 252, 254, 257, 259, 269, 270, 272, 277, 278, 283, 295, 302, 304, 305, 306, 317, 319, 325, 329, 332, 337, 343, 355, 370, 377, 390, 391, 395, 396, 397, 399, 401, 402, 403, 407, 409, 410, 412, 414, 416, 417, 420, 422, 424, 426, 432, 461, 462, 465, 469, 472, 480, 502, 504, 505, 506, 507, 508, 509, 510, 511, 512, 513, 514, 525, 526, 527, 534, 536, 537, 539, 545, 546, 548, 549, 552, 553, 555, 558, 559, 560, 563, 564, 565, 566, 569, 576, 577, 581, 585, 588, 589, 611, 620, 621, 622, 624, 626, 628, 630, 633, 634, 643, 650, 652, 654, 660, 661, 663, 665, 730, 732, 733, 734, 735, 736, 737, 738, 739, 740, 742, 743, 747, 749, 750, 751, 752, 754, 755, 756, 764, 771, 772, 773, 776, 777, 783, 797]!Vessel: FarSymphony
[1, 2, 3, 4, 5, 6, 7, 8, 9, 10, 11, 12, 13, 14, 15, 16, 17, 18, 19, 20, 21, 22, 23, 24, 25, 26, 27, 28, 29, 30, 33, 35, 36, 37, 38, 39, 40, 41, 42, 43, 44, 45, 46, 47, 48, 49, 50, 51, 52, 53, 55, 56, 57, 58, 59, 60, 62, 63, 64, 65, 66, 67, 68, 69, 70, 71, 72, 73, 74, 75, 76, 77, 79, 80, 81, 82, 84, 85, 87, 88, 90, 92, 93, 94, 101, 108, 109, 110, 111, 112, 113, 114, 115, 116, 117, 118, 119, 120, 121, 122, 123, 124, 125, 126, 127, 128, 129, 130, 131, 132, 133, 134, 135, 137, 138, 139, 140, 141, 142, 144, 145, 146, 147, 148, 149, 151, 153, 155, 156, 157, 158, 159, 160, 161, 167, 168, 170, 171, 172, 173, 174, 176, 177, 178, 179, 180, 181, 182, 183, 184, 185, 186, 187, 190, 191, 192, 196, 198, 199, 200, 201, 202, 203, 207, 209, 211, 214, 216, 217, 221, 225, 267, 268, 271, 273, 274, 275, 276, 279, 280, 281, 282, 284, 285, 286, 287, 288, 289, 290, 291, 292, 293, 294, 296, 297, 298, 299, 300, 301, 303, 307, 308, 309, 310, 311, 312, 313, 314, 315, 316, 318, 320, 321, 322, 323, 326, 327, 330, 334, 336, 338, 339, 340, 341, 342, 344, 345, 346, 347, 348, 350, 351, 353, 369, 372, 373, 379, 380, 381, 382, 383, 384, 385, 386, 387, 388, 389, 392, 393, 394, 404, 405, 406, 408, 413, 516, 518, 519, 521, 522, 523, 524, 528, 529, 530, 532, 533, 541, 542, 543, 544, 550, 551, 556, 557, 561, 562, 567, 568, 570, 571, 572, 573, 574, 582, 583, 584, 586, 625, 631, 638, 640, 655], [54, 61, 78, 89, 91, 100, 103, 105, 154, 175, 188, 189, 193, 194, 195, 197, 204, 205, 206, 219, 223, 224, 226, 229, 231, 234, 242, 246, 249, 252, 254, 257, 259, 269, 270, 272, 277, 278, 283, 295, 302, 304, 305, 306, 317, 319, 325, 329, 332, 337, 343, 355, 370, 377, 390, 391, 395, 396, 397, 399, 401, 402, 403, 407, 409, 410, 412, 414, 416, 417, 420, 422, 424, 426, 432, 461, 462, 465, 469, 472, 480, 502, 503, 504, 505, 506, 507, 508, 509, 510, 511, 512, 513, 514, 515, 525, 526, 527, 534, 536, 537, 539, 540, 545, 546, 547, 548, 549, 552, 553, 555, 558, 559, 560, 563, 564, 565, 566, 569, 576, 577, 579, 581, 585, 587, 588, 589, 596, 611, 620, 621, 622, 624, 626, 628, 630, 633, 634, 635, 636, 637, 639, 643, 645, 650, 651, 652, 654, 657, 660, 661, 663, 665, 697, 730, 732, 733, 734, 735, 736, 737, 738, 739, 740, 742, 743, 744, 745, 746, 747, 749, 750, 751, 752, 753, 754, 755, 756, 757, 758, 764, 771, 772, 773, 776, 777, 778, 783, 784, 792, 796, 797, 798, 823, 824, 826]!Vessel: HavilaForesight
[1, 2, 3, 4, 5, 6, 7, 8, 9, 10, 11, 12, 13, 14, 15, 16, 17, 18, 19, 20, 21, 22, 23, 24, 25, 26, 27, 28, 29, 30, 33, 35, 36, 37, 38, 39, 40, 41, 42, 43, 44, 45, 46, 47, 48, 49, 50, 51, 52, 53, 55, 56, 57, 58, 59, 60, 62, 63, 64, 65, 66, 67, 68, 69, 70, 71, 72, 73, 74, 75, 76, 77, 79, 80, 81, 82, 84, 85, 87, 88, 90, 92, 93, 94, 101, 108, 109, 110, 111, 112, 113, 114, 115, 116, 117, 118, 119, 120, 121, 122, 123, 124, 125, 126, 127, 128, 129, 130, 131, 132, 133, 134, 135, 137, 138, 139, 140, 141, 142, 144, 145, 146, 147, 148, 149, 151, 153, 155, 156, 157, 158, 159, 160, 161, 167, 168, 170, 171, 172, 173, 174, 176, 177, 178, 179, 180, 181, 182, 183, 184, 185, 186, 187, 190, 191, 192, 196, 198, 199, 200, 201, 202, 203, 207, 209, 211, 214, 216, 217, 221, 225, 267, 268, 271, 273, 274, 275, 276, 279, 280, 281, 282, 284, 285, 286, 288, 289, 290, 292, 294, 296, 297, 298, 299, 301, 303, 307, 308, 310, 311, 312, 313, 314, 315, 316, 318, 320, 321, 322, 323, 326, 327, 330, 334, 336, 338, 339, 340, 341, 342, 344, 345, 346, 348, 350, 351, 353, 369, 372, 373, 379, 380, 381, 382, 383, 384, 387, 388, 389, 392, 393, 394, 404, 405, 406, 408, 516, 518, 519, 521, 530, 532, 544, 550, 551, 556, 557, 562, 567, 568, 570, 571, 573, 583, 584, 625, 638, 640, 655], [54, 61, 78, 89, 91, 100, 103, 105, 154, 175, 188, 189, 193, 194, 195, 197, 204, 205, 206, 219, 223, 224, 226, 229, 231, 234, 242, 246, 249, 252, 254, 257, 259, 269, 270, 272, 277, 278, 283, 295, 304, 305, 317, 319, 325, 329, 332, 337, 343, 355, 370, 377, 390, 391, 395, 396, 397, 401, 402, 403, 407, 409, 410, 412, 414, 416, 417, 420, 422, 424, 426, 432, 461, 462, 465, 469, 472, 480, 502, 504, 505, 506, 507, 508, 510, 511, 512, 513, 514, 526, 527, 534, 536, 537, 539, 545, 546, 548, 549, 552, 553, 555, 558, 559, 560, 563, 564, 565, 566, 576, 577, 581, 585, 588, 589, 611, 621, 624, 626, 630, 643, 650, 652, 660, 661, 663, 665, 732, 733, 737, 738, 740, 747, 749, 752, 772, 777, 797]!Vessel: FarStar
] 

minF : 1
maxF : 6
Nf : [
!f : 1, 2, 3, 4, 5, 6
[10], [5, 6], [], [], [2, 3, 4, 7], [1, 8, 9]
]

! Parameters
VoyageCost: [37970, 39085, 64838, 53931, 37570, 44429, 45544, 73722, 62814, 42817, 43726, 43120, 46453, 44696, 43120, 73722, 62814, 40394, 38879, 38273, 44029, 39848, 74837, 63929, 43932, 42418, 44235, 47568, 45811, 72716, 75746, 62111, 64838, 72110, 61202, 39691, 41509, 44841, 43084, 37570, 43326, 41569, 61505, 45144, 46720, 65505, 38539, 50186, 51156, 49580, 81296, 70389, 50392, 48877, 50695, 54028, 52271, 81599, 49277, 48574, 48877, 49580, 49847, 52913, 52210, 80181, 69274, 78872, 67965, 47968, 46453, 48271, 51604, 49847, 81599, 78569, 67662, 46150, 51301, 68571, 44029, 67965, 44999, 82205, 71298, 82714, 47568, 50962, 78569, 83320, 79987, 83623, 83017, 67662, 67965, 69541, 69541, 67262, 72413, 70656, 66959, 70353, 67262, 68232, 73988, 47968, 51301, 49544, 45544, 47120, 79684, 68777, 47265, 52416, 50659, 68777, 72110, 44841, 50598, 52416, 53991, 68571, 50453, 45605, 50901, 49144, 44296, 70595, 51604, 49180, 69080, 49083, 52719, 72413, 48477, 82205, 71298, 53179, 50756, 54294, 49786, 52477, 51871, 71261, 48841, 48235, 55337, 55337, 54731, 56306, 89174, 54028, 57421, 55034, 54428, 56003, 53725, 55603, 56306, 58670, 58064, 59639, 57361, 88059, 85332, 74425, 54428, 58064, 86750, 86144, 89780, 75237, 78872, 53725, 58876, 51604, 57361, 74122, 57761, 86447, 89477, 78569, 51301, 75031, 73722, 73419, 73722, 50756, 77055, 74425, 88665, 77757, 54294, 86144, 89780, 85029, 89477, 90592, 86447, 90083, 87562, 91198, 90895, 90083, 75237, 75540, 77115, 76812, 74691, 77055, 74691, 73116, 74691, 72413, 76412, 81563, 72813, 74388, 72110, 75237, 78569, 54694, 57058, 58876, 60451, 52271, 55543, 58876, 57118, 53119, 54694, 76352, 79684, 52416, 58173, 56415, 59991, 61566, 74534, 77927, 75503, 77867, 79684, 81260, 52877, 56452, 58027, 55749, 59142, 73722, 53725, 57361, 55603, 53179, 78169, 60051, 77721, 73419, 55300, 73722, 58936, 78872, 56755, 54997, 76449, 59179, 79987, 56052, 75746, 78872, 60754, 58330, 55906, 58330, 59445, 80448, 57058, 54937, 56512, 59748, 55203, 76000, 56912, 75297, 78024, 76109, 79745, 75806, 55809, 79139, 73988, 51568, 60487, 61457, 60754, 60184, 61154, 60451, 63820, 64790, 65396, 81696, 92604, 60184, 65335, 63820, 96239, 94022, 97657, 97051, 80993, 86144, 84629, 58876, 58330, 62511, 92907, 63517, 95936, 97354, 84326, 58027, 80181, 79878, 80181, 83514, 78872, 78569, 82205, 97051, 93210, 94022, 97657, 97354, 96542, 98469, 82811, 84387, 82266, 82908, 84484, 79842, 79139, 79539, 80993, 86144, 85029, 84326, 86144, 87719, 62911, 64487, 64632, 66450, 68026, 62208, 65602, 62269, 59845, 83078, 85441, 87259, 60451, 59142, 64026, 65602, 63323, 66717, 80387, 81963, 79684, 83720, 85296, 83017, 87017, 62875, 63178, 62475, 66511, 82872, 87320, 82569, 86447, 79575, 59578, 63214, 84023, 79272, 78872, 58876, 62511, 83320, 78569, 82205, 64790, 65905, 85332, 84629, 88022, 85599, 63481, 62778, 85599, 64632, 61663, 66208, 62208, 63784, 67323, 86205, 81151, 61154, 80848, 81757, 61760, 62063, 62063, 80448, 64087, 80145, 83781, 81151, 83684, 88834, 83175, 81963, 86714, 86411, 80448, 64087, 80448, 78836, 82472, 67214, 66911, 70546, 87453, 92604, 100481, 103511, 65335, 71092, 68971, 104117, 104929, 86144, 91901, 89780, 65602, 69238, 68668, 103814, 89477, 85332, 85029, 88665, 104929, 89634, 65602, 86847, 86144, 91901, 93719, 90786, 90180, 89477, 70486, 69783, 68935, 91295, 90592, 70546, 93779, 91355, 90483, 89780, 69940, 69238, 91089, 92058, 90749, 90046, 69783, 86908, 90240, 86302, 85999, 89537, 93173, 86908, 85599, 85296, 88931, 85599, 85296, 86411, 89743, 88931, 92604, 75697, 97051, 96506, 76243, 96239, 95936, 92058, 95391, 97754, 97051, 97209, 96506]
VoyageDuration: [2, 2, 2, 2, 2, 2, 2, 2, 2, 2, 2, 2, 2, 2, 2, 2, 2, 2, 2, 2, 2, 2, 2, 2, 2, 2, 2, 2, 2, 2, 2, 2, 2, 2, 2, 2, 2, 2, 2, 2, 2, 2, 2, 2, 2, 2, 2, 2, 2, 2, 3, 2, 2, 2, 2, 2, 2, 3, 2, 2, 2, 2, 2, 2, 2, 2, 2, 2, 2, 2, 2, 2, 2, 2, 3, 2, 2, 2, 2, 2, 2, 2, 2, 3, 2, 3, 2, 2, 2, 3, 2, 3, 3, 2, 2, 2, 2, 2, 2, 2, 2, 2, 2, 2, 2, 2, 2, 2, 2, 2, 2, 2, 2, 2, 2, 2, 2, 2, 2, 2, 2, 2, 2, 2, 2, 2, 2, 2, 2, 2, 2, 2, 2, 2, 2, 3, 2, 2, 2, 2, 2, 2, 2, 2, 2, 2, 2, 2, 2, 2, 3, 2, 2, 2, 2, 2, 2, 2, 2, 2, 2, 2, 2, 3, 3, 2, 2, 2, 3, 3, 3, 2, 3, 2, 2, 2, 2, 2, 2, 3, 3, 3, 2, 2, 2, 2, 2, 2, 3, 2, 3, 3, 2, 3, 3, 3, 3, 3, 3, 3, 3, 3, 3, 3, 2, 2, 3, 3, 2, 3, 2, 2, 2, 2, 3, 3, 2, 2, 2, 2, 3, 2, 2, 2, 2, 2, 2, 2, 2, 2, 2, 2, 3, 2, 2, 2, 2, 2, 2, 3, 2, 3, 3, 3, 2, 2, 2, 2, 2, 2, 2, 2, 2, 2, 3, 2, 3, 2, 2, 2, 2, 3, 2, 2, 3, 2, 3, 2, 2, 3, 2, 2, 2, 2, 2, 3, 2, 2, 2, 2, 2, 2, 2, 2, 3, 2, 3, 2, 2, 3, 2, 2, 2, 2, 2, 2, 2, 2, 2, 2, 2, 3, 3, 2, 2, 2, 3, 3, 3, 3, 3, 3, 3, 2, 2, 2, 3, 2, 3, 3, 3, 2, 3, 3, 3, 3, 3, 3, 3, 3, 3, 3, 3, 3, 3, 3, 3, 3, 3, 3, 3, 3, 3, 3, 3, 3, 3, 3, 3, 3, 2, 2, 2, 2, 3, 2, 2, 2, 2, 3, 3, 3, 2, 2, 2, 2, 2, 2, 3, 3, 3, 3, 3, 3, 3, 2, 2, 2, 2, 3, 3, 3, 3, 3, 2, 2, 3, 3, 3, 2, 2, 3, 3, 3, 2, 2, 3, 3, 3, 3, 2, 2, 3, 2, 2, 2, 2, 2, 2, 3, 3, 2, 3, 3, 2, 2, 2, 3, 2, 3, 3, 3, 3, 3, 3, 3, 3, 3, 3, 2, 3, 3, 3, 2, 2, 3, 3, 3, 3, 3, 2, 3, 2, 3, 3, 3, 3, 3, 2, 3, 2, 3, 3, 3, 3, 3, 3, 3, 2, 3, 3, 3, 3, 3, 3, 3, 3, 3, 3, 3, 3, 3, 3, 3, 3, 3, 3, 3, 3, 3, 3, 3, 3, 3, 3, 3, 3, 3, 3, 3, 3, 3, 3, 3, 3, 3, 3, 3, 3, 3, 3, 3, 3, 3, 3, 3, 3, 3, 3, 3, 3]
TimeCharterCost: [120000, 125000, 130000, 110000, 104000]
RequiredVisits: [6, 5, 5, 5, 2, 2, 5, 6, 6, 1]
NumberOfDaysAvailable: [7, 7, 7, 7, 7]
DepotCapacity: [3, 3, 3, 3, 3, 3, 3]
