!Summary:
!Execution time: 0,66 seconds
!Total # voyages: 571 (813 unique)
!Number of installations (excluding depot): 10
!Number of time windows: 3
!Number of vessels: 5

!Min. # installations: 1
!Max. number of installations: 8
!Min. duration: 56
!Max. duration: 80

!Name: FarStar	 # voyages: 113
!Name: FarSymphony	 # voyages: 132
!Name: FarSearcher	 # voyages: 110
!Name: FarSeeker	 # voyages: 110
!Name: HavilaForesight	 # voyages: 106
!------------------------------------------------------------------------------------------------------------------------
nV : 5
nR : 813
nN : 10
nT : 7
minL : 2
maxL : 3

! Sets: 
Rv : [
[386, 387, 394, 395, 400, 417, 429, 447, 448, 449, 523, 524, 528, 531, 542, 543, 545, 578, 597, 598, 599, 605, 606, 612, 613, 616, 618, 620, 621, 622, 623, 624, 625, 626, 627, 629, 632, 635, 636, 639, 640, 642, 643, 644, 661, 665, 666, 668, 677, 679, 684, 687, 690, 693, 694, 697, 703, 704, 709, 710, 711, 717, 719, 723, 724, 725, 729, 730, 759, 761, 763, 767, 768, 769, 771, 773, 775, 776, 777, 778, 779, 780, 781, 782, 783, 784, 785, 786, 787, 789, 790, 791, 792, 793, 797, 798, 799, 800, 801, 802, 803, 804, 805, 806, 807, 809, 810, 811, 812, 813]!Vessel: FarSeeker
[386, 387, 394, 395, 400, 417, 429, 447, 448, 449, 523, 524, 528, 531, 542, 543, 545, 578, 597, 598, 599, 605, 606, 612, 613, 616, 618, 620, 621, 622, 623, 624, 625, 626, 627, 629, 632, 635, 636, 639, 640, 642, 643, 644, 661, 665, 666, 668, 677, 679, 684, 687, 690, 693, 694, 697, 703, 704, 709, 710, 711, 717, 719, 723, 724, 725, 729, 730, 759, 761, 763, 767, 768, 769, 771, 773, 775, 776, 777, 778, 779, 780, 781, 782, 783, 784, 785, 786, 787, 789, 790, 791, 792, 793, 797, 798, 799, 800, 801, 802, 803, 804, 805, 806, 807, 809, 810, 811, 812, 813]!Vessel: FarSearcher
[182, 191, 194, 206, 220, 224, 226, 233, 248, 250, 306, 313, 359, 365, 373, 374, 379, 381, 388, 390, 396, 407, 415, 440, 442, 450, 453, 458, 460, 466, 469, 471, 472, 474, 485, 494, 498, 502, 504, 506, 510, 513, 516, 520, 525, 527, 534, 541, 544, 549, 551, 565, 566, 585, 590, 594, 601, 610, 614, 638, 645, 646, 647, 650, 651, 652, 653, 654, 655, 656, 657, 658, 659, 660, 662, 664, 667, 671, 672, 674, 675, 676, 678, 681, 685, 686, 691, 695, 700, 701, 705, 706, 708, 712, 714, 720, 721, 722, 726, 727, 728, 732, 734, 735, 736, 737, 738, 739, 740, 741, 742, 743, 744, 745, 746, 747, 750, 751, 752, 753, 754, 755, 756, 760, 762, 764, 765, 766, 770, 772, 774, 794]!Vessel: FarSymphony
[250, 365, 374, 388, 394, 395, 419, 429, 442, 447, 449, 450, 474, 523, 524, 528, 531, 542, 544, 565, 566, 571, 578, 585, 601, 606, 612, 613, 614, 616, 618, 622, 624, 626, 627, 629, 632, 635, 636, 639, 640, 644, 645, 646, 647, 661, 664, 666, 668, 671, 674, 676, 678, 679, 684, 685, 687, 690, 691, 694, 697, 700, 703, 704, 705, 708, 710, 711, 714, 716, 717, 719, 720, 722, 724, 725, 728, 729, 730, 732, 738, 744, 755, 759, 760, 761, 764, 767, 768, 772, 773, 776, 777, 778, 779, 780, 781, 787, 791, 798, 803, 805, 806, 809, 810, 813]!Vessel: HavilaForesight
[191, 206, 224, 233, 295, 306, 310, 331, 341, 345, 375, 391, 393, 402, 403, 404, 409, 410, 412, 415, 420, 422, 424, 425, 427, 428, 443, 444, 445, 446, 456, 457, 458, 461, 468, 469, 471, 476, 479, 481, 485, 486, 488, 491, 494, 499, 502, 503, 504, 507, 510, 514, 516, 517, 519, 521, 526, 529, 530, 532, 534, 536, 537, 538, 540, 541, 550, 551, 552, 553, 554, 577, 588, 590, 592, 594, 607, 611, 615, 619, 628, 631, 634, 637, 638, 648, 650, 651, 652, 654, 656, 658, 659, 682, 689, 695, 696, 698, 731, 741, 745, 746, 748, 750, 751, 753, 757, 770, 774, 788, 795, 796, 808]!Vessel: FarStar
] 

Rvi : [
!i : 1, 2, 3, 4, 5, 6, 7, 8, 9, 10
[386, 387, 394, 395, 400, 447, 523, 524, 531, 597, 598, 599, 616, 621, 622, 623, 624, 625, 626, 627, 629, 639, 644, 661, 665, 666, 668, 684, 687, 690, 693, 694, 697, 703, 704, 723, 724, 725, 729, 759, 761, 763, 767, 769, 776, 777, 778, 779, 780, 781, 782, 783, 784, 785, 786, 787, 789, 790, 791, 792, 793, 797, 798, 799, 805, 806, 807, 809, 811, 812, 813], [386, 394, 400, 417, 429, 448, 523, 528, 542, 597, 605, 612, 618, 622, 623, 625, 626, 627, 629, 632, 635, 636, 639, 640, 642, 643, 644, 661, 665, 666, 677, 679, 684, 694, 697, 703, 709, 710, 717, 719, 724, 725, 730, 759, 761, 769, 771, 773, 775, 776, 777, 778, 779, 780, 781, 782, 784, 786, 787, 789, 790, 797, 800, 801, 803, 804, 805, 806, 807, 810, 811, 813], [386, 387, 417, 447, 448, 449, 531, 542, 543, 545, 578, 598, 605, 606, 621, 622, 626, 627, 629, 632, 635, 636, 639, 640, 642, 644, 665, 666, 668, 677, 679, 684, 687, 690, 693, 709, 710, 711, 725, 729, 730, 759, 767, 768, 769, 771, 773, 775, 776, 777, 778, 782, 783, 784, 785, 789, 790, 791, 792, 793, 800, 801, 802, 805, 807, 809, 810, 811, 812, 813], [387, 400, 417, 429, 524, 543, 578, 599, 613, 620, 626, 627, 632, 635, 636, 644, 661, 665, 666, 668, 677, 679, 684, 687, 690, 693, 694, 697, 703, 704, 709, 710, 711, 717, 719, 723, 724, 767, 768, 771, 773, 777, 779, 781, 782, 783, 784, 785, 786, 787, 789, 790, 791, 792, 793, 797, 798, 799, 800, 801, 802, 803, 804, 813], [394, 395, 447, 448, 449, 528, 622, 623, 624, 626, 635, 636, 639, 640, 643, 684, 687, 690, 693, 694, 697, 703, 704, 709, 710, 711, 717, 719, 729, 730, 759, 761, 768, 773, 775, 776, 779, 780, 787, 789, 790, 791, 792, 793, 797, 798, 799, 800, 801, 802, 803, 804, 805, 806, 807, 809, 810, 811, 812, 813], [386, 387, 394, 395, 400, 417, 429, 447, 448, 449, 523, 524, 528, 531, 542, 543, 545, 578, 597, 598, 599, 605, 606, 612, 613, 616, 618, 620, 621, 623, 624, 625, 626, 627, 629, 632, 635, 636, 639, 640, 642, 643, 644, 661, 668, 687, 697, 711, 717, 723, 763, 771, 773, 776, 777, 778, 779, 780, 781, 784, 785, 790, 791, 792, 797, 798, 801, 802, 803, 807, 809, 810], [395, 429, 449, 523, 524, 528, 531, 542, 543, 545, 616, 618, 620, 621, 622, 624, 625, 629, 632, 635, 640, 642, 643, 644, 661, 666, 668, 677, 690, 694, 704, 710, 711, 717, 719, 723, 724, 725, 729, 730, 761, 763, 767, 768, 769, 771, 773, 775, 776, 777, 778, 779, 780, 781, 782, 783, 785, 786, 787, 791, 793, 798, 799, 800, 802, 803, 804, 805, 806, 809, 810, 812, 813], [578, 606, 612, 613, 621, 623, 624, 625, 642, 643, 679, 723, 763, 769, 771, 773, 775, 776, 777, 778, 779, 780, 781, 782, 783, 784, 785, 786, 787, 789, 790, 791, 792, 793, 797, 798, 799, 800, 801, 802, 803, 804, 805, 806, 807, 809, 810, 811, 812, 813], [545, 597, 598, 599, 605, 606, 612, 613, 616, 618, 620, 627, 629, 632, 636, 639, 640, 661, 665, 668, 677, 679, 687, 693, 697, 703, 704, 709, 711, 717, 719, 724, 725, 729, 730, 759, 761, 763, 767, 768, 769, 771, 775, 778, 780, 781, 783, 784, 785, 786, 792, 797, 798, 799, 801, 802, 803, 804, 806, 807, 809, 810, 811, 812, 813], [386, 387, 394, 395, 400, 417, 429, 447, 448, 449, 523, 524, 528, 531, 542, 543, 545, 578, 597, 598, 599, 605, 606, 612, 613, 616, 618, 620, 621, 622, 623, 624, 625, 642, 643, 665, 666, 677, 679, 684, 690, 693, 694, 703, 704, 709, 710, 719, 723, 724, 725, 729, 730, 759, 761, 763, 767, 768, 769, 775, 782, 783, 786, 787, 789, 793, 799, 800, 804, 805, 806, 811, 812]!Vessel: FarSeeker
[386, 387, 394, 395, 400, 447, 523, 524, 531, 597, 598, 599, 616, 621, 622, 623, 624, 625, 626, 627, 629, 639, 644, 661, 665, 666, 668, 684, 687, 690, 693, 694, 697, 703, 704, 723, 724, 725, 729, 759, 761, 763, 767, 769, 776, 777, 778, 779, 780, 781, 782, 783, 784, 785, 786, 787, 789, 790, 791, 792, 793, 797, 798, 799, 805, 806, 807, 809, 811, 812, 813], [386, 394, 400, 417, 429, 448, 523, 528, 542, 597, 605, 612, 618, 622, 623, 625, 626, 627, 629, 632, 635, 636, 639, 640, 642, 643, 644, 661, 665, 666, 677, 679, 684, 694, 697, 703, 709, 710, 717, 719, 724, 725, 730, 759, 761, 769, 771, 773, 775, 776, 777, 778, 779, 780, 781, 782, 784, 786, 787, 789, 790, 797, 800, 801, 803, 804, 805, 806, 807, 810, 811, 813], [386, 387, 417, 447, 448, 449, 531, 542, 543, 545, 578, 598, 605, 606, 621, 622, 626, 627, 629, 632, 635, 636, 639, 640, 642, 644, 665, 666, 668, 677, 679, 684, 687, 690, 693, 709, 710, 711, 725, 729, 730, 759, 767, 768, 769, 771, 773, 775, 776, 777, 778, 782, 783, 784, 785, 789, 790, 791, 792, 793, 800, 801, 802, 805, 807, 809, 810, 811, 812, 813], [387, 400, 417, 429, 524, 543, 578, 599, 613, 620, 626, 627, 632, 635, 636, 644, 661, 665, 666, 668, 677, 679, 684, 687, 690, 693, 694, 697, 703, 704, 709, 710, 711, 717, 719, 723, 724, 767, 768, 771, 773, 777, 779, 781, 782, 783, 784, 785, 786, 787, 789, 790, 791, 792, 793, 797, 798, 799, 800, 801, 802, 803, 804, 813], [394, 395, 447, 448, 449, 528, 622, 623, 624, 626, 635, 636, 639, 640, 643, 684, 687, 690, 693, 694, 697, 703, 704, 709, 710, 711, 717, 719, 729, 730, 759, 761, 768, 773, 775, 776, 779, 780, 787, 789, 790, 791, 792, 793, 797, 798, 799, 800, 801, 802, 803, 804, 805, 806, 807, 809, 810, 811, 812, 813], [386, 387, 394, 395, 400, 417, 429, 447, 448, 449, 523, 524, 528, 531, 542, 543, 545, 578, 597, 598, 599, 605, 606, 612, 613, 616, 618, 620, 621, 623, 624, 625, 626, 627, 629, 632, 635, 636, 639, 640, 642, 643, 644, 661, 668, 687, 697, 711, 717, 723, 763, 771, 773, 776, 777, 778, 779, 780, 781, 784, 785, 790, 791, 792, 797, 798, 801, 802, 803, 807, 809, 810], [395, 429, 449, 523, 524, 528, 531, 542, 543, 545, 616, 618, 620, 621, 622, 624, 625, 629, 632, 635, 640, 642, 643, 644, 661, 666, 668, 677, 690, 694, 704, 710, 711, 717, 719, 723, 724, 725, 729, 730, 761, 763, 767, 768, 769, 771, 773, 775, 776, 777, 778, 779, 780, 781, 782, 783, 785, 786, 787, 791, 793, 798, 799, 800, 802, 803, 804, 805, 806, 809, 810, 812, 813], [578, 606, 612, 613, 621, 623, 624, 625, 642, 643, 679, 723, 763, 769, 771, 773, 775, 776, 777, 778, 779, 780, 781, 782, 783, 784, 785, 786, 787, 789, 790, 791, 792, 793, 797, 798, 799, 800, 801, 802, 803, 804, 805, 806, 807, 809, 810, 811, 812, 813], [545, 597, 598, 599, 605, 606, 612, 613, 616, 618, 620, 627, 629, 632, 636, 639, 640, 661, 665, 668, 677, 679, 687, 693, 697, 703, 704, 709, 711, 717, 719, 724, 725, 729, 730, 759, 761, 763, 767, 768, 769, 771, 775, 778, 780, 781, 783, 784, 785, 786, 792, 797, 798, 799, 801, 802, 803, 804, 806, 807, 809, 810, 811, 812, 813], [386, 387, 394, 395, 400, 417, 429, 447, 448, 449, 523, 524, 528, 531, 542, 543, 545, 578, 597, 598, 599, 605, 606, 612, 613, 616, 618, 620, 621, 622, 623, 624, 625, 642, 643, 665, 666, 677, 679, 684, 690, 693, 694, 703, 704, 709, 710, 719, 723, 724, 725, 729, 730, 759, 761, 763, 767, 768, 769, 775, 782, 783, 786, 787, 789, 793, 799, 800, 804, 805, 806, 811, 812]!Vessel: FarSearcher
[182, 191, 194, 206, 359, 388, 390, 396, 453, 458, 460, 466, 485, 494, 525, 534, 551, 565, 566, 590, 594, 601, 645, 646, 647, 650, 653, 654, 656, 658, 659, 664, 667, 671, 672, 674, 675, 681, 685, 686, 691, 695, 700, 701, 705, 726, 728, 734, 735, 736, 737, 739, 741, 742, 744, 745, 746, 750, 753, 755, 756, 760, 762, 770, 772, 794], [206, 220, 224, 226, 233, 373, 390, 407, 415, 440, 442, 453, 466, 469, 474, 498, 510, 513, 520, 527, 565, 590, 610, 638, 645, 646, 647, 650, 651, 652, 653, 654, 655, 656, 657, 658, 659, 660, 662, 664, 672, 674, 676, 681, 706, 708, 720, 722, 726, 727, 732, 734, 736, 737, 738, 739, 740, 741, 742, 743, 755, 764, 766, 770, 772, 774, 794], [182, 220, 248, 250, 306, 365, 388, 390, 407, 415, 450, 453, 458, 460, 469, 471, 472, 474, 485, 498, 502, 504, 506, 527, 534, 541, 544, 594, 610, 638, 645, 654, 655, 657, 664, 667, 671, 676, 678, 685, 686, 691, 708, 712, 714, 726, 727, 728, 732, 734, 735, 737, 738, 739, 740, 744, 745, 746, 747, 750, 751, 752, 755, 756, 760, 764, 765, 766, 770, 772, 774, 794], [194, 226, 250, 313, 374, 407, 453, 458, 460, 466, 469, 471, 472, 474, 485, 494, 498, 502, 504, 506, 510, 513, 516, 520, 551, 566, 585, 647, 651, 657, 658, 660, 664, 667, 671, 672, 674, 675, 676, 678, 681, 685, 686, 691, 695, 700, 701, 705, 706, 708, 712, 714, 720, 721, 722, 737, 738, 740, 741, 742, 743, 744, 745, 747, 751, 753, 754, 770, 772, 774, 794], [191, 224, 248, 381, 396, 415, 442, 450, 485, 494, 498, 502, 504, 506, 510, 513, 516, 541, 549, 590, 594, 610, 638, 645, 646, 647, 650, 651, 652, 654, 655, 656, 662, 681, 685, 686, 691, 695, 700, 701, 705, 706, 708, 712, 714, 720, 721, 727, 728, 734, 735, 736, 740, 741, 743, 750, 751, 752, 754, 760, 762, 764, 765, 772, 774, 794], [182, 191, 194, 206, 220, 224, 226, 233, 248, 250, 306, 313, 359, 365, 373, 374, 379, 381, 388, 396, 407, 415, 440, 442, 450, 458, 471, 504, 510, 525, 544, 549, 565, 566, 585, 601, 614, 638, 645, 646, 647, 651, 652, 654, 655, 656, 657, 658, 659, 660, 685, 686, 700, 701, 714, 728, 735, 737, 738, 739, 740, 741, 742, 743, 744, 745, 746, 747, 751, 752, 753, 754, 766], [233, 306, 313, 379, 440, 469, 471, 472, 502, 516, 520, 525, 527, 534, 541, 544, 549, 551, 585, 614, 638, 645, 646, 647, 650, 651, 652, 653, 657, 658, 659, 660, 662, 667, 672, 675, 676, 678, 685, 695, 700, 706, 712, 721, 722, 726, 727, 728, 732, 745, 746, 747, 750, 751, 752, 753, 754, 756, 762, 765, 766, 770, 772, 774], [388, 396, 440, 442, 450, 525, 544, 549, 565, 566, 585, 601, 614, 638, 650, 651, 652, 653, 654, 655, 656, 657, 658, 659, 660, 662, 664, 667, 671, 672, 674, 675, 676, 678, 681, 686, 691, 695, 701, 705, 706, 708, 712, 714, 720, 721, 722, 726, 727, 732, 734, 735, 736, 737, 738, 739, 740, 741, 742, 743, 744, 745, 746, 747, 750, 751, 752, 753, 754, 755, 756, 760, 762, 764, 765, 766, 770, 774, 794], [359, 365, 373, 374, 379, 381, 390, 407, 415, 458, 460, 466, 471, 472, 474, 494, 504, 506, 510, 513, 516, 520, 527, 534, 541, 551, 590, 594, 601, 610, 614, 646, 652, 653, 655, 656, 659, 660, 662, 671, 674, 675, 678, 700, 701, 705, 714, 720, 721, 722, 728, 732, 735, 736, 738, 739, 742, 743, 744, 746, 747, 752, 753, 754, 755, 756, 760, 762, 764, 765, 766, 770, 772, 774, 794], [182, 191, 194, 206, 220, 224, 226, 233, 248, 250, 306, 313, 359, 365, 373, 374, 379, 381, 388, 390, 396, 440, 442, 450, 453, 460, 466, 469, 472, 474, 485, 494, 498, 502, 506, 513, 516, 520, 525, 527, 534, 541, 544, 549, 551, 565, 566, 585, 590, 594, 601, 610, 614, 650, 653, 662, 664, 667, 671, 672, 674, 675, 676, 678, 681, 691, 695, 705, 706, 708, 712, 720, 721, 722, 726, 727, 732, 734, 736, 750, 755, 756, 760, 762, 764, 765]!Vessel: FarSymphony
[388, 394, 395, 447, 523, 524, 531, 565, 566, 601, 616, 622, 624, 626, 627, 629, 639, 644, 645, 646, 647, 661, 664, 666, 668, 671, 674, 684, 685, 687, 690, 691, 694, 697, 700, 703, 704, 705, 724, 725, 728, 729, 744, 755, 759, 760, 761, 767, 772, 776, 777, 778, 779, 780, 781, 787, 791, 798, 805, 806, 809, 813], [394, 419, 429, 442, 474, 523, 528, 542, 565, 571, 612, 618, 622, 626, 627, 629, 632, 635, 636, 639, 640, 644, 645, 646, 647, 661, 664, 666, 674, 676, 679, 684, 694, 697, 703, 708, 710, 717, 719, 720, 722, 724, 725, 730, 732, 738, 755, 759, 761, 764, 772, 773, 776, 777, 778, 779, 780, 781, 787, 803, 805, 806, 810, 813], [250, 365, 388, 419, 447, 449, 450, 474, 531, 542, 544, 578, 606, 622, 626, 627, 629, 632, 635, 636, 639, 640, 644, 645, 664, 666, 668, 671, 676, 678, 679, 684, 685, 687, 690, 691, 708, 710, 711, 714, 716, 725, 728, 729, 730, 732, 738, 744, 755, 759, 760, 764, 767, 768, 772, 773, 776, 777, 778, 791, 805, 809, 810, 813], [250, 374, 429, 474, 524, 566, 571, 578, 585, 613, 626, 627, 632, 635, 636, 644, 647, 661, 664, 666, 668, 671, 674, 676, 678, 679, 684, 685, 687, 690, 691, 694, 697, 700, 703, 704, 705, 708, 710, 711, 714, 716, 717, 719, 720, 722, 724, 738, 744, 767, 768, 772, 773, 777, 779, 781, 787, 791, 798, 803, 813], [394, 395, 442, 447, 449, 450, 528, 622, 624, 626, 635, 636, 639, 640, 645, 646, 647, 684, 685, 687, 690, 691, 694, 697, 700, 703, 704, 705, 708, 710, 711, 714, 716, 717, 719, 720, 728, 729, 730, 759, 760, 761, 764, 768, 772, 773, 776, 779, 780, 787, 791, 798, 803, 805, 806, 809, 810, 813], [250, 365, 374, 388, 394, 395, 419, 429, 442, 447, 449, 450, 523, 524, 528, 531, 542, 544, 565, 566, 571, 578, 585, 601, 606, 612, 613, 614, 616, 618, 624, 626, 627, 629, 632, 635, 636, 639, 640, 644, 645, 646, 647, 661, 668, 685, 687, 697, 700, 711, 714, 717, 728, 738, 744, 773, 776, 777, 778, 779, 780, 781, 791, 798, 803, 809, 810], [395, 429, 449, 523, 524, 528, 531, 542, 544, 585, 614, 616, 618, 622, 624, 629, 632, 635, 640, 644, 645, 646, 647, 661, 666, 668, 676, 678, 685, 690, 694, 700, 704, 710, 711, 717, 719, 722, 724, 725, 728, 729, 730, 732, 761, 767, 768, 772, 773, 776, 777, 778, 779, 780, 781, 787, 791, 798, 803, 805, 806, 809, 810, 813], [388, 419, 442, 450, 544, 565, 566, 571, 578, 585, 601, 606, 612, 613, 614, 624, 664, 671, 674, 676, 678, 679, 691, 705, 708, 714, 716, 720, 722, 732, 738, 744, 755, 760, 764, 773, 776, 777, 778, 779, 780, 781, 787, 791, 798, 803, 805, 806, 809, 810, 813], [365, 374, 474, 601, 606, 612, 613, 614, 616, 618, 627, 629, 632, 636, 639, 640, 646, 661, 668, 671, 674, 678, 679, 687, 697, 700, 703, 704, 705, 711, 714, 716, 717, 719, 720, 722, 724, 725, 728, 729, 730, 732, 738, 744, 755, 759, 760, 761, 764, 767, 768, 772, 778, 780, 781, 798, 803, 806, 809, 810, 813], [250, 365, 374, 388, 394, 395, 419, 429, 442, 447, 449, 450, 474, 523, 524, 528, 531, 542, 544, 565, 566, 571, 578, 585, 601, 606, 612, 613, 614, 616, 618, 622, 624, 664, 666, 671, 674, 676, 678, 679, 684, 690, 691, 694, 703, 704, 705, 708, 710, 716, 719, 720, 722, 724, 725, 729, 730, 732, 755, 759, 760, 761, 764, 767, 768, 787, 805, 806]!Vessel: HavilaForesight
[191, 206, 295, 391, 393, 402, 403, 404, 409, 422, 424, 428, 443, 444, 445, 456, 457, 458, 461, 479, 481, 485, 486, 488, 491, 494, 526, 529, 530, 532, 534, 536, 537, 550, 551, 552, 553, 588, 590, 592, 594, 628, 631, 634, 648, 650, 654, 656, 658, 659, 682, 689, 695, 696, 698, 731, 741, 745, 746, 748, 750, 753, 757, 770, 788, 795, 796, 808], [206, 224, 233, 331, 393, 402, 403, 404, 409, 410, 412, 415, 420, 422, 424, 425, 427, 428, 443, 444, 445, 446, 461, 468, 469, 479, 507, 510, 519, 526, 532, 538, 554, 590, 607, 615, 619, 628, 631, 634, 637, 638, 648, 650, 651, 652, 654, 656, 658, 659, 682, 698, 741, 757, 770, 774, 788, 796, 808], [306, 341, 391, 393, 402, 403, 404, 409, 410, 412, 415, 420, 456, 457, 458, 468, 469, 471, 476, 481, 485, 499, 502, 503, 504, 529, 530, 532, 534, 536, 537, 538, 540, 541, 577, 592, 594, 607, 611, 619, 628, 631, 634, 637, 638, 654, 682, 689, 745, 746, 748, 750, 751, 757, 770, 774, 788, 795, 808], [345, 402, 410, 420, 422, 425, 428, 444, 456, 457, 458, 461, 468, 469, 471, 476, 479, 481, 485, 486, 488, 491, 494, 499, 502, 503, 504, 507, 510, 514, 516, 517, 519, 521, 529, 550, 551, 577, 588, 615, 631, 634, 637, 651, 658, 682, 689, 695, 696, 698, 741, 745, 751, 753, 770, 774, 788, 795, 796], [191, 224, 310, 393, 409, 410, 412, 415, 422, 424, 425, 427, 445, 446, 479, 481, 485, 486, 488, 491, 494, 499, 502, 503, 504, 507, 510, 514, 516, 517, 536, 537, 538, 540, 541, 552, 553, 554, 590, 592, 594, 611, 634, 637, 638, 648, 650, 651, 652, 654, 656, 682, 689, 695, 696, 698, 731, 741, 748, 750, 751, 757, 774, 788, 795, 796, 808], [191, 206, 224, 233, 295, 306, 310, 331, 341, 345, 375, 402, 403, 404, 409, 410, 412, 415, 420, 422, 425, 427, 428, 443, 444, 445, 458, 471, 481, 486, 491, 499, 504, 510, 514, 529, 530, 536, 540, 550, 552, 577, 592, 615, 619, 628, 638, 648, 651, 652, 654, 656, 658, 659, 696, 731, 741, 745, 746, 748, 751, 753], [233, 295, 306, 310, 403, 412, 420, 424, 425, 427, 428, 443, 456, 461, 469, 471, 486, 488, 499, 502, 507, 514, 516, 521, 526, 529, 530, 532, 534, 536, 537, 538, 540, 541, 550, 551, 552, 553, 554, 615, 619, 628, 631, 637, 638, 648, 650, 651, 652, 658, 659, 682, 689, 695, 696, 698, 731, 745, 746, 748, 750, 751, 753, 757, 770, 774, 788, 795, 796, 808], [331, 341, 345, 375, 391, 446, 457, 468, 476, 503, 517, 519, 521, 577, 588, 607, 611, 628, 638, 648, 650, 651, 652, 654, 656, 658, 659, 695, 696, 731, 741, 745, 746, 748, 750, 751, 753, 770, 774, 788, 795, 796, 808], [375, 391, 404, 415, 427, 443, 444, 445, 446, 458, 471, 476, 491, 494, 504, 510, 514, 516, 517, 519, 521, 526, 530, 534, 540, 541, 550, 551, 552, 553, 554, 577, 588, 590, 592, 594, 607, 611, 615, 619, 631, 634, 637, 652, 656, 659, 689, 698, 731, 746, 753, 757, 770, 774, 795, 796, 808], [191, 206, 224, 233, 295, 306, 310, 331, 341, 345, 375, 391, 393, 424, 446, 456, 457, 461, 468, 469, 476, 479, 485, 488, 494, 502, 503, 507, 516, 517, 519, 521, 526, 532, 534, 537, 538, 541, 551, 553, 554, 588, 590, 594, 607, 611, 650, 695, 750]!Vessel: FarStar
] 

Rvl : [
!l : 2, 3
[], [386, 387, 394, 395, 400, 417, 429, 447, 448, 449, 523, 524, 528, 531, 542, 543, 545, 578, 597, 598, 599, 605, 606, 612, 613, 616, 618, 620, 621, 622, 623, 624, 625, 626, 627, 629, 632, 635, 636, 639, 640, 642, 643, 644, 661, 665, 666, 668, 677, 679, 684, 687, 690, 693, 694, 697, 703, 704, 709, 710, 711, 717, 719, 723, 724, 725, 729, 730, 759, 761, 763, 767, 768, 769, 771, 773, 775, 776, 777, 778, 779, 780, 781, 782, 783, 784, 785, 786, 787, 789, 790, 791, 792, 793, 797, 798, 799, 800, 801, 802, 803, 804, 805, 806, 807, 809, 810, 811, 812, 813]!Vessel: FarSeeker
[], [386, 387, 394, 395, 400, 417, 429, 447, 448, 449, 523, 524, 528, 531, 542, 543, 545, 578, 597, 598, 599, 605, 606, 612, 613, 616, 618, 620, 621, 622, 623, 624, 625, 626, 627, 629, 632, 635, 636, 639, 640, 642, 643, 644, 661, 665, 666, 668, 677, 679, 684, 687, 690, 693, 694, 697, 703, 704, 709, 710, 711, 717, 719, 723, 724, 725, 729, 730, 759, 761, 763, 767, 768, 769, 771, 773, 775, 776, 777, 778, 779, 780, 781, 782, 783, 784, 785, 786, 787, 789, 790, 791, 792, 793, 797, 798, 799, 800, 801, 802, 803, 804, 805, 806, 807, 809, 810, 811, 812, 813]!Vessel: FarSearcher
[659], [182, 191, 194, 206, 220, 224, 226, 233, 248, 250, 306, 313, 359, 365, 373, 374, 379, 381, 388, 390, 396, 407, 415, 440, 442, 450, 453, 458, 460, 466, 469, 471, 472, 474, 485, 494, 498, 502, 504, 506, 510, 513, 516, 520, 525, 527, 534, 541, 544, 549, 551, 565, 566, 585, 590, 594, 601, 610, 614, 638, 645, 646, 647, 650, 651, 652, 653, 654, 655, 656, 657, 658, 660, 662, 664, 667, 671, 672, 674, 675, 676, 678, 681, 685, 686, 691, 695, 700, 701, 705, 706, 708, 712, 714, 720, 721, 722, 726, 727, 728, 732, 734, 735, 736, 737, 738, 739, 740, 741, 742, 743, 744, 745, 746, 747, 750, 751, 752, 753, 754, 755, 756, 760, 762, 764, 765, 766, 770, 772, 774, 794]!Vessel: FarSymphony
[], [250, 365, 374, 388, 394, 395, 419, 429, 442, 447, 449, 450, 474, 523, 524, 528, 531, 542, 544, 565, 566, 571, 578, 585, 601, 606, 612, 613, 614, 616, 618, 622, 624, 626, 627, 629, 632, 635, 636, 639, 640, 644, 645, 646, 647, 661, 664, 666, 668, 671, 674, 676, 678, 679, 684, 685, 687, 690, 691, 694, 697, 700, 703, 704, 705, 708, 710, 711, 714, 716, 717, 719, 720, 722, 724, 725, 728, 729, 730, 732, 738, 744, 755, 759, 760, 761, 764, 767, 768, 772, 773, 776, 777, 778, 779, 780, 781, 787, 791, 798, 803, 805, 806, 809, 810, 813]!Vessel: HavilaForesight
[403, 404, 443, 530, 532, 619, 628, 659], [191, 206, 224, 233, 295, 306, 310, 331, 341, 345, 375, 391, 393, 402, 409, 410, 412, 415, 420, 422, 424, 425, 427, 428, 444, 445, 446, 456, 457, 458, 461, 468, 469, 471, 476, 479, 481, 485, 486, 488, 491, 494, 499, 502, 503, 504, 507, 510, 514, 516, 517, 519, 521, 526, 529, 534, 536, 537, 538, 540, 541, 550, 551, 552, 553, 554, 577, 588, 590, 592, 594, 607, 611, 615, 631, 634, 637, 638, 648, 650, 651, 652, 654, 656, 658, 682, 689, 695, 696, 698, 731, 741, 745, 746, 748, 750, 751, 753, 757, 770, 774, 788, 795, 796, 808]!Vessel: FarStar
] 

minF : 1
maxF : 6
Nf : [
!f : 1, 2, 3, 4, 5, 6
[10], [5, 6], [], [], [2, 3, 4, 7], [1, 8, 9]
]

! Parameters
VoyageCost: [37970, 39085, 64838, 59991, 44841, 37570, 39448, 44429, 45544, 73722, 62814, 47265, 43726, 43120, 46453, 46720, 43120, 73722, 62814, 46053, 38879, 38273, 44029, 44296, 74837, 63929, 47265, 42418, 44235, 47568, 46720, 72716, 73019, 72413, 75746, 81805, 85502, 83017, 68535, 62414, 46053, 37570, 43326, 45508, 62414, 47265, 45144, 44296, 64838, 46053, 46720, 87320, 50186, 51156, 49580, 81296, 70389, 50392, 48877, 50695, 54028, 52271, 81599, 84629, 85441, 70959, 48877, 49580, 49847, 52913, 52210, 80181, 69274, 49277, 78872, 67965, 47968, 46453, 48271, 51604, 49847, 81599, 84629, 84229, 69747, 79478, 68571, 47265, 44029, 78872, 67965, 45508, 82205, 71298, 51301, 82714, 85744, 74837, 85441, 70959, 47568, 50962, 78872, 90349, 90349, 78169, 79987, 83320, 90349, 90895, 80896, 80290, 83623, 78169, 91561, 90349, 83320, 90349, 85502, 85502, 85502, 90349, 90955, 86714, 85502, 85502, 92167, 79478, 68571, 48574, 50453, 45605, 67262, 47265, 50901, 49144, 84229, 84229, 69747, 67262, 45508, 81502, 70595, 67965, 48477, 51604, 47265, 49180, 69080, 49083, 52719, 84229, 85441, 70959, 47265, 48477, 72413, 52416, 82205, 71298, 51301, 53179, 50756, 52416, 54294, 86047, 84229, 69747, 49786, 50598, 52477, 51871, 55337, 55337, 54731, 89174, 88471, 77963, 81296, 88568, 61299, 74085, 54028, 66002, 64693, 72873, 87926, 76848, 76146, 87926, 93779, 76848, 87926, 94591, 56912, 55603, 56306, 58670, 58064, 57361, 88059, 88471, 77454, 87453, 55034, 72970, 85332, 54428, 58064, 89780, 86750, 87259, 76146, 75540, 78872, 87926, 86144, 53725, 58876, 71661, 51604, 57361, 93319, 93779, 87926, 93379, 85938, 84629, 87356, 88471, 79478, 85441, 70959, 84629, 73722, 50756, 87962, 85332, 54428, 86750, 88471, 78872, 51301, 88665, 57761, 87259, 89477, 94894, 87926, 94591, 54294, 91561, 84629, 86447, 89780, 91561, 84629, 91561, 87962, 91561, 84023, 90349, 83320, 89077, 91561, 91561, 90895, 92470, 92107, 87356, 86750, 90083, 91561, 91561, 92107, 86047, 91198, 91561, 93319, 86047, 92773, 91561, 90083, 92107, 89380, 91198, 92773, 91561, 91561, 90349, 91561, 92773, 88471, 86750, 72267, 66208, 53725, 57361, 55603, 53179, 87259, 78169, 87926, 85441, 58173, 70959, 69747, 87926, 87926, 93379, 87926, 87926, 93379, 73722, 53725, 88471, 78169, 57058, 91561, 87259, 89780, 88471, 78872, 86653, 72170, 58876, 53119, 56755, 54997, 85441, 70959, 87356, 56452, 55543, 59179, 87865, 88471, 79987, 87259, 59991, 72776, 93319, 93379, 88471, 94591, 72413, 52416, 56052, 85441, 70959, 86653, 55749, 90592, 91561, 80181, 87259, 79478, 89477, 74994, 66911, 68632, 65602, 63178, 90592, 76109, 68026, 66717, 86714, 86714, 87259, 86714, 86714, 73782, 93379, 74897, 57058, 54937, 88774, 74291, 64899, 105499, 69335, 60487, 89137, 62002, 78121, 97718, 79236, 71152, 76909, 78024, 82605, 87926, 107510, 109231, 106201, 89137, 63820, 82605, 96603, 60184, 92604, 60184, 65335, 63820, 96239, 97051, 95536, 88471, 94022, 97657, 89683, 81296, 87926, 88471, 84629, 95294, 58876, 76812, 91901, 62511, 95330, 89683, 89137, 94627, 89137, 89683, 91901, 94591, 92507, 89683, 84629, 94421, 89683, 89683, 94531, 89683, 89780, 89477, 74994, 93113, 104287, 63517, 95936, 88471, 87926, 113473, 108625, 110346, 107316, 91089, 90483, 92058, 89780, 95536, 93779, 93173, 97051, 97354, 98930, 92773, 92773, 91089, 92773, 93816, 95391, 93113, 91561, 91561, 91561, 96348, 98227, 94930, 96506, 94228, 97621, 93816, 93210, 94785, 93210, 94022, 92507, 94325, 97657, 95900, 94627, 92507, 96506, 93476, 96542, 97354, 95839, 97657, 99233, 93476, 92507, 91901, 93476, 93319, 91198, 96954, 95197, 94591, 98469, 98772, 100348, 94082, 92773, 94531, 97354, 95839, 95233, 96809, 96651, 94531, 98530, 97924, 92773, 94082, 94688, 93379, 89137, 76303, 95900, 77418, 72667, 73782, 104384, 91901, 64632, 77418, 69335, 68026, 76206, 65602, 88471, 87926, 87926, 87926, 88471, 87926, 74994, 94591, 76109, 78230, 89683, 91901, 89683, 104287, 95233, 97112, 88471, 87926, 87926, 87926, 97051, 81999, 89683, 81296, 86447, 94531, 85332, 89683, 84629, 76206, 95803, 63214, 91295, 64026, 91901, 94591, 94627, 93719, 66450, 95137, 89683, 98166, 96409, 58876, 62511, 88471, 83320, 90592, 63323, 94591, 93925, 98469, 96506, 85938, 87926, 85332, 88471, 84629, 88022, 87926, 62911, 77018, 78230, 98627, 62208, 78230, 72061, 71358, 68935, 77018, 78230, 73176, 72473, 84023, 86714, 87926, 77018, 98530, 77018, 95233, 78230, 62208, 77018, 64632, 97924, 79442, 89331, 112661, 111958, 79442, 100481, 103511, 65335, 71092, 68971, 101996, 102808, 100687, 104117, 99778, 104929, 103414, 90895, 92604, 91901, 89780, 78230, 111958, 98360, 90895, 93210, 99984, 90895, 91089, 90349, 99778, 91901, 77818, 90895, 93719, 92604, 97051, 95936, 68668, 100384, 101693, 91355, 96239, 97209, 112661, 97815, 96506, 102808, 101390, 100687, 111352, 97815, 99572, 100542, 99839, 96506, 111958, 110649, 108928, 98966, 99936, 98966, 98360, 99936, 99778, 101596, 104929, 97657, 103414, 101657, 101051, 105232, 116503, 100542, 99233, 99778, 103814, 102299, 101693, 103111, 104929, 100990, 112964, 114685, 111655, 99233, 97657, 98627, 114079, 99233, 104226, 97924, 102808, 106044, 102105, 112770, 103111, 100990, 112261, 109231, 110952, 99839, 101051, 110843, 78230, 74485, 89137, 91901, 93779, 91355, 91901, 77721, 87756, 89137, 93719, 92058, 97754, 102202, 70486, 99984, 99984, 101087, 102505, 104626, 97051, 69783, 101499, 89683, 89780, 89137, 98469, 90592, 100384, 101802, 78230, 78230, 91089, 90483, 92058, 93173, 92664, 91355, 78230, 90749, 90046, 69783, 114382, 115800, 79442, 107147, 107959, 109874, 104929, 108565, 96506, 95027, 103511, 76243, 103814, 96348, 106844, 110237, 117109, 108662, 107959, 113570, 112964, 104117, 112358, 105632, 104929, 112503, 114079, 109268, 108565, 107450, 108965, 108262, 117412, 111655, 110080, 109377, 108262, 114988, 94482, 97815, 97754, 96239, 97051, 97051, 104480, 96506, 115024]
VoyageDuration: [2, 2, 2, 2, 2, 2, 2, 2, 2, 2, 2, 2, 2, 2, 2, 2, 2, 2, 2, 2, 2, 2, 2, 2, 2, 2, 2, 2, 2, 2, 2, 2, 2, 2, 2, 3, 3, 3, 3, 2, 2, 2, 2, 2, 2, 2, 2, 2, 2, 2, 2, 3, 2, 2, 2, 3, 2, 2, 2, 2, 2, 2, 3, 3, 3, 3, 2, 2, 2, 2, 2, 2, 2, 2, 2, 2, 2, 2, 2, 2, 2, 3, 3, 3, 3, 2, 2, 2, 2, 2, 2, 2, 3, 2, 2, 3, 3, 2, 3, 3, 2, 2, 2, 3, 3, 2, 2, 3, 3, 3, 2, 2, 3, 2, 3, 3, 3, 3, 3, 3, 3, 3, 3, 3, 3, 3, 3, 2, 2, 2, 2, 2, 2, 2, 2, 2, 3, 3, 3, 2, 2, 3, 2, 2, 2, 2, 2, 2, 2, 2, 2, 3, 3, 3, 2, 2, 2, 2, 3, 2, 2, 2, 2, 2, 2, 3, 3, 3, 2, 2, 2, 2, 2, 2, 2, 3, 3, 2, 3, 3, 2, 3, 2, 2, 2, 3, 3, 2, 2, 3, 3, 2, 3, 3, 2, 2, 2, 2, 2, 2, 3, 3, 2, 3, 2, 3, 3, 2, 2, 3, 3, 3, 2, 2, 3, 3, 3, 2, 2, 3, 2, 2, 3, 3, 3, 3, 3, 3, 3, 3, 3, 3, 3, 3, 2, 2, 3, 3, 2, 3, 3, 3, 2, 3, 2, 3, 3, 3, 3, 3, 2, 3, 3, 3, 3, 3, 3, 3, 3, 3, 3, 3, 3, 3, 3, 3, 3, 3, 3, 3, 3, 3, 3, 3, 3, 3, 3, 3, 3, 3, 3, 3, 3, 3, 3, 3, 3, 3, 3, 3, 3, 3, 3, 3, 3, 2, 2, 2, 2, 2, 3, 3, 3, 3, 2, 3, 2, 3, 3, 3, 3, 3, 3, 2, 2, 3, 3, 2, 3, 3, 3, 3, 3, 3, 3, 2, 2, 2, 2, 3, 3, 3, 2, 2, 2, 3, 3, 3, 3, 2, 3, 3, 3, 3, 3, 2, 2, 2, 3, 3, 3, 2, 3, 3, 3, 3, 3, 3, 3, 2, 2, 2, 2, 3, 3, 2, 2, 3, 3, 3, 3, 3, 3, 3, 3, 2, 2, 3, 3, 2, 3, 2, 2, 3, 2, 3, 3, 3, 2, 3, 3, 3, 3, 3, 3, 3, 3, 2, 3, 3, 2, 3, 2, 2, 2, 3, 3, 3, 3, 3, 3, 3, 3, 3, 3, 3, 3, 2, 3, 3, 2, 3, 3, 3, 3, 3, 3, 3, 3, 3, 3, 3, 3, 3, 3, 3, 3, 3, 3, 3, 3, 3, 2, 3, 3, 3, 3, 3, 3, 3, 3, 3, 3, 3, 3, 3, 3, 3, 3, 3, 3, 3, 3, 3, 3, 3, 3, 3, 3, 3, 3, 3, 3, 3, 3, 3, 3, 3, 3, 3, 3, 3, 3, 3, 3, 3, 3, 3, 3, 3, 3, 3, 3, 3, 3, 3, 3, 3, 3, 3, 3, 3, 3, 3, 3, 3, 3, 3, 3, 3, 3, 3, 3, 3, 3, 3, 3, 3, 3, 3, 3, 3, 3, 3, 3, 3, 3, 3, 3, 2, 3, 2, 2, 3, 2, 3, 3, 3, 3, 3, 3, 3, 3, 3, 3, 3, 3, 3, 3, 3, 3, 3, 3, 3, 3, 3, 3, 3, 3, 3, 3, 3, 3, 3, 3, 3, 2, 3, 2, 3, 3, 3, 3, 2, 3, 3, 3, 3, 2, 2, 3, 3, 3, 2, 3, 3, 3, 3, 3, 3, 3, 3, 3, 3, 3, 2, 3, 3, 3, 2, 3, 3, 2, 2, 3, 3, 3, 3, 3, 3, 3, 3, 3, 3, 3, 3, 2, 3, 2, 3, 3, 3, 3, 3, 3, 3, 3, 2, 3, 2, 3, 3, 3, 3, 3, 3, 3, 3, 3, 3, 3, 3, 3, 3, 3, 3, 3, 3, 3, 3, 3, 3, 3, 3, 3, 3, 3, 3, 2, 3, 3, 3, 3, 3, 3, 3, 3, 3, 3, 3, 3, 3, 3, 3, 3, 3, 3, 3, 3, 3, 3, 3, 3, 3, 3, 3, 3, 3, 3, 3, 3, 3, 3, 3, 3, 3, 3, 3, 3, 3, 3, 3, 3, 3, 3, 3, 3, 3, 3, 3, 3, 3, 3, 3, 3, 3, 3, 3, 3, 3, 3, 3, 3, 3, 3, 3, 3, 3, 3, 3, 3, 3, 3, 3, 3, 3, 3, 3, 3, 3, 3, 3, 3, 3, 3, 3, 3, 3, 3, 3, 3, 3, 3, 3, 3, 3, 3, 3, 3, 3, 3, 3, 3, 3, 3, 3, 3, 3, 3, 3, 3, 3, 3, 3, 3, 3, 3, 3, 3, 3, 3, 3, 3, 3, 3, 3, 3, 3, 3, 3, 3, 3, 3, 3, 3, 3, 3, 3, 3, 3, 3, 3, 3, 3, 3, 3, 3, 3, 3, 3, 3, 3, 3]
TimeCharterCost: [120000, 125000, 130000, 110000, 104000]
RequiredVisits: [6, 5, 5, 5, 2, 2, 5, 6, 6, 1]
NumberOfDaysAvailable: [7, 7, 7, 7, 7]
DepotCapacity: [3, 3, 3, 3, 3, 3, 0]
