!Summary:
!Execution time: 0,75 seconds
!Total # voyages: 1299 (829 unique)
!Number of installations (excluding depot): 10
!Number of time windows: 0
!Number of vessels: 5

!Min. # installations: 1
!Max. number of installations: 8
!Min. duration: 56
!Max. duration: 80

!Name: FarStar	 # voyages: 250
!Name: FarSymphony	 # voyages: 246
!Name: FarSearcher	 # voyages: 272
!Name: FarSeeker	 # voyages: 272
!Name: HavilaForesight	 # voyages: 259
!------------------------------------------------------------------------------------------------------------------------
nV : 5
nR : 829
nN : 10
nT : 7
minL : 2
maxL : 3

! Sets: 
Rv : [
[180, 263, 270, 280, 287, 291, 293, 298, 300, 302, 306, 307, 309, 347, 357, 359, 363, 366, 367, 385, 386, 391, 393, 396, 399, 402, 409, 410, 413, 429, 432, 439, 446, 450, 452, 453, 456, 460, 466, 477, 480, 486, 494, 496, 497, 501, 503, 506, 509, 515, 517, 520, 522, 523, 524, 525, 528, 529, 531, 533, 535, 538, 540, 541, 542, 543, 544, 546, 547, 561, 565, 569, 572, 574, 575, 577, 578, 579, 582, 586, 587, 590, 591, 592, 593, 594, 595, 596, 597, 598, 599, 600, 601, 602, 604, 605, 606, 607, 608, 609, 612, 615, 617, 619, 620, 622, 627, 628, 631, 632, 633, 634, 635, 636, 637, 638, 639, 641, 644, 645, 647, 648, 650, 651, 653, 654, 655, 656, 657, 658, 659, 660, 664, 667, 668, 669, 670, 671, 672, 674, 676, 677, 678, 679, 680, 682, 683, 684, 685, 686, 687, 688, 689, 691, 694, 695, 696, 697, 700, 702, 703, 705, 706, 707, 708, 711, 713, 714, 715, 716, 717, 718, 719, 720, 722, 724, 725, 727, 728, 729, 730, 731, 732, 734, 735, 736, 737, 739, 740, 741, 742, 743, 744, 745, 746, 748, 750, 751, 753, 754, 755, 756, 757, 758, 759, 760, 761, 762, 763, 764, 765, 766, 767, 768, 769, 770, 771, 772, 773, 774, 775, 776, 777, 778, 779, 780, 781, 782, 783, 784, 785, 786, 787, 788, 789, 790, 791, 792, 793, 794, 795, 796, 798, 799, 800, 801, 802, 803, 804, 806, 807, 808, 809, 810, 811, 812, 813, 814, 815, 817, 818, 819, 820, 821, 822, 823, 824, 825, 826, 827, 828, 829]!Vessel: FarSeeker
[180, 263, 270, 280, 287, 291, 293, 298, 300, 302, 306, 307, 309, 347, 357, 359, 363, 366, 367, 385, 386, 391, 393, 396, 399, 402, 409, 410, 413, 429, 432, 439, 446, 450, 452, 453, 456, 460, 466, 477, 480, 486, 494, 496, 497, 501, 503, 506, 509, 515, 517, 520, 522, 523, 524, 525, 528, 529, 531, 533, 535, 538, 540, 541, 542, 543, 544, 546, 547, 561, 565, 569, 572, 574, 575, 577, 578, 579, 582, 586, 587, 590, 591, 592, 593, 594, 595, 596, 597, 598, 599, 600, 601, 602, 604, 605, 606, 607, 608, 609, 612, 615, 617, 619, 620, 622, 627, 628, 631, 632, 633, 634, 635, 636, 637, 638, 639, 641, 644, 645, 647, 648, 650, 651, 653, 654, 655, 656, 657, 658, 659, 660, 664, 667, 668, 669, 670, 671, 672, 674, 676, 677, 678, 679, 680, 682, 683, 684, 685, 686, 687, 688, 689, 691, 694, 695, 696, 697, 700, 702, 703, 705, 706, 707, 708, 711, 713, 714, 715, 716, 717, 718, 719, 720, 722, 724, 725, 727, 728, 729, 730, 731, 732, 734, 735, 736, 737, 739, 740, 741, 742, 743, 744, 745, 746, 748, 750, 751, 753, 754, 755, 756, 757, 758, 759, 760, 761, 762, 763, 764, 765, 766, 767, 768, 769, 770, 771, 772, 773, 774, 775, 776, 777, 778, 779, 780, 781, 782, 783, 784, 785, 786, 787, 788, 789, 790, 791, 792, 793, 794, 795, 796, 798, 799, 800, 801, 802, 803, 804, 806, 807, 808, 809, 810, 811, 812, 813, 814, 815, 817, 818, 819, 820, 821, 822, 823, 824, 825, 826, 827, 828, 829]!Vessel: FarSearcher
[129, 135, 164, 180, 240, 263, 270, 280, 284, 287, 288, 291, 293, 298, 300, 302, 303, 306, 307, 309, 311, 321, 341, 347, 354, 357, 358, 359, 363, 366, 367, 369, 373, 375, 380, 382, 385, 386, 388, 389, 390, 391, 392, 393, 396, 398, 399, 401, 402, 405, 407, 408, 409, 410, 411, 412, 413, 416, 429, 430, 431, 432, 435, 437, 441, 442, 444, 446, 448, 449, 452, 453, 454, 456, 460, 462, 466, 467, 469, 471, 475, 477, 478, 479, 480, 484, 488, 489, 490, 494, 498, 500, 501, 504, 506, 507, 509, 510, 511, 512, 513, 518, 519, 522, 523, 525, 526, 527, 529, 530, 543, 544, 545, 546, 554, 561, 562, 565, 566, 567, 568, 569, 570, 571, 576, 577, 580, 581, 584, 585, 586, 588, 591, 593, 595, 598, 601, 603, 604, 605, 608, 610, 611, 613, 614, 615, 616, 617, 618, 620, 621, 622, 627, 628, 629, 631, 633, 634, 638, 642, 643, 646, 647, 650, 654, 655, 659, 660, 663, 664, 667, 668, 669, 672, 673, 676, 678, 679, 680, 682, 684, 685, 686, 689, 691, 692, 695, 696, 699, 700, 702, 703, 704, 705, 706, 708, 709, 713, 714, 715, 716, 718, 720, 721, 724, 725, 727, 729, 730, 732, 733, 734, 735, 736, 737, 738, 739, 740, 742, 743, 748, 750, 751, 752, 754, 755, 756, 764, 766, 768, 771, 772, 773, 775, 776, 777, 782, 783, 787, 788, 790, 797, 805, 811, 812, 816]!Vessel: FarSymphony
[180, 263, 270, 280, 287, 291, 293, 298, 300, 302, 306, 307, 309, 311, 321, 347, 357, 359, 363, 366, 367, 369, 373, 375, 385, 386, 389, 390, 391, 393, 396, 398, 399, 402, 407, 409, 410, 411, 413, 429, 430, 432, 441, 446, 452, 453, 456, 460, 462, 466, 469, 477, 478, 480, 488, 490, 494, 496, 497, 501, 503, 506, 509, 511, 512, 515, 518, 522, 523, 524, 525, 526, 528, 529, 533, 540, 541, 542, 543, 544, 545, 546, 547, 561, 565, 567, 569, 570, 572, 574, 576, 577, 579, 580, 582, 584, 585, 586, 587, 588, 591, 593, 595, 596, 598, 599, 601, 602, 603, 604, 605, 606, 608, 610, 612, 613, 615, 617, 619, 620, 622, 627, 628, 631, 633, 634, 635, 636, 637, 638, 639, 641, 642, 643, 644, 645, 646, 647, 648, 650, 651, 654, 655, 656, 657, 658, 659, 660, 663, 664, 667, 668, 669, 670, 671, 672, 676, 678, 679, 680, 682, 683, 684, 685, 686, 688, 689, 691, 694, 695, 696, 697, 700, 702, 703, 704, 705, 706, 707, 708, 711, 713, 714, 715, 716, 717, 718, 719, 720, 724, 725, 727, 728, 729, 730, 732, 733, 734, 735, 736, 737, 738, 739, 740, 742, 743, 744, 745, 746, 748, 750, 751, 753, 754, 755, 756, 757, 758, 759, 761, 762, 763, 764, 766, 768, 769, 771, 772, 773, 775, 776, 777, 778, 782, 783, 784, 786, 787, 788, 789, 790, 792, 794, 795, 796, 797, 798, 804, 805, 808, 811, 812, 813, 815, 816, 823, 824, 826, 829]!Vessel: HavilaForesight
[116, 122, 124, 129, 135, 164, 168, 174, 180, 186, 194, 196, 199, 203, 204, 205, 206, 226, 230, 234, 240, 241, 242, 250, 251, 252, 257, 265, 269, 270, 275, 277, 278, 280, 284, 288, 290, 295, 297, 298, 303, 307, 311, 315, 316, 318, 321, 323, 338, 341, 343, 346, 349, 350, 352, 354, 355, 356, 358, 360, 361, 362, 364, 365, 368, 369, 370, 373, 375, 380, 382, 383, 384, 388, 389, 390, 391, 392, 393, 395, 396, 397, 398, 400, 401, 402, 404, 405, 407, 408, 409, 410, 411, 412, 416, 423, 424, 430, 431, 432, 435, 437, 438, 440, 441, 442, 444, 448, 449, 451, 452, 453, 454, 460, 462, 466, 467, 468, 469, 471, 475, 478, 479, 480, 484, 485, 487, 488, 489, 490, 491, 498, 499, 500, 502, 504, 506, 507, 508, 510, 511, 512, 513, 514, 516, 518, 519, 521, 526, 527, 530, 532, 534, 536, 537, 539, 544, 545, 546, 550, 553, 554, 556, 562, 565, 566, 567, 568, 570, 571, 573, 576, 577, 580, 581, 583, 584, 585, 588, 589, 598, 601, 603, 604, 605, 608, 610, 611, 613, 614, 616, 618, 621, 623, 624, 625, 626, 629, 630, 638, 640, 642, 643, 646, 649, 650, 652, 655, 660, 662, 663, 664, 666, 669, 673, 675, 676, 679, 681, 692, 693, 698, 699, 701, 703, 704, 708, 709, 710, 712, 716, 721, 723, 726, 732, 733, 737, 738, 740, 747, 749, 752, 772, 777, 787, 790, 797, 805, 812, 816]!Vessel: FarStar
] 

Rvi : [
!i : 1, 2, 3, 4, 5, 6, 7, 8, 9, 10
[180, 270, 287, 291, 359, 385, 386, 391, 393, 409, 429, 432, 439, 446, 460, 466, 503, 506, 515, 517, 520, 522, 523, 541, 544, 547, 561, 565, 572, 577, 578, 579, 582, 590, 591, 598, 599, 600, 601, 602, 604, 615, 620, 631, 632, 633, 634, 635, 636, 637, 638, 639, 641, 655, 656, 657, 667, 668, 669, 670, 671, 672, 674, 676, 677, 678, 679, 680, 682, 683, 691, 694, 695, 696, 697, 700, 702, 703, 705, 706, 707, 708, 711, 730, 731, 732, 734, 735, 736, 737, 739, 740, 741, 744, 745, 748, 750, 751, 753, 757, 758, 759, 760, 762, 763, 764, 765, 766, 767, 768, 770, 771, 772, 777, 778, 782, 783, 784, 785, 786, 787, 788, 794, 796, 798, 799, 800, 801, 802, 803, 804, 806, 807, 808, 809, 810, 811, 812, 813, 814, 815, 817, 818, 823, 824, 825, 826, 827, 828, 829], [180, 263, 280, 293, 307, 309, 385, 391, 393, 396, 399, 402, 409, 410, 413, 429, 439, 446, 450, 453, 456, 460, 477, 486, 494, 496, 497, 501, 506, 509, 517, 524, 528, 531, 535, 538, 542, 561, 569, 574, 577, 578, 579, 582, 586, 587, 631, 632, 633, 634, 635, 636, 637, 638, 639, 641, 644, 645, 647, 648, 650, 651, 653, 654, 655, 656, 657, 658, 659, 660, 664, 667, 668, 671, 674, 676, 678, 680, 682, 683, 684, 685, 687, 688, 691, 694, 702, 703, 707, 711, 713, 714, 715, 719, 722, 724, 727, 728, 730, 732, 736, 737, 739, 742, 744, 746, 750, 753, 754, 756, 757, 758, 764, 765, 772, 773, 774, 775, 776, 784, 785, 786, 787, 788, 789, 790, 791, 792, 793, 794, 795, 796, 798, 799, 800, 803, 804, 806, 807, 811, 813, 814, 817, 819, 820, 822, 823, 824, 825, 827, 829], [291, 293, 298, 300, 302, 357, 391, 393, 396, 399, 402, 429, 432, 450, 452, 453, 456, 466, 477, 480, 503, 520, 523, 524, 525, 528, 529, 531, 533, 535, 541, 544, 546, 561, 565, 569, 575, 577, 578, 586, 590, 591, 592, 593, 594, 595, 596, 597, 598, 605, 612, 631, 634, 635, 636, 637, 638, 639, 641, 644, 645, 647, 648, 650, 651, 653, 654, 667, 668, 669, 670, 671, 672, 674, 684, 685, 686, 687, 688, 689, 694, 695, 696, 697, 700, 714, 715, 716, 717, 718, 719, 720, 722, 731, 732, 734, 735, 739, 740, 742, 743, 744, 745, 746, 748, 750, 751, 753, 754, 755, 756, 757, 759, 760, 761, 762, 764, 766, 769, 770, 771, 773, 777, 779, 784, 785, 786, 787, 788, 789, 790, 791, 792, 793, 796, 799, 800, 801, 802, 806, 807, 808, 809, 810, 811, 812, 819, 820, 821, 823, 825, 826, 827, 828, 829], [263, 357, 359, 363, 366, 367, 391, 396, 399, 409, 410, 429, 432, 439, 446, 450, 452, 453, 456, 460, 466, 477, 480, 486, 494, 496, 497, 501, 590, 591, 592, 593, 594, 595, 598, 599, 600, 601, 602, 604, 605, 606, 607, 608, 609, 612, 615, 617, 619, 627, 636, 637, 641, 644, 645, 647, 648, 656, 657, 658, 659, 664, 667, 668, 669, 670, 671, 672, 674, 676, 677, 678, 679, 680, 682, 683, 684, 685, 686, 687, 688, 689, 691, 694, 695, 696, 697, 700, 702, 703, 705, 706, 707, 708, 711, 713, 714, 715, 716, 717, 718, 719, 720, 722, 724, 725, 727, 728, 729, 748, 759, 760, 761, 762, 763, 766, 767, 768, 769, 775, 780, 782, 786, 787, 788, 789, 790, 791, 794, 795, 799, 800, 801, 802, 803, 804, 806, 807, 808, 809, 810, 811, 812, 813, 814, 815, 817, 818, 819, 820, 821, 822, 829], [270, 280, 302, 306, 363, 396, 402, 410, 460, 466, 477, 480, 486, 494, 503, 506, 509, 515, 525, 535, 538, 540, 546, 547, 565, 569, 577, 579, 587, 592, 593, 596, 597, 602, 604, 605, 606, 607, 608, 617, 620, 622, 628, 634, 635, 636, 644, 645, 650, 651, 657, 658, 660, 664, 691, 694, 695, 696, 697, 700, 702, 703, 705, 706, 707, 708, 711, 713, 714, 715, 716, 717, 718, 719, 720, 722, 724, 725, 727, 728, 729, 730, 732, 734, 735, 736, 737, 742, 743, 745, 746, 753, 754, 755, 757, 758, 760, 761, 762, 763, 764, 765, 767, 768, 769, 770, 771, 772, 773, 774, 776, 777, 778, 779, 780, 781, 783, 784, 788, 789, 790, 792, 793, 795, 798, 804, 806, 807, 808, 809, 810, 811, 812, 813, 814, 815, 817, 818, 819, 820, 821, 822, 823, 824, 825, 826, 827, 828, 829], [180, 263, 270, 280, 287, 291, 293, 298, 300, 302, 306, 307, 309, 347, 357, 359, 363, 366, 367, 385, 386, 391, 393, 396, 399, 402, 409, 410, 413, 432, 439, 450, 452, 480, 486, 496, 497, 503, 509, 515, 517, 520, 522, 523, 524, 525, 528, 529, 531, 533, 535, 538, 540, 541, 542, 543, 547, 572, 574, 575, 578, 579, 582, 587, 590, 592, 594, 596, 597, 599, 600, 602, 606, 607, 609, 612, 615, 617, 619, 620, 622, 627, 628, 632, 634, 635, 636, 637, 638, 639, 641, 644, 645, 647, 648, 650, 651, 653, 655, 656, 657, 658, 659, 660, 664, 668, 669, 670, 676, 677, 678, 679, 685, 686, 695, 696, 697, 702, 703, 705, 706, 715, 716, 717, 718, 724, 725, 731, 732, 734, 735, 736, 737, 739, 740, 741, 742, 743, 748, 756, 765, 767, 770, 774, 778, 779, 780, 781, 784, 786, 789, 791, 792, 794, 795, 796, 798, 800, 801, 807, 808, 809, 813, 814, 815, 820, 821, 825, 826], [298, 307, 347, 366, 386, 413, 452, 453, 497, 501, 528, 529, 540, 541, 543, 544, 546, 547, 572, 574, 575, 582, 586, 587, 594, 595, 596, 598, 599, 601, 605, 606, 608, 609, 627, 628, 631, 632, 633, 634, 638, 639, 641, 644, 647, 648, 650, 651, 653, 654, 655, 656, 658, 659, 660, 664, 669, 670, 671, 672, 676, 677, 679, 680, 683, 684, 686, 687, 689, 695, 702, 705, 707, 708, 713, 716, 717, 719, 720, 725, 728, 729, 731, 734, 736, 740, 741, 743, 744, 745, 746, 751, 755, 756, 757, 758, 759, 761, 762, 763, 772, 773, 774, 775, 776, 777, 778, 779, 780, 781, 782, 783, 784, 785, 786, 787, 788, 789, 790, 791, 792, 793, 794, 795, 796, 798, 799, 801, 802, 803, 804, 808, 810, 812, 813, 815, 818, 819, 821, 822, 823, 824, 826, 828, 829], [385, 386, 413, 496, 509, 522, 523, 524, 525, 529, 533, 542, 543, 612, 615, 617, 619, 620, 622, 627, 628, 631, 632, 633, 638, 647, 650, 653, 654, 655, 659, 660, 664, 667, 668, 669, 672, 676, 677, 678, 679, 680, 682, 684, 685, 686, 688, 689, 691, 696, 700, 703, 706, 708, 713, 714, 715, 716, 718, 720, 724, 725, 727, 729, 730, 731, 732, 735, 737, 739, 740, 741, 742, 743, 748, 750, 751, 754, 755, 756, 764, 765, 766, 767, 768, 769, 770, 771, 772, 773, 774, 775, 776, 777, 778, 779, 780, 781, 782, 783, 784, 785, 786, 787, 789, 790, 791, 792, 793, 794, 795, 796, 798, 799, 800, 801, 802, 803, 804, 806, 807, 808, 809, 810, 811, 812, 813, 814, 815, 817, 818, 819, 820, 821, 822, 823, 824, 825, 826, 827, 828, 829], [287, 300, 306, 309, 347, 367, 393, 399, 402, 409, 410, 432, 446, 452, 456, 480, 494, 501, 506, 515, 517, 520, 522, 531, 533, 538, 540, 542, 543, 544, 546, 561, 565, 569, 572, 574, 575, 586, 591, 593, 595, 597, 600, 601, 604, 607, 608, 609, 619, 622, 633, 635, 637, 639, 645, 648, 651, 654, 655, 656, 657, 658, 659, 660, 670, 674, 678, 679, 682, 683, 685, 686, 687, 688, 689, 697, 705, 706, 711, 717, 718, 722, 724, 725, 727, 728, 729, 730, 734, 735, 736, 737, 739, 740, 741, 742, 743, 744, 745, 746, 748, 750, 751, 753, 754, 755, 756, 758, 759, 760, 761, 763, 766, 768, 769, 771, 775, 776, 781, 782, 783, 785, 787, 788, 790, 791, 792, 793, 794, 795, 796, 798, 800, 801, 802, 803, 809, 811, 812, 814, 815, 817, 818, 820, 821, 822, 824, 825, 826, 827, 828, 829], [180, 263, 270, 280, 287, 291, 293, 298, 300, 302, 306, 307, 309, 347, 357, 359, 363, 366, 367, 385, 386, 413, 429, 439, 446, 450, 453, 456, 460, 466, 477, 486, 494, 496, 497, 501, 503, 506, 509, 515, 517, 520, 522, 523, 524, 525, 528, 529, 531, 533, 535, 538, 540, 541, 542, 543, 544, 546, 547, 561, 565, 569, 572, 574, 575, 577, 578, 579, 582, 586, 587, 590, 591, 592, 593, 594, 595, 596, 597, 598, 599, 600, 601, 602, 604, 605, 606, 607, 608, 609, 612, 615, 617, 619, 620, 622, 627, 628, 631, 632, 633, 653, 654, 667, 671, 672, 674, 677, 680, 682, 683, 684, 687, 688, 689, 691, 694, 700, 707, 708, 711, 713, 714, 719, 720, 722, 727, 728, 729, 730, 731, 741, 744, 745, 746, 750, 751, 753, 754, 755, 757, 758, 759, 760, 761, 762, 763, 764, 765, 766, 767, 768, 769, 770, 771, 772, 773, 774, 775, 776, 777, 778, 779, 780, 781, 782, 783, 785, 793, 799, 802, 803, 804, 806, 810, 817, 818, 819, 822, 823, 824, 827, 828]!Vessel: FarSeeker
[180, 270, 287, 291, 359, 385, 386, 391, 393, 409, 429, 432, 439, 446, 460, 466, 503, 506, 515, 517, 520, 522, 523, 541, 544, 547, 561, 565, 572, 577, 578, 579, 582, 590, 591, 598, 599, 600, 601, 602, 604, 615, 620, 631, 632, 633, 634, 635, 636, 637, 638, 639, 641, 655, 656, 657, 667, 668, 669, 670, 671, 672, 674, 676, 677, 678, 679, 680, 682, 683, 691, 694, 695, 696, 697, 700, 702, 703, 705, 706, 707, 708, 711, 730, 731, 732, 734, 735, 736, 737, 739, 740, 741, 744, 745, 748, 750, 751, 753, 757, 758, 759, 760, 762, 763, 764, 765, 766, 767, 768, 770, 771, 772, 777, 778, 782, 783, 784, 785, 786, 787, 788, 794, 796, 798, 799, 800, 801, 802, 803, 804, 806, 807, 808, 809, 810, 811, 812, 813, 814, 815, 817, 818, 823, 824, 825, 826, 827, 828, 829], [180, 263, 280, 293, 307, 309, 385, 391, 393, 396, 399, 402, 409, 410, 413, 429, 439, 446, 450, 453, 456, 460, 477, 486, 494, 496, 497, 501, 506, 509, 517, 524, 528, 531, 535, 538, 542, 561, 569, 574, 577, 578, 579, 582, 586, 587, 631, 632, 633, 634, 635, 636, 637, 638, 639, 641, 644, 645, 647, 648, 650, 651, 653, 654, 655, 656, 657, 658, 659, 660, 664, 667, 668, 671, 674, 676, 678, 680, 682, 683, 684, 685, 687, 688, 691, 694, 702, 703, 707, 711, 713, 714, 715, 719, 722, 724, 727, 728, 730, 732, 736, 737, 739, 742, 744, 746, 750, 753, 754, 756, 757, 758, 764, 765, 772, 773, 774, 775, 776, 784, 785, 786, 787, 788, 789, 790, 791, 792, 793, 794, 795, 796, 798, 799, 800, 803, 804, 806, 807, 811, 813, 814, 817, 819, 820, 822, 823, 824, 825, 827, 829], [291, 293, 298, 300, 302, 357, 391, 393, 396, 399, 402, 429, 432, 450, 452, 453, 456, 466, 477, 480, 503, 520, 523, 524, 525, 528, 529, 531, 533, 535, 541, 544, 546, 561, 565, 569, 575, 577, 578, 586, 590, 591, 592, 593, 594, 595, 596, 597, 598, 605, 612, 631, 634, 635, 636, 637, 638, 639, 641, 644, 645, 647, 648, 650, 651, 653, 654, 667, 668, 669, 670, 671, 672, 674, 684, 685, 686, 687, 688, 689, 694, 695, 696, 697, 700, 714, 715, 716, 717, 718, 719, 720, 722, 731, 732, 734, 735, 739, 740, 742, 743, 744, 745, 746, 748, 750, 751, 753, 754, 755, 756, 757, 759, 760, 761, 762, 764, 766, 769, 770, 771, 773, 777, 779, 784, 785, 786, 787, 788, 789, 790, 791, 792, 793, 796, 799, 800, 801, 802, 806, 807, 808, 809, 810, 811, 812, 819, 820, 821, 823, 825, 826, 827, 828, 829], [263, 357, 359, 363, 366, 367, 391, 396, 399, 409, 410, 429, 432, 439, 446, 450, 452, 453, 456, 460, 466, 477, 480, 486, 494, 496, 497, 501, 590, 591, 592, 593, 594, 595, 598, 599, 600, 601, 602, 604, 605, 606, 607, 608, 609, 612, 615, 617, 619, 627, 636, 637, 641, 644, 645, 647, 648, 656, 657, 658, 659, 664, 667, 668, 669, 670, 671, 672, 674, 676, 677, 678, 679, 680, 682, 683, 684, 685, 686, 687, 688, 689, 691, 694, 695, 696, 697, 700, 702, 703, 705, 706, 707, 708, 711, 713, 714, 715, 716, 717, 718, 719, 720, 722, 724, 725, 727, 728, 729, 748, 759, 760, 761, 762, 763, 766, 767, 768, 769, 775, 780, 782, 786, 787, 788, 789, 790, 791, 794, 795, 799, 800, 801, 802, 803, 804, 806, 807, 808, 809, 810, 811, 812, 813, 814, 815, 817, 818, 819, 820, 821, 822, 829], [270, 280, 302, 306, 363, 396, 402, 410, 460, 466, 477, 480, 486, 494, 503, 506, 509, 515, 525, 535, 538, 540, 546, 547, 565, 569, 577, 579, 587, 592, 593, 596, 597, 602, 604, 605, 606, 607, 608, 617, 620, 622, 628, 634, 635, 636, 644, 645, 650, 651, 657, 658, 660, 664, 691, 694, 695, 696, 697, 700, 702, 703, 705, 706, 707, 708, 711, 713, 714, 715, 716, 717, 718, 719, 720, 722, 724, 725, 727, 728, 729, 730, 732, 734, 735, 736, 737, 742, 743, 745, 746, 753, 754, 755, 757, 758, 760, 761, 762, 763, 764, 765, 767, 768, 769, 770, 771, 772, 773, 774, 776, 777, 778, 779, 780, 781, 783, 784, 788, 789, 790, 792, 793, 795, 798, 804, 806, 807, 808, 809, 810, 811, 812, 813, 814, 815, 817, 818, 819, 820, 821, 822, 823, 824, 825, 826, 827, 828, 829], [180, 263, 270, 280, 287, 291, 293, 298, 300, 302, 306, 307, 309, 347, 357, 359, 363, 366, 367, 385, 386, 391, 393, 396, 399, 402, 409, 410, 413, 432, 439, 450, 452, 480, 486, 496, 497, 503, 509, 515, 517, 520, 522, 523, 524, 525, 528, 529, 531, 533, 535, 538, 540, 541, 542, 543, 547, 572, 574, 575, 578, 579, 582, 587, 590, 592, 594, 596, 597, 599, 600, 602, 606, 607, 609, 612, 615, 617, 619, 620, 622, 627, 628, 632, 634, 635, 636, 637, 638, 639, 641, 644, 645, 647, 648, 650, 651, 653, 655, 656, 657, 658, 659, 660, 664, 668, 669, 670, 676, 677, 678, 679, 685, 686, 695, 696, 697, 702, 703, 705, 706, 715, 716, 717, 718, 724, 725, 731, 732, 734, 735, 736, 737, 739, 740, 741, 742, 743, 748, 756, 765, 767, 770, 774, 778, 779, 780, 781, 784, 786, 789, 791, 792, 794, 795, 796, 798, 800, 801, 807, 808, 809, 813, 814, 815, 820, 821, 825, 826], [298, 307, 347, 366, 386, 413, 452, 453, 497, 501, 528, 529, 540, 541, 543, 544, 546, 547, 572, 574, 575, 582, 586, 587, 594, 595, 596, 598, 599, 601, 605, 606, 608, 609, 627, 628, 631, 632, 633, 634, 638, 639, 641, 644, 647, 648, 650, 651, 653, 654, 655, 656, 658, 659, 660, 664, 669, 670, 671, 672, 676, 677, 679, 680, 683, 684, 686, 687, 689, 695, 702, 705, 707, 708, 713, 716, 717, 719, 720, 725, 728, 729, 731, 734, 736, 740, 741, 743, 744, 745, 746, 751, 755, 756, 757, 758, 759, 761, 762, 763, 772, 773, 774, 775, 776, 777, 778, 779, 780, 781, 782, 783, 784, 785, 786, 787, 788, 789, 790, 791, 792, 793, 794, 795, 796, 798, 799, 801, 802, 803, 804, 808, 810, 812, 813, 815, 818, 819, 821, 822, 823, 824, 826, 828, 829], [385, 386, 413, 496, 509, 522, 523, 524, 525, 529, 533, 542, 543, 612, 615, 617, 619, 620, 622, 627, 628, 631, 632, 633, 638, 647, 650, 653, 654, 655, 659, 660, 664, 667, 668, 669, 672, 676, 677, 678, 679, 680, 682, 684, 685, 686, 688, 689, 691, 696, 700, 703, 706, 708, 713, 714, 715, 716, 718, 720, 724, 725, 727, 729, 730, 731, 732, 735, 737, 739, 740, 741, 742, 743, 748, 750, 751, 754, 755, 756, 764, 765, 766, 767, 768, 769, 770, 771, 772, 773, 774, 775, 776, 777, 778, 779, 780, 781, 782, 783, 784, 785, 786, 787, 789, 790, 791, 792, 793, 794, 795, 796, 798, 799, 800, 801, 802, 803, 804, 806, 807, 808, 809, 810, 811, 812, 813, 814, 815, 817, 818, 819, 820, 821, 822, 823, 824, 825, 826, 827, 828, 829], [287, 300, 306, 309, 347, 367, 393, 399, 402, 409, 410, 432, 446, 452, 456, 480, 494, 501, 506, 515, 517, 520, 522, 531, 533, 538, 540, 542, 543, 544, 546, 561, 565, 569, 572, 574, 575, 586, 591, 593, 595, 597, 600, 601, 604, 607, 608, 609, 619, 622, 633, 635, 637, 639, 645, 648, 651, 654, 655, 656, 657, 658, 659, 660, 670, 674, 678, 679, 682, 683, 685, 686, 687, 688, 689, 697, 705, 706, 711, 717, 718, 722, 724, 725, 727, 728, 729, 730, 734, 735, 736, 737, 739, 740, 741, 742, 743, 744, 745, 746, 748, 750, 751, 753, 754, 755, 756, 758, 759, 760, 761, 763, 766, 768, 769, 771, 775, 776, 781, 782, 783, 785, 787, 788, 790, 791, 792, 793, 794, 795, 796, 798, 800, 801, 802, 803, 809, 811, 812, 814, 815, 817, 818, 820, 821, 822, 824, 825, 826, 827, 828, 829], [180, 263, 270, 280, 287, 291, 293, 298, 300, 302, 306, 307, 309, 347, 357, 359, 363, 366, 367, 385, 386, 413, 429, 439, 446, 450, 453, 456, 460, 466, 477, 486, 494, 496, 497, 501, 503, 506, 509, 515, 517, 520, 522, 523, 524, 525, 528, 529, 531, 533, 535, 538, 540, 541, 542, 543, 544, 546, 547, 561, 565, 569, 572, 574, 575, 577, 578, 579, 582, 586, 587, 590, 591, 592, 593, 594, 595, 596, 597, 598, 599, 600, 601, 602, 604, 605, 606, 607, 608, 609, 612, 615, 617, 619, 620, 622, 627, 628, 631, 632, 633, 653, 654, 667, 671, 672, 674, 677, 680, 682, 683, 684, 687, 688, 689, 691, 694, 700, 707, 708, 711, 713, 714, 719, 720, 722, 727, 728, 729, 730, 731, 741, 744, 745, 746, 750, 751, 753, 754, 755, 757, 758, 759, 760, 761, 762, 763, 764, 765, 766, 767, 768, 769, 770, 771, 772, 773, 774, 775, 776, 777, 778, 779, 780, 781, 782, 783, 785, 793, 799, 802, 803, 804, 806, 810, 817, 818, 819, 822, 823, 824, 827, 828]!Vessel: FarSearcher
[180, 270, 284, 287, 291, 321, 359, 382, 385, 386, 388, 389, 390, 391, 392, 393, 407, 408, 409, 416, 429, 430, 431, 432, 435, 437, 441, 442, 444, 446, 460, 462, 466, 467, 469, 471, 504, 506, 510, 511, 512, 513, 518, 519, 522, 523, 544, 545, 561, 562, 565, 566, 576, 577, 580, 581, 584, 591, 598, 601, 603, 604, 615, 616, 620, 631, 633, 634, 638, 642, 643, 655, 663, 667, 668, 669, 672, 673, 676, 678, 679, 680, 682, 691, 692, 695, 696, 699, 700, 702, 703, 704, 705, 706, 708, 709, 730, 732, 733, 734, 735, 736, 737, 738, 739, 740, 748, 750, 751, 752, 764, 766, 768, 771, 772, 777, 782, 783, 787, 788, 797, 805, 811, 812, 816], [180, 240, 263, 280, 288, 293, 307, 309, 341, 354, 382, 385, 388, 389, 390, 391, 392, 393, 396, 398, 399, 401, 402, 405, 407, 408, 409, 410, 411, 412, 413, 416, 429, 437, 444, 446, 448, 449, 453, 456, 460, 475, 477, 484, 490, 494, 498, 500, 501, 506, 507, 509, 512, 530, 561, 567, 569, 570, 571, 577, 580, 581, 584, 585, 586, 588, 610, 611, 631, 633, 634, 638, 642, 643, 646, 647, 650, 654, 655, 659, 660, 663, 664, 667, 668, 673, 676, 678, 680, 682, 684, 685, 691, 692, 702, 703, 709, 713, 714, 715, 721, 724, 727, 730, 732, 736, 737, 739, 742, 750, 752, 754, 756, 764, 772, 773, 775, 776, 787, 788, 790, 797, 805, 811, 816], [129, 240, 291, 293, 298, 300, 302, 341, 357, 358, 373, 382, 390, 391, 392, 393, 396, 398, 399, 401, 402, 405, 429, 430, 431, 432, 435, 448, 449, 452, 453, 454, 456, 462, 466, 477, 478, 479, 480, 504, 507, 510, 511, 518, 519, 523, 525, 526, 527, 529, 530, 544, 545, 546, 554, 561, 562, 565, 567, 568, 569, 570, 577, 584, 585, 586, 591, 593, 595, 598, 605, 613, 614, 621, 631, 634, 638, 642, 643, 646, 647, 650, 654, 667, 668, 669, 672, 673, 684, 685, 686, 689, 692, 695, 696, 699, 700, 714, 715, 716, 718, 720, 721, 732, 733, 734, 735, 739, 740, 742, 743, 748, 750, 751, 752, 754, 755, 756, 764, 766, 771, 773, 777, 787, 788, 790, 797, 805, 811, 812], [164, 240, 263, 354, 357, 358, 359, 363, 366, 367, 375, 391, 396, 398, 399, 407, 409, 410, 411, 429, 430, 431, 432, 435, 437, 441, 442, 444, 446, 448, 449, 452, 453, 454, 456, 460, 462, 466, 467, 469, 471, 475, 477, 478, 479, 480, 484, 488, 489, 490, 494, 498, 500, 501, 554, 580, 591, 593, 595, 598, 601, 603, 604, 605, 608, 610, 613, 614, 615, 616, 617, 618, 627, 629, 642, 643, 646, 647, 659, 664, 667, 668, 669, 672, 673, 676, 678, 679, 680, 682, 684, 685, 686, 689, 691, 692, 695, 696, 699, 700, 702, 703, 704, 705, 706, 708, 709, 713, 714, 715, 716, 718, 720, 721, 724, 725, 727, 729, 748, 766, 768, 775, 782, 787, 788, 790, 805, 811, 812, 816], [270, 280, 302, 303, 306, 363, 369, 390, 396, 401, 402, 407, 410, 412, 416, 460, 462, 466, 467, 469, 471, 475, 477, 478, 479, 480, 484, 488, 489, 490, 494, 504, 506, 507, 509, 510, 511, 512, 513, 525, 526, 527, 545, 546, 565, 566, 569, 576, 577, 581, 585, 588, 593, 603, 604, 605, 608, 611, 614, 617, 618, 620, 621, 622, 628, 634, 643, 646, 650, 660, 663, 664, 691, 692, 695, 696, 699, 700, 702, 703, 704, 705, 706, 708, 709, 713, 714, 715, 716, 718, 720, 721, 724, 725, 727, 729, 730, 732, 733, 734, 735, 736, 737, 738, 742, 743, 752, 754, 755, 764, 768, 771, 772, 773, 776, 777, 783, 788, 790, 797, 805, 811, 812, 816], [129, 135, 164, 180, 263, 270, 280, 284, 287, 288, 291, 293, 298, 300, 302, 303, 306, 307, 309, 311, 321, 347, 357, 359, 363, 366, 367, 369, 373, 375, 380, 385, 386, 390, 391, 392, 393, 396, 398, 399, 401, 402, 407, 408, 409, 410, 411, 412, 413, 416, 430, 431, 432, 437, 441, 442, 449, 452, 462, 467, 469, 478, 479, 480, 484, 488, 489, 498, 509, 510, 511, 512, 513, 518, 519, 522, 523, 525, 526, 527, 529, 530, 543, 554, 570, 615, 617, 620, 622, 627, 628, 634, 638, 647, 650, 655, 659, 660, 663, 664, 668, 669, 676, 678, 679, 685, 686, 695, 696, 702, 703, 704, 705, 706, 715, 716, 718, 724, 725, 732, 733, 734, 735, 736, 737, 738, 739, 740, 742, 743, 748, 756], [298, 307, 321, 347, 366, 369, 380, 386, 389, 392, 398, 401, 405, 408, 411, 412, 413, 416, 430, 437, 441, 452, 453, 454, 467, 478, 484, 488, 490, 500, 501, 510, 513, 518, 526, 529, 543, 544, 545, 546, 568, 570, 571, 576, 580, 581, 584, 585, 586, 588, 595, 598, 601, 603, 605, 608, 627, 628, 629, 631, 633, 634, 638, 642, 646, 647, 650, 654, 655, 659, 660, 663, 664, 669, 672, 676, 679, 680, 684, 686, 689, 692, 695, 699, 702, 704, 705, 708, 709, 713, 716, 720, 725, 729, 733, 734, 736, 738, 740, 743, 751, 752, 755, 756, 772, 773, 775, 776, 777, 782, 783, 787, 788, 790, 797, 805, 812, 816], [284, 288, 303, 311, 373, 375, 380, 382, 385, 386, 388, 405, 413, 431, 435, 442, 444, 448, 449, 454, 471, 475, 479, 489, 498, 500, 504, 507, 509, 519, 522, 523, 525, 527, 529, 530, 543, 554, 562, 566, 567, 568, 571, 610, 611, 613, 614, 615, 616, 617, 618, 620, 621, 622, 627, 628, 629, 631, 633, 638, 647, 650, 654, 655, 659, 660, 663, 664, 667, 668, 669, 672, 673, 676, 678, 679, 680, 682, 684, 685, 686, 689, 691, 696, 700, 703, 704, 706, 708, 713, 714, 715, 716, 718, 720, 721, 724, 725, 727, 729, 730, 732, 733, 735, 737, 738, 739, 740, 742, 743, 748, 750, 751, 754, 755, 756, 764, 766, 768, 771, 772, 773, 775, 776, 777, 782, 783, 787, 790, 797, 805, 811, 812, 816], [135, 287, 300, 306, 309, 311, 341, 347, 354, 358, 367, 388, 389, 393, 399, 402, 408, 409, 410, 411, 412, 432, 441, 442, 446, 452, 456, 469, 480, 488, 489, 494, 498, 501, 506, 511, 512, 513, 518, 519, 522, 526, 527, 530, 543, 544, 546, 554, 561, 562, 565, 566, 567, 568, 569, 570, 571, 576, 586, 588, 591, 593, 595, 601, 604, 608, 610, 611, 613, 616, 618, 621, 622, 629, 633, 642, 643, 646, 654, 655, 659, 660, 673, 678, 679, 682, 685, 686, 689, 699, 705, 706, 709, 718, 721, 724, 725, 727, 729, 730, 734, 735, 736, 737, 738, 739, 740, 742, 743, 748, 750, 751, 752, 754, 755, 756, 766, 768, 771, 775, 776, 782, 783, 787, 788, 790, 797, 811, 812, 816], [129, 135, 164, 180, 240, 263, 270, 280, 284, 287, 288, 291, 293, 298, 300, 302, 303, 306, 307, 309, 311, 321, 341, 347, 354, 357, 358, 359, 363, 366, 367, 369, 373, 375, 380, 382, 385, 386, 388, 389, 405, 413, 429, 435, 444, 446, 448, 453, 454, 456, 460, 466, 471, 475, 477, 490, 494, 500, 501, 504, 506, 507, 509, 522, 523, 525, 529, 543, 544, 545, 546, 561, 562, 565, 566, 567, 568, 569, 571, 576, 577, 580, 581, 584, 585, 586, 588, 591, 593, 595, 598, 601, 603, 604, 605, 608, 610, 611, 613, 614, 615, 616, 617, 618, 620, 621, 622, 627, 628, 629, 631, 633, 654, 667, 672, 680, 682, 684, 689, 691, 700, 708, 713, 714, 720, 727, 729, 730, 750, 751, 754, 755, 764, 766, 768, 771, 772, 773, 775, 776, 777, 782, 783]!Vessel: FarSymphony
[180, 270, 287, 291, 321, 359, 385, 386, 389, 390, 391, 393, 407, 409, 429, 430, 432, 441, 446, 460, 462, 466, 469, 503, 506, 511, 512, 515, 518, 522, 523, 541, 544, 545, 547, 561, 565, 572, 576, 577, 579, 580, 582, 584, 591, 598, 599, 601, 602, 603, 604, 615, 620, 631, 633, 634, 635, 636, 637, 638, 639, 641, 642, 643, 655, 656, 657, 663, 667, 668, 669, 670, 671, 672, 676, 678, 679, 680, 682, 683, 691, 694, 695, 696, 697, 700, 702, 703, 704, 705, 706, 707, 708, 711, 730, 732, 733, 734, 735, 736, 737, 738, 739, 740, 744, 745, 748, 750, 751, 753, 757, 758, 759, 762, 763, 764, 766, 768, 771, 772, 777, 778, 782, 783, 784, 786, 787, 788, 794, 796, 797, 798, 804, 805, 808, 811, 812, 813, 815, 816, 823, 824, 826, 829], [180, 263, 280, 293, 307, 309, 385, 389, 390, 391, 393, 396, 398, 399, 402, 407, 409, 410, 411, 413, 429, 446, 453, 456, 460, 477, 490, 494, 496, 497, 501, 506, 509, 512, 524, 528, 542, 561, 567, 569, 570, 574, 577, 579, 580, 582, 584, 585, 586, 587, 588, 610, 631, 633, 634, 635, 636, 637, 638, 639, 641, 642, 643, 644, 645, 646, 647, 648, 650, 651, 654, 655, 656, 657, 658, 659, 660, 663, 664, 667, 668, 671, 676, 678, 680, 682, 683, 684, 685, 688, 691, 694, 702, 703, 707, 711, 713, 714, 715, 719, 724, 727, 728, 730, 732, 736, 737, 739, 742, 744, 746, 750, 753, 754, 756, 757, 758, 764, 772, 773, 775, 776, 784, 786, 787, 788, 789, 790, 792, 794, 795, 796, 797, 798, 804, 805, 811, 813, 816, 823, 824, 829], [291, 293, 298, 300, 302, 357, 373, 390, 391, 393, 396, 398, 399, 402, 429, 430, 432, 452, 453, 456, 462, 466, 477, 478, 480, 503, 511, 518, 523, 524, 525, 526, 528, 529, 533, 541, 544, 545, 546, 561, 565, 567, 569, 570, 577, 584, 585, 586, 591, 593, 595, 596, 598, 605, 612, 613, 631, 634, 635, 636, 637, 638, 639, 641, 642, 643, 644, 645, 646, 647, 648, 650, 651, 654, 667, 668, 669, 670, 671, 672, 684, 685, 686, 688, 689, 694, 695, 696, 697, 700, 714, 715, 716, 717, 718, 719, 720, 732, 733, 734, 735, 739, 740, 742, 743, 744, 745, 746, 748, 750, 751, 753, 754, 755, 756, 757, 759, 761, 762, 764, 766, 769, 771, 773, 777, 784, 786, 787, 788, 789, 790, 792, 796, 797, 805, 808, 811, 812, 823, 826, 829], [263, 357, 359, 363, 366, 367, 375, 391, 396, 398, 399, 407, 409, 410, 411, 429, 430, 432, 441, 446, 452, 453, 456, 460, 462, 466, 469, 477, 478, 480, 488, 490, 494, 496, 497, 501, 580, 591, 593, 595, 598, 599, 601, 602, 603, 604, 605, 606, 608, 610, 612, 613, 615, 617, 619, 627, 636, 637, 641, 642, 643, 644, 645, 646, 647, 648, 656, 657, 658, 659, 664, 667, 668, 669, 670, 671, 672, 676, 678, 679, 680, 682, 683, 684, 685, 686, 688, 689, 691, 694, 695, 696, 697, 700, 702, 703, 704, 705, 706, 707, 708, 711, 713, 714, 715, 716, 717, 718, 719, 720, 724, 725, 727, 728, 729, 748, 759, 761, 762, 763, 766, 768, 769, 775, 782, 786, 787, 788, 789, 790, 794, 795, 804, 805, 808, 811, 812, 813, 815, 816, 829], [270, 280, 302, 306, 363, 369, 390, 396, 402, 407, 410, 460, 462, 466, 469, 477, 478, 480, 488, 490, 494, 503, 506, 509, 511, 512, 515, 525, 526, 540, 545, 546, 547, 565, 569, 576, 577, 579, 585, 587, 588, 593, 596, 602, 603, 604, 605, 606, 608, 617, 620, 622, 628, 634, 635, 636, 643, 644, 645, 646, 650, 651, 657, 658, 660, 663, 664, 691, 694, 695, 696, 697, 700, 702, 703, 704, 705, 706, 707, 708, 711, 713, 714, 715, 716, 717, 718, 719, 720, 724, 725, 727, 728, 729, 730, 732, 733, 734, 735, 736, 737, 738, 742, 743, 745, 746, 753, 754, 755, 757, 758, 761, 762, 763, 764, 768, 769, 771, 772, 773, 776, 777, 778, 783, 784, 788, 789, 790, 792, 795, 797, 798, 804, 805, 808, 811, 812, 813, 815, 816, 823, 824, 826, 829], [180, 263, 270, 280, 287, 291, 293, 298, 300, 302, 306, 307, 309, 311, 321, 347, 357, 359, 363, 366, 367, 369, 373, 375, 385, 386, 390, 391, 393, 396, 398, 399, 402, 407, 409, 410, 411, 413, 430, 432, 441, 452, 462, 469, 478, 480, 488, 496, 497, 503, 509, 511, 512, 515, 518, 522, 523, 524, 525, 526, 528, 529, 533, 540, 541, 542, 543, 547, 570, 572, 574, 579, 582, 587, 596, 599, 602, 606, 612, 615, 617, 619, 620, 622, 627, 628, 634, 635, 636, 637, 638, 639, 641, 644, 645, 647, 648, 650, 651, 655, 656, 657, 658, 659, 660, 663, 664, 668, 669, 670, 676, 678, 679, 685, 686, 695, 696, 697, 702, 703, 704, 705, 706, 715, 716, 717, 718, 724, 725, 732, 733, 734, 735, 736, 737, 738, 739, 740, 742, 743, 748, 756, 778, 784, 786, 789, 792, 794, 795, 796, 798, 808, 813, 815, 826], [298, 307, 321, 347, 366, 369, 386, 389, 398, 411, 413, 430, 441, 452, 453, 478, 488, 490, 497, 501, 518, 526, 528, 529, 540, 541, 543, 544, 545, 546, 547, 570, 572, 574, 576, 580, 582, 584, 585, 586, 587, 588, 595, 596, 598, 599, 601, 603, 605, 606, 608, 627, 628, 631, 633, 634, 638, 639, 641, 642, 644, 646, 647, 648, 650, 651, 654, 655, 656, 658, 659, 660, 663, 664, 669, 670, 671, 672, 676, 679, 680, 683, 684, 686, 689, 695, 702, 704, 705, 707, 708, 713, 716, 717, 719, 720, 725, 728, 729, 733, 734, 736, 738, 740, 743, 744, 745, 746, 751, 755, 756, 757, 758, 759, 761, 762, 763, 772, 773, 775, 776, 777, 778, 782, 783, 784, 786, 787, 788, 789, 790, 792, 794, 795, 796, 797, 798, 804, 805, 808, 812, 813, 815, 816, 823, 824, 826, 829], [311, 373, 375, 385, 386, 413, 496, 509, 522, 523, 524, 525, 529, 533, 542, 543, 567, 610, 612, 613, 615, 617, 619, 620, 622, 627, 628, 631, 633, 638, 647, 650, 654, 655, 659, 660, 663, 664, 667, 668, 669, 672, 676, 678, 679, 680, 682, 684, 685, 686, 688, 689, 691, 696, 700, 703, 704, 706, 708, 713, 714, 715, 716, 718, 720, 724, 725, 727, 729, 730, 732, 733, 735, 737, 738, 739, 740, 742, 743, 748, 750, 751, 754, 755, 756, 764, 766, 768, 769, 771, 772, 773, 775, 776, 777, 778, 782, 783, 784, 786, 787, 789, 790, 792, 794, 795, 796, 797, 798, 804, 805, 808, 811, 812, 813, 815, 816, 823, 824, 826, 829], [287, 300, 306, 309, 311, 347, 367, 389, 393, 399, 402, 409, 410, 411, 432, 441, 446, 452, 456, 469, 480, 488, 494, 501, 506, 511, 512, 515, 518, 522, 526, 533, 540, 542, 543, 544, 546, 561, 565, 567, 569, 570, 572, 574, 576, 586, 588, 591, 593, 595, 601, 604, 608, 610, 613, 619, 622, 633, 635, 637, 639, 642, 643, 645, 646, 648, 651, 654, 655, 656, 657, 658, 659, 660, 670, 678, 679, 682, 683, 685, 686, 688, 689, 697, 705, 706, 711, 717, 718, 724, 725, 727, 728, 729, 730, 734, 735, 736, 737, 738, 739, 740, 742, 743, 744, 745, 746, 748, 750, 751, 753, 754, 755, 756, 758, 759, 761, 763, 766, 768, 769, 771, 775, 776, 782, 783, 787, 788, 790, 792, 794, 795, 796, 797, 798, 811, 812, 815, 816, 824, 826, 829], [180, 263, 270, 280, 287, 291, 293, 298, 300, 302, 306, 307, 309, 311, 321, 347, 357, 359, 363, 366, 367, 369, 373, 375, 385, 386, 389, 413, 429, 446, 453, 456, 460, 466, 477, 490, 494, 496, 497, 501, 503, 506, 509, 515, 522, 523, 524, 525, 528, 529, 533, 540, 541, 542, 543, 544, 545, 546, 547, 561, 565, 567, 569, 572, 574, 576, 577, 579, 580, 582, 584, 585, 586, 587, 588, 591, 593, 595, 596, 598, 599, 601, 602, 603, 604, 605, 606, 608, 610, 612, 613, 615, 617, 619, 620, 622, 627, 628, 631, 633, 654, 667, 671, 672, 680, 682, 683, 684, 688, 689, 691, 694, 700, 707, 708, 711, 713, 714, 719, 720, 727, 728, 729, 730, 744, 745, 746, 750, 751, 753, 754, 755, 757, 758, 759, 761, 762, 763, 764, 766, 768, 769, 771, 772, 773, 775, 776, 777, 778, 782, 783, 804, 823, 824]!Vessel: HavilaForesight
[122, 174, 180, 186, 203, 226, 230, 234, 250, 269, 270, 284, 290, 315, 321, 323, 338, 343, 349, 350, 360, 361, 382, 383, 384, 388, 389, 390, 391, 392, 393, 395, 407, 408, 409, 416, 430, 431, 432, 435, 437, 438, 440, 441, 442, 444, 460, 462, 466, 467, 468, 469, 471, 502, 504, 506, 510, 511, 512, 513, 514, 516, 518, 519, 521, 544, 545, 550, 553, 556, 562, 565, 566, 576, 577, 580, 581, 583, 584, 589, 598, 601, 603, 604, 616, 623, 624, 625, 638, 640, 642, 643, 655, 663, 666, 669, 673, 675, 676, 679, 681, 692, 693, 698, 699, 701, 703, 704, 708, 709, 710, 712, 732, 733, 737, 738, 740, 747, 749, 752, 772, 777, 787, 797, 805, 812, 816], [124, 174, 180, 186, 194, 196, 199, 203, 204, 205, 206, 240, 251, 275, 280, 288, 307, 316, 341, 346, 349, 350, 352, 354, 355, 382, 384, 388, 389, 390, 391, 392, 393, 395, 396, 397, 398, 400, 401, 402, 404, 405, 407, 408, 409, 410, 411, 412, 416, 423, 424, 437, 438, 444, 448, 449, 453, 460, 475, 484, 485, 490, 498, 500, 506, 507, 512, 516, 530, 534, 537, 550, 553, 567, 570, 571, 573, 577, 580, 581, 583, 584, 585, 588, 589, 610, 611, 626, 638, 640, 642, 643, 646, 649, 650, 652, 655, 660, 662, 663, 664, 666, 673, 676, 681, 692, 693, 703, 709, 710, 721, 726, 732, 737, 747, 752, 772, 787, 790, 797, 805, 816], [129, 174, 194, 196, 199, 226, 230, 240, 241, 242, 252, 269, 275, 277, 278, 290, 295, 297, 298, 315, 316, 318, 338, 341, 356, 358, 362, 373, 382, 383, 390, 391, 392, 393, 395, 396, 397, 398, 400, 401, 402, 404, 405, 430, 431, 432, 435, 448, 449, 451, 452, 453, 454, 462, 466, 478, 479, 480, 502, 504, 507, 508, 510, 511, 518, 519, 526, 527, 530, 532, 534, 536, 544, 545, 546, 550, 554, 556, 562, 565, 567, 568, 570, 577, 584, 585, 598, 605, 613, 614, 621, 638, 640, 642, 643, 646, 649, 650, 652, 662, 666, 669, 673, 675, 692, 693, 698, 699, 701, 716, 721, 723, 732, 733, 740, 747, 749, 752, 777, 787, 790, 797, 805, 812], [164, 194, 204, 205, 226, 230, 234, 240, 241, 242, 250, 251, 252, 257, 265, 349, 352, 354, 356, 358, 360, 361, 362, 364, 365, 368, 375, 391, 395, 396, 397, 398, 400, 407, 409, 410, 411, 423, 430, 431, 432, 435, 437, 438, 440, 441, 442, 444, 448, 449, 451, 452, 453, 454, 460, 462, 466, 467, 468, 469, 471, 475, 478, 479, 480, 484, 485, 487, 488, 489, 490, 491, 498, 499, 500, 554, 580, 598, 601, 603, 604, 605, 608, 610, 613, 614, 616, 618, 623, 629, 642, 643, 646, 649, 662, 664, 666, 669, 673, 675, 676, 679, 681, 692, 693, 698, 699, 701, 703, 704, 708, 709, 710, 712, 716, 721, 723, 726, 787, 790, 805, 812, 816], [116, 196, 204, 206, 250, 251, 252, 257, 269, 270, 275, 277, 278, 280, 295, 303, 343, 350, 355, 356, 364, 365, 369, 370, 390, 396, 397, 401, 402, 407, 410, 412, 416, 424, 460, 462, 466, 467, 468, 469, 471, 475, 478, 479, 480, 484, 485, 487, 488, 489, 490, 491, 502, 504, 506, 507, 508, 510, 511, 512, 513, 514, 526, 527, 534, 536, 537, 539, 545, 546, 553, 565, 566, 576, 577, 581, 585, 588, 589, 603, 604, 605, 608, 611, 614, 618, 621, 624, 626, 630, 643, 646, 650, 652, 660, 662, 663, 664, 692, 693, 698, 699, 701, 703, 704, 708, 709, 710, 712, 716, 721, 723, 726, 732, 733, 737, 738, 747, 749, 752, 772, 777, 790, 797, 805, 812, 816], [116, 122, 124, 129, 135, 164, 168, 180, 194, 196, 199, 203, 204, 205, 206, 226, 234, 241, 242, 252, 257, 265, 270, 280, 284, 288, 290, 295, 297, 298, 303, 307, 311, 321, 369, 373, 375, 380, 384, 390, 391, 392, 393, 396, 398, 401, 402, 404, 407, 408, 409, 410, 411, 412, 416, 423, 424, 430, 431, 432, 437, 438, 440, 441, 442, 449, 451, 452, 462, 467, 468, 469, 478, 479, 480, 484, 485, 487, 488, 489, 498, 499, 502, 510, 511, 512, 513, 514, 516, 518, 519, 521, 526, 527, 530, 532, 534, 536, 537, 539, 550, 553, 554, 556, 570, 573, 638, 650, 655, 660, 663, 664, 669, 676, 679, 703, 704, 716, 732, 733, 737, 738, 740], [168, 241, 265, 277, 297, 298, 307, 315, 316, 318, 321, 323, 346, 352, 360, 362, 364, 368, 369, 370, 380, 383, 384, 389, 392, 398, 400, 401, 404, 405, 408, 411, 412, 416, 423, 424, 430, 437, 440, 441, 451, 452, 453, 454, 467, 478, 484, 487, 488, 490, 491, 499, 500, 508, 510, 513, 518, 521, 526, 532, 536, 539, 544, 545, 546, 556, 568, 570, 571, 573, 576, 580, 581, 583, 584, 585, 588, 598, 601, 603, 605, 608, 623, 624, 625, 626, 629, 630, 638, 640, 642, 646, 649, 650, 652, 655, 660, 662, 663, 664, 666, 669, 675, 676, 679, 681, 692, 698, 699, 704, 708, 709, 712, 716, 723, 726, 733, 738, 740, 749, 752, 772, 777, 787, 790, 797, 805, 812, 816], [284, 288, 303, 311, 373, 375, 380, 382, 383, 384, 388, 404, 405, 423, 424, 431, 435, 438, 440, 442, 444, 448, 449, 451, 454, 468, 471, 475, 479, 485, 487, 489, 491, 498, 499, 500, 502, 504, 507, 508, 514, 516, 519, 521, 527, 530, 532, 534, 536, 537, 539, 550, 553, 554, 556, 562, 566, 567, 568, 571, 573, 583, 589, 610, 611, 613, 614, 616, 618, 621, 623, 624, 625, 626, 629, 630, 638, 640, 649, 650, 652, 655, 660, 662, 663, 664, 666, 669, 673, 675, 676, 679, 681, 693, 698, 701, 703, 704, 708, 710, 712, 716, 721, 723, 726, 732, 733, 737, 738, 740, 747, 749, 772, 777, 787, 790, 797, 805, 812, 816], [135, 186, 199, 203, 205, 206, 234, 242, 257, 265, 278, 290, 295, 297, 311, 318, 323, 338, 341, 343, 346, 354, 355, 358, 361, 365, 368, 370, 388, 389, 393, 395, 397, 400, 402, 408, 409, 410, 411, 412, 432, 441, 442, 452, 469, 480, 488, 489, 498, 499, 506, 511, 512, 513, 514, 516, 518, 519, 521, 526, 527, 530, 532, 537, 539, 544, 546, 554, 562, 565, 566, 567, 568, 570, 571, 573, 576, 588, 601, 604, 608, 610, 611, 613, 616, 618, 621, 625, 629, 630, 640, 642, 643, 646, 649, 652, 655, 660, 673, 675, 679, 681, 699, 701, 709, 710, 712, 721, 723, 726, 737, 738, 740, 747, 749, 752, 787, 790, 797, 812, 816], [116, 122, 124, 129, 135, 164, 168, 174, 180, 186, 230, 240, 250, 251, 269, 270, 275, 277, 278, 280, 284, 288, 298, 303, 307, 311, 315, 316, 318, 321, 323, 338, 341, 343, 346, 349, 350, 352, 354, 355, 356, 358, 360, 361, 362, 364, 365, 368, 369, 370, 373, 375, 380, 382, 383, 388, 389, 405, 435, 444, 448, 453, 454, 460, 466, 471, 475, 490, 491, 500, 504, 506, 507, 508, 544, 545, 546, 562, 565, 566, 567, 568, 571, 576, 577, 580, 581, 583, 584, 585, 588, 589, 598, 601, 603, 604, 605, 608, 610, 611, 613, 614, 616, 618, 621, 623, 624, 625, 626, 629, 630, 708, 772, 777]!Vessel: FarStar
] 

Rvl : [
!l : 2, 3
[180, 280, 287, 291, 293, 298, 300, 307, 309, 347, 385, 386, 393, 413, 517, 522, 523, 524, 528, 529, 531, 533, 541, 542, 543, 544, 561, 572, 574, 575, 578, 582, 586, 631, 632, 638, 653, 655, 731], [263, 270, 302, 306, 357, 359, 363, 366, 367, 391, 396, 399, 402, 409, 410, 429, 432, 439, 446, 450, 452, 453, 456, 460, 466, 477, 480, 486, 494, 496, 497, 501, 503, 506, 509, 515, 520, 525, 535, 538, 540, 546, 547, 565, 569, 577, 579, 587, 590, 591, 592, 593, 594, 595, 596, 597, 598, 599, 600, 601, 602, 604, 605, 606, 607, 608, 609, 612, 615, 617, 619, 620, 622, 627, 628, 633, 634, 635, 636, 637, 639, 641, 644, 645, 647, 648, 650, 651, 654, 656, 657, 658, 659, 660, 664, 667, 668, 669, 670, 671, 672, 674, 676, 677, 678, 679, 680, 682, 683, 684, 685, 686, 687, 688, 689, 691, 694, 695, 696, 697, 700, 702, 703, 705, 706, 707, 708, 711, 713, 714, 715, 716, 717, 718, 719, 720, 722, 724, 725, 727, 728, 729, 730, 732, 734, 735, 736, 737, 739, 740, 741, 742, 743, 744, 745, 746, 748, 750, 751, 753, 754, 755, 756, 757, 758, 759, 760, 761, 762, 763, 764, 765, 766, 767, 768, 769, 770, 771, 772, 773, 774, 775, 776, 777, 778, 779, 780, 781, 782, 783, 784, 785, 786, 787, 788, 789, 790, 791, 792, 793, 794, 795, 796, 798, 799, 800, 801, 802, 803, 804, 806, 807, 808, 809, 810, 811, 812, 813, 814, 815, 817, 818, 819, 820, 821, 822, 823, 824, 825, 826, 827, 828, 829]!Vessel: FarSeeker
[180, 280, 287, 291, 293, 298, 300, 307, 309, 347, 385, 386, 393, 413, 517, 522, 523, 524, 528, 529, 531, 533, 541, 542, 543, 544, 561, 572, 574, 575, 578, 582, 586, 631, 632, 638, 653, 655, 731], [263, 270, 302, 306, 357, 359, 363, 366, 367, 391, 396, 399, 402, 409, 410, 429, 432, 439, 446, 450, 452, 453, 456, 460, 466, 477, 480, 486, 494, 496, 497, 501, 503, 506, 509, 515, 520, 525, 535, 538, 540, 546, 547, 565, 569, 577, 579, 587, 590, 591, 592, 593, 594, 595, 596, 597, 598, 599, 600, 601, 602, 604, 605, 606, 607, 608, 609, 612, 615, 617, 619, 620, 622, 627, 628, 633, 634, 635, 636, 637, 639, 641, 644, 645, 647, 648, 650, 651, 654, 656, 657, 658, 659, 660, 664, 667, 668, 669, 670, 671, 672, 674, 676, 677, 678, 679, 680, 682, 683, 684, 685, 686, 687, 688, 689, 691, 694, 695, 696, 697, 700, 702, 703, 705, 706, 707, 708, 711, 713, 714, 715, 716, 717, 718, 719, 720, 722, 724, 725, 727, 728, 729, 730, 732, 734, 735, 736, 737, 739, 740, 741, 742, 743, 744, 745, 746, 748, 750, 751, 753, 754, 755, 756, 757, 758, 759, 760, 761, 762, 763, 764, 765, 766, 767, 768, 769, 770, 771, 772, 773, 774, 775, 776, 777, 778, 779, 780, 781, 782, 783, 784, 785, 786, 787, 788, 789, 790, 791, 792, 793, 794, 795, 796, 798, 799, 800, 801, 802, 803, 804, 806, 807, 808, 809, 810, 811, 812, 813, 814, 815, 817, 818, 819, 820, 821, 822, 823, 824, 825, 826, 827, 828, 829]!Vessel: FarSearcher
[129, 135, 180, 280, 284, 287, 288, 291, 293, 298, 300, 303, 307, 309, 311, 321, 341, 347, 369, 373, 380, 382, 385, 386, 388, 389, 392, 393, 405, 408, 413, 518, 519, 522, 523, 529, 530, 543, 544, 561, 562, 567, 568, 570, 571, 584, 586, 631, 638, 655], [164, 240, 263, 270, 302, 306, 354, 357, 358, 359, 363, 366, 367, 375, 390, 391, 396, 398, 399, 401, 402, 407, 409, 410, 411, 412, 416, 429, 430, 431, 432, 435, 437, 441, 442, 444, 446, 448, 449, 452, 453, 454, 456, 460, 462, 466, 467, 469, 471, 475, 477, 478, 479, 480, 484, 488, 489, 490, 494, 498, 500, 501, 504, 506, 507, 509, 510, 511, 512, 513, 525, 526, 527, 545, 546, 554, 565, 566, 569, 576, 577, 580, 581, 585, 588, 591, 593, 595, 598, 601, 603, 604, 605, 608, 610, 611, 613, 614, 615, 616, 617, 618, 620, 621, 622, 627, 628, 629, 633, 634, 642, 643, 646, 647, 650, 654, 659, 660, 663, 664, 667, 668, 669, 672, 673, 676, 678, 679, 680, 682, 684, 685, 686, 689, 691, 692, 695, 696, 699, 700, 702, 703, 704, 705, 706, 708, 709, 713, 714, 715, 716, 718, 720, 721, 724, 725, 727, 729, 730, 732, 733, 734, 735, 736, 737, 738, 739, 740, 742, 743, 748, 750, 751, 752, 754, 755, 756, 764, 766, 768, 771, 772, 773, 775, 776, 777, 782, 783, 787, 788, 790, 797, 805, 811, 812, 816]!Vessel: FarSymphony
[180, 280, 287, 291, 293, 298, 300, 307, 309, 311, 321, 347, 369, 373, 385, 386, 389, 393, 413, 518, 522, 523, 524, 528, 529, 533, 541, 542, 543, 544, 561, 567, 570, 572, 574, 582, 584, 586, 631, 638, 655], [263, 270, 302, 306, 357, 359, 363, 366, 367, 375, 390, 391, 396, 398, 399, 402, 407, 409, 410, 411, 429, 430, 432, 441, 446, 452, 453, 456, 460, 462, 466, 469, 477, 478, 480, 488, 490, 494, 496, 497, 501, 503, 506, 509, 511, 512, 515, 525, 526, 540, 545, 546, 547, 565, 569, 576, 577, 579, 580, 585, 587, 588, 591, 593, 595, 596, 598, 599, 601, 602, 603, 604, 605, 606, 608, 610, 612, 613, 615, 617, 619, 620, 622, 627, 628, 633, 634, 635, 636, 637, 639, 641, 642, 643, 644, 645, 646, 647, 648, 650, 651, 654, 656, 657, 658, 659, 660, 663, 664, 667, 668, 669, 670, 671, 672, 676, 678, 679, 680, 682, 683, 684, 685, 686, 688, 689, 691, 694, 695, 696, 697, 700, 702, 703, 704, 705, 706, 707, 708, 711, 713, 714, 715, 716, 717, 718, 719, 720, 724, 725, 727, 728, 729, 730, 732, 733, 734, 735, 736, 737, 738, 739, 740, 742, 743, 744, 745, 746, 748, 750, 751, 753, 754, 755, 756, 757, 758, 759, 761, 762, 763, 764, 766, 768, 769, 771, 772, 773, 775, 776, 777, 778, 782, 783, 784, 786, 787, 788, 789, 790, 792, 794, 795, 796, 797, 798, 804, 805, 808, 811, 812, 813, 815, 816, 823, 824, 826, 829]!Vessel: HavilaForesight
[116, 122, 124, 129, 135, 168, 174, 180, 186, 196, 199, 203, 275, 280, 284, 288, 290, 297, 298, 303, 307, 311, 315, 316, 318, 321, 323, 338, 341, 346, 350, 369, 373, 380, 382, 383, 384, 388, 389, 392, 393, 404, 405, 408, 516, 518, 519, 521, 530, 532, 544, 550, 556, 562, 567, 568, 570, 571, 573, 583, 584, 625, 638, 640, 655], [164, 194, 204, 205, 206, 226, 230, 234, 240, 241, 242, 250, 251, 252, 257, 265, 269, 270, 277, 278, 295, 343, 349, 352, 354, 355, 356, 358, 360, 361, 362, 364, 365, 368, 370, 375, 390, 391, 395, 396, 397, 398, 400, 401, 402, 407, 409, 410, 411, 412, 416, 423, 424, 430, 431, 432, 435, 437, 438, 440, 441, 442, 444, 448, 449, 451, 452, 453, 454, 460, 462, 466, 467, 468, 469, 471, 475, 478, 479, 480, 484, 485, 487, 488, 489, 490, 491, 498, 499, 500, 502, 504, 506, 507, 508, 510, 511, 512, 513, 514, 526, 527, 534, 536, 537, 539, 545, 546, 553, 554, 565, 566, 576, 577, 580, 581, 585, 588, 589, 598, 601, 603, 604, 605, 608, 610, 611, 613, 614, 616, 618, 621, 623, 624, 626, 629, 630, 642, 643, 646, 649, 650, 652, 660, 662, 663, 664, 666, 669, 673, 675, 676, 679, 681, 692, 693, 698, 699, 701, 703, 704, 708, 709, 710, 712, 716, 721, 723, 726, 732, 733, 737, 738, 740, 747, 749, 752, 772, 777, 787, 790, 797, 805, 812, 816]!Vessel: FarStar
] 

minF : 1
maxF : 6
Nf : [
!f : 1, 2, 3, 4, 5, 6
[10], [5, 6], [], [], [2, 3, 4, 7], [1, 8, 9]
]

! Parameters
VoyageCost: [37970, 39085, 64838, 53931, 37570, 44429, 45544, 73722, 62814, 42817, 43726, 43120, 46453, 44696, 43120, 73722, 62814, 40394, 38879, 38273, 44029, 39848, 74837, 63929, 43932, 42418, 44235, 47568, 45811, 72716, 73019, 72413, 75746, 73988, 62111, 64838, 72110, 61202, 39691, 41509, 44841, 43084, 37570, 43326, 41569, 61505, 45144, 46720, 65505, 38539, 50186, 51156, 49580, 81296, 70389, 50392, 48877, 50695, 54028, 52271, 81599, 49277, 48574, 48877, 49580, 49847, 52913, 52210, 80181, 69274, 78872, 67965, 47968, 46453, 48271, 51604, 49847, 81599, 78569, 67662, 46150, 51301, 79478, 68571, 44029, 78872, 67965, 44999, 82205, 71298, 82714, 47568, 50962, 78569, 78872, 80448, 80448, 78169, 79987, 83320, 79987, 80896, 83623, 77867, 83017, 78169, 83320, 67662, 67965, 69541, 69541, 67262, 72413, 70656, 66959, 70353, 67262, 68232, 73988, 47968, 51301, 49544, 45544, 47120, 79684, 68777, 47265, 52416, 50659, 68777, 72110, 44841, 50598, 52416, 53991, 79478, 68571, 50453, 45605, 50901, 49144, 44296, 81502, 70595, 51604, 49180, 69080, 49083, 52719, 80290, 72413, 79684, 48477, 82205, 71298, 53179, 50756, 54294, 49786, 52477, 51871, 81563, 81866, 81260, 82169, 84896, 71261, 48841, 79139, 48235, 55337, 55337, 54731, 56306, 89174, 54028, 57421, 55034, 54428, 56003, 53725, 55603, 56306, 58670, 58064, 59639, 57361, 88059, 85332, 74425, 54428, 58064, 86750, 86144, 89780, 75237, 78872, 53725, 58876, 51604, 57361, 74122, 57761, 86447, 89477, 78569, 51301, 85938, 75031, 84629, 73722, 87356, 84326, 73419, 84629, 73722, 50756, 87962, 77055, 85332, 74425, 86750, 88665, 77757, 54294, 86144, 84629, 86447, 89780, 88022, 85029, 84326, 86144, 89477, 84629, 85599, 87962, 85599, 84023, 85599, 85441, 90592, 83320, 89077, 90895, 86447, 87356, 86750, 90083, 88325, 88325, 87562, 86047, 91198, 85744, 87562, 90895, 86047, 90083, 89380, 91198, 83720, 85296, 83017, 88774, 90592, 75237, 75540, 77115, 76812, 74691, 77055, 74691, 73116, 74691, 72413, 76412, 81563, 72813, 74388, 72110, 75237, 78569, 54694, 57058, 58876, 60451, 52271, 55543, 58876, 57118, 53119, 54694, 76352, 79684, 52416, 58173, 56415, 59991, 61566, 74534, 77927, 75503, 77867, 79684, 81260, 52877, 56452, 58027, 55749, 59142, 73722, 53725, 57361, 55603, 53179, 78169, 60051, 77721, 73419, 55300, 73722, 58936, 89780, 78872, 56755, 54997, 87356, 76449, 59179, 87865, 79987, 87259, 56052, 86653, 75746, 78872, 60754, 58330, 55906, 58330, 59445, 80448, 57058, 54937, 56512, 59748, 55203, 86908, 76000, 56912, 86205, 75297, 88931, 78024, 89440, 88834, 92470, 87719, 88628, 91355, 87320, 89137, 90046, 92773, 87017, 92167, 90652, 76109, 79745, 86714, 75806, 55809, 87017, 86411, 90046, 79139, 84896, 73988, 51568, 60487, 61457, 60754, 60184, 61154, 60451, 63820, 64790, 65396, 81696, 92604, 60184, 65335, 63820, 96239, 94022, 97657, 91901, 97051, 95536, 80993, 86144, 84629, 58876, 58330, 62511, 92907, 63517, 95936, 97354, 95233, 84326, 58027, 80181, 92507, 79878, 80181, 92507, 94421, 83514, 89780, 78872, 89477, 78569, 93113, 82205, 91089, 90483, 92058, 91901, 93719, 97051, 89780, 95536, 93173, 97354, 90786, 90180, 91755, 89477, 95233, 97051, 91089, 92058, 93816, 95391, 93113, 90749, 91295, 92870, 90592, 96348, 91355, 90046, 94930, 96506, 94228, 93816, 93210, 94785, 93210, 94022, 92507, 94325, 97657, 95900, 92204, 94022, 97354, 92507, 93476, 96542, 95839, 97657, 93476, 91901, 93476, 93319, 95137, 98469, 91198, 96954, 98772, 92204, 91598, 93173, 90895, 96651, 98469, 94082, 92773, 95839, 95233, 96809, 94531, 90446, 91052, 94627, 93925, 91355, 94688, 82811, 84387, 82266, 82908, 84484, 79842, 79139, 79539, 80993, 86144, 85029, 84326, 86144, 87719, 62911, 64487, 64632, 66450, 68026, 62208, 65602, 62269, 59845, 83078, 85441, 87259, 60451, 59142, 64026, 65602, 63323, 66717, 80387, 81963, 79684, 83720, 85296, 83017, 87017, 62875, 63178, 62475, 66511, 82872, 87320, 82569, 86447, 79575, 59578, 63214, 84023, 79272, 98166, 78872, 58876, 62511, 83320, 78569, 82205, 64790, 65905, 85332, 84629, 88022, 85599, 63481, 62778, 85599, 64632, 61663, 66208, 62208, 63784, 67323, 86205, 81151, 61154, 80848, 92664, 81757, 61760, 62063, 62063, 80448, 64087, 80145, 83781, 81151, 95294, 98930, 96712, 100348, 94591, 98227, 83684, 88834, 93779, 93476, 98627, 97112, 95597, 96506, 99233, 95197, 94894, 100045, 98530, 97924, 94082, 83175, 93985, 97621, 94591, 92870, 96506, 94288, 97924, 97318, 81963, 86714, 86411, 91355, 80448, 64087, 80448, 89743, 78836, 93379, 82472, 67214, 66911, 70546, 87453, 92604, 100481, 103511, 65335, 71092, 68971, 98360, 101996, 104117, 99778, 104929, 103414, 97051, 102808, 100687, 86144, 91901, 89780, 65602, 69238, 68668, 101693, 103814, 103111, 100384, 89477, 85332, 97657, 85029, 97354, 88665, 96239, 97209, 97754, 97051, 102808, 97815, 96506, 101390, 102966, 100687, 95936, 96203, 101087, 100384, 97815, 99572, 100542, 101148, 96506, 102202, 101499, 102263, 101657, 100954, 98966, 99936, 98966, 98360, 99936, 99778, 101596, 104929, 97657, 103414, 101051, 105232, 98663, 98057, 97354, 103111, 104929, 100542, 99233, 102299, 101693, 103269, 100990, 99233, 98627, 99172, 98469, 104226, 106044, 99233, 97924, 102808, 104384, 102105, 102505, 101802, 100990, 101960, 102566, 101257, 89634, 65602, 86847, 86144, 91901, 93719, 90786, 90180, 89477, 70486, 69783, 68935, 91295, 90592, 70546, 93779, 91355, 90483, 104626, 89780, 69940, 69238, 91089, 92058, 90749, 90046, 69783, 86908, 90240, 104687, 106807, 106104, 101657, 104989, 86302, 85999, 104081, 100748, 104384, 105499, 89537, 93173, 86908, 85599, 85296, 99839, 88931, 85599, 85296, 86411, 97621, 89743, 99839, 88931, 92604, 75697, 103511, 107147, 109874, 104929, 108565, 107959, 97051, 96506, 106844, 108262, 76243, 96239, 95936, 102966, 108662, 107959, 107413, 106298, 105692, 104117, 105086, 105632, 104929, 112503, 104384, 109268, 108565, 103814, 108965, 108262, 107450, 108419, 107716, 104384, 110080, 109377, 107716, 92058, 95391, 97754, 97051, 97209, 96506, 115024]
VoyageDuration: [2, 2, 2, 2, 2, 2, 2, 2, 2, 2, 2, 2, 2, 2, 2, 2, 2, 2, 2, 2, 2, 2, 2, 2, 2, 2, 2, 2, 2, 2, 2, 2, 2, 2, 2, 2, 2, 2, 2, 2, 2, 2, 2, 2, 2, 2, 2, 2, 2, 2, 2, 2, 2, 3, 2, 2, 2, 2, 2, 2, 3, 2, 2, 2, 2, 2, 2, 2, 2, 2, 2, 2, 2, 2, 2, 2, 2, 3, 2, 2, 2, 2, 2, 2, 2, 2, 2, 2, 3, 2, 3, 2, 2, 2, 2, 3, 3, 2, 2, 3, 2, 2, 3, 2, 3, 2, 3, 2, 2, 2, 2, 2, 2, 2, 2, 2, 2, 2, 2, 2, 2, 2, 2, 2, 2, 2, 2, 2, 2, 2, 2, 2, 2, 2, 2, 2, 2, 2, 2, 2, 2, 2, 3, 2, 2, 2, 2, 2, 2, 2, 2, 2, 2, 3, 2, 2, 2, 2, 2, 2, 2, 3, 3, 3, 3, 3, 2, 2, 2, 2, 2, 2, 2, 2, 3, 2, 2, 2, 2, 2, 2, 2, 2, 2, 2, 2, 2, 3, 3, 2, 2, 2, 3, 3, 3, 2, 3, 2, 2, 2, 2, 2, 2, 3, 3, 3, 2, 3, 2, 3, 2, 3, 3, 2, 3, 2, 2, 3, 3, 3, 2, 3, 3, 3, 2, 3, 3, 3, 3, 3, 3, 3, 3, 3, 3, 3, 3, 3, 3, 3, 3, 3, 3, 3, 3, 3, 3, 3, 3, 3, 3, 3, 3, 3, 3, 3, 3, 3, 3, 3, 3, 3, 3, 3, 3, 3, 2, 2, 3, 3, 2, 3, 2, 2, 2, 2, 3, 3, 2, 2, 2, 2, 3, 2, 2, 2, 2, 2, 2, 2, 2, 2, 2, 2, 3, 2, 2, 2, 2, 2, 2, 3, 2, 3, 3, 3, 2, 2, 2, 2, 2, 2, 2, 2, 2, 2, 3, 2, 3, 2, 2, 2, 2, 3, 3, 2, 2, 3, 3, 2, 3, 3, 3, 2, 3, 2, 3, 2, 2, 2, 2, 2, 3, 2, 2, 2, 2, 2, 3, 2, 2, 3, 2, 3, 3, 3, 3, 3, 3, 3, 3, 3, 3, 3, 3, 3, 3, 3, 2, 3, 3, 2, 2, 3, 3, 3, 3, 3, 2, 2, 2, 2, 2, 2, 2, 2, 2, 2, 2, 3, 3, 2, 2, 2, 3, 3, 3, 3, 3, 3, 3, 3, 3, 2, 2, 2, 3, 2, 3, 3, 3, 3, 2, 3, 3, 3, 3, 3, 3, 3, 3, 3, 3, 3, 3, 3, 3, 3, 3, 3, 3, 3, 3, 3, 3, 3, 3, 3, 3, 3, 3, 3, 3, 3, 3, 3, 3, 3, 3, 3, 3, 3, 3, 3, 3, 3, 3, 3, 3, 3, 3, 3, 3, 3, 3, 3, 3, 3, 3, 3, 3, 3, 3, 3, 3, 3, 3, 3, 3, 3, 3, 3, 3, 3, 3, 3, 3, 3, 3, 3, 3, 3, 3, 3, 3, 3, 3, 3, 3, 3, 3, 3, 3, 3, 3, 3, 3, 3, 3, 3, 3, 3, 3, 3, 3, 2, 2, 2, 2, 3, 2, 2, 2, 2, 3, 3, 3, 2, 2, 2, 2, 2, 2, 3, 3, 3, 3, 3, 3, 3, 2, 2, 2, 2, 3, 3, 3, 3, 3, 2, 2, 3, 3, 3, 3, 2, 2, 3, 3, 3, 2, 2, 3, 3, 3, 3, 2, 2, 3, 2, 2, 2, 2, 2, 2, 3, 3, 2, 3, 3, 3, 2, 2, 2, 3, 2, 3, 3, 3, 3, 3, 3, 3, 3, 3, 3, 3, 3, 3, 3, 3, 3, 3, 3, 3, 3, 3, 3, 3, 3, 3, 3, 3, 3, 3, 3, 3, 3, 3, 3, 3, 3, 3, 3, 2, 3, 3, 3, 3, 3, 2, 2, 3, 3, 3, 3, 3, 2, 3, 2, 3, 3, 3, 3, 3, 3, 3, 3, 3, 3, 3, 3, 2, 3, 2, 3, 3, 3, 3, 3, 3, 3, 3, 3, 3, 3, 3, 3, 3, 3, 3, 3, 3, 3, 3, 3, 3, 3, 3, 3, 3, 3, 3, 3, 3, 3, 3, 3, 3, 3, 3, 3, 3, 3, 3, 3, 3, 3, 3, 3, 3, 3, 3, 3, 3, 3, 3, 3, 3, 3, 3, 3, 3, 3, 3, 3, 3, 3, 3, 3, 3, 3, 3, 3, 3, 3, 3, 3, 3, 3, 2, 3, 3, 3, 3, 3, 3, 3, 3, 3, 3, 3, 3, 3, 3, 3, 3, 3, 3, 3, 3, 3, 3, 3, 3, 3, 3, 3, 3, 3, 3, 3, 3, 3, 3, 3, 3, 3, 3, 3, 3, 3, 3, 3, 3, 3, 3, 3, 3, 3, 3, 3, 3, 3, 3, 3, 3, 3, 3, 3, 3, 3, 3, 3, 3, 3, 3, 3, 3, 3, 3, 3, 3, 3, 3, 3, 3, 3, 3, 3, 3, 3, 3, 3, 3, 3, 3, 3, 3, 3, 3, 3, 3, 3, 3, 3, 3, 3, 3]
TimeCharterCost: [120000, 125000, 130000, 110000, 104000]
RequiredVisits: [6, 5, 5, 5, 2, 2, 5, 6, 6, 1]
NumberOfDaysAvailable: [7, 7, 7, 7, 7]
DepotCapacity: [3, 3, 3, 3, 3, 3, 0]
