!Summary:
!Execution time: 0,97 seconds
!Total # voyages: 2463 (813 unique)
!Number of installations (excluding depot): 10
!Number of time windows: 3
!Number of vessels: 5

!Min. # installations: 1
!Max. number of installations: 8
!Min. duration: 56
!Max. duration: 80

!Name: FarStar	 # voyages: 439
!Name: FarSymphony	 # voyages: 482
!Name: FarSearcher	 # voyages: 519
!Name: FarSeeker	 # voyages: 519
!Name: HavilaForesight	 # voyages: 504
!------------------------------------------------------------------------------------------------------------------------
nV : 5
nR : 813
nN : 10
nT : 7
minL : 2
maxL : 3

! Sets: 
Rv : [
[66, 85, 100, 123, 127, 139, 154, 168, 177, 180, 181, 182, 184, 185, 186, 187, 190, 191, 194, 195, 202, 204, 205, 206, 208, 212, 216, 217, 218, 219, 220, 223, 224, 226, 230, 232, 233, 245, 246, 247, 248, 249, 250, 252, 256, 258, 260, 262, 265, 266, 268, 269, 273, 274, 275, 278, 279, 281, 282, 284, 287, 288, 290, 291, 292, 293, 294, 295, 296, 297, 299, 300, 301, 303, 304, 305, 306, 307, 308, 309, 310, 312, 313, 318, 319, 320, 325, 329, 331, 339, 340, 341, 343, 345, 350, 353, 354, 356, 358, 359, 360, 361, 362, 363, 364, 365, 366, 367, 368, 369, 370, 371, 372, 373, 374, 375, 376, 378, 379, 380, 381, 382, 384, 385, 386, 387, 388, 389, 390, 391, 392, 393, 394, 395, 396, 397, 400, 401, 402, 403, 404, 405, 406, 407, 408, 409, 410, 411, 412, 414, 415, 416, 417, 418, 419, 420, 422, 423, 424, 425, 426, 427, 428, 429, 431, 433, 434, 435, 436, 437, 439, 440, 442, 443, 444, 445, 446, 447, 448, 449, 450, 451, 453, 455, 456, 457, 458, 460, 461, 462, 464, 466, 468, 469, 470, 471, 472, 473, 474, 476, 477, 479, 480, 481, 482, 484, 485, 486, 488, 489, 490, 491, 492, 494, 495, 496, 498, 499, 501, 502, 503, 504, 506, 507, 508, 509, 510, 511, 513, 514, 516, 517, 518, 519, 520, 521, 522, 523, 524, 525, 526, 527, 528, 529, 530, 531, 532, 533, 534, 535, 536, 537, 538, 539, 540, 541, 542, 543, 544, 545, 546, 547, 548, 549, 550, 551, 552, 553, 554, 555, 556, 558, 561, 563, 565, 566, 568, 569, 570, 571, 572, 573, 574, 575, 576, 577, 578, 579, 581, 583, 584, 585, 586, 587, 588, 589, 590, 591, 592, 593, 594, 595, 596, 597, 598, 599, 600, 601, 602, 603, 604, 605, 606, 607, 608, 610, 611, 612, 613, 614, 615, 616, 617, 618, 619, 620, 621, 622, 623, 624, 625, 626, 627, 628, 629, 630, 631, 632, 633, 634, 635, 636, 637, 638, 639, 640, 641, 642, 643, 644, 645, 646, 647, 648, 649, 650, 651, 652, 653, 654, 655, 656, 657, 658, 659, 660, 661, 662, 663, 664, 665, 666, 667, 668, 669, 670, 671, 672, 673, 674, 675, 676, 677, 678, 679, 680, 681, 682, 683, 684, 685, 686, 687, 688, 689, 690, 691, 692, 693, 694, 695, 696, 697, 698, 699, 700, 701, 702, 703, 704, 705, 706, 707, 708, 709, 710, 711, 712, 713, 714, 715, 716, 717, 718, 719, 720, 721, 722, 723, 724, 725, 726, 727, 728, 729, 730, 731, 732, 733, 734, 735, 736, 737, 738, 739, 740, 741, 742, 743, 744, 745, 746, 747, 748, 749, 750, 751, 752, 753, 754, 755, 756, 757, 758, 759, 760, 761, 762, 763, 764, 765, 766, 767, 768, 769, 770, 771, 772, 773, 774, 775, 776, 777, 778, 779, 780, 781, 782, 783, 784, 785, 786, 787, 788, 789, 790, 791, 792, 793, 794, 795, 796, 797, 798, 799, 800, 801, 802, 803, 804, 805, 806, 807, 808, 809, 810, 811, 812, 813]!Vessel: FarSeeker
[66, 85, 100, 123, 127, 139, 154, 168, 177, 180, 181, 182, 184, 185, 186, 187, 190, 191, 194, 195, 202, 204, 205, 206, 208, 212, 216, 217, 218, 219, 220, 223, 224, 226, 230, 232, 233, 245, 246, 247, 248, 249, 250, 252, 256, 258, 260, 262, 265, 266, 268, 269, 273, 274, 275, 278, 279, 281, 282, 284, 287, 288, 290, 291, 292, 293, 294, 295, 296, 297, 299, 300, 301, 303, 304, 305, 306, 307, 308, 309, 310, 312, 313, 318, 319, 320, 325, 329, 331, 339, 340, 341, 343, 345, 350, 353, 354, 356, 358, 359, 360, 361, 362, 363, 364, 365, 366, 367, 368, 369, 370, 371, 372, 373, 374, 375, 376, 378, 379, 380, 381, 382, 384, 385, 386, 387, 388, 389, 390, 391, 392, 393, 394, 395, 396, 397, 400, 401, 402, 403, 404, 405, 406, 407, 408, 409, 410, 411, 412, 414, 415, 416, 417, 418, 419, 420, 422, 423, 424, 425, 426, 427, 428, 429, 431, 433, 434, 435, 436, 437, 439, 440, 442, 443, 444, 445, 446, 447, 448, 449, 450, 451, 453, 455, 456, 457, 458, 460, 461, 462, 464, 466, 468, 469, 470, 471, 472, 473, 474, 476, 477, 479, 480, 481, 482, 484, 485, 486, 488, 489, 490, 491, 492, 494, 495, 496, 498, 499, 501, 502, 503, 504, 506, 507, 508, 509, 510, 511, 513, 514, 516, 517, 518, 519, 520, 521, 522, 523, 524, 525, 526, 527, 528, 529, 530, 531, 532, 533, 534, 535, 536, 537, 538, 539, 540, 541, 542, 543, 544, 545, 546, 547, 548, 549, 550, 551, 552, 553, 554, 555, 556, 558, 561, 563, 565, 566, 568, 569, 570, 571, 572, 573, 574, 575, 576, 577, 578, 579, 581, 583, 584, 585, 586, 587, 588, 589, 590, 591, 592, 593, 594, 595, 596, 597, 598, 599, 600, 601, 602, 603, 604, 605, 606, 607, 608, 610, 611, 612, 613, 614, 615, 616, 617, 618, 619, 620, 621, 622, 623, 624, 625, 626, 627, 628, 629, 630, 631, 632, 633, 634, 635, 636, 637, 638, 639, 640, 641, 642, 643, 644, 645, 646, 647, 648, 649, 650, 651, 652, 653, 654, 655, 656, 657, 658, 659, 660, 661, 662, 663, 664, 665, 666, 667, 668, 669, 670, 671, 672, 673, 674, 675, 676, 677, 678, 679, 680, 681, 682, 683, 684, 685, 686, 687, 688, 689, 690, 691, 692, 693, 694, 695, 696, 697, 698, 699, 700, 701, 702, 703, 704, 705, 706, 707, 708, 709, 710, 711, 712, 713, 714, 715, 716, 717, 718, 719, 720, 721, 722, 723, 724, 725, 726, 727, 728, 729, 730, 731, 732, 733, 734, 735, 736, 737, 738, 739, 740, 741, 742, 743, 744, 745, 746, 747, 748, 749, 750, 751, 752, 753, 754, 755, 756, 757, 758, 759, 760, 761, 762, 763, 764, 765, 766, 767, 768, 769, 770, 771, 772, 773, 774, 775, 776, 777, 778, 779, 780, 781, 782, 783, 784, 785, 786, 787, 788, 789, 790, 791, 792, 793, 794, 795, 796, 797, 798, 799, 800, 801, 802, 803, 804, 805, 806, 807, 808, 809, 810, 811, 812, 813]!Vessel: FarSearcher
[39, 54, 62, 66, 77, 81, 84, 85, 95, 99, 100, 104, 105, 109, 115, 118, 120, 121, 122, 123, 126, 127, 136, 139, 154, 162, 163, 164, 165, 167, 168, 171, 177, 180, 181, 182, 184, 185, 186, 187, 190, 191, 193, 194, 195, 196, 197, 202, 204, 205, 206, 208, 210, 212, 216, 217, 218, 219, 220, 223, 224, 225, 226, 230, 232, 233, 236, 239, 241, 243, 245, 246, 247, 248, 249, 250, 251, 252, 255, 256, 258, 260, 262, 265, 266, 268, 269, 273, 274, 275, 277, 278, 279, 281, 282, 284, 287, 288, 289, 290, 291, 292, 293, 294, 295, 296, 297, 299, 300, 301, 303, 304, 305, 306, 307, 308, 309, 310, 311, 312, 313, 318, 319, 320, 322, 324, 325, 326, 327, 329, 330, 331, 333, 334, 337, 339, 340, 341, 342, 343, 344, 345, 347, 349, 350, 352, 353, 354, 356, 358, 359, 360, 361, 362, 363, 364, 365, 366, 367, 368, 369, 370, 371, 372, 373, 374, 375, 376, 378, 379, 380, 381, 382, 384, 385, 388, 389, 390, 391, 392, 393, 396, 397, 401, 402, 403, 404, 405, 406, 407, 408, 409, 410, 411, 412, 414, 415, 416, 418, 420, 421, 422, 423, 424, 425, 426, 427, 428, 431, 432, 433, 434, 435, 436, 437, 438, 439, 440, 441, 442, 443, 444, 445, 446, 450, 451, 452, 453, 454, 455, 456, 457, 458, 459, 460, 461, 462, 464, 465, 466, 467, 468, 469, 470, 471, 472, 473, 474, 475, 476, 477, 478, 479, 480, 481, 482, 483, 484, 485, 486, 488, 489, 490, 491, 492, 493, 494, 495, 496, 497, 498, 499, 500, 501, 502, 503, 504, 505, 506, 507, 508, 509, 510, 511, 512, 513, 514, 515, 516, 517, 518, 519, 520, 521, 522, 525, 526, 527, 529, 530, 532, 533, 534, 535, 536, 537, 538, 539, 540, 541, 544, 546, 547, 548, 549, 550, 551, 552, 553, 554, 555, 556, 557, 558, 560, 561, 562, 563, 565, 566, 567, 568, 569, 570, 572, 573, 574, 575, 576, 577, 579, 580, 581, 582, 583, 584, 585, 586, 587, 588, 589, 590, 591, 592, 593, 594, 595, 596, 600, 601, 602, 603, 604, 607, 608, 609, 610, 611, 614, 615, 617, 619, 628, 630, 631, 633, 634, 637, 638, 641, 645, 646, 647, 648, 649, 650, 651, 652, 653, 654, 655, 656, 657, 658, 659, 660, 662, 663, 664, 667, 669, 670, 671, 672, 673, 674, 675, 676, 678, 680, 681, 682, 683, 685, 686, 688, 689, 691, 692, 695, 696, 698, 699, 700, 701, 702, 705, 706, 707, 708, 712, 713, 714, 715, 718, 720, 721, 722, 726, 727, 728, 731, 732, 733, 734, 735, 736, 737, 738, 739, 740, 741, 742, 743, 744, 745, 746, 747, 748, 749, 750, 751, 752, 753, 754, 755, 756, 757, 758, 760, 762, 764, 765, 766, 770, 772, 774, 788, 794, 795, 796, 808]!Vessel: FarSymphony
[39, 66, 81, 85, 100, 105, 109, 118, 123, 127, 139, 154, 163, 165, 168, 177, 180, 181, 182, 184, 185, 186, 187, 190, 191, 193, 194, 195, 197, 202, 204, 205, 206, 208, 212, 216, 217, 218, 219, 220, 223, 224, 225, 226, 230, 232, 233, 236, 245, 246, 247, 248, 249, 250, 251, 252, 256, 258, 260, 262, 265, 266, 268, 269, 273, 274, 275, 278, 279, 281, 282, 284, 287, 288, 289, 290, 291, 292, 293, 294, 295, 296, 297, 299, 300, 301, 303, 304, 305, 306, 307, 308, 309, 310, 312, 313, 318, 319, 320, 324, 325, 326, 327, 329, 330, 331, 333, 337, 339, 340, 341, 342, 343, 344, 345, 350, 353, 354, 356, 358, 359, 360, 361, 362, 363, 364, 365, 366, 367, 368, 369, 370, 371, 372, 373, 374, 375, 376, 378, 379, 380, 381, 382, 384, 385, 388, 389, 390, 391, 392, 393, 394, 395, 396, 397, 401, 402, 403, 404, 405, 406, 407, 408, 409, 410, 411, 412, 414, 415, 416, 418, 419, 420, 422, 423, 424, 425, 426, 427, 428, 429, 431, 433, 434, 435, 436, 437, 439, 440, 442, 443, 444, 445, 446, 447, 449, 450, 451, 453, 455, 456, 457, 458, 459, 460, 461, 462, 464, 465, 466, 468, 469, 470, 471, 472, 473, 474, 475, 476, 477, 479, 480, 481, 482, 484, 485, 486, 488, 489, 490, 491, 492, 494, 495, 496, 497, 498, 499, 501, 502, 503, 504, 505, 506, 507, 508, 509, 510, 511, 512, 513, 514, 516, 517, 518, 519, 520, 521, 522, 523, 524, 525, 526, 527, 528, 529, 530, 531, 532, 533, 534, 535, 536, 537, 538, 539, 540, 541, 542, 544, 546, 547, 548, 549, 550, 551, 552, 553, 554, 555, 556, 558, 561, 563, 565, 566, 567, 568, 569, 570, 571, 572, 573, 574, 575, 576, 577, 578, 579, 581, 583, 584, 585, 586, 587, 588, 589, 590, 591, 592, 593, 594, 595, 596, 600, 601, 602, 603, 604, 606, 607, 608, 609, 610, 611, 612, 613, 614, 615, 616, 617, 618, 619, 622, 624, 626, 627, 628, 629, 630, 631, 632, 633, 634, 635, 636, 637, 638, 639, 640, 641, 644, 645, 646, 647, 648, 649, 650, 651, 652, 653, 654, 655, 656, 657, 658, 659, 660, 661, 662, 663, 664, 666, 667, 668, 669, 670, 671, 672, 673, 674, 675, 676, 678, 679, 680, 681, 682, 683, 684, 685, 686, 687, 688, 689, 690, 691, 692, 694, 695, 696, 697, 698, 699, 700, 701, 702, 703, 704, 705, 706, 707, 708, 710, 711, 712, 713, 714, 715, 716, 717, 718, 719, 720, 721, 722, 724, 725, 726, 727, 728, 729, 730, 731, 732, 733, 734, 735, 736, 737, 738, 739, 740, 741, 742, 743, 744, 745, 746, 747, 748, 749, 750, 751, 752, 753, 754, 755, 756, 757, 758, 759, 760, 761, 762, 764, 765, 766, 767, 768, 770, 772, 773, 774, 776, 777, 778, 779, 780, 781, 787, 788, 791, 794, 795, 796, 798, 803, 805, 806, 808, 809, 810, 813]!Vessel: HavilaForesight
[39, 54, 58, 62, 64, 65, 66, 74, 77, 81, 83, 84, 85, 88, 95, 97, 99, 100, 104, 105, 109, 110, 115, 116, 118, 119, 120, 121, 122, 123, 124, 126, 127, 131, 132, 134, 136, 138, 139, 154, 161, 162, 163, 164, 165, 166, 167, 168, 170, 171, 172, 176, 177, 179, 180, 181, 184, 185, 186, 187, 188, 190, 191, 193, 195, 196, 197, 201, 202, 204, 205, 206, 207, 208, 209, 210, 211, 212, 215, 216, 217, 218, 219, 222, 223, 224, 225, 228, 230, 232, 233, 236, 237, 239, 241, 243, 244, 245, 246, 247, 249, 251, 252, 253, 255, 256, 258, 259, 260, 262, 264, 265, 266, 268, 269, 272, 273, 274, 275, 276, 277, 278, 279, 281, 282, 283, 284, 285, 287, 288, 289, 290, 291, 292, 293, 294, 295, 296, 297, 298, 299, 300, 301, 302, 303, 304, 305, 306, 307, 308, 309, 310, 311, 312, 315, 316, 318, 319, 320, 322, 324, 325, 326, 327, 329, 330, 331, 333, 334, 337, 339, 340, 341, 342, 343, 344, 345, 347, 349, 350, 352, 353, 354, 355, 356, 358, 360, 361, 362, 363, 364, 366, 367, 368, 369, 370, 371, 372, 375, 376, 378, 380, 382, 383, 384, 385, 389, 391, 392, 393, 397, 398, 399, 401, 402, 403, 404, 405, 406, 408, 409, 410, 411, 412, 413, 414, 415, 416, 418, 420, 421, 422, 423, 424, 425, 426, 427, 428, 430, 431, 432, 433, 434, 435, 436, 437, 438, 439, 441, 443, 444, 445, 446, 451, 452, 454, 455, 456, 457, 458, 459, 461, 462, 463, 464, 465, 467, 468, 469, 470, 471, 473, 475, 476, 477, 478, 479, 480, 481, 482, 483, 484, 485, 486, 487, 488, 489, 490, 491, 492, 493, 494, 495, 496, 497, 499, 500, 501, 502, 503, 504, 505, 507, 508, 509, 510, 511, 512, 514, 515, 516, 517, 518, 519, 521, 522, 526, 529, 530, 532, 533, 534, 535, 536, 537, 538, 539, 540, 541, 546, 547, 548, 550, 551, 552, 553, 554, 555, 556, 557, 558, 559, 560, 561, 562, 563, 564, 567, 568, 569, 570, 572, 573, 574, 575, 576, 577, 579, 580, 581, 582, 583, 584, 586, 587, 588, 589, 590, 591, 592, 593, 594, 595, 596, 600, 602, 603, 604, 607, 608, 609, 611, 615, 617, 619, 628, 630, 631, 633, 634, 637, 638, 641, 648, 649, 650, 651, 652, 654, 656, 658, 659, 663, 669, 670, 673, 680, 682, 683, 688, 689, 692, 695, 696, 698, 699, 702, 707, 713, 715, 718, 731, 733, 741, 745, 746, 748, 749, 750, 751, 753, 757, 758, 770, 774, 788, 795, 796, 808]!Vessel: FarStar
] 

Rvi : [
!i : 1, 2, 3, 4, 5, 6, 7, 8, 9, 10
[66, 177, 180, 181, 182, 184, 185, 186, 187, 190, 191, 194, 195, 202, 204, 205, 206, 208, 245, 252, 256, 258, 269, 273, 292, 293, 294, 295, 297, 299, 308, 318, 325, 354, 356, 358, 359, 360, 361, 362, 368, 382, 384, 385, 386, 387, 388, 389, 390, 391, 392, 393, 394, 395, 396, 397, 400, 401, 402, 403, 404, 405, 406, 409, 422, 423, 424, 428, 433, 434, 443, 444, 445, 447, 451, 453, 455, 456, 457, 458, 460, 461, 462, 464, 466, 477, 479, 480, 481, 482, 484, 485, 486, 488, 489, 490, 491, 492, 494, 522, 523, 524, 525, 526, 529, 530, 531, 532, 533, 534, 536, 537, 546, 547, 550, 551, 552, 553, 556, 558, 561, 563, 565, 566, 570, 573, 574, 579, 588, 589, 590, 591, 592, 593, 594, 595, 596, 597, 598, 599, 600, 601, 602, 603, 616, 621, 622, 623, 624, 625, 626, 627, 628, 629, 630, 631, 634, 639, 644, 645, 646, 647, 648, 649, 650, 653, 654, 656, 658, 659, 661, 663, 664, 665, 666, 667, 668, 669, 670, 671, 672, 673, 674, 675, 680, 681, 682, 683, 684, 685, 686, 687, 688, 689, 690, 691, 692, 693, 694, 695, 696, 697, 698, 699, 700, 701, 702, 703, 704, 705, 723, 724, 725, 726, 728, 729, 731, 733, 734, 735, 736, 737, 739, 741, 742, 744, 745, 746, 748, 749, 750, 753, 755, 756, 757, 758, 759, 760, 761, 762, 763, 767, 769, 770, 772, 776, 777, 778, 779, 780, 781, 782, 783, 784, 785, 786, 787, 788, 789, 790, 791, 792, 793, 794, 795, 796, 797, 798, 799, 805, 806, 807, 808, 809, 811, 812, 813], [85, 184, 187, 195, 202, 204, 205, 206, 208, 212, 216, 217, 218, 219, 220, 223, 224, 226, 230, 232, 233, 245, 246, 247, 252, 260, 262, 274, 288, 290, 296, 300, 309, 329, 331, 360, 363, 366, 369, 373, 376, 382, 385, 386, 389, 390, 392, 393, 394, 397, 400, 401, 402, 403, 404, 405, 406, 407, 408, 409, 410, 411, 412, 414, 415, 416, 417, 418, 419, 420, 422, 423, 424, 425, 426, 427, 428, 429, 431, 433, 434, 435, 436, 437, 439, 440, 442, 443, 444, 445, 446, 448, 451, 453, 461, 464, 466, 468, 469, 473, 474, 477, 479, 480, 490, 495, 496, 498, 507, 510, 511, 513, 518, 519, 520, 523, 526, 527, 528, 532, 535, 538, 542, 554, 565, 568, 569, 570, 571, 572, 589, 590, 591, 596, 597, 602, 604, 605, 607, 610, 612, 615, 617, 618, 619, 622, 623, 625, 626, 627, 628, 629, 630, 631, 632, 633, 634, 635, 636, 637, 638, 639, 640, 641, 642, 643, 644, 645, 646, 647, 648, 649, 650, 651, 652, 653, 654, 655, 656, 657, 658, 659, 660, 661, 662, 663, 664, 665, 666, 669, 672, 673, 674, 676, 677, 679, 680, 681, 682, 683, 684, 694, 697, 698, 699, 703, 706, 707, 708, 709, 710, 713, 717, 718, 719, 720, 722, 724, 725, 726, 727, 730, 732, 733, 734, 736, 737, 738, 739, 740, 741, 742, 743, 755, 757, 758, 759, 761, 764, 766, 769, 770, 771, 772, 773, 774, 775, 776, 777, 778, 779, 780, 781, 782, 784, 786, 787, 788, 789, 790, 794, 796, 797, 800, 801, 803, 804, 805, 806, 807, 808, 810, 811, 813], [100, 177, 180, 181, 182, 184, 185, 186, 190, 208, 212, 216, 217, 218, 219, 220, 248, 249, 250, 256, 262, 265, 266, 268, 275, 278, 297, 299, 300, 301, 303, 304, 305, 306, 307, 329, 339, 340, 341, 364, 365, 366, 367, 370, 371, 384, 385, 386, 387, 388, 389, 390, 391, 392, 393, 402, 403, 404, 405, 406, 407, 408, 409, 410, 411, 412, 414, 415, 416, 417, 418, 419, 420, 435, 447, 448, 449, 450, 451, 453, 455, 456, 457, 458, 460, 468, 469, 470, 471, 472, 473, 474, 476, 480, 481, 482, 484, 485, 496, 498, 499, 501, 502, 503, 504, 506, 527, 529, 530, 531, 532, 533, 534, 535, 536, 537, 538, 539, 540, 541, 542, 543, 544, 545, 558, 568, 569, 573, 574, 575, 576, 577, 578, 579, 581, 583, 584, 591, 592, 593, 594, 598, 605, 606, 607, 608, 610, 611, 619, 621, 622, 626, 627, 628, 629, 630, 631, 632, 633, 634, 635, 636, 637, 638, 639, 640, 641, 642, 644, 645, 654, 655, 657, 663, 664, 665, 666, 667, 668, 669, 670, 671, 676, 677, 678, 679, 682, 683, 684, 685, 686, 687, 688, 689, 690, 691, 692, 693, 707, 708, 709, 710, 711, 712, 713, 714, 715, 716, 725, 726, 727, 728, 729, 730, 732, 733, 734, 735, 737, 738, 739, 740, 744, 745, 746, 747, 748, 749, 750, 751, 752, 755, 756, 757, 758, 759, 760, 764, 765, 766, 767, 768, 769, 770, 771, 772, 773, 774, 775, 776, 777, 778, 782, 783, 784, 785, 788, 789, 790, 791, 792, 793, 794, 795, 800, 801, 802, 805, 807, 808, 809, 810, 811, 812, 813], [127, 180, 194, 204, 217, 223, 226, 232, 247, 250, 252, 256, 258, 260, 262, 265, 266, 268, 269, 273, 274, 275, 278, 279, 281, 282, 284, 287, 288, 290, 291, 292, 294, 304, 313, 319, 339, 345, 353, 354, 358, 364, 374, 378, 387, 400, 402, 406, 407, 408, 410, 411, 417, 420, 422, 425, 428, 429, 433, 436, 439, 444, 451, 453, 455, 456, 457, 458, 460, 461, 462, 464, 466, 468, 469, 470, 471, 472, 473, 474, 476, 477, 479, 480, 481, 482, 484, 485, 486, 488, 489, 490, 491, 492, 494, 495, 496, 498, 499, 501, 502, 503, 504, 506, 507, 508, 509, 510, 511, 513, 514, 516, 517, 518, 519, 520, 521, 524, 529, 543, 547, 550, 551, 556, 561, 566, 568, 570, 571, 572, 573, 575, 577, 578, 583, 585, 586, 587, 588, 599, 613, 615, 620, 626, 627, 631, 632, 633, 634, 635, 636, 637, 644, 647, 651, 657, 658, 660, 661, 663, 664, 665, 666, 667, 668, 669, 670, 671, 672, 673, 674, 675, 676, 677, 678, 679, 680, 681, 682, 683, 684, 685, 686, 687, 688, 689, 690, 691, 692, 693, 694, 695, 696, 697, 698, 699, 700, 701, 702, 703, 704, 705, 706, 707, 708, 709, 710, 711, 712, 713, 714, 715, 716, 717, 718, 719, 720, 721, 722, 723, 724, 737, 738, 740, 741, 742, 743, 744, 745, 747, 751, 753, 754, 767, 768, 770, 771, 772, 773, 774, 777, 779, 781, 782, 783, 784, 785, 786, 787, 788, 789, 790, 791, 792, 793, 794, 795, 796, 797, 798, 799, 800, 801, 802, 803, 804, 813], [123, 177, 187, 190, 191, 202, 212, 216, 223, 224, 230, 246, 248, 249, 269, 273, 274, 275, 278, 279, 281, 282, 284, 287, 293, 301, 303, 308, 309, 310, 312, 320, 343, 356, 368, 369, 370, 371, 372, 381, 384, 392, 393, 394, 395, 396, 397, 409, 410, 411, 412, 414, 415, 416, 422, 423, 424, 425, 426, 427, 431, 434, 435, 436, 437, 442, 445, 446, 447, 448, 449, 450, 477, 479, 480, 481, 482, 484, 485, 486, 488, 489, 490, 491, 492, 494, 495, 496, 498, 499, 501, 502, 503, 504, 506, 507, 508, 509, 510, 511, 513, 514, 516, 517, 522, 528, 536, 537, 538, 539, 540, 541, 546, 548, 549, 552, 553, 554, 555, 558, 561, 563, 575, 576, 581, 587, 589, 590, 591, 592, 593, 594, 595, 610, 611, 622, 623, 624, 626, 634, 635, 636, 637, 638, 639, 640, 641, 643, 645, 646, 647, 648, 649, 650, 651, 652, 654, 655, 656, 662, 680, 681, 682, 683, 684, 685, 686, 687, 688, 689, 690, 691, 692, 693, 694, 695, 696, 697, 698, 699, 700, 701, 702, 703, 704, 705, 706, 707, 708, 709, 710, 711, 712, 713, 714, 715, 716, 717, 718, 719, 720, 721, 727, 728, 729, 730, 731, 733, 734, 735, 736, 740, 741, 743, 748, 749, 750, 751, 752, 754, 757, 758, 759, 760, 761, 762, 764, 765, 768, 772, 773, 774, 775, 776, 779, 780, 787, 788, 789, 790, 791, 792, 793, 794, 795, 796, 797, 798, 799, 800, 801, 802, 803, 804, 805, 806, 807, 808, 809, 810, 811, 812, 813], [66, 85, 100, 123, 127, 139, 154, 168, 177, 180, 181, 182, 191, 194, 202, 204, 205, 206, 208, 212, 217, 218, 219, 220, 223, 224, 226, 230, 232, 233, 245, 246, 247, 248, 250, 269, 275, 279, 284, 293, 294, 295, 297, 301, 304, 305, 306, 310, 313, 318, 320, 325, 331, 339, 340, 341, 343, 345, 350, 353, 356, 358, 359, 364, 365, 370, 373, 374, 375, 376, 378, 379, 381, 385, 386, 387, 388, 394, 395, 396, 400, 401, 402, 403, 404, 407, 409, 410, 412, 415, 417, 418, 419, 420, 422, 423, 425, 427, 428, 429, 431, 434, 435, 436, 437, 439, 440, 442, 443, 444, 445, 447, 448, 449, 450, 458, 471, 481, 486, 491, 499, 504, 509, 510, 514, 523, 524, 525, 528, 529, 530, 531, 536, 540, 542, 543, 544, 545, 546, 547, 548, 549, 550, 552, 556, 558, 561, 563, 565, 566, 568, 569, 570, 571, 572, 573, 574, 575, 576, 577, 578, 579, 581, 583, 584, 585, 586, 587, 592, 596, 597, 598, 599, 600, 601, 605, 606, 612, 613, 614, 615, 616, 617, 618, 619, 620, 621, 623, 624, 625, 626, 627, 628, 629, 632, 635, 636, 638, 639, 640, 642, 643, 644, 645, 646, 647, 648, 651, 652, 654, 655, 656, 657, 658, 659, 660, 661, 668, 685, 686, 687, 696, 697, 700, 701, 711, 714, 717, 723, 728, 731, 735, 737, 738, 739, 740, 741, 742, 743, 744, 745, 746, 747, 748, 751, 752, 753, 754, 763, 766, 771, 773, 776, 777, 778, 779, 780, 781, 784, 785, 790, 791, 792, 797, 798, 801, 802, 803, 807, 809, 810], [139, 195, 205, 218, 230, 232, 233, 265, 279, 281, 288, 292, 293, 294, 295, 296, 297, 299, 300, 301, 303, 304, 305, 306, 307, 308, 309, 310, 312, 313, 318, 319, 320, 350, 361, 376, 378, 379, 380, 382, 392, 395, 401, 403, 405, 408, 412, 416, 418, 420, 423, 424, 425, 426, 427, 428, 429, 431, 433, 439, 440, 443, 449, 451, 455, 456, 461, 462, 469, 470, 471, 472, 477, 482, 486, 488, 492, 496, 499, 501, 502, 507, 508, 509, 511, 514, 516, 518, 520, 521, 522, 523, 524, 525, 526, 527, 528, 529, 530, 531, 532, 533, 534, 535, 536, 537, 538, 539, 540, 541, 542, 543, 544, 545, 546, 547, 548, 549, 550, 551, 552, 553, 554, 555, 579, 581, 583, 584, 585, 586, 589, 593, 600, 603, 604, 608, 614, 615, 616, 617, 618, 619, 620, 621, 622, 624, 625, 628, 629, 630, 631, 632, 633, 635, 637, 638, 640, 641, 642, 643, 644, 645, 646, 647, 648, 649, 650, 651, 652, 653, 657, 658, 659, 660, 661, 662, 663, 666, 667, 668, 670, 672, 673, 675, 676, 677, 678, 680, 682, 685, 688, 689, 690, 694, 695, 696, 698, 700, 702, 704, 706, 707, 710, 711, 712, 715, 717, 718, 719, 721, 722, 723, 724, 725, 726, 727, 728, 729, 730, 731, 732, 733, 745, 746, 747, 748, 749, 750, 751, 752, 753, 754, 756, 757, 761, 762, 763, 765, 766, 767, 768, 769, 770, 771, 772, 773, 774, 775, 776, 777, 778, 779, 780, 781, 782, 783, 785, 786, 787, 788, 791, 793, 795, 796, 798, 799, 800, 802, 803, 804, 805, 806, 808, 809, 810, 812, 813], [154, 185, 249, 258, 260, 266, 282, 291, 325, 329, 331, 339, 340, 341, 343, 345, 350, 353, 362, 363, 367, 372, 375, 380, 382, 384, 385, 388, 389, 391, 396, 397, 401, 414, 418, 419, 426, 431, 434, 435, 436, 437, 439, 440, 442, 446, 450, 457, 462, 464, 468, 470, 473, 476, 489, 495, 503, 508, 509, 517, 518, 519, 521, 522, 525, 533, 535, 539, 544, 546, 547, 548, 549, 555, 556, 558, 561, 563, 565, 566, 568, 569, 570, 571, 572, 573, 574, 575, 576, 577, 578, 579, 581, 583, 584, 585, 586, 587, 588, 595, 596, 600, 601, 602, 603, 604, 606, 607, 608, 611, 612, 613, 614, 617, 621, 623, 624, 625, 628, 630, 633, 638, 641, 642, 643, 648, 649, 650, 651, 652, 653, 654, 655, 656, 657, 658, 659, 660, 662, 663, 664, 667, 669, 670, 671, 672, 673, 674, 675, 676, 678, 679, 680, 681, 683, 686, 688, 691, 692, 695, 696, 699, 701, 702, 705, 706, 707, 708, 712, 713, 714, 715, 716, 718, 720, 721, 722, 723, 726, 727, 731, 732, 733, 734, 735, 736, 737, 738, 739, 740, 741, 742, 743, 744, 745, 746, 747, 748, 749, 750, 751, 752, 753, 754, 755, 756, 758, 760, 762, 763, 764, 765, 766, 769, 770, 771, 773, 774, 775, 776, 777, 778, 779, 780, 781, 782, 783, 784, 785, 786, 787, 788, 789, 790, 791, 792, 793, 794, 795, 796, 797, 798, 799, 800, 801, 802, 803, 804, 805, 806, 807, 808, 809, 810, 811, 812, 813], [168, 181, 186, 219, 245, 246, 247, 268, 284, 287, 290, 291, 296, 305, 307, 312, 318, 319, 320, 340, 353, 354, 356, 358, 359, 360, 361, 362, 363, 364, 365, 366, 367, 368, 369, 370, 371, 372, 373, 374, 375, 376, 378, 379, 380, 381, 390, 391, 404, 405, 406, 407, 408, 411, 415, 416, 427, 433, 437, 443, 444, 445, 446, 455, 458, 460, 466, 471, 472, 473, 474, 476, 484, 490, 491, 492, 494, 501, 504, 506, 510, 511, 513, 514, 516, 517, 519, 520, 521, 526, 527, 530, 534, 540, 541, 545, 548, 550, 551, 552, 553, 554, 555, 556, 563, 569, 572, 574, 576, 577, 584, 586, 587, 588, 589, 590, 591, 592, 593, 594, 595, 596, 597, 598, 599, 600, 601, 602, 603, 604, 605, 606, 607, 608, 610, 611, 612, 613, 614, 615, 616, 617, 618, 619, 620, 627, 629, 630, 631, 632, 633, 634, 636, 637, 639, 640, 641, 646, 649, 652, 653, 655, 656, 659, 660, 661, 662, 665, 668, 669, 670, 671, 673, 674, 675, 677, 678, 679, 687, 689, 692, 693, 697, 698, 699, 700, 701, 702, 703, 704, 705, 709, 711, 713, 714, 715, 716, 717, 718, 719, 720, 721, 722, 724, 725, 728, 729, 730, 731, 732, 735, 736, 738, 739, 742, 743, 744, 746, 747, 749, 752, 753, 754, 755, 756, 757, 758, 759, 760, 761, 762, 763, 764, 765, 766, 767, 768, 769, 770, 771, 772, 774, 775, 778, 780, 781, 783, 784, 785, 786, 792, 794, 795, 796, 797, 798, 799, 801, 802, 803, 804, 806, 807, 808, 809, 810, 811, 812, 813], [66, 85, 100, 123, 127, 139, 154, 168, 182, 184, 185, 186, 187, 190, 191, 194, 195, 206, 216, 220, 224, 226, 233, 248, 249, 250, 252, 256, 258, 260, 262, 265, 266, 268, 273, 274, 278, 281, 282, 287, 288, 290, 291, 292, 295, 296, 299, 300, 303, 306, 307, 308, 309, 310, 312, 313, 319, 325, 329, 331, 341, 343, 345, 350, 354, 359, 360, 361, 362, 363, 365, 366, 367, 368, 369, 371, 372, 373, 374, 375, 379, 380, 381, 382, 384, 386, 387, 388, 389, 390, 391, 393, 394, 395, 396, 397, 400, 414, 417, 419, 424, 426, 429, 440, 442, 446, 447, 448, 449, 450, 453, 456, 457, 460, 461, 462, 464, 466, 468, 469, 470, 472, 474, 476, 479, 485, 488, 489, 494, 495, 498, 502, 503, 506, 507, 508, 513, 516, 517, 518, 519, 520, 521, 522, 523, 524, 525, 526, 527, 528, 531, 532, 533, 534, 535, 537, 538, 539, 541, 542, 543, 544, 545, 549, 551, 553, 554, 555, 565, 566, 571, 578, 585, 588, 590, 594, 595, 597, 598, 599, 601, 602, 603, 604, 605, 606, 607, 608, 610, 611, 612, 613, 614, 616, 618, 620, 621, 622, 623, 624, 625, 642, 643, 650, 653, 662, 664, 665, 666, 667, 671, 672, 674, 675, 676, 677, 678, 679, 681, 684, 690, 691, 693, 694, 695, 703, 704, 705, 706, 708, 709, 710, 712, 716, 719, 720, 721, 722, 723, 724, 725, 726, 727, 729, 730, 732, 734, 736, 750, 755, 756, 759, 760, 761, 762, 763, 764, 765, 767, 768, 769, 775, 782, 783, 786, 787, 789, 793, 799, 800, 804, 805, 806, 811, 812]!Vessel: FarSeeker
[66, 177, 180, 181, 182, 184, 185, 186, 187, 190, 191, 194, 195, 202, 204, 205, 206, 208, 245, 252, 256, 258, 269, 273, 292, 293, 294, 295, 297, 299, 308, 318, 325, 354, 356, 358, 359, 360, 361, 362, 368, 382, 384, 385, 386, 387, 388, 389, 390, 391, 392, 393, 394, 395, 396, 397, 400, 401, 402, 403, 404, 405, 406, 409, 422, 423, 424, 428, 433, 434, 443, 444, 445, 447, 451, 453, 455, 456, 457, 458, 460, 461, 462, 464, 466, 477, 479, 480, 481, 482, 484, 485, 486, 488, 489, 490, 491, 492, 494, 522, 523, 524, 525, 526, 529, 530, 531, 532, 533, 534, 536, 537, 546, 547, 550, 551, 552, 553, 556, 558, 561, 563, 565, 566, 570, 573, 574, 579, 588, 589, 590, 591, 592, 593, 594, 595, 596, 597, 598, 599, 600, 601, 602, 603, 616, 621, 622, 623, 624, 625, 626, 627, 628, 629, 630, 631, 634, 639, 644, 645, 646, 647, 648, 649, 650, 653, 654, 656, 658, 659, 661, 663, 664, 665, 666, 667, 668, 669, 670, 671, 672, 673, 674, 675, 680, 681, 682, 683, 684, 685, 686, 687, 688, 689, 690, 691, 692, 693, 694, 695, 696, 697, 698, 699, 700, 701, 702, 703, 704, 705, 723, 724, 725, 726, 728, 729, 731, 733, 734, 735, 736, 737, 739, 741, 742, 744, 745, 746, 748, 749, 750, 753, 755, 756, 757, 758, 759, 760, 761, 762, 763, 767, 769, 770, 772, 776, 777, 778, 779, 780, 781, 782, 783, 784, 785, 786, 787, 788, 789, 790, 791, 792, 793, 794, 795, 796, 797, 798, 799, 805, 806, 807, 808, 809, 811, 812, 813], [85, 184, 187, 195, 202, 204, 205, 206, 208, 212, 216, 217, 218, 219, 220, 223, 224, 226, 230, 232, 233, 245, 246, 247, 252, 260, 262, 274, 288, 290, 296, 300, 309, 329, 331, 360, 363, 366, 369, 373, 376, 382, 385, 386, 389, 390, 392, 393, 394, 397, 400, 401, 402, 403, 404, 405, 406, 407, 408, 409, 410, 411, 412, 414, 415, 416, 417, 418, 419, 420, 422, 423, 424, 425, 426, 427, 428, 429, 431, 433, 434, 435, 436, 437, 439, 440, 442, 443, 444, 445, 446, 448, 451, 453, 461, 464, 466, 468, 469, 473, 474, 477, 479, 480, 490, 495, 496, 498, 507, 510, 511, 513, 518, 519, 520, 523, 526, 527, 528, 532, 535, 538, 542, 554, 565, 568, 569, 570, 571, 572, 589, 590, 591, 596, 597, 602, 604, 605, 607, 610, 612, 615, 617, 618, 619, 622, 623, 625, 626, 627, 628, 629, 630, 631, 632, 633, 634, 635, 636, 637, 638, 639, 640, 641, 642, 643, 644, 645, 646, 647, 648, 649, 650, 651, 652, 653, 654, 655, 656, 657, 658, 659, 660, 661, 662, 663, 664, 665, 666, 669, 672, 673, 674, 676, 677, 679, 680, 681, 682, 683, 684, 694, 697, 698, 699, 703, 706, 707, 708, 709, 710, 713, 717, 718, 719, 720, 722, 724, 725, 726, 727, 730, 732, 733, 734, 736, 737, 738, 739, 740, 741, 742, 743, 755, 757, 758, 759, 761, 764, 766, 769, 770, 771, 772, 773, 774, 775, 776, 777, 778, 779, 780, 781, 782, 784, 786, 787, 788, 789, 790, 794, 796, 797, 800, 801, 803, 804, 805, 806, 807, 808, 810, 811, 813], [100, 177, 180, 181, 182, 184, 185, 186, 190, 208, 212, 216, 217, 218, 219, 220, 248, 249, 250, 256, 262, 265, 266, 268, 275, 278, 297, 299, 300, 301, 303, 304, 305, 306, 307, 329, 339, 340, 341, 364, 365, 366, 367, 370, 371, 384, 385, 386, 387, 388, 389, 390, 391, 392, 393, 402, 403, 404, 405, 406, 407, 408, 409, 410, 411, 412, 414, 415, 416, 417, 418, 419, 420, 435, 447, 448, 449, 450, 451, 453, 455, 456, 457, 458, 460, 468, 469, 470, 471, 472, 473, 474, 476, 480, 481, 482, 484, 485, 496, 498, 499, 501, 502, 503, 504, 506, 527, 529, 530, 531, 532, 533, 534, 535, 536, 537, 538, 539, 540, 541, 542, 543, 544, 545, 558, 568, 569, 573, 574, 575, 576, 577, 578, 579, 581, 583, 584, 591, 592, 593, 594, 598, 605, 606, 607, 608, 610, 611, 619, 621, 622, 626, 627, 628, 629, 630, 631, 632, 633, 634, 635, 636, 637, 638, 639, 640, 641, 642, 644, 645, 654, 655, 657, 663, 664, 665, 666, 667, 668, 669, 670, 671, 676, 677, 678, 679, 682, 683, 684, 685, 686, 687, 688, 689, 690, 691, 692, 693, 707, 708, 709, 710, 711, 712, 713, 714, 715, 716, 725, 726, 727, 728, 729, 730, 732, 733, 734, 735, 737, 738, 739, 740, 744, 745, 746, 747, 748, 749, 750, 751, 752, 755, 756, 757, 758, 759, 760, 764, 765, 766, 767, 768, 769, 770, 771, 772, 773, 774, 775, 776, 777, 778, 782, 783, 784, 785, 788, 789, 790, 791, 792, 793, 794, 795, 800, 801, 802, 805, 807, 808, 809, 810, 811, 812, 813], [127, 180, 194, 204, 217, 223, 226, 232, 247, 250, 252, 256, 258, 260, 262, 265, 266, 268, 269, 273, 274, 275, 278, 279, 281, 282, 284, 287, 288, 290, 291, 292, 294, 304, 313, 319, 339, 345, 353, 354, 358, 364, 374, 378, 387, 400, 402, 406, 407, 408, 410, 411, 417, 420, 422, 425, 428, 429, 433, 436, 439, 444, 451, 453, 455, 456, 457, 458, 460, 461, 462, 464, 466, 468, 469, 470, 471, 472, 473, 474, 476, 477, 479, 480, 481, 482, 484, 485, 486, 488, 489, 490, 491, 492, 494, 495, 496, 498, 499, 501, 502, 503, 504, 506, 507, 508, 509, 510, 511, 513, 514, 516, 517, 518, 519, 520, 521, 524, 529, 543, 547, 550, 551, 556, 561, 566, 568, 570, 571, 572, 573, 575, 577, 578, 583, 585, 586, 587, 588, 599, 613, 615, 620, 626, 627, 631, 632, 633, 634, 635, 636, 637, 644, 647, 651, 657, 658, 660, 661, 663, 664, 665, 666, 667, 668, 669, 670, 671, 672, 673, 674, 675, 676, 677, 678, 679, 680, 681, 682, 683, 684, 685, 686, 687, 688, 689, 690, 691, 692, 693, 694, 695, 696, 697, 698, 699, 700, 701, 702, 703, 704, 705, 706, 707, 708, 709, 710, 711, 712, 713, 714, 715, 716, 717, 718, 719, 720, 721, 722, 723, 724, 737, 738, 740, 741, 742, 743, 744, 745, 747, 751, 753, 754, 767, 768, 770, 771, 772, 773, 774, 777, 779, 781, 782, 783, 784, 785, 786, 787, 788, 789, 790, 791, 792, 793, 794, 795, 796, 797, 798, 799, 800, 801, 802, 803, 804, 813], [123, 177, 187, 190, 191, 202, 212, 216, 223, 224, 230, 246, 248, 249, 269, 273, 274, 275, 278, 279, 281, 282, 284, 287, 293, 301, 303, 308, 309, 310, 312, 320, 343, 356, 368, 369, 370, 371, 372, 381, 384, 392, 393, 394, 395, 396, 397, 409, 410, 411, 412, 414, 415, 416, 422, 423, 424, 425, 426, 427, 431, 434, 435, 436, 437, 442, 445, 446, 447, 448, 449, 450, 477, 479, 480, 481, 482, 484, 485, 486, 488, 489, 490, 491, 492, 494, 495, 496, 498, 499, 501, 502, 503, 504, 506, 507, 508, 509, 510, 511, 513, 514, 516, 517, 522, 528, 536, 537, 538, 539, 540, 541, 546, 548, 549, 552, 553, 554, 555, 558, 561, 563, 575, 576, 581, 587, 589, 590, 591, 592, 593, 594, 595, 610, 611, 622, 623, 624, 626, 634, 635, 636, 637, 638, 639, 640, 641, 643, 645, 646, 647, 648, 649, 650, 651, 652, 654, 655, 656, 662, 680, 681, 682, 683, 684, 685, 686, 687, 688, 689, 690, 691, 692, 693, 694, 695, 696, 697, 698, 699, 700, 701, 702, 703, 704, 705, 706, 707, 708, 709, 710, 711, 712, 713, 714, 715, 716, 717, 718, 719, 720, 721, 727, 728, 729, 730, 731, 733, 734, 735, 736, 740, 741, 743, 748, 749, 750, 751, 752, 754, 757, 758, 759, 760, 761, 762, 764, 765, 768, 772, 773, 774, 775, 776, 779, 780, 787, 788, 789, 790, 791, 792, 793, 794, 795, 796, 797, 798, 799, 800, 801, 802, 803, 804, 805, 806, 807, 808, 809, 810, 811, 812, 813], [66, 85, 100, 123, 127, 139, 154, 168, 177, 180, 181, 182, 191, 194, 202, 204, 205, 206, 208, 212, 217, 218, 219, 220, 223, 224, 226, 230, 232, 233, 245, 246, 247, 248, 250, 269, 275, 279, 284, 293, 294, 295, 297, 301, 304, 305, 306, 310, 313, 318, 320, 325, 331, 339, 340, 341, 343, 345, 350, 353, 356, 358, 359, 364, 365, 370, 373, 374, 375, 376, 378, 379, 381, 385, 386, 387, 388, 394, 395, 396, 400, 401, 402, 403, 404, 407, 409, 410, 412, 415, 417, 418, 419, 420, 422, 423, 425, 427, 428, 429, 431, 434, 435, 436, 437, 439, 440, 442, 443, 444, 445, 447, 448, 449, 450, 458, 471, 481, 486, 491, 499, 504, 509, 510, 514, 523, 524, 525, 528, 529, 530, 531, 536, 540, 542, 543, 544, 545, 546, 547, 548, 549, 550, 552, 556, 558, 561, 563, 565, 566, 568, 569, 570, 571, 572, 573, 574, 575, 576, 577, 578, 579, 581, 583, 584, 585, 586, 587, 592, 596, 597, 598, 599, 600, 601, 605, 606, 612, 613, 614, 615, 616, 617, 618, 619, 620, 621, 623, 624, 625, 626, 627, 628, 629, 632, 635, 636, 638, 639, 640, 642, 643, 644, 645, 646, 647, 648, 651, 652, 654, 655, 656, 657, 658, 659, 660, 661, 668, 685, 686, 687, 696, 697, 700, 701, 711, 714, 717, 723, 728, 731, 735, 737, 738, 739, 740, 741, 742, 743, 744, 745, 746, 747, 748, 751, 752, 753, 754, 763, 766, 771, 773, 776, 777, 778, 779, 780, 781, 784, 785, 790, 791, 792, 797, 798, 801, 802, 803, 807, 809, 810], [139, 195, 205, 218, 230, 232, 233, 265, 279, 281, 288, 292, 293, 294, 295, 296, 297, 299, 300, 301, 303, 304, 305, 306, 307, 308, 309, 310, 312, 313, 318, 319, 320, 350, 361, 376, 378, 379, 380, 382, 392, 395, 401, 403, 405, 408, 412, 416, 418, 420, 423, 424, 425, 426, 427, 428, 429, 431, 433, 439, 440, 443, 449, 451, 455, 456, 461, 462, 469, 470, 471, 472, 477, 482, 486, 488, 492, 496, 499, 501, 502, 507, 508, 509, 511, 514, 516, 518, 520, 521, 522, 523, 524, 525, 526, 527, 528, 529, 530, 531, 532, 533, 534, 535, 536, 537, 538, 539, 540, 541, 542, 543, 544, 545, 546, 547, 548, 549, 550, 551, 552, 553, 554, 555, 579, 581, 583, 584, 585, 586, 589, 593, 600, 603, 604, 608, 614, 615, 616, 617, 618, 619, 620, 621, 622, 624, 625, 628, 629, 630, 631, 632, 633, 635, 637, 638, 640, 641, 642, 643, 644, 645, 646, 647, 648, 649, 650, 651, 652, 653, 657, 658, 659, 660, 661, 662, 663, 666, 667, 668, 670, 672, 673, 675, 676, 677, 678, 680, 682, 685, 688, 689, 690, 694, 695, 696, 698, 700, 702, 704, 706, 707, 710, 711, 712, 715, 717, 718, 719, 721, 722, 723, 724, 725, 726, 727, 728, 729, 730, 731, 732, 733, 745, 746, 747, 748, 749, 750, 751, 752, 753, 754, 756, 757, 761, 762, 763, 765, 766, 767, 768, 769, 770, 771, 772, 773, 774, 775, 776, 777, 778, 779, 780, 781, 782, 783, 785, 786, 787, 788, 791, 793, 795, 796, 798, 799, 800, 802, 803, 804, 805, 806, 808, 809, 810, 812, 813], [154, 185, 249, 258, 260, 266, 282, 291, 325, 329, 331, 339, 340, 341, 343, 345, 350, 353, 362, 363, 367, 372, 375, 380, 382, 384, 385, 388, 389, 391, 396, 397, 401, 414, 418, 419, 426, 431, 434, 435, 436, 437, 439, 440, 442, 446, 450, 457, 462, 464, 468, 470, 473, 476, 489, 495, 503, 508, 509, 517, 518, 519, 521, 522, 525, 533, 535, 539, 544, 546, 547, 548, 549, 555, 556, 558, 561, 563, 565, 566, 568, 569, 570, 571, 572, 573, 574, 575, 576, 577, 578, 579, 581, 583, 584, 585, 586, 587, 588, 595, 596, 600, 601, 602, 603, 604, 606, 607, 608, 611, 612, 613, 614, 617, 621, 623, 624, 625, 628, 630, 633, 638, 641, 642, 643, 648, 649, 650, 651, 652, 653, 654, 655, 656, 657, 658, 659, 660, 662, 663, 664, 667, 669, 670, 671, 672, 673, 674, 675, 676, 678, 679, 680, 681, 683, 686, 688, 691, 692, 695, 696, 699, 701, 702, 705, 706, 707, 708, 712, 713, 714, 715, 716, 718, 720, 721, 722, 723, 726, 727, 731, 732, 733, 734, 735, 736, 737, 738, 739, 740, 741, 742, 743, 744, 745, 746, 747, 748, 749, 750, 751, 752, 753, 754, 755, 756, 758, 760, 762, 763, 764, 765, 766, 769, 770, 771, 773, 774, 775, 776, 777, 778, 779, 780, 781, 782, 783, 784, 785, 786, 787, 788, 789, 790, 791, 792, 793, 794, 795, 796, 797, 798, 799, 800, 801, 802, 803, 804, 805, 806, 807, 808, 809, 810, 811, 812, 813], [168, 181, 186, 219, 245, 246, 247, 268, 284, 287, 290, 291, 296, 305, 307, 312, 318, 319, 320, 340, 353, 354, 356, 358, 359, 360, 361, 362, 363, 364, 365, 366, 367, 368, 369, 370, 371, 372, 373, 374, 375, 376, 378, 379, 380, 381, 390, 391, 404, 405, 406, 407, 408, 411, 415, 416, 427, 433, 437, 443, 444, 445, 446, 455, 458, 460, 466, 471, 472, 473, 474, 476, 484, 490, 491, 492, 494, 501, 504, 506, 510, 511, 513, 514, 516, 517, 519, 520, 521, 526, 527, 530, 534, 540, 541, 545, 548, 550, 551, 552, 553, 554, 555, 556, 563, 569, 572, 574, 576, 577, 584, 586, 587, 588, 589, 590, 591, 592, 593, 594, 595, 596, 597, 598, 599, 600, 601, 602, 603, 604, 605, 606, 607, 608, 610, 611, 612, 613, 614, 615, 616, 617, 618, 619, 620, 627, 629, 630, 631, 632, 633, 634, 636, 637, 639, 640, 641, 646, 649, 652, 653, 655, 656, 659, 660, 661, 662, 665, 668, 669, 670, 671, 673, 674, 675, 677, 678, 679, 687, 689, 692, 693, 697, 698, 699, 700, 701, 702, 703, 704, 705, 709, 711, 713, 714, 715, 716, 717, 718, 719, 720, 721, 722, 724, 725, 728, 729, 730, 731, 732, 735, 736, 738, 739, 742, 743, 744, 746, 747, 749, 752, 753, 754, 755, 756, 757, 758, 759, 760, 761, 762, 763, 764, 765, 766, 767, 768, 769, 770, 771, 772, 774, 775, 778, 780, 781, 783, 784, 785, 786, 792, 794, 795, 796, 797, 798, 799, 801, 802, 803, 804, 806, 807, 808, 809, 810, 811, 812, 813], [66, 85, 100, 123, 127, 139, 154, 168, 182, 184, 185, 186, 187, 190, 191, 194, 195, 206, 216, 220, 224, 226, 233, 248, 249, 250, 252, 256, 258, 260, 262, 265, 266, 268, 273, 274, 278, 281, 282, 287, 288, 290, 291, 292, 295, 296, 299, 300, 303, 306, 307, 308, 309, 310, 312, 313, 319, 325, 329, 331, 341, 343, 345, 350, 354, 359, 360, 361, 362, 363, 365, 366, 367, 368, 369, 371, 372, 373, 374, 375, 379, 380, 381, 382, 384, 386, 387, 388, 389, 390, 391, 393, 394, 395, 396, 397, 400, 414, 417, 419, 424, 426, 429, 440, 442, 446, 447, 448, 449, 450, 453, 456, 457, 460, 461, 462, 464, 466, 468, 469, 470, 472, 474, 476, 479, 485, 488, 489, 494, 495, 498, 502, 503, 506, 507, 508, 513, 516, 517, 518, 519, 520, 521, 522, 523, 524, 525, 526, 527, 528, 531, 532, 533, 534, 535, 537, 538, 539, 541, 542, 543, 544, 545, 549, 551, 553, 554, 555, 565, 566, 571, 578, 585, 588, 590, 594, 595, 597, 598, 599, 601, 602, 603, 604, 605, 606, 607, 608, 610, 611, 612, 613, 614, 616, 618, 620, 621, 622, 623, 624, 625, 642, 643, 650, 653, 662, 664, 665, 666, 667, 671, 672, 674, 675, 676, 677, 678, 679, 681, 684, 690, 691, 693, 694, 695, 703, 704, 705, 706, 708, 709, 710, 712, 716, 719, 720, 721, 722, 723, 724, 725, 726, 727, 729, 730, 732, 734, 736, 750, 755, 756, 759, 760, 761, 762, 763, 764, 765, 767, 768, 769, 775, 782, 783, 786, 787, 789, 793, 799, 800, 804, 805, 806, 811, 812]!Vessel: FarSearcher
[54, 62, 66, 104, 162, 177, 180, 181, 182, 184, 185, 186, 187, 190, 191, 193, 194, 195, 196, 197, 202, 204, 205, 206, 208, 239, 245, 252, 255, 256, 258, 269, 273, 292, 293, 294, 295, 297, 299, 308, 318, 322, 324, 325, 326, 334, 354, 356, 358, 359, 360, 361, 362, 368, 382, 384, 385, 388, 389, 390, 391, 392, 393, 396, 397, 401, 402, 403, 404, 405, 406, 409, 422, 423, 424, 428, 433, 434, 443, 444, 445, 451, 452, 453, 454, 455, 456, 457, 458, 459, 460, 461, 462, 464, 465, 466, 467, 477, 478, 479, 480, 481, 482, 483, 484, 485, 486, 488, 489, 490, 491, 492, 493, 494, 522, 525, 526, 529, 530, 532, 533, 534, 536, 537, 546, 547, 550, 551, 552, 553, 556, 557, 558, 560, 561, 562, 563, 565, 566, 567, 570, 573, 574, 579, 580, 588, 589, 590, 591, 592, 593, 594, 595, 596, 600, 601, 602, 603, 628, 630, 631, 634, 645, 646, 647, 648, 649, 650, 653, 654, 656, 658, 659, 663, 664, 667, 669, 670, 671, 672, 673, 674, 675, 680, 681, 682, 683, 685, 686, 688, 689, 691, 692, 695, 696, 698, 699, 700, 701, 702, 705, 726, 728, 731, 733, 734, 735, 736, 737, 739, 741, 742, 744, 745, 746, 748, 749, 750, 753, 755, 756, 757, 758, 760, 762, 770, 772, 788, 794, 795, 796, 808], [54, 77, 81, 84, 85, 95, 105, 120, 163, 184, 187, 195, 197, 202, 204, 205, 206, 208, 210, 212, 216, 217, 218, 219, 220, 223, 224, 225, 226, 230, 232, 233, 236, 239, 241, 243, 245, 246, 247, 252, 260, 262, 274, 288, 290, 296, 300, 309, 327, 329, 330, 331, 333, 360, 363, 366, 369, 373, 376, 382, 385, 389, 390, 392, 393, 397, 401, 402, 403, 404, 405, 406, 407, 408, 409, 410, 411, 412, 414, 415, 416, 418, 420, 421, 422, 423, 424, 425, 426, 427, 428, 431, 432, 433, 434, 435, 436, 437, 438, 439, 440, 441, 442, 443, 444, 445, 446, 451, 452, 453, 461, 464, 465, 466, 468, 469, 473, 474, 477, 478, 479, 480, 490, 495, 496, 497, 498, 507, 510, 511, 512, 513, 518, 519, 520, 526, 527, 532, 535, 538, 554, 557, 562, 565, 567, 568, 569, 570, 572, 589, 590, 591, 596, 602, 604, 607, 609, 610, 615, 617, 619, 628, 630, 631, 633, 634, 637, 638, 641, 645, 646, 647, 648, 649, 650, 651, 652, 653, 654, 655, 656, 657, 658, 659, 660, 662, 663, 664, 669, 672, 673, 674, 676, 680, 681, 682, 683, 698, 699, 706, 707, 708, 713, 718, 720, 722, 726, 727, 732, 733, 734, 736, 737, 738, 739, 740, 741, 742, 743, 755, 757, 758, 764, 766, 770, 772, 774, 788, 794, 796, 808], [62, 77, 81, 99, 100, 109, 121, 136, 164, 165, 177, 180, 181, 182, 184, 185, 186, 190, 208, 210, 212, 216, 217, 218, 219, 220, 248, 249, 250, 251, 255, 256, 262, 265, 266, 268, 275, 277, 278, 297, 299, 300, 301, 303, 304, 305, 306, 307, 327, 329, 334, 337, 339, 340, 341, 347, 364, 365, 366, 367, 370, 371, 384, 385, 388, 389, 390, 391, 392, 393, 402, 403, 404, 405, 406, 407, 408, 409, 410, 411, 412, 414, 415, 416, 418, 420, 421, 435, 438, 450, 451, 452, 453, 454, 455, 456, 457, 458, 459, 460, 468, 469, 470, 471, 472, 473, 474, 475, 476, 480, 481, 482, 483, 484, 485, 496, 497, 498, 499, 500, 501, 502, 503, 504, 505, 506, 527, 529, 530, 532, 533, 534, 535, 536, 537, 538, 539, 540, 541, 544, 557, 558, 560, 567, 568, 569, 573, 574, 575, 576, 577, 579, 580, 581, 582, 583, 584, 591, 592, 593, 594, 607, 608, 609, 610, 611, 619, 628, 630, 631, 633, 634, 637, 638, 641, 645, 654, 655, 657, 663, 664, 667, 669, 670, 671, 676, 678, 682, 683, 685, 686, 688, 689, 691, 692, 707, 708, 712, 713, 714, 715, 726, 727, 728, 732, 733, 734, 735, 737, 738, 739, 740, 744, 745, 746, 747, 748, 749, 750, 751, 752, 755, 756, 757, 758, 760, 764, 765, 766, 770, 772, 774, 788, 794, 795, 808], [84, 99, 104, 105, 109, 115, 118, 122, 127, 167, 180, 194, 204, 210, 217, 223, 226, 232, 247, 250, 252, 255, 256, 258, 260, 262, 265, 266, 268, 269, 273, 274, 275, 277, 278, 279, 281, 282, 284, 287, 288, 289, 290, 291, 292, 294, 304, 313, 319, 324, 330, 339, 342, 345, 349, 353, 354, 358, 364, 374, 378, 402, 406, 407, 408, 410, 411, 420, 422, 425, 428, 433, 436, 438, 439, 441, 444, 451, 452, 453, 454, 455, 456, 457, 458, 459, 460, 461, 462, 464, 465, 466, 467, 468, 469, 470, 471, 472, 473, 474, 475, 476, 477, 478, 479, 480, 481, 482, 483, 484, 485, 486, 488, 489, 490, 491, 492, 493, 494, 495, 496, 497, 498, 499, 500, 501, 502, 503, 504, 505, 506, 507, 508, 509, 510, 511, 512, 513, 514, 515, 516, 517, 518, 519, 520, 521, 529, 547, 550, 551, 556, 561, 566, 568, 570, 572, 573, 575, 577, 583, 585, 586, 587, 588, 615, 631, 633, 634, 637, 647, 651, 657, 658, 660, 663, 664, 667, 669, 670, 671, 672, 673, 674, 675, 676, 678, 680, 681, 682, 683, 685, 686, 688, 689, 691, 692, 695, 696, 698, 699, 700, 701, 702, 705, 706, 707, 708, 712, 713, 714, 715, 718, 720, 721, 722, 737, 738, 740, 741, 742, 743, 744, 745, 747, 751, 753, 754, 770, 772, 774, 788, 794, 795, 796], [120, 121, 122, 123, 126, 177, 187, 190, 191, 193, 202, 212, 216, 223, 224, 225, 230, 241, 246, 248, 249, 269, 273, 274, 275, 277, 278, 279, 281, 282, 284, 287, 293, 301, 303, 308, 309, 310, 311, 312, 320, 322, 337, 342, 343, 344, 356, 368, 369, 370, 371, 372, 381, 384, 392, 393, 396, 397, 409, 410, 411, 412, 414, 415, 416, 422, 423, 424, 425, 426, 427, 431, 432, 434, 435, 436, 437, 442, 445, 446, 450, 477, 478, 479, 480, 481, 482, 483, 484, 485, 486, 488, 489, 490, 491, 492, 493, 494, 495, 496, 497, 498, 499, 500, 501, 502, 503, 504, 505, 506, 507, 508, 509, 510, 511, 512, 513, 514, 515, 516, 517, 522, 536, 537, 538, 539, 540, 541, 546, 548, 549, 552, 553, 554, 555, 557, 558, 560, 561, 562, 563, 575, 576, 581, 582, 587, 589, 590, 591, 592, 593, 594, 595, 609, 610, 611, 634, 637, 638, 641, 645, 646, 647, 648, 649, 650, 651, 652, 654, 655, 656, 662, 680, 681, 682, 683, 685, 686, 688, 689, 691, 692, 695, 696, 698, 699, 700, 701, 702, 705, 706, 707, 708, 712, 713, 714, 715, 718, 720, 721, 727, 728, 731, 733, 734, 735, 736, 740, 741, 743, 748, 749, 750, 751, 752, 754, 757, 758, 760, 762, 764, 765, 772, 774, 788, 794, 795, 796, 808], [39, 66, 77, 84, 85, 95, 99, 100, 123, 127, 139, 154, 164, 167, 168, 177, 180, 181, 182, 191, 194, 202, 204, 205, 206, 208, 212, 217, 218, 219, 220, 223, 224, 226, 230, 232, 233, 239, 241, 243, 245, 246, 247, 248, 250, 269, 275, 279, 284, 293, 294, 295, 297, 301, 304, 305, 306, 310, 313, 318, 320, 322, 324, 325, 326, 327, 330, 331, 333, 334, 337, 339, 340, 341, 342, 343, 344, 345, 347, 349, 350, 352, 353, 356, 358, 359, 364, 365, 370, 373, 374, 375, 376, 378, 379, 381, 385, 388, 396, 401, 402, 403, 404, 407, 409, 410, 412, 415, 418, 420, 422, 423, 425, 427, 428, 431, 434, 435, 436, 437, 439, 440, 442, 443, 444, 445, 450, 458, 471, 481, 486, 491, 499, 504, 509, 510, 514, 525, 529, 530, 536, 540, 544, 546, 547, 548, 549, 550, 552, 556, 558, 561, 563, 565, 566, 568, 569, 570, 572, 573, 574, 575, 576, 577, 579, 581, 583, 584, 585, 586, 587, 592, 596, 600, 601, 614, 615, 617, 619, 628, 638, 645, 646, 647, 648, 651, 652, 654, 655, 656, 657, 658, 659, 660, 685, 686, 696, 700, 701, 714, 728, 731, 735, 737, 738, 739, 740, 741, 742, 743, 744, 745, 746, 747, 748, 751, 752, 753, 754, 766], [115, 136, 139, 171, 195, 196, 205, 218, 230, 232, 233, 236, 243, 251, 265, 279, 281, 288, 289, 292, 293, 294, 295, 296, 297, 299, 300, 301, 303, 304, 305, 306, 307, 308, 309, 310, 311, 312, 313, 318, 319, 320, 347, 349, 350, 352, 361, 376, 378, 379, 380, 382, 392, 401, 403, 405, 408, 412, 416, 418, 420, 421, 423, 424, 425, 426, 427, 428, 431, 432, 433, 438, 439, 440, 441, 443, 451, 454, 455, 456, 461, 462, 467, 469, 470, 471, 472, 475, 477, 482, 486, 488, 492, 496, 499, 500, 501, 502, 507, 508, 509, 511, 514, 515, 516, 518, 520, 521, 522, 525, 526, 527, 529, 530, 532, 533, 534, 535, 536, 537, 538, 539, 540, 541, 544, 546, 547, 548, 549, 550, 551, 552, 553, 554, 555, 579, 580, 581, 582, 583, 584, 585, 586, 589, 593, 600, 603, 604, 608, 614, 615, 617, 619, 628, 630, 631, 633, 637, 638, 641, 645, 646, 647, 648, 649, 650, 651, 652, 653, 657, 658, 659, 660, 662, 663, 667, 670, 672, 673, 675, 676, 678, 680, 682, 685, 688, 689, 695, 696, 698, 700, 702, 706, 707, 712, 715, 718, 721, 722, 726, 727, 728, 731, 732, 733, 745, 746, 747, 748, 749, 750, 751, 752, 753, 754, 756, 757, 762, 765, 766, 770, 772, 774, 788, 795, 796, 808], [154, 185, 193, 196, 197, 225, 236, 239, 241, 243, 249, 251, 258, 260, 266, 282, 289, 291, 311, 322, 324, 325, 326, 327, 329, 330, 331, 333, 334, 337, 339, 340, 341, 342, 343, 344, 345, 347, 349, 350, 352, 353, 362, 363, 367, 372, 375, 380, 382, 384, 385, 388, 389, 391, 396, 397, 401, 414, 418, 421, 426, 431, 432, 434, 435, 436, 437, 438, 439, 440, 441, 442, 446, 450, 452, 454, 457, 459, 462, 464, 465, 467, 468, 470, 473, 475, 476, 478, 483, 489, 493, 495, 497, 500, 503, 505, 508, 509, 512, 515, 517, 518, 519, 521, 522, 525, 533, 535, 539, 544, 546, 547, 548, 549, 555, 556, 557, 558, 560, 561, 562, 563, 565, 566, 567, 568, 569, 570, 572, 573, 574, 575, 576, 577, 579, 580, 581, 582, 583, 584, 585, 586, 587, 588, 595, 596, 600, 601, 602, 603, 604, 607, 608, 609, 611, 614, 617, 628, 630, 633, 638, 641, 648, 649, 650, 651, 652, 653, 654, 655, 656, 657, 658, 659, 660, 662, 663, 664, 667, 669, 670, 671, 672, 673, 674, 675, 676, 678, 680, 681, 683, 686, 688, 691, 692, 695, 696, 699, 701, 702, 705, 706, 707, 708, 712, 713, 714, 715, 718, 720, 721, 722, 726, 727, 731, 732, 733, 734, 735, 736, 737, 738, 739, 740, 741, 742, 743, 744, 745, 746, 747, 748, 749, 750, 751, 752, 753, 754, 755, 756, 758, 760, 762, 764, 765, 766, 770, 774, 788, 794, 795, 796, 808], [95, 118, 126, 162, 163, 164, 165, 167, 168, 171, 181, 186, 210, 219, 245, 246, 247, 255, 268, 277, 284, 287, 290, 291, 296, 305, 307, 312, 318, 319, 320, 326, 333, 340, 344, 352, 353, 354, 356, 358, 359, 360, 361, 362, 363, 364, 365, 366, 367, 368, 369, 370, 371, 372, 373, 374, 375, 376, 378, 379, 380, 381, 390, 391, 404, 405, 406, 407, 408, 411, 415, 416, 421, 427, 432, 433, 437, 441, 443, 444, 445, 446, 455, 458, 459, 460, 465, 466, 467, 471, 472, 473, 474, 475, 476, 484, 490, 491, 492, 493, 494, 501, 504, 505, 506, 510, 511, 512, 513, 514, 515, 516, 517, 519, 520, 521, 526, 527, 530, 534, 540, 541, 548, 550, 551, 552, 553, 554, 555, 556, 560, 562, 563, 567, 569, 572, 574, 576, 577, 580, 582, 584, 586, 587, 588, 589, 590, 591, 592, 593, 594, 595, 596, 600, 601, 602, 603, 604, 607, 608, 609, 610, 611, 614, 615, 617, 619, 630, 631, 633, 634, 637, 641, 646, 649, 652, 653, 655, 656, 659, 660, 662, 669, 670, 671, 673, 674, 675, 678, 689, 692, 698, 699, 700, 701, 702, 705, 713, 714, 715, 718, 720, 721, 722, 728, 731, 732, 735, 736, 738, 739, 742, 743, 744, 746, 747, 749, 752, 753, 754, 755, 756, 757, 758, 760, 762, 764, 765, 766, 770, 772, 774, 794, 795, 796, 808], [39, 54, 62, 66, 81, 85, 100, 104, 105, 109, 115, 118, 120, 121, 122, 123, 126, 127, 136, 139, 154, 162, 163, 165, 168, 171, 182, 184, 185, 186, 187, 190, 191, 193, 194, 195, 196, 197, 206, 216, 220, 224, 225, 226, 233, 236, 248, 249, 250, 251, 252, 256, 258, 260, 262, 265, 266, 268, 273, 274, 278, 281, 282, 287, 288, 289, 290, 291, 292, 295, 296, 299, 300, 303, 306, 307, 308, 309, 310, 311, 312, 313, 319, 325, 329, 331, 341, 343, 345, 350, 354, 359, 360, 361, 362, 363, 365, 366, 367, 368, 369, 371, 372, 373, 374, 375, 379, 380, 381, 382, 384, 388, 389, 390, 391, 393, 396, 397, 414, 424, 426, 440, 442, 446, 450, 453, 456, 457, 460, 461, 462, 464, 466, 468, 469, 470, 472, 474, 476, 479, 485, 488, 489, 494, 495, 498, 502, 503, 506, 507, 508, 513, 516, 517, 518, 519, 520, 521, 522, 525, 526, 527, 532, 533, 534, 535, 537, 538, 539, 541, 544, 549, 551, 553, 554, 555, 565, 566, 585, 588, 590, 594, 595, 601, 602, 603, 604, 607, 608, 610, 611, 614, 650, 653, 662, 664, 667, 671, 672, 674, 675, 676, 678, 681, 691, 695, 705, 706, 708, 712, 720, 721, 722, 726, 727, 732, 734, 736, 750, 755, 756, 760, 762, 764, 765]!Vessel: FarSymphony
[66, 177, 180, 181, 182, 184, 185, 186, 187, 190, 191, 193, 194, 195, 197, 202, 204, 205, 206, 208, 245, 252, 256, 258, 269, 273, 292, 293, 294, 295, 297, 299, 308, 318, 324, 325, 326, 354, 356, 358, 359, 360, 361, 362, 368, 382, 384, 385, 388, 389, 390, 391, 392, 393, 394, 395, 396, 397, 401, 402, 403, 404, 405, 406, 409, 422, 423, 424, 428, 433, 434, 443, 444, 445, 447, 451, 453, 455, 456, 457, 458, 459, 460, 461, 462, 464, 465, 466, 477, 479, 480, 481, 482, 484, 485, 486, 488, 489, 490, 491, 492, 494, 522, 523, 524, 525, 526, 529, 530, 531, 532, 533, 534, 536, 537, 546, 547, 550, 551, 552, 553, 556, 558, 561, 563, 565, 566, 567, 570, 573, 574, 579, 588, 589, 590, 591, 592, 593, 594, 595, 596, 600, 601, 602, 603, 616, 622, 624, 626, 627, 628, 629, 630, 631, 634, 639, 644, 645, 646, 647, 648, 649, 650, 653, 654, 656, 658, 659, 661, 663, 664, 666, 667, 668, 669, 670, 671, 672, 673, 674, 675, 680, 681, 682, 683, 684, 685, 686, 687, 688, 689, 690, 691, 692, 694, 695, 696, 697, 698, 699, 700, 701, 702, 703, 704, 705, 724, 725, 726, 728, 729, 731, 733, 734, 735, 736, 737, 739, 741, 742, 744, 745, 746, 748, 749, 750, 753, 755, 756, 757, 758, 759, 760, 761, 762, 767, 770, 772, 776, 777, 778, 779, 780, 781, 787, 788, 791, 794, 795, 796, 798, 805, 806, 808, 809, 813], [81, 85, 105, 163, 184, 187, 195, 197, 202, 204, 205, 206, 208, 212, 216, 217, 218, 219, 220, 223, 224, 225, 226, 230, 232, 233, 236, 245, 246, 247, 252, 260, 262, 274, 288, 290, 296, 300, 309, 327, 329, 330, 331, 333, 360, 363, 366, 369, 373, 376, 382, 385, 389, 390, 392, 393, 394, 397, 401, 402, 403, 404, 405, 406, 407, 408, 409, 410, 411, 412, 414, 415, 416, 418, 419, 420, 422, 423, 424, 425, 426, 427, 428, 429, 431, 433, 434, 435, 436, 437, 439, 440, 442, 443, 444, 445, 446, 451, 453, 461, 464, 465, 466, 468, 469, 473, 474, 477, 479, 480, 490, 495, 496, 497, 498, 507, 510, 511, 512, 513, 518, 519, 520, 523, 526, 527, 528, 532, 535, 538, 542, 554, 565, 567, 568, 569, 570, 571, 572, 589, 590, 591, 596, 602, 604, 607, 609, 610, 612, 615, 617, 618, 619, 622, 626, 627, 628, 629, 630, 631, 632, 633, 634, 635, 636, 637, 638, 639, 640, 641, 644, 645, 646, 647, 648, 649, 650, 651, 652, 653, 654, 655, 656, 657, 658, 659, 660, 661, 662, 663, 664, 666, 669, 672, 673, 674, 676, 679, 680, 681, 682, 683, 684, 694, 697, 698, 699, 703, 706, 707, 708, 710, 713, 717, 718, 719, 720, 722, 724, 725, 726, 727, 730, 732, 733, 734, 736, 737, 738, 739, 740, 741, 742, 743, 755, 757, 758, 759, 761, 764, 766, 770, 772, 773, 774, 776, 777, 778, 779, 780, 781, 787, 788, 794, 796, 803, 805, 806, 808, 810, 813], [81, 100, 109, 165, 177, 180, 181, 182, 184, 185, 186, 190, 208, 212, 216, 217, 218, 219, 220, 248, 249, 250, 251, 256, 262, 265, 266, 268, 275, 278, 297, 299, 300, 301, 303, 304, 305, 306, 307, 327, 329, 337, 339, 340, 341, 364, 365, 366, 367, 370, 371, 384, 385, 388, 389, 390, 391, 392, 393, 402, 403, 404, 405, 406, 407, 408, 409, 410, 411, 412, 414, 415, 416, 418, 419, 420, 435, 447, 449, 450, 451, 453, 455, 456, 457, 458, 459, 460, 468, 469, 470, 471, 472, 473, 474, 475, 476, 480, 481, 482, 484, 485, 496, 497, 498, 499, 501, 502, 503, 504, 505, 506, 527, 529, 530, 531, 532, 533, 534, 535, 536, 537, 538, 539, 540, 541, 542, 544, 558, 567, 568, 569, 573, 574, 575, 576, 577, 578, 579, 581, 583, 584, 591, 592, 593, 594, 606, 607, 608, 609, 610, 611, 619, 622, 626, 627, 628, 629, 630, 631, 632, 633, 634, 635, 636, 637, 638, 639, 640, 641, 644, 645, 654, 655, 657, 663, 664, 666, 667, 668, 669, 670, 671, 676, 678, 679, 682, 683, 684, 685, 686, 687, 688, 689, 690, 691, 692, 707, 708, 710, 711, 712, 713, 714, 715, 716, 725, 726, 727, 728, 729, 730, 732, 733, 734, 735, 737, 738, 739, 740, 744, 745, 746, 747, 748, 749, 750, 751, 752, 755, 756, 757, 758, 759, 760, 764, 765, 766, 767, 768, 770, 772, 773, 774, 776, 777, 778, 788, 791, 794, 795, 805, 808, 809, 810, 813], [105, 109, 118, 127, 180, 194, 204, 217, 223, 226, 232, 247, 250, 252, 256, 258, 260, 262, 265, 266, 268, 269, 273, 274, 275, 278, 279, 281, 282, 284, 287, 288, 289, 290, 291, 292, 294, 304, 313, 319, 324, 330, 339, 342, 345, 353, 354, 358, 364, 374, 378, 402, 406, 407, 408, 410, 411, 420, 422, 425, 428, 429, 433, 436, 439, 444, 451, 453, 455, 456, 457, 458, 459, 460, 461, 462, 464, 465, 466, 468, 469, 470, 471, 472, 473, 474, 475, 476, 477, 479, 480, 481, 482, 484, 485, 486, 488, 489, 490, 491, 492, 494, 495, 496, 497, 498, 499, 501, 502, 503, 504, 505, 506, 507, 508, 509, 510, 511, 512, 513, 514, 516, 517, 518, 519, 520, 521, 524, 529, 547, 550, 551, 556, 561, 566, 568, 570, 571, 572, 573, 575, 577, 578, 583, 585, 586, 587, 588, 613, 615, 626, 627, 631, 632, 633, 634, 635, 636, 637, 644, 647, 651, 657, 658, 660, 661, 663, 664, 666, 667, 668, 669, 670, 671, 672, 673, 674, 675, 676, 678, 679, 680, 681, 682, 683, 684, 685, 686, 687, 688, 689, 690, 691, 692, 694, 695, 696, 697, 698, 699, 700, 701, 702, 703, 704, 705, 706, 707, 708, 710, 711, 712, 713, 714, 715, 716, 717, 718, 719, 720, 721, 722, 724, 737, 738, 740, 741, 742, 743, 744, 745, 747, 751, 753, 754, 767, 768, 770, 772, 773, 774, 777, 779, 781, 787, 788, 791, 794, 795, 796, 798, 803, 813], [123, 177, 187, 190, 191, 193, 202, 212, 216, 223, 224, 225, 230, 246, 248, 249, 269, 273, 274, 275, 278, 279, 281, 282, 284, 287, 293, 301, 303, 308, 309, 310, 312, 320, 337, 342, 343, 344, 356, 368, 369, 370, 371, 372, 381, 384, 392, 393, 394, 395, 396, 397, 409, 410, 411, 412, 414, 415, 416, 422, 423, 424, 425, 426, 427, 431, 434, 435, 436, 437, 442, 445, 446, 447, 449, 450, 477, 479, 480, 481, 482, 484, 485, 486, 488, 489, 490, 491, 492, 494, 495, 496, 497, 498, 499, 501, 502, 503, 504, 505, 506, 507, 508, 509, 510, 511, 512, 513, 514, 516, 517, 522, 528, 536, 537, 538, 539, 540, 541, 546, 548, 549, 552, 553, 554, 555, 558, 561, 563, 575, 576, 581, 587, 589, 590, 591, 592, 593, 594, 595, 609, 610, 611, 622, 624, 626, 634, 635, 636, 637, 638, 639, 640, 641, 645, 646, 647, 648, 649, 650, 651, 652, 654, 655, 656, 662, 680, 681, 682, 683, 684, 685, 686, 687, 688, 689, 690, 691, 692, 694, 695, 696, 697, 698, 699, 700, 701, 702, 703, 704, 705, 706, 707, 708, 710, 711, 712, 713, 714, 715, 716, 717, 718, 719, 720, 721, 727, 728, 729, 730, 731, 733, 734, 735, 736, 740, 741, 743, 748, 749, 750, 751, 752, 754, 757, 758, 759, 760, 761, 762, 764, 765, 768, 772, 773, 774, 776, 779, 780, 787, 788, 791, 794, 795, 796, 798, 803, 805, 806, 808, 809, 810, 813], [39, 66, 85, 100, 123, 127, 139, 154, 168, 177, 180, 181, 182, 191, 194, 202, 204, 205, 206, 208, 212, 217, 218, 219, 220, 223, 224, 226, 230, 232, 233, 245, 246, 247, 248, 250, 269, 275, 279, 284, 293, 294, 295, 297, 301, 304, 305, 306, 310, 313, 318, 320, 324, 325, 326, 327, 330, 331, 333, 337, 339, 340, 341, 342, 343, 344, 345, 350, 353, 356, 358, 359, 364, 365, 370, 373, 374, 375, 376, 378, 379, 381, 385, 388, 394, 395, 396, 401, 402, 403, 404, 407, 409, 410, 412, 415, 418, 419, 420, 422, 423, 425, 427, 428, 429, 431, 434, 435, 436, 437, 439, 440, 442, 443, 444, 445, 447, 449, 450, 458, 471, 481, 486, 491, 499, 504, 509, 510, 514, 523, 524, 525, 528, 529, 530, 531, 536, 540, 542, 544, 546, 547, 548, 549, 550, 552, 556, 558, 561, 563, 565, 566, 568, 569, 570, 571, 572, 573, 574, 575, 576, 577, 578, 579, 581, 583, 584, 585, 586, 587, 592, 596, 600, 601, 606, 612, 613, 614, 615, 616, 617, 618, 619, 624, 626, 627, 628, 629, 632, 635, 636, 638, 639, 640, 644, 645, 646, 647, 648, 651, 652, 654, 655, 656, 657, 658, 659, 660, 661, 668, 685, 686, 687, 696, 697, 700, 701, 711, 714, 717, 728, 731, 735, 737, 738, 739, 740, 741, 742, 743, 744, 745, 746, 747, 748, 751, 752, 753, 754, 766, 773, 776, 777, 778, 779, 780, 781, 791, 798, 803, 809, 810], [139, 195, 205, 218, 230, 232, 233, 236, 251, 265, 279, 281, 288, 289, 292, 293, 294, 295, 296, 297, 299, 300, 301, 303, 304, 305, 306, 307, 308, 309, 310, 312, 313, 318, 319, 320, 350, 361, 376, 378, 379, 380, 382, 392, 395, 401, 403, 405, 408, 412, 416, 418, 420, 423, 424, 425, 426, 427, 428, 429, 431, 433, 439, 440, 443, 449, 451, 455, 456, 461, 462, 469, 470, 471, 472, 475, 477, 482, 486, 488, 492, 496, 499, 501, 502, 507, 508, 509, 511, 514, 516, 518, 520, 521, 522, 523, 524, 525, 526, 527, 528, 529, 530, 531, 532, 533, 534, 535, 536, 537, 538, 539, 540, 541, 542, 544, 546, 547, 548, 549, 550, 551, 552, 553, 554, 555, 579, 581, 583, 584, 585, 586, 589, 593, 600, 603, 604, 608, 614, 615, 616, 617, 618, 619, 622, 624, 628, 629, 630, 631, 632, 633, 635, 637, 638, 640, 641, 644, 645, 646, 647, 648, 649, 650, 651, 652, 653, 657, 658, 659, 660, 661, 662, 663, 666, 667, 668, 670, 672, 673, 675, 676, 678, 680, 682, 685, 688, 689, 690, 694, 695, 696, 698, 700, 702, 704, 706, 707, 710, 711, 712, 715, 717, 718, 719, 721, 722, 724, 725, 726, 727, 728, 729, 730, 731, 732, 733, 745, 746, 747, 748, 749, 750, 751, 752, 753, 754, 756, 757, 761, 762, 765, 766, 767, 768, 770, 772, 773, 774, 776, 777, 778, 779, 780, 781, 787, 788, 791, 795, 796, 798, 803, 805, 806, 808, 809, 810, 813], [154, 185, 193, 197, 225, 236, 249, 251, 258, 260, 266, 282, 289, 291, 324, 325, 326, 327, 329, 330, 331, 333, 337, 339, 340, 341, 342, 343, 344, 345, 350, 353, 362, 363, 367, 372, 375, 380, 382, 384, 385, 388, 389, 391, 396, 397, 401, 414, 418, 419, 426, 431, 434, 435, 436, 437, 439, 440, 442, 446, 450, 457, 459, 462, 464, 465, 468, 470, 473, 475, 476, 489, 495, 497, 503, 505, 508, 509, 512, 517, 518, 519, 521, 522, 525, 533, 535, 539, 544, 546, 547, 548, 549, 555, 556, 558, 561, 563, 565, 566, 567, 568, 569, 570, 571, 572, 573, 574, 575, 576, 577, 578, 579, 581, 583, 584, 585, 586, 587, 588, 595, 596, 600, 601, 602, 603, 604, 606, 607, 608, 609, 611, 612, 613, 614, 617, 624, 628, 630, 633, 638, 641, 648, 649, 650, 651, 652, 653, 654, 655, 656, 657, 658, 659, 660, 662, 663, 664, 667, 669, 670, 671, 672, 673, 674, 675, 676, 678, 679, 680, 681, 683, 686, 688, 691, 692, 695, 696, 699, 701, 702, 705, 706, 707, 708, 712, 713, 714, 715, 716, 718, 720, 721, 722, 726, 727, 731, 732, 733, 734, 735, 736, 737, 738, 739, 740, 741, 742, 743, 744, 745, 746, 747, 748, 749, 750, 751, 752, 753, 754, 755, 756, 758, 760, 762, 764, 765, 766, 770, 773, 774, 776, 777, 778, 779, 780, 781, 787, 788, 791, 794, 795, 796, 798, 803, 805, 806, 808, 809, 810, 813], [118, 163, 165, 168, 181, 186, 219, 245, 246, 247, 268, 284, 287, 290, 291, 296, 305, 307, 312, 318, 319, 320, 326, 333, 340, 344, 353, 354, 356, 358, 359, 360, 361, 362, 363, 364, 365, 366, 367, 368, 369, 370, 371, 372, 373, 374, 375, 376, 378, 379, 380, 381, 390, 391, 404, 405, 406, 407, 408, 411, 415, 416, 427, 433, 437, 443, 444, 445, 446, 455, 458, 459, 460, 465, 466, 471, 472, 473, 474, 475, 476, 484, 490, 491, 492, 494, 501, 504, 505, 506, 510, 511, 512, 513, 514, 516, 517, 519, 520, 521, 526, 527, 530, 534, 540, 541, 548, 550, 551, 552, 553, 554, 555, 556, 563, 567, 569, 572, 574, 576, 577, 584, 586, 587, 588, 589, 590, 591, 592, 593, 594, 595, 596, 600, 601, 602, 603, 604, 606, 607, 608, 609, 610, 611, 612, 613, 614, 615, 616, 617, 618, 619, 627, 629, 630, 631, 632, 633, 634, 636, 637, 639, 640, 641, 646, 649, 652, 653, 655, 656, 659, 660, 661, 662, 668, 669, 670, 671, 673, 674, 675, 678, 679, 687, 689, 692, 697, 698, 699, 700, 701, 702, 703, 704, 705, 711, 713, 714, 715, 716, 717, 718, 719, 720, 721, 722, 724, 725, 728, 729, 730, 731, 732, 735, 736, 738, 739, 742, 743, 744, 746, 747, 749, 752, 753, 754, 755, 756, 757, 758, 759, 760, 761, 762, 764, 765, 766, 767, 768, 770, 772, 774, 778, 780, 781, 794, 795, 796, 798, 803, 806, 808, 809, 810, 813], [39, 66, 81, 85, 100, 105, 109, 118, 123, 127, 139, 154, 163, 165, 168, 182, 184, 185, 186, 187, 190, 191, 193, 194, 195, 197, 206, 216, 220, 224, 225, 226, 233, 236, 248, 249, 250, 251, 252, 256, 258, 260, 262, 265, 266, 268, 273, 274, 278, 281, 282, 287, 288, 289, 290, 291, 292, 295, 296, 299, 300, 303, 306, 307, 308, 309, 310, 312, 313, 319, 325, 329, 331, 341, 343, 345, 350, 354, 359, 360, 361, 362, 363, 365, 366, 367, 368, 369, 371, 372, 373, 374, 375, 379, 380, 381, 382, 384, 388, 389, 390, 391, 393, 394, 395, 396, 397, 414, 419, 424, 426, 429, 440, 442, 446, 447, 449, 450, 453, 456, 457, 460, 461, 462, 464, 466, 468, 469, 470, 472, 474, 476, 479, 485, 488, 489, 494, 495, 498, 502, 503, 506, 507, 508, 513, 516, 517, 518, 519, 520, 521, 522, 523, 524, 525, 526, 527, 528, 531, 532, 533, 534, 535, 537, 538, 539, 541, 542, 544, 549, 551, 553, 554, 555, 565, 566, 571, 578, 585, 588, 590, 594, 595, 601, 602, 603, 604, 606, 607, 608, 610, 611, 612, 613, 614, 616, 618, 622, 624, 650, 653, 662, 664, 666, 667, 671, 672, 674, 675, 676, 678, 679, 681, 684, 690, 691, 694, 695, 703, 704, 705, 706, 708, 710, 712, 716, 719, 720, 721, 722, 724, 725, 726, 727, 729, 730, 732, 734, 736, 750, 755, 756, 759, 760, 761, 762, 764, 765, 767, 768, 787, 805, 806]!Vessel: HavilaForesight
[54, 58, 62, 64, 65, 66, 74, 104, 119, 131, 161, 162, 176, 177, 179, 180, 181, 184, 185, 186, 187, 188, 190, 191, 193, 195, 196, 197, 201, 202, 204, 205, 206, 207, 208, 209, 239, 244, 245, 252, 253, 255, 256, 258, 259, 269, 272, 273, 292, 293, 294, 295, 297, 298, 299, 308, 315, 318, 322, 324, 325, 326, 334, 354, 355, 356, 358, 360, 361, 362, 368, 382, 383, 384, 385, 389, 391, 392, 393, 397, 398, 399, 401, 402, 403, 404, 405, 406, 409, 422, 423, 424, 428, 433, 434, 443, 444, 445, 451, 452, 454, 455, 456, 457, 458, 459, 461, 462, 463, 464, 465, 467, 477, 478, 479, 480, 481, 482, 483, 484, 485, 486, 487, 488, 489, 490, 491, 492, 493, 494, 522, 526, 529, 530, 532, 533, 534, 536, 537, 546, 547, 550, 551, 552, 553, 556, 557, 558, 559, 560, 561, 562, 563, 564, 567, 570, 573, 574, 579, 580, 588, 589, 590, 591, 592, 593, 594, 595, 596, 600, 602, 603, 628, 630, 631, 634, 648, 649, 650, 654, 656, 658, 659, 663, 669, 670, 673, 680, 682, 683, 688, 689, 692, 695, 696, 698, 699, 702, 731, 733, 741, 745, 746, 748, 749, 750, 753, 757, 758, 770, 788, 795, 796, 808], [54, 74, 77, 81, 83, 84, 85, 88, 95, 105, 120, 132, 163, 184, 187, 188, 195, 197, 201, 202, 204, 205, 206, 207, 208, 209, 210, 211, 212, 215, 216, 217, 218, 219, 222, 223, 224, 225, 228, 230, 232, 233, 236, 237, 239, 241, 243, 244, 245, 246, 247, 252, 260, 262, 274, 283, 288, 290, 296, 300, 309, 327, 329, 330, 331, 333, 355, 360, 363, 366, 369, 376, 382, 383, 385, 389, 392, 393, 397, 398, 399, 401, 402, 403, 404, 405, 406, 408, 409, 410, 411, 412, 413, 414, 415, 416, 418, 420, 421, 422, 423, 424, 425, 426, 427, 428, 430, 431, 432, 433, 434, 435, 436, 437, 438, 439, 441, 443, 444, 445, 446, 451, 452, 461, 463, 464, 465, 468, 469, 473, 477, 478, 479, 480, 490, 495, 496, 497, 507, 510, 511, 512, 518, 519, 526, 532, 535, 538, 554, 557, 562, 567, 568, 569, 570, 572, 589, 590, 591, 596, 602, 604, 607, 609, 615, 617, 619, 628, 630, 631, 633, 634, 637, 638, 641, 648, 649, 650, 651, 652, 654, 656, 658, 659, 663, 669, 673, 680, 682, 683, 698, 699, 707, 713, 718, 733, 741, 757, 758, 770, 774, 788, 796, 808], [58, 62, 77, 81, 97, 99, 100, 109, 121, 134, 136, 164, 165, 176, 177, 179, 180, 181, 184, 185, 186, 188, 190, 207, 208, 209, 210, 211, 212, 215, 216, 217, 218, 219, 222, 228, 249, 251, 253, 255, 256, 262, 264, 265, 266, 268, 275, 276, 277, 278, 297, 298, 299, 300, 301, 302, 303, 304, 305, 306, 307, 327, 329, 334, 337, 339, 340, 341, 347, 364, 366, 367, 370, 371, 383, 384, 385, 389, 391, 392, 393, 402, 403, 404, 405, 406, 408, 409, 410, 411, 412, 413, 414, 415, 416, 418, 420, 421, 435, 438, 451, 452, 454, 455, 456, 457, 458, 459, 468, 469, 470, 471, 473, 475, 476, 480, 481, 482, 483, 484, 485, 496, 497, 499, 500, 501, 502, 503, 504, 505, 529, 530, 532, 533, 534, 535, 536, 537, 538, 539, 540, 541, 557, 558, 559, 560, 567, 568, 569, 573, 574, 575, 576, 577, 579, 580, 581, 582, 583, 584, 591, 592, 593, 594, 607, 608, 609, 611, 619, 628, 630, 631, 633, 634, 637, 638, 641, 654, 663, 669, 670, 682, 683, 688, 689, 692, 707, 713, 715, 733, 745, 746, 748, 749, 750, 751, 757, 758, 770, 774, 788, 795, 808], [65, 84, 99, 104, 105, 109, 110, 115, 116, 118, 122, 127, 138, 167, 176, 180, 201, 204, 207, 210, 211, 217, 223, 228, 232, 237, 244, 247, 252, 253, 255, 256, 258, 259, 260, 262, 264, 265, 266, 268, 269, 272, 273, 274, 275, 276, 277, 278, 279, 281, 282, 283, 284, 285, 287, 288, 289, 290, 291, 292, 294, 304, 319, 324, 330, 339, 342, 345, 349, 353, 354, 358, 364, 378, 402, 406, 408, 410, 411, 420, 422, 425, 428, 430, 433, 436, 438, 439, 441, 444, 451, 452, 454, 455, 456, 457, 458, 459, 461, 462, 463, 464, 465, 467, 468, 469, 470, 471, 473, 475, 476, 477, 478, 479, 480, 481, 482, 483, 484, 485, 486, 487, 488, 489, 490, 491, 492, 493, 494, 495, 496, 497, 499, 500, 501, 502, 503, 504, 505, 507, 508, 509, 510, 511, 512, 514, 515, 516, 517, 518, 519, 521, 529, 547, 550, 551, 556, 561, 568, 570, 572, 573, 575, 577, 583, 586, 587, 588, 615, 631, 633, 634, 637, 651, 658, 663, 669, 670, 673, 680, 682, 683, 688, 689, 692, 695, 696, 698, 699, 702, 707, 713, 715, 718, 741, 745, 751, 753, 770, 774, 788, 795, 796], [64, 83, 97, 110, 119, 120, 121, 122, 123, 124, 126, 166, 176, 177, 179, 187, 188, 190, 191, 193, 201, 202, 211, 212, 215, 216, 223, 224, 225, 230, 241, 246, 249, 269, 272, 273, 274, 275, 276, 277, 278, 279, 281, 282, 283, 284, 285, 287, 293, 301, 302, 303, 308, 309, 310, 311, 312, 316, 320, 322, 337, 342, 343, 344, 355, 356, 368, 369, 370, 371, 372, 384, 392, 393, 397, 399, 409, 410, 411, 412, 413, 414, 415, 416, 422, 423, 424, 425, 426, 427, 430, 431, 432, 434, 435, 436, 437, 445, 446, 477, 478, 479, 480, 481, 482, 483, 484, 485, 486, 487, 488, 489, 490, 491, 492, 493, 494, 495, 496, 497, 499, 500, 501, 502, 503, 504, 505, 507, 508, 509, 510, 511, 512, 514, 515, 516, 517, 522, 536, 537, 538, 539, 540, 541, 546, 548, 552, 553, 554, 555, 557, 558, 559, 560, 561, 562, 563, 564, 575, 576, 581, 582, 587, 589, 590, 591, 592, 593, 594, 595, 609, 611, 634, 637, 638, 641, 648, 649, 650, 651, 652, 654, 656, 680, 682, 683, 688, 689, 692, 695, 696, 698, 699, 702, 707, 713, 715, 718, 731, 733, 741, 748, 749, 750, 751, 757, 758, 774, 788, 795, 796, 808], [39, 58, 64, 65, 66, 74, 77, 83, 84, 85, 88, 95, 97, 99, 100, 110, 123, 127, 134, 138, 139, 154, 161, 164, 166, 167, 168, 170, 177, 180, 181, 191, 202, 204, 205, 206, 208, 212, 217, 218, 219, 223, 224, 230, 232, 233, 239, 241, 243, 245, 246, 247, 269, 275, 279, 284, 293, 294, 295, 297, 301, 304, 305, 306, 310, 315, 316, 318, 320, 322, 324, 325, 326, 327, 330, 331, 333, 334, 337, 339, 340, 341, 342, 343, 344, 345, 347, 349, 350, 352, 353, 356, 358, 364, 370, 375, 376, 378, 385, 401, 402, 403, 404, 409, 410, 412, 415, 418, 420, 422, 423, 425, 427, 428, 431, 434, 435, 436, 437, 439, 443, 444, 445, 458, 471, 481, 486, 491, 499, 504, 509, 510, 514, 529, 530, 536, 540, 546, 547, 548, 550, 552, 556, 558, 561, 563, 568, 569, 570, 572, 573, 574, 575, 576, 577, 579, 581, 583, 584, 586, 587, 592, 596, 600, 615, 617, 619, 628, 638, 648, 651, 652, 654, 656, 658, 659, 696, 731, 741, 745, 746, 748, 751, 753], [88, 115, 124, 131, 132, 134, 136, 138, 139, 170, 171, 195, 196, 205, 218, 222, 228, 230, 232, 233, 236, 237, 243, 251, 253, 259, 264, 265, 276, 279, 281, 285, 288, 289, 292, 293, 294, 295, 296, 297, 298, 299, 300, 301, 302, 303, 304, 305, 306, 307, 308, 309, 310, 311, 312, 315, 316, 318, 319, 320, 347, 349, 350, 352, 361, 376, 378, 380, 382, 383, 392, 398, 399, 401, 403, 405, 408, 412, 413, 416, 418, 420, 421, 423, 424, 425, 426, 427, 428, 430, 431, 432, 433, 438, 439, 441, 443, 451, 454, 455, 456, 461, 462, 463, 467, 469, 470, 471, 475, 477, 482, 486, 487, 488, 492, 496, 499, 500, 501, 502, 507, 508, 509, 511, 514, 515, 516, 518, 521, 522, 526, 529, 530, 532, 533, 534, 535, 536, 537, 538, 539, 540, 541, 546, 547, 548, 550, 551, 552, 553, 554, 555, 559, 564, 579, 580, 581, 582, 583, 584, 586, 589, 593, 600, 603, 604, 608, 615, 617, 619, 628, 630, 631, 633, 637, 638, 641, 648, 649, 650, 651, 652, 658, 659, 663, 670, 673, 680, 682, 688, 689, 695, 696, 698, 702, 707, 715, 718, 731, 733, 745, 746, 748, 749, 750, 751, 753, 757, 770, 774, 788, 795, 796, 808], [116, 154, 172, 185, 193, 196, 197, 225, 236, 239, 241, 243, 249, 251, 258, 260, 266, 282, 289, 291, 311, 315, 316, 322, 324, 325, 326, 327, 329, 330, 331, 333, 334, 337, 339, 340, 341, 342, 343, 344, 345, 347, 349, 350, 352, 353, 362, 363, 367, 372, 375, 380, 382, 383, 384, 385, 389, 391, 397, 398, 399, 401, 413, 414, 418, 421, 426, 430, 431, 432, 434, 435, 436, 437, 438, 439, 441, 446, 452, 454, 457, 459, 462, 463, 464, 465, 467, 468, 470, 473, 475, 476, 478, 483, 487, 489, 493, 495, 497, 500, 503, 505, 508, 509, 512, 515, 517, 518, 519, 521, 522, 533, 535, 539, 546, 547, 548, 555, 556, 557, 558, 559, 560, 561, 562, 563, 564, 567, 568, 569, 570, 572, 573, 574, 575, 576, 577, 579, 580, 581, 582, 583, 584, 586, 587, 588, 595, 596, 600, 602, 603, 604, 607, 608, 609, 611, 617, 628, 630, 633, 638, 641, 648, 649, 650, 651, 652, 654, 656, 658, 659, 663, 669, 670, 673, 680, 683, 688, 692, 695, 696, 699, 702, 707, 713, 715, 718, 731, 733, 741, 745, 746, 748, 749, 750, 751, 753, 758, 770, 774, 788, 795, 796, 808], [95, 118, 126, 161, 162, 163, 164, 165, 166, 167, 168, 170, 171, 172, 179, 181, 186, 209, 210, 215, 219, 222, 237, 244, 245, 246, 247, 255, 259, 264, 268, 272, 277, 283, 284, 285, 287, 290, 291, 296, 298, 302, 305, 307, 312, 318, 319, 320, 326, 333, 340, 344, 352, 353, 354, 355, 356, 358, 360, 361, 362, 363, 364, 366, 367, 368, 369, 370, 371, 372, 375, 376, 378, 380, 391, 398, 404, 405, 406, 408, 411, 415, 416, 421, 427, 432, 433, 437, 441, 443, 444, 445, 446, 455, 458, 459, 465, 467, 471, 473, 475, 476, 484, 490, 491, 492, 493, 494, 501, 504, 505, 510, 511, 512, 514, 515, 516, 517, 519, 521, 526, 530, 534, 540, 541, 548, 550, 551, 552, 553, 554, 555, 556, 560, 562, 563, 564, 567, 569, 572, 574, 576, 577, 580, 582, 584, 586, 587, 588, 589, 590, 591, 592, 593, 594, 595, 596, 600, 602, 603, 604, 607, 608, 609, 611, 615, 617, 619, 630, 631, 633, 634, 637, 641, 649, 652, 656, 659, 669, 670, 673, 689, 692, 698, 699, 702, 713, 715, 718, 731, 746, 749, 753, 757, 758, 770, 774, 795, 796, 808], [39, 54, 62, 66, 81, 85, 100, 104, 105, 109, 115, 116, 118, 119, 120, 121, 122, 123, 124, 126, 127, 131, 132, 136, 139, 154, 162, 163, 165, 168, 171, 172, 184, 185, 186, 187, 190, 191, 193, 195, 196, 197, 206, 216, 224, 225, 233, 236, 249, 251, 252, 256, 258, 260, 262, 265, 266, 268, 273, 274, 278, 281, 282, 287, 288, 289, 290, 291, 292, 295, 296, 299, 300, 303, 306, 307, 308, 309, 310, 311, 312, 319, 325, 329, 331, 341, 343, 345, 350, 354, 360, 361, 362, 363, 366, 367, 368, 369, 371, 372, 375, 380, 382, 384, 389, 391, 393, 397, 414, 424, 426, 446, 456, 457, 461, 462, 464, 468, 469, 470, 476, 479, 485, 488, 489, 494, 495, 502, 503, 507, 508, 516, 517, 518, 519, 521, 522, 526, 532, 533, 534, 535, 537, 538, 539, 541, 551, 553, 554, 555, 588, 590, 594, 595, 602, 603, 604, 607, 608, 611, 650, 695, 750]!Vessel: FarStar
] 

Rvl : [
!l : 2, 3
[181, 184, 185, 195, 205, 208, 218, 219, 245, 296, 297, 299, 300, 305, 307, 318, 329, 340, 360, 361, 362, 363, 366, 367, 376, 380, 382, 385, 389, 401, 403, 404, 405, 418, 443, 530, 532, 533, 535, 569, 574, 579, 584, 596, 600, 603, 604, 617, 619, 628, 630, 659], [66, 85, 100, 123, 127, 139, 154, 168, 177, 180, 182, 186, 187, 190, 191, 194, 202, 204, 206, 212, 216, 217, 220, 223, 224, 226, 230, 232, 233, 246, 247, 248, 249, 250, 252, 256, 258, 260, 262, 265, 266, 268, 269, 273, 274, 275, 278, 279, 281, 282, 284, 287, 288, 290, 291, 292, 293, 294, 295, 301, 303, 304, 306, 308, 309, 310, 312, 313, 319, 320, 325, 331, 339, 341, 343, 345, 350, 353, 354, 356, 358, 359, 364, 365, 368, 369, 370, 371, 372, 373, 374, 375, 378, 379, 381, 384, 386, 387, 388, 390, 391, 392, 393, 394, 395, 396, 397, 400, 402, 406, 407, 408, 409, 410, 411, 412, 414, 415, 416, 417, 419, 420, 422, 423, 424, 425, 426, 427, 428, 429, 431, 433, 434, 435, 436, 437, 439, 440, 442, 444, 445, 446, 447, 448, 449, 450, 451, 453, 455, 456, 457, 458, 460, 461, 462, 464, 466, 468, 469, 470, 471, 472, 473, 474, 476, 477, 479, 480, 481, 482, 484, 485, 486, 488, 489, 490, 491, 492, 494, 495, 496, 498, 499, 501, 502, 503, 504, 506, 507, 508, 509, 510, 511, 513, 514, 516, 517, 518, 519, 520, 521, 522, 523, 524, 525, 526, 527, 528, 529, 531, 534, 536, 537, 538, 539, 540, 541, 542, 543, 544, 545, 546, 547, 548, 549, 550, 551, 552, 553, 554, 555, 556, 558, 561, 563, 565, 566, 568, 570, 571, 572, 573, 575, 576, 577, 578, 581, 583, 585, 586, 587, 588, 589, 590, 591, 592, 593, 594, 595, 597, 598, 599, 601, 602, 605, 606, 607, 608, 610, 611, 612, 613, 614, 615, 616, 618, 620, 621, 622, 623, 624, 625, 626, 627, 629, 631, 632, 633, 634, 635, 636, 637, 638, 639, 640, 641, 642, 643, 644, 645, 646, 647, 648, 649, 650, 651, 652, 653, 654, 655, 656, 657, 658, 660, 661, 662, 663, 664, 665, 666, 667, 668, 669, 670, 671, 672, 673, 674, 675, 676, 677, 678, 679, 680, 681, 682, 683, 684, 685, 686, 687, 688, 689, 690, 691, 692, 693, 694, 695, 696, 697, 698, 699, 700, 701, 702, 703, 704, 705, 706, 707, 708, 709, 710, 711, 712, 713, 714, 715, 716, 717, 718, 719, 720, 721, 722, 723, 724, 725, 726, 727, 728, 729, 730, 731, 732, 733, 734, 735, 736, 737, 738, 739, 740, 741, 742, 743, 744, 745, 746, 747, 748, 749, 750, 751, 752, 753, 754, 755, 756, 757, 758, 759, 760, 761, 762, 763, 764, 765, 766, 767, 768, 769, 770, 771, 772, 773, 774, 775, 776, 777, 778, 779, 780, 781, 782, 783, 784, 785, 786, 787, 788, 789, 790, 791, 792, 793, 794, 795, 796, 797, 798, 799, 800, 801, 802, 803, 804, 805, 806, 807, 808, 809, 810, 811, 812, 813]!Vessel: FarSeeker
[181, 184, 185, 195, 205, 208, 218, 219, 245, 296, 297, 299, 300, 305, 307, 318, 329, 340, 360, 361, 362, 363, 366, 367, 376, 380, 382, 385, 389, 401, 403, 404, 405, 418, 443, 530, 532, 533, 535, 569, 574, 579, 584, 596, 600, 603, 604, 617, 619, 628, 630, 659], [66, 85, 100, 123, 127, 139, 154, 168, 177, 180, 182, 186, 187, 190, 191, 194, 202, 204, 206, 212, 216, 217, 220, 223, 224, 226, 230, 232, 233, 246, 247, 248, 249, 250, 252, 256, 258, 260, 262, 265, 266, 268, 269, 273, 274, 275, 278, 279, 281, 282, 284, 287, 288, 290, 291, 292, 293, 294, 295, 301, 303, 304, 306, 308, 309, 310, 312, 313, 319, 320, 325, 331, 339, 341, 343, 345, 350, 353, 354, 356, 358, 359, 364, 365, 368, 369, 370, 371, 372, 373, 374, 375, 378, 379, 381, 384, 386, 387, 388, 390, 391, 392, 393, 394, 395, 396, 397, 400, 402, 406, 407, 408, 409, 410, 411, 412, 414, 415, 416, 417, 419, 420, 422, 423, 424, 425, 426, 427, 428, 429, 431, 433, 434, 435, 436, 437, 439, 440, 442, 444, 445, 446, 447, 448, 449, 450, 451, 453, 455, 456, 457, 458, 460, 461, 462, 464, 466, 468, 469, 470, 471, 472, 473, 474, 476, 477, 479, 480, 481, 482, 484, 485, 486, 488, 489, 490, 491, 492, 494, 495, 496, 498, 499, 501, 502, 503, 504, 506, 507, 508, 509, 510, 511, 513, 514, 516, 517, 518, 519, 520, 521, 522, 523, 524, 525, 526, 527, 528, 529, 531, 534, 536, 537, 538, 539, 540, 541, 542, 543, 544, 545, 546, 547, 548, 549, 550, 551, 552, 553, 554, 555, 556, 558, 561, 563, 565, 566, 568, 570, 571, 572, 573, 575, 576, 577, 578, 581, 583, 585, 586, 587, 588, 589, 590, 591, 592, 593, 594, 595, 597, 598, 599, 601, 602, 605, 606, 607, 608, 610, 611, 612, 613, 614, 615, 616, 618, 620, 621, 622, 623, 624, 625, 626, 627, 629, 631, 632, 633, 634, 635, 636, 637, 638, 639, 640, 641, 642, 643, 644, 645, 646, 647, 648, 649, 650, 651, 652, 653, 654, 655, 656, 657, 658, 660, 661, 662, 663, 664, 665, 666, 667, 668, 669, 670, 671, 672, 673, 674, 675, 676, 677, 678, 679, 680, 681, 682, 683, 684, 685, 686, 687, 688, 689, 690, 691, 692, 693, 694, 695, 696, 697, 698, 699, 700, 701, 702, 703, 704, 705, 706, 707, 708, 709, 710, 711, 712, 713, 714, 715, 716, 717, 718, 719, 720, 721, 722, 723, 724, 725, 726, 727, 728, 729, 730, 731, 732, 733, 734, 735, 736, 737, 738, 739, 740, 741, 742, 743, 744, 745, 746, 747, 748, 749, 750, 751, 752, 753, 754, 755, 756, 757, 758, 759, 760, 761, 762, 763, 764, 765, 766, 767, 768, 769, 770, 771, 772, 773, 774, 775, 776, 777, 778, 779, 780, 781, 782, 783, 784, 785, 786, 787, 788, 789, 790, 791, 792, 793, 794, 795, 796, 797, 798, 799, 800, 801, 802, 803, 804, 805, 806, 807, 808, 809, 810, 811, 812, 813]!Vessel: FarSearcher
[54, 62, 77, 81, 95, 136, 162, 163, 164, 165, 171, 181, 184, 185, 195, 196, 197, 205, 208, 218, 219, 236, 239, 243, 245, 251, 296, 297, 299, 300, 305, 307, 318, 326, 327, 329, 333, 334, 340, 347, 352, 360, 361, 362, 363, 366, 367, 376, 380, 382, 385, 389, 401, 403, 404, 405, 418, 421, 443, 530, 532, 533, 535, 567, 569, 574, 579, 580, 584, 596, 600, 603, 604, 617, 619, 628, 630, 659], [39, 66, 84, 85, 99, 100, 104, 105, 109, 115, 118, 120, 121, 122, 123, 126, 127, 139, 154, 167, 168, 177, 180, 182, 186, 187, 190, 191, 193, 194, 202, 204, 206, 210, 212, 216, 217, 220, 223, 224, 225, 226, 230, 232, 233, 241, 246, 247, 248, 249, 250, 252, 255, 256, 258, 260, 262, 265, 266, 268, 269, 273, 274, 275, 277, 278, 279, 281, 282, 284, 287, 288, 289, 290, 291, 292, 293, 294, 295, 301, 303, 304, 306, 308, 309, 310, 311, 312, 313, 319, 320, 322, 324, 325, 330, 331, 337, 339, 341, 342, 343, 344, 345, 349, 350, 353, 354, 356, 358, 359, 364, 365, 368, 369, 370, 371, 372, 373, 374, 375, 378, 379, 381, 384, 388, 390, 391, 392, 393, 396, 397, 402, 406, 407, 408, 409, 410, 411, 412, 414, 415, 416, 420, 422, 423, 424, 425, 426, 427, 428, 431, 432, 433, 434, 435, 436, 437, 438, 439, 440, 441, 442, 444, 445, 446, 450, 451, 452, 453, 454, 455, 456, 457, 458, 459, 460, 461, 462, 464, 465, 466, 467, 468, 469, 470, 471, 472, 473, 474, 475, 476, 477, 478, 479, 480, 481, 482, 483, 484, 485, 486, 488, 489, 490, 491, 492, 493, 494, 495, 496, 497, 498, 499, 500, 501, 502, 503, 504, 505, 506, 507, 508, 509, 510, 511, 512, 513, 514, 515, 516, 517, 518, 519, 520, 521, 522, 525, 526, 527, 529, 534, 536, 537, 538, 539, 540, 541, 544, 546, 547, 548, 549, 550, 551, 552, 553, 554, 555, 556, 557, 558, 560, 561, 562, 563, 565, 566, 568, 570, 572, 573, 575, 576, 577, 581, 582, 583, 585, 586, 587, 588, 589, 590, 591, 592, 593, 594, 595, 601, 602, 607, 608, 609, 610, 611, 614, 615, 631, 633, 634, 637, 638, 641, 645, 646, 647, 648, 649, 650, 651, 652, 653, 654, 655, 656, 657, 658, 660, 662, 663, 664, 667, 669, 670, 671, 672, 673, 674, 675, 676, 678, 680, 681, 682, 683, 685, 686, 688, 689, 691, 692, 695, 696, 698, 699, 700, 701, 702, 705, 706, 707, 708, 712, 713, 714, 715, 718, 720, 721, 722, 726, 727, 728, 731, 732, 733, 734, 735, 736, 737, 738, 739, 740, 741, 742, 743, 744, 745, 746, 747, 748, 749, 750, 751, 752, 753, 754, 755, 756, 757, 758, 760, 762, 764, 765, 766, 770, 772, 774, 788, 794, 795, 796, 808]!Vessel: FarSymphony
[81, 163, 165, 181, 184, 185, 195, 197, 205, 208, 218, 219, 236, 245, 251, 296, 297, 299, 300, 305, 307, 318, 326, 327, 329, 333, 340, 360, 361, 362, 363, 366, 367, 376, 380, 382, 385, 389, 401, 403, 404, 405, 418, 443, 530, 532, 533, 535, 567, 569, 574, 579, 584, 596, 600, 603, 604, 617, 619, 628, 630, 659], [39, 66, 85, 100, 105, 109, 118, 123, 127, 139, 154, 168, 177, 180, 182, 186, 187, 190, 191, 193, 194, 202, 204, 206, 212, 216, 217, 220, 223, 224, 225, 226, 230, 232, 233, 246, 247, 248, 249, 250, 252, 256, 258, 260, 262, 265, 266, 268, 269, 273, 274, 275, 278, 279, 281, 282, 284, 287, 288, 289, 290, 291, 292, 293, 294, 295, 301, 303, 304, 306, 308, 309, 310, 312, 313, 319, 320, 324, 325, 330, 331, 337, 339, 341, 342, 343, 344, 345, 350, 353, 354, 356, 358, 359, 364, 365, 368, 369, 370, 371, 372, 373, 374, 375, 378, 379, 381, 384, 388, 390, 391, 392, 393, 394, 395, 396, 397, 402, 406, 407, 408, 409, 410, 411, 412, 414, 415, 416, 419, 420, 422, 423, 424, 425, 426, 427, 428, 429, 431, 433, 434, 435, 436, 437, 439, 440, 442, 444, 445, 446, 447, 449, 450, 451, 453, 455, 456, 457, 458, 459, 460, 461, 462, 464, 465, 466, 468, 469, 470, 471, 472, 473, 474, 475, 476, 477, 479, 480, 481, 482, 484, 485, 486, 488, 489, 490, 491, 492, 494, 495, 496, 497, 498, 499, 501, 502, 503, 504, 505, 506, 507, 508, 509, 510, 511, 512, 513, 514, 516, 517, 518, 519, 520, 521, 522, 523, 524, 525, 526, 527, 528, 529, 531, 534, 536, 537, 538, 539, 540, 541, 542, 544, 546, 547, 548, 549, 550, 551, 552, 553, 554, 555, 556, 558, 561, 563, 565, 566, 568, 570, 571, 572, 573, 575, 576, 577, 578, 581, 583, 585, 586, 587, 588, 589, 590, 591, 592, 593, 594, 595, 601, 602, 606, 607, 608, 609, 610, 611, 612, 613, 614, 615, 616, 618, 622, 624, 626, 627, 629, 631, 632, 633, 634, 635, 636, 637, 638, 639, 640, 641, 644, 645, 646, 647, 648, 649, 650, 651, 652, 653, 654, 655, 656, 657, 658, 660, 661, 662, 663, 664, 666, 667, 668, 669, 670, 671, 672, 673, 674, 675, 676, 678, 679, 680, 681, 682, 683, 684, 685, 686, 687, 688, 689, 690, 691, 692, 694, 695, 696, 697, 698, 699, 700, 701, 702, 703, 704, 705, 706, 707, 708, 710, 711, 712, 713, 714, 715, 716, 717, 718, 719, 720, 721, 722, 724, 725, 726, 727, 728, 729, 730, 731, 732, 733, 734, 735, 736, 737, 738, 739, 740, 741, 742, 743, 744, 745, 746, 747, 748, 749, 750, 751, 752, 753, 754, 755, 756, 757, 758, 759, 760, 761, 762, 764, 765, 766, 767, 768, 770, 772, 773, 774, 776, 777, 778, 779, 780, 781, 787, 788, 791, 794, 795, 796, 798, 803, 805, 806, 808, 809, 810, 813]!Vessel: HavilaForesight
[54, 58, 62, 74, 77, 81, 88, 95, 131, 132, 134, 136, 161, 162, 163, 164, 165, 170, 171, 172, 181, 184, 185, 188, 195, 196, 197, 205, 208, 209, 218, 219, 222, 236, 239, 243, 245, 251, 296, 297, 298, 299, 300, 305, 307, 315, 318, 326, 327, 329, 333, 334, 340, 347, 352, 360, 361, 362, 363, 366, 367, 376, 380, 382, 383, 385, 389, 398, 401, 403, 404, 405, 418, 421, 443, 530, 532, 533, 535, 567, 569, 574, 579, 580, 584, 596, 600, 603, 604, 617, 619, 628, 630, 659], [39, 64, 65, 66, 83, 84, 85, 97, 99, 100, 104, 105, 109, 110, 115, 116, 118, 119, 120, 121, 122, 123, 124, 126, 127, 138, 139, 154, 166, 167, 168, 176, 177, 179, 180, 186, 187, 190, 191, 193, 201, 202, 204, 206, 207, 210, 211, 212, 215, 216, 217, 223, 224, 225, 228, 230, 232, 233, 237, 241, 244, 246, 247, 249, 252, 253, 255, 256, 258, 259, 260, 262, 264, 265, 266, 268, 269, 272, 273, 274, 275, 276, 277, 278, 279, 281, 282, 283, 284, 285, 287, 288, 289, 290, 291, 292, 293, 294, 295, 301, 302, 303, 304, 306, 308, 309, 310, 311, 312, 316, 319, 320, 322, 324, 325, 330, 331, 337, 339, 341, 342, 343, 344, 345, 349, 350, 353, 354, 355, 356, 358, 364, 368, 369, 370, 371, 372, 375, 378, 384, 391, 392, 393, 397, 399, 402, 406, 408, 409, 410, 411, 412, 413, 414, 415, 416, 420, 422, 423, 424, 425, 426, 427, 428, 430, 431, 432, 433, 434, 435, 436, 437, 438, 439, 441, 444, 445, 446, 451, 452, 454, 455, 456, 457, 458, 459, 461, 462, 463, 464, 465, 467, 468, 469, 470, 471, 473, 475, 476, 477, 478, 479, 480, 481, 482, 483, 484, 485, 486, 487, 488, 489, 490, 491, 492, 493, 494, 495, 496, 497, 499, 500, 501, 502, 503, 504, 505, 507, 508, 509, 510, 511, 512, 514, 515, 516, 517, 518, 519, 521, 522, 526, 529, 534, 536, 537, 538, 539, 540, 541, 546, 547, 548, 550, 551, 552, 553, 554, 555, 556, 557, 558, 559, 560, 561, 562, 563, 564, 568, 570, 572, 573, 575, 576, 577, 581, 582, 583, 586, 587, 588, 589, 590, 591, 592, 593, 594, 595, 602, 607, 608, 609, 611, 615, 631, 633, 634, 637, 638, 641, 648, 649, 650, 651, 652, 654, 656, 658, 663, 669, 670, 673, 680, 682, 683, 688, 689, 692, 695, 696, 698, 699, 702, 707, 713, 715, 718, 731, 733, 741, 745, 746, 748, 749, 750, 751, 753, 757, 758, 770, 774, 788, 795, 796, 808]!Vessel: FarStar
] 

minF : 1
maxF : 6
Nf : [
!f : 1, 2, 3, 4, 5, 6
[10], [5, 6], [], [], [2, 3, 4, 7], [1, 8, 9]
]

! Parameters
VoyageCost: [37970, 39085, 64838, 59991, 44841, 37570, 39448, 44429, 45544, 73722, 62814, 47265, 43726, 43120, 46453, 46720, 43120, 73722, 62814, 46053, 38879, 38273, 44029, 44296, 74837, 63929, 47265, 42418, 44235, 47568, 46720, 72716, 73019, 72413, 75746, 81805, 85502, 83017, 68535, 62414, 46053, 37570, 43326, 45508, 62414, 47265, 45144, 44296, 64838, 46053, 46720, 87320, 50186, 51156, 49580, 81296, 70389, 50392, 48877, 50695, 54028, 52271, 81599, 84629, 85441, 70959, 48877, 49580, 49847, 52913, 52210, 80181, 69274, 49277, 78872, 67965, 47968, 46453, 48271, 51604, 49847, 81599, 84629, 84229, 69747, 79478, 68571, 47265, 44029, 78872, 67965, 45508, 82205, 71298, 51301, 82714, 85744, 74837, 85441, 70959, 47568, 50962, 78872, 90349, 90349, 78169, 79987, 83320, 90349, 90895, 80896, 80290, 83623, 78169, 91561, 90349, 83320, 90349, 85502, 85502, 85502, 90349, 90955, 86714, 85502, 85502, 92167, 79478, 68571, 48574, 50453, 45605, 67262, 47265, 50901, 49144, 84229, 84229, 69747, 67262, 45508, 81502, 70595, 67965, 48477, 51604, 47265, 49180, 69080, 49083, 52719, 84229, 85441, 70959, 47265, 48477, 72413, 52416, 82205, 71298, 51301, 53179, 50756, 52416, 54294, 86047, 84229, 69747, 49786, 50598, 52477, 51871, 55337, 55337, 54731, 89174, 88471, 77963, 81296, 88568, 61299, 74085, 54028, 66002, 64693, 72873, 87926, 76848, 76146, 87926, 93779, 76848, 87926, 94591, 56912, 55603, 56306, 58670, 58064, 57361, 88059, 88471, 77454, 87453, 55034, 72970, 85332, 54428, 58064, 89780, 86750, 87259, 76146, 75540, 78872, 87926, 86144, 53725, 58876, 71661, 51604, 57361, 93319, 93779, 87926, 93379, 85938, 84629, 87356, 88471, 79478, 85441, 70959, 84629, 73722, 50756, 87962, 85332, 54428, 86750, 88471, 78872, 51301, 88665, 57761, 87259, 89477, 94894, 87926, 94591, 54294, 91561, 84629, 86447, 89780, 91561, 84629, 91561, 87962, 91561, 84023, 90349, 83320, 89077, 91561, 91561, 90895, 92470, 92107, 87356, 86750, 90083, 91561, 91561, 92107, 86047, 91198, 91561, 93319, 86047, 92773, 91561, 90083, 92107, 89380, 91198, 92773, 91561, 91561, 90349, 91561, 92773, 88471, 86750, 72267, 66208, 53725, 57361, 55603, 53179, 87259, 78169, 87926, 85441, 58173, 70959, 69747, 87926, 87926, 93379, 87926, 87926, 93379, 73722, 53725, 88471, 78169, 57058, 91561, 87259, 89780, 88471, 78872, 86653, 72170, 58876, 53119, 56755, 54997, 85441, 70959, 87356, 56452, 55543, 59179, 87865, 88471, 79987, 87259, 59991, 72776, 93319, 93379, 88471, 94591, 72413, 52416, 56052, 85441, 70959, 86653, 55749, 90592, 91561, 80181, 87259, 79478, 89477, 74994, 66911, 68632, 65602, 63178, 90592, 76109, 68026, 66717, 86714, 86714, 87259, 86714, 86714, 73782, 93379, 74897, 57058, 54937, 88774, 74291, 64899, 105499, 69335, 60487, 89137, 62002, 78121, 97718, 79236, 71152, 76909, 78024, 82605, 87926, 107510, 109231, 106201, 89137, 63820, 82605, 96603, 60184, 92604, 60184, 65335, 63820, 96239, 97051, 95536, 88471, 94022, 97657, 89683, 81296, 87926, 88471, 84629, 95294, 58876, 76812, 91901, 62511, 95330, 89683, 89137, 94627, 89137, 89683, 91901, 94591, 92507, 89683, 84629, 94421, 89683, 89683, 94531, 89683, 89780, 89477, 74994, 93113, 104287, 63517, 95936, 88471, 87926, 113473, 108625, 110346, 107316, 91089, 90483, 92058, 89780, 95536, 93779, 93173, 97051, 97354, 98930, 92773, 92773, 91089, 92773, 93816, 95391, 93113, 91561, 91561, 91561, 96348, 98227, 94930, 96506, 94228, 97621, 93816, 93210, 94785, 93210, 94022, 92507, 94325, 97657, 95900, 94627, 92507, 96506, 93476, 96542, 97354, 95839, 97657, 99233, 93476, 92507, 91901, 93476, 93319, 91198, 96954, 95197, 94591, 98469, 98772, 100348, 94082, 92773, 94531, 97354, 95839, 95233, 96809, 96651, 94531, 98530, 97924, 92773, 94082, 94688, 93379, 89137, 76303, 95900, 77418, 72667, 73782, 104384, 91901, 64632, 77418, 69335, 68026, 76206, 65602, 88471, 87926, 87926, 87926, 88471, 87926, 74994, 94591, 76109, 78230, 89683, 91901, 89683, 104287, 95233, 97112, 88471, 87926, 87926, 87926, 97051, 81999, 89683, 81296, 86447, 94531, 85332, 89683, 84629, 76206, 95803, 63214, 91295, 64026, 91901, 94591, 94627, 93719, 66450, 95137, 89683, 98166, 96409, 58876, 62511, 88471, 83320, 90592, 63323, 94591, 93925, 98469, 96506, 85938, 87926, 85332, 88471, 84629, 88022, 87926, 62911, 77018, 78230, 98627, 62208, 78230, 72061, 71358, 68935, 77018, 78230, 73176, 72473, 84023, 86714, 87926, 77018, 98530, 77018, 95233, 78230, 62208, 77018, 64632, 97924, 79442, 89331, 112661, 111958, 79442, 100481, 103511, 65335, 71092, 68971, 101996, 102808, 100687, 104117, 99778, 104929, 103414, 90895, 92604, 91901, 89780, 78230, 111958, 98360, 90895, 93210, 99984, 90895, 91089, 90349, 99778, 91901, 77818, 90895, 93719, 92604, 97051, 95936, 68668, 100384, 101693, 91355, 96239, 97209, 112661, 97815, 96506, 102808, 101390, 100687, 111352, 97815, 99572, 100542, 99839, 96506, 111958, 110649, 108928, 98966, 99936, 98966, 98360, 99936, 99778, 101596, 104929, 97657, 103414, 101657, 101051, 105232, 116503, 100542, 99233, 99778, 103814, 102299, 101693, 103111, 104929, 100990, 112964, 114685, 111655, 99233, 97657, 98627, 114079, 99233, 104226, 97924, 102808, 106044, 102105, 112770, 103111, 100990, 112261, 109231, 110952, 99839, 101051, 110843, 78230, 74485, 89137, 91901, 93779, 91355, 91901, 77721, 87756, 89137, 93719, 92058, 97754, 102202, 70486, 99984, 99984, 101087, 102505, 104626, 97051, 69783, 101499, 89683, 89780, 89137, 98469, 90592, 100384, 101802, 78230, 78230, 91089, 90483, 92058, 93173, 92664, 91355, 78230, 90749, 90046, 69783, 114382, 115800, 79442, 107147, 107959, 109874, 104929, 108565, 96506, 95027, 103511, 76243, 103814, 96348, 106844, 110237, 117109, 108662, 107959, 113570, 112964, 104117, 112358, 105632, 104929, 112503, 114079, 109268, 108565, 107450, 108965, 108262, 117412, 111655, 110080, 109377, 108262, 114988, 94482, 97815, 97754, 96239, 97051, 97051, 104480, 96506, 115024]
VoyageDuration: [2, 2, 2, 2, 2, 2, 2, 2, 2, 2, 2, 2, 2, 2, 2, 2, 2, 2, 2, 2, 2, 2, 2, 2, 2, 2, 2, 2, 2, 2, 2, 2, 2, 2, 2, 3, 3, 3, 3, 2, 2, 2, 2, 2, 2, 2, 2, 2, 2, 2, 2, 3, 2, 2, 2, 3, 2, 2, 2, 2, 2, 2, 3, 3, 3, 3, 2, 2, 2, 2, 2, 2, 2, 2, 2, 2, 2, 2, 2, 2, 2, 3, 3, 3, 3, 2, 2, 2, 2, 2, 2, 2, 3, 2, 2, 3, 3, 2, 3, 3, 2, 2, 2, 3, 3, 2, 2, 3, 3, 3, 2, 2, 3, 2, 3, 3, 3, 3, 3, 3, 3, 3, 3, 3, 3, 3, 3, 2, 2, 2, 2, 2, 2, 2, 2, 2, 3, 3, 3, 2, 2, 3, 2, 2, 2, 2, 2, 2, 2, 2, 2, 3, 3, 3, 2, 2, 2, 2, 3, 2, 2, 2, 2, 2, 2, 3, 3, 3, 2, 2, 2, 2, 2, 2, 2, 3, 3, 2, 3, 3, 2, 3, 2, 2, 2, 3, 3, 2, 2, 3, 3, 2, 3, 3, 2, 2, 2, 2, 2, 2, 3, 3, 2, 3, 2, 3, 3, 2, 2, 3, 3, 3, 2, 2, 3, 3, 3, 2, 2, 3, 2, 2, 3, 3, 3, 3, 3, 3, 3, 3, 3, 3, 3, 3, 2, 2, 3, 3, 2, 3, 3, 3, 2, 3, 2, 3, 3, 3, 3, 3, 2, 3, 3, 3, 3, 3, 3, 3, 3, 3, 3, 3, 3, 3, 3, 3, 3, 3, 3, 3, 3, 3, 3, 3, 3, 3, 3, 3, 3, 3, 3, 3, 3, 3, 3, 3, 3, 3, 3, 3, 3, 3, 3, 3, 3, 2, 2, 2, 2, 2, 3, 3, 3, 3, 2, 3, 2, 3, 3, 3, 3, 3, 3, 2, 2, 3, 3, 2, 3, 3, 3, 3, 3, 3, 3, 2, 2, 2, 2, 3, 3, 3, 2, 2, 2, 3, 3, 3, 3, 2, 3, 3, 3, 3, 3, 2, 2, 2, 3, 3, 3, 2, 3, 3, 3, 3, 3, 3, 3, 2, 2, 2, 2, 3, 3, 2, 2, 3, 3, 3, 3, 3, 3, 3, 3, 2, 2, 3, 3, 2, 3, 2, 2, 3, 2, 3, 3, 3, 2, 3, 3, 3, 3, 3, 3, 3, 3, 2, 3, 3, 2, 3, 2, 2, 2, 3, 3, 3, 3, 3, 3, 3, 3, 3, 3, 3, 3, 2, 3, 3, 2, 3, 3, 3, 3, 3, 3, 3, 3, 3, 3, 3, 3, 3, 3, 3, 3, 3, 3, 3, 3, 3, 2, 3, 3, 3, 3, 3, 3, 3, 3, 3, 3, 3, 3, 3, 3, 3, 3, 3, 3, 3, 3, 3, 3, 3, 3, 3, 3, 3, 3, 3, 3, 3, 3, 3, 3, 3, 3, 3, 3, 3, 3, 3, 3, 3, 3, 3, 3, 3, 3, 3, 3, 3, 3, 3, 3, 3, 3, 3, 3, 3, 3, 3, 3, 3, 3, 3, 3, 3, 3, 3, 3, 3, 3, 3, 3, 3, 3, 3, 3, 3, 3, 3, 3, 3, 3, 3, 3, 2, 3, 2, 2, 3, 2, 3, 3, 3, 3, 3, 3, 3, 3, 3, 3, 3, 3, 3, 3, 3, 3, 3, 3, 3, 3, 3, 3, 3, 3, 3, 3, 3, 3, 3, 3, 3, 2, 3, 2, 3, 3, 3, 3, 2, 3, 3, 3, 3, 2, 2, 3, 3, 3, 2, 3, 3, 3, 3, 3, 3, 3, 3, 3, 3, 3, 2, 3, 3, 3, 2, 3, 3, 2, 2, 3, 3, 3, 3, 3, 3, 3, 3, 3, 3, 3, 3, 2, 3, 2, 3, 3, 3, 3, 3, 3, 3, 3, 2, 3, 2, 3, 3, 3, 3, 3, 3, 3, 3, 3, 3, 3, 3, 3, 3, 3, 3, 3, 3, 3, 3, 3, 3, 3, 3, 3, 3, 3, 3, 2, 3, 3, 3, 3, 3, 3, 3, 3, 3, 3, 3, 3, 3, 3, 3, 3, 3, 3, 3, 3, 3, 3, 3, 3, 3, 3, 3, 3, 3, 3, 3, 3, 3, 3, 3, 3, 3, 3, 3, 3, 3, 3, 3, 3, 3, 3, 3, 3, 3, 3, 3, 3, 3, 3, 3, 3, 3, 3, 3, 3, 3, 3, 3, 3, 3, 3, 3, 3, 3, 3, 3, 3, 3, 3, 3, 3, 3, 3, 3, 3, 3, 3, 3, 3, 3, 3, 3, 3, 3, 3, 3, 3, 3, 3, 3, 3, 3, 3, 3, 3, 3, 3, 3, 3, 3, 3, 3, 3, 3, 3, 3, 3, 3, 3, 3, 3, 3, 3, 3, 3, 3, 3, 3, 3, 3, 3, 3, 3, 3, 3, 3, 3, 3, 3, 3, 3, 3, 3, 3, 3, 3, 3, 3, 3, 3, 3, 3, 3, 3, 3, 3, 3, 3, 3]
TimeCharterCost: [120000, 125000, 130000, 110000, 104000]
RequiredVisits: [6, 5, 5, 5, 2, 2, 5, 6, 6, 1]
NumberOfDaysAvailable: [7, 7, 7, 7, 7]
DepotCapacity: [3, 3, 3, 3, 3, 3, 0]
