!Summary:
!Execution time: 2,13 seconds
!Total # voyages: 1272 (491 unique)
!Number of installations (excluding depot): 9
!Number of time windows: 0
!Number of vessels: 5

!Min. # installations: 1
!Max. number of installations: 8
!Min. duration: 56
!Max. duration: 80

!Name: FarStar	 # voyages: 276
!Name: FarSymphony	 # voyages: 257
!Name: FarSearcher	 # voyages: 244
!Name: FarSeeker	 # voyages: 244
!Name: HavilaForesight	 # voyages: 251
!------------------------------------------------------------------------------------------------------------------------
nV : 5
nR : 491
nN : 9
nT : 7
minL : 2
maxL : 3

! Sets: 
Rv : [
[131, 140, 143, 145, 147, 148, 151, 152, 153, 154, 155, 162, 163, 173, 177, 178, 180, 184, 185, 189, 193, 196, 198, 205, 206, 207, 215, 216, 219, 222, 224, 225, 226, 227, 232, 235, 245, 250, 253, 255, 256, 257, 258, 259, 260, 261, 262, 263, 264, 265, 266, 267, 268, 269, 271, 272, 273, 274, 275, 276, 277, 278, 279, 282, 283, 286, 287, 290, 292, 293, 294, 296, 298, 299, 300, 301, 302, 306, 307, 308, 309, 311, 313, 314, 315, 317, 318, 319, 320, 322, 323, 326, 327, 328, 330, 332, 333, 334, 335, 336, 337, 340, 341, 342, 344, 345, 346, 347, 348, 349, 350, 351, 352, 353, 354, 355, 356, 357, 358, 359, 360, 363, 366, 367, 369, 372, 374, 375, 376, 377, 378, 379, 380, 381, 382, 383, 384, 385, 386, 387, 388, 389, 390, 391, 392, 393, 394, 395, 396, 397, 398, 399, 400, 401, 402, 403, 404, 405, 406, 407, 408, 409, 410, 411, 412, 413, 414, 415, 416, 417, 418, 419, 420, 421, 422, 423, 424, 425, 426, 427, 428, 429, 430, 431, 432, 433, 434, 435, 436, 437, 438, 439, 440, 441, 442, 443, 444, 445, 446, 447, 448, 449, 450, 451, 452, 453, 454, 455, 456, 457, 458, 459, 460, 461, 462, 463, 464, 465, 466, 467, 468, 469, 470, 471, 472, 473, 474, 475, 476, 477, 478, 479, 480, 481, 482, 483, 484, 485, 486, 487, 488, 489, 490, 491]!Vessel: FarSeeker
[131, 140, 143, 145, 147, 148, 151, 152, 153, 154, 155, 162, 163, 173, 177, 178, 180, 184, 185, 189, 193, 196, 198, 205, 206, 207, 215, 216, 219, 222, 224, 225, 226, 227, 232, 235, 245, 250, 253, 255, 256, 257, 258, 259, 260, 261, 262, 263, 264, 265, 266, 267, 268, 269, 271, 272, 273, 274, 275, 276, 277, 278, 279, 282, 283, 286, 287, 290, 292, 293, 294, 296, 298, 299, 300, 301, 302, 306, 307, 308, 309, 311, 313, 314, 315, 317, 318, 319, 320, 322, 323, 326, 327, 328, 330, 332, 333, 334, 335, 336, 337, 340, 341, 342, 344, 345, 346, 347, 348, 349, 350, 351, 352, 353, 354, 355, 356, 357, 358, 359, 360, 363, 366, 367, 369, 372, 374, 375, 376, 377, 378, 379, 380, 381, 382, 383, 384, 385, 386, 387, 388, 389, 390, 391, 392, 393, 394, 395, 396, 397, 398, 399, 400, 401, 402, 403, 404, 405, 406, 407, 408, 409, 410, 411, 412, 413, 414, 415, 416, 417, 418, 419, 420, 421, 422, 423, 424, 425, 426, 427, 428, 429, 430, 431, 432, 433, 434, 435, 436, 437, 438, 439, 440, 441, 442, 443, 444, 445, 446, 447, 448, 449, 450, 451, 452, 453, 454, 455, 456, 457, 458, 459, 460, 461, 462, 463, 464, 465, 466, 467, 468, 469, 470, 471, 472, 473, 474, 475, 476, 477, 478, 479, 480, 481, 482, 483, 484, 485, 486, 487, 488, 489, 490, 491]!Vessel: FarSearcher
[61, 66, 69, 88, 100, 103, 131, 132, 140, 143, 144, 145, 147, 148, 151, 152, 153, 154, 155, 156, 162, 163, 173, 176, 177, 178, 179, 180, 184, 185, 189, 193, 195, 196, 197, 198, 203, 204, 205, 206, 207, 212, 214, 215, 216, 217, 218, 219, 220, 221, 222, 223, 224, 225, 226, 227, 228, 229, 230, 232, 235, 245, 250, 253, 255, 256, 257, 258, 259, 260, 261, 262, 263, 264, 265, 266, 267, 268, 269, 270, 271, 272, 273, 274, 275, 276, 277, 278, 279, 282, 283, 284, 286, 287, 288, 289, 290, 291, 292, 293, 294, 295, 296, 297, 298, 299, 300, 301, 302, 304, 305, 306, 307, 308, 309, 310, 311, 312, 313, 314, 315, 316, 317, 318, 319, 320, 322, 323, 324, 325, 326, 327, 328, 329, 330, 331, 332, 333, 334, 335, 336, 337, 338, 339, 340, 341, 342, 343, 344, 345, 346, 347, 348, 349, 350, 351, 352, 353, 354, 355, 356, 357, 358, 359, 360, 361, 362, 363, 364, 365, 366, 367, 369, 370, 371, 372, 374, 375, 376, 377, 378, 382, 384, 386, 387, 390, 391, 393, 394, 396, 397, 401, 402, 403, 404, 405, 406, 407, 408, 409, 410, 412, 413, 414, 415, 416, 417, 418, 419, 420, 421, 422, 423, 424, 426, 427, 428, 429, 430, 431, 432, 433, 434, 435, 436, 437, 438, 440, 441, 442, 443, 444, 445, 446, 447, 448, 449, 450, 451, 452, 453, 454, 455, 456, 457, 458, 459, 460, 461, 464, 465, 467, 473, 477, 481, 482, 486]!Vessel: FarSymphony
[131, 140, 143, 145, 147, 148, 151, 152, 153, 154, 155, 162, 163, 173, 177, 178, 179, 180, 184, 185, 189, 193, 196, 197, 198, 203, 205, 206, 207, 215, 216, 217, 219, 220, 221, 222, 224, 225, 226, 227, 228, 229, 232, 235, 245, 250, 253, 255, 256, 257, 258, 259, 260, 261, 262, 263, 264, 265, 266, 267, 268, 269, 271, 272, 273, 274, 275, 276, 277, 278, 279, 282, 283, 286, 287, 290, 292, 293, 294, 296, 297, 298, 299, 300, 301, 302, 304, 306, 307, 308, 309, 310, 311, 313, 314, 315, 317, 318, 319, 320, 322, 323, 325, 326, 327, 328, 330, 331, 332, 333, 334, 335, 336, 337, 338, 340, 341, 342, 344, 345, 346, 347, 348, 349, 350, 351, 352, 353, 354, 355, 356, 357, 358, 359, 360, 363, 364, 365, 366, 367, 369, 372, 374, 375, 376, 377, 378, 379, 380, 381, 382, 383, 384, 385, 386, 387, 388, 389, 390, 391, 392, 393, 394, 395, 396, 397, 398, 399, 400, 401, 402, 403, 404, 405, 406, 407, 408, 409, 410, 411, 412, 413, 414, 415, 416, 417, 418, 419, 420, 421, 422, 423, 424, 425, 426, 427, 428, 429, 430, 431, 432, 433, 434, 435, 436, 437, 438, 439, 440, 441, 442, 443, 444, 445, 446, 447, 448, 449, 450, 451, 452, 453, 454, 455, 456, 457, 458, 459, 460, 461, 462, 463, 464, 465, 466, 467, 469, 470, 471, 472, 473, 474, 477, 479, 481, 482, 483, 485, 486, 490, 491]!Vessel: HavilaForesight
[46, 51, 61, 66, 67, 68, 69, 79, 84, 87, 88, 91, 98, 100, 101, 102, 103, 105, 107, 129, 131, 132, 133, 137, 138, 139, 140, 141, 142, 143, 144, 145, 146, 147, 148, 150, 151, 152, 153, 154, 155, 156, 159, 162, 163, 166, 171, 172, 173, 174, 176, 177, 178, 179, 180, 182, 184, 185, 187, 189, 192, 193, 194, 195, 196, 197, 198, 200, 201, 203, 204, 205, 206, 207, 212, 213, 214, 215, 216, 217, 218, 219, 220, 221, 222, 223, 224, 225, 226, 227, 228, 229, 230, 232, 233, 234, 235, 245, 249, 250, 252, 253, 254, 255, 256, 257, 258, 259, 260, 261, 262, 263, 265, 266, 267, 268, 269, 270, 271, 272, 273, 274, 275, 276, 277, 278, 279, 280, 281, 282, 283, 284, 285, 286, 287, 288, 289, 290, 291, 292, 293, 294, 295, 296, 297, 298, 299, 300, 301, 302, 303, 304, 305, 306, 307, 308, 309, 310, 311, 312, 313, 314, 315, 316, 317, 318, 319, 320, 321, 322, 323, 324, 325, 326, 327, 328, 329, 330, 331, 332, 333, 334, 335, 336, 337, 338, 339, 340, 341, 342, 343, 344, 345, 346, 347, 348, 349, 350, 351, 352, 353, 354, 355, 356, 357, 358, 359, 360, 361, 362, 363, 364, 365, 366, 367, 368, 369, 370, 371, 372, 373, 374, 375, 376, 377, 382, 384, 386, 387, 390, 393, 394, 396, 397, 402, 403, 404, 405, 406, 407, 408, 410, 412, 413, 414, 416, 417, 420, 421, 422, 426, 427, 428, 430, 431, 434, 435, 436, 438, 441, 442, 445, 446, 447, 451, 452, 454, 457, 459, 460, 464, 467, 473, 477, 482, 486]!Vessel: FarStar
] 

Rvi : [
!i : 1, 2, 3, 4, 5, 6, 7, 8, 9
[131, 140, 151, 152, 173, 177, 178, 180, 189, 207, 215, 216, 219, 232, 235, 253, 255, 256, 257, 258, 259, 260, 271, 272, 273, 277, 279, 282, 283, 290, 292, 293, 294, 296, 298, 299, 300, 301, 302, 311, 313, 314, 315, 317, 318, 319, 320, 322, 323, 342, 344, 345, 346, 347, 348, 349, 350, 351, 352, 363, 366, 369, 372, 374, 375, 378, 379, 380, 381, 382, 383, 384, 385, 386, 387, 397, 398, 399, 403, 405, 407, 408, 409, 410, 411, 412, 413, 414, 415, 416, 417, 420, 421, 422, 423, 424, 425, 426, 427, 428, 429, 430, 431, 432, 433, 434, 435, 436, 446, 447, 448, 449, 450, 451, 452, 453, 454, 457, 458, 459, 460, 462, 463, 464, 465, 470, 472, 473, 474, 475, 476, 477, 478, 479, 480, 481, 482, 483, 484, 485, 486, 489, 490, 491], [131, 140, 143, 145, 147, 148, 151, 152, 153, 154, 155, 162, 163, 177, 250, 253, 255, 256, 257, 258, 259, 260, 261, 262, 263, 264, 265, 266, 267, 268, 269, 271, 272, 273, 274, 275, 276, 277, 278, 279, 282, 283, 286, 287, 290, 298, 299, 306, 309, 311, 313, 322, 332, 333, 337, 340, 346, 349, 355, 357, 359, 363, 366, 374, 376, 377, 378, 379, 380, 381, 382, 383, 384, 385, 386, 387, 388, 389, 390, 391, 392, 393, 394, 395, 396, 397, 398, 399, 400, 401, 402, 403, 404, 405, 406, 407, 408, 409, 412, 414, 415, 417, 418, 420, 421, 422, 429, 430, 434, 435, 437, 441, 443, 445, 446, 450, 451, 453, 455, 457, 460, 461, 462, 463, 464, 465, 466, 467, 468, 469, 470, 471, 472, 473, 474, 475, 477, 478, 481, 483, 484, 486, 487, 489, 491], [140, 143, 145, 147, 148, 173, 184, 185, 193, 207, 219, 222, 224, 225, 226, 232, 245, 255, 256, 257, 258, 259, 260, 261, 262, 263, 264, 265, 266, 267, 268, 269, 277, 278, 290, 292, 293, 294, 296, 306, 307, 308, 309, 313, 314, 315, 317, 326, 327, 328, 330, 342, 344, 345, 350, 351, 353, 354, 355, 356, 357, 358, 363, 367, 369, 374, 375, 376, 378, 379, 380, 381, 382, 383, 384, 385, 386, 387, 388, 389, 390, 391, 392, 393, 394, 395, 396, 403, 404, 408, 409, 410, 411, 412, 413, 418, 419, 421, 422, 423, 424, 425, 426, 427, 428, 437, 438, 439, 440, 441, 442, 446, 447, 448, 449, 453, 454, 455, 456, 457, 458, 459, 460, 461, 462, 463, 464, 465, 466, 467, 468, 469, 472, 473, 475, 476, 477, 478, 479, 480, 481, 482, 487, 488, 489, 490, 491], [143, 153, 154, 162, 173, 177, 178, 180, 184, 185, 189, 193, 196, 198, 205, 206, 245, 256, 260, 261, 262, 263, 264, 265, 271, 273, 274, 275, 278, 282, 286, 290, 292, 293, 294, 296, 298, 299, 300, 301, 302, 306, 307, 308, 309, 311, 313, 314, 315, 317, 318, 319, 320, 322, 323, 326, 327, 328, 330, 332, 333, 334, 335, 336, 337, 340, 341, 367, 380, 381, 385, 386, 387, 388, 389, 390, 391, 392, 393, 398, 399, 400, 401, 404, 406, 408, 409, 410, 411, 412, 413, 414, 415, 416, 417, 418, 419, 420, 421, 422, 423, 424, 425, 426, 427, 428, 429, 430, 431, 432, 433, 434, 435, 436, 437, 438, 439, 440, 441, 442, 443, 444, 445, 458, 463, 464, 465, 466, 467, 468, 470, 471, 475, 476, 477, 478, 479, 480, 481, 482, 483, 484, 485, 486, 487, 488, 491], [145, 151, 153, 155, 163, 189, 193, 196, 198, 207, 215, 222, 226, 227, 235, 255, 261, 262, 266, 267, 268, 271, 274, 276, 277, 278, 279, 283, 287, 311, 313, 314, 315, 317, 318, 319, 320, 322, 323, 326, 327, 328, 330, 332, 333, 334, 335, 336, 337, 342, 344, 345, 346, 347, 348, 353, 354, 357, 358, 359, 360, 366, 372, 374, 375, 378, 379, 380, 387, 388, 389, 390, 394, 395, 396, 399, 400, 402, 403, 404, 405, 406, 407, 420, 421, 422, 423, 424, 425, 426, 427, 428, 429, 430, 431, 432, 433, 434, 435, 436, 437, 438, 439, 440, 441, 442, 443, 444, 445, 446, 447, 448, 449, 450, 451, 452, 455, 456, 457, 459, 460, 462, 465, 466, 467, 469, 471, 473, 474, 477, 478, 479, 480, 481, 482, 483, 484, 485, 486, 487, 488, 489, 490, 491], [131, 140, 143, 145, 147, 148, 151, 152, 153, 154, 155, 162, 163, 173, 177, 178, 180, 184, 185, 189, 193, 196, 198, 205, 206, 207, 215, 216, 219, 222, 224, 225, 226, 227, 232, 235, 245, 250, 253, 255, 256, 257, 258, 261, 263, 264, 266, 267, 269, 271, 272, 273, 274, 275, 276, 279, 286, 287, 292, 293, 294, 298, 299, 300, 301, 302, 306, 307, 308, 314, 318, 319, 320, 326, 327, 328, 332, 333, 334, 335, 336, 340, 341, 342, 344, 345, 346, 347, 348, 349, 350, 351, 352, 353, 354, 355, 356, 357, 358, 359, 360, 363, 366, 367, 369, 372, 376, 377, 378, 379, 380, 381, 382, 383, 385, 388, 389, 391, 392, 394, 395, 397, 398, 399, 400, 401, 402, 405, 406, 409, 410, 411, 414, 415, 416, 418, 419, 423, 424, 425, 429, 430, 431, 432, 433, 437, 438, 439, 440, 443, 444, 446, 447, 448, 449, 450, 451, 452, 453, 454, 455, 456, 458, 461, 462, 463, 466, 468, 469, 470, 471, 472, 474, 475, 476, 478, 479, 480, 483, 484, 485, 487, 488, 489, 490], [131, 147, 162, 163, 178, 184, 196, 205, 216, 224, 226, 227, 232, 235, 250, 253, 257, 259, 263, 265, 266, 268, 269, 272, 275, 276, 277, 278, 279, 282, 283, 286, 287, 290, 292, 296, 298, 300, 301, 307, 308, 311, 315, 318, 323, 326, 330, 332, 334, 335, 337, 341, 344, 347, 350, 352, 353, 356, 358, 360, 369, 372, 375, 376, 377, 378, 382, 383, 384, 385, 386, 388, 390, 391, 392, 393, 394, 395, 396, 397, 398, 400, 401, 402, 403, 404, 405, 406, 407, 408, 410, 411, 413, 414, 416, 417, 419, 420, 421, 423, 426, 427, 429, 431, 432, 434, 436, 438, 439, 442, 444, 445, 447, 448, 450, 452, 454, 456, 459, 460, 461, 462, 463, 464, 465, 466, 467, 468, 469, 470, 471, 472, 473, 474, 476, 477, 479, 482, 483, 485, 486, 488, 490, 491], [206, 225, 245, 253, 269, 286, 287, 293, 299, 300, 302, 306, 307, 309, 319, 327, 333, 334, 336, 340, 341, 342, 348, 349, 351, 352, 354, 355, 356, 357, 358, 359, 360, 363, 366, 367, 369, 372, 377, 382, 384, 391, 393, 394, 396, 397, 401, 402, 403, 404, 405, 406, 407, 408, 409, 410, 412, 413, 414, 415, 416, 417, 418, 419, 420, 422, 424, 426, 428, 430, 431, 433, 435, 436, 437, 438, 440, 441, 442, 443, 444, 445, 446, 447, 449, 451, 452, 453, 454, 455, 456, 457, 458, 459, 461, 462, 463, 464, 466, 467, 468, 469, 470, 471, 472, 473, 474, 475, 476, 477, 478, 479, 480, 481, 482, 483, 484, 485, 486, 487, 488, 489, 490, 491], [148, 152, 154, 155, 180, 185, 198, 205, 206, 215, 216, 219, 222, 224, 225, 227, 250, 258, 259, 260, 262, 264, 265, 267, 268, 272, 273, 274, 275, 276, 282, 283, 294, 296, 301, 302, 308, 309, 317, 320, 322, 323, 328, 330, 335, 336, 337, 340, 341, 345, 346, 347, 348, 349, 350, 351, 352, 353, 354, 355, 356, 359, 360, 367, 374, 375, 376, 377, 379, 381, 383, 384, 386, 387, 389, 390, 392, 393, 395, 396, 397, 398, 399, 400, 401, 402, 407, 411, 412, 413, 415, 416, 417, 418, 419, 425, 427, 428, 432, 433, 434, 435, 436, 439, 440, 441, 442, 443, 444, 445, 448, 449, 450, 451, 452, 453, 454, 455, 456, 457, 458, 459, 460, 461, 464, 465, 467, 468, 469, 470, 471, 472, 473, 474, 475, 476, 480, 481, 482, 484, 485, 486, 487, 488, 489, 490, 491]!Vessel: FarSeeker
[131, 140, 151, 152, 173, 177, 178, 180, 189, 207, 215, 216, 219, 232, 235, 253, 255, 256, 257, 258, 259, 260, 271, 272, 273, 277, 279, 282, 283, 290, 292, 293, 294, 296, 298, 299, 300, 301, 302, 311, 313, 314, 315, 317, 318, 319, 320, 322, 323, 342, 344, 345, 346, 347, 348, 349, 350, 351, 352, 363, 366, 369, 372, 374, 375, 378, 379, 380, 381, 382, 383, 384, 385, 386, 387, 397, 398, 399, 403, 405, 407, 408, 409, 410, 411, 412, 413, 414, 415, 416, 417, 420, 421, 422, 423, 424, 425, 426, 427, 428, 429, 430, 431, 432, 433, 434, 435, 436, 446, 447, 448, 449, 450, 451, 452, 453, 454, 457, 458, 459, 460, 462, 463, 464, 465, 470, 472, 473, 474, 475, 476, 477, 478, 479, 480, 481, 482, 483, 484, 485, 486, 489, 490, 491], [131, 140, 143, 145, 147, 148, 151, 152, 153, 154, 155, 162, 163, 177, 250, 253, 255, 256, 257, 258, 259, 260, 261, 262, 263, 264, 265, 266, 267, 268, 269, 271, 272, 273, 274, 275, 276, 277, 278, 279, 282, 283, 286, 287, 290, 298, 299, 306, 309, 311, 313, 322, 332, 333, 337, 340, 346, 349, 355, 357, 359, 363, 366, 374, 376, 377, 378, 379, 380, 381, 382, 383, 384, 385, 386, 387, 388, 389, 390, 391, 392, 393, 394, 395, 396, 397, 398, 399, 400, 401, 402, 403, 404, 405, 406, 407, 408, 409, 412, 414, 415, 417, 418, 420, 421, 422, 429, 430, 434, 435, 437, 441, 443, 445, 446, 450, 451, 453, 455, 457, 460, 461, 462, 463, 464, 465, 466, 467, 468, 469, 470, 471, 472, 473, 474, 475, 477, 478, 481, 483, 484, 486, 487, 489, 491], [140, 143, 145, 147, 148, 173, 184, 185, 193, 207, 219, 222, 224, 225, 226, 232, 245, 255, 256, 257, 258, 259, 260, 261, 262, 263, 264, 265, 266, 267, 268, 269, 277, 278, 290, 292, 293, 294, 296, 306, 307, 308, 309, 313, 314, 315, 317, 326, 327, 328, 330, 342, 344, 345, 350, 351, 353, 354, 355, 356, 357, 358, 363, 367, 369, 374, 375, 376, 378, 379, 380, 381, 382, 383, 384, 385, 386, 387, 388, 389, 390, 391, 392, 393, 394, 395, 396, 403, 404, 408, 409, 410, 411, 412, 413, 418, 419, 421, 422, 423, 424, 425, 426, 427, 428, 437, 438, 439, 440, 441, 442, 446, 447, 448, 449, 453, 454, 455, 456, 457, 458, 459, 460, 461, 462, 463, 464, 465, 466, 467, 468, 469, 472, 473, 475, 476, 477, 478, 479, 480, 481, 482, 487, 488, 489, 490, 491], [143, 153, 154, 162, 173, 177, 178, 180, 184, 185, 189, 193, 196, 198, 205, 206, 245, 256, 260, 261, 262, 263, 264, 265, 271, 273, 274, 275, 278, 282, 286, 290, 292, 293, 294, 296, 298, 299, 300, 301, 302, 306, 307, 308, 309, 311, 313, 314, 315, 317, 318, 319, 320, 322, 323, 326, 327, 328, 330, 332, 333, 334, 335, 336, 337, 340, 341, 367, 380, 381, 385, 386, 387, 388, 389, 390, 391, 392, 393, 398, 399, 400, 401, 404, 406, 408, 409, 410, 411, 412, 413, 414, 415, 416, 417, 418, 419, 420, 421, 422, 423, 424, 425, 426, 427, 428, 429, 430, 431, 432, 433, 434, 435, 436, 437, 438, 439, 440, 441, 442, 443, 444, 445, 458, 463, 464, 465, 466, 467, 468, 470, 471, 475, 476, 477, 478, 479, 480, 481, 482, 483, 484, 485, 486, 487, 488, 491], [145, 151, 153, 155, 163, 189, 193, 196, 198, 207, 215, 222, 226, 227, 235, 255, 261, 262, 266, 267, 268, 271, 274, 276, 277, 278, 279, 283, 287, 311, 313, 314, 315, 317, 318, 319, 320, 322, 323, 326, 327, 328, 330, 332, 333, 334, 335, 336, 337, 342, 344, 345, 346, 347, 348, 353, 354, 357, 358, 359, 360, 366, 372, 374, 375, 378, 379, 380, 387, 388, 389, 390, 394, 395, 396, 399, 400, 402, 403, 404, 405, 406, 407, 420, 421, 422, 423, 424, 425, 426, 427, 428, 429, 430, 431, 432, 433, 434, 435, 436, 437, 438, 439, 440, 441, 442, 443, 444, 445, 446, 447, 448, 449, 450, 451, 452, 455, 456, 457, 459, 460, 462, 465, 466, 467, 469, 471, 473, 474, 477, 478, 479, 480, 481, 482, 483, 484, 485, 486, 487, 488, 489, 490, 491], [131, 140, 143, 145, 147, 148, 151, 152, 153, 154, 155, 162, 163, 173, 177, 178, 180, 184, 185, 189, 193, 196, 198, 205, 206, 207, 215, 216, 219, 222, 224, 225, 226, 227, 232, 235, 245, 250, 253, 255, 256, 257, 258, 261, 263, 264, 266, 267, 269, 271, 272, 273, 274, 275, 276, 279, 286, 287, 292, 293, 294, 298, 299, 300, 301, 302, 306, 307, 308, 314, 318, 319, 320, 326, 327, 328, 332, 333, 334, 335, 336, 340, 341, 342, 344, 345, 346, 347, 348, 349, 350, 351, 352, 353, 354, 355, 356, 357, 358, 359, 360, 363, 366, 367, 369, 372, 376, 377, 378, 379, 380, 381, 382, 383, 385, 388, 389, 391, 392, 394, 395, 397, 398, 399, 400, 401, 402, 405, 406, 409, 410, 411, 414, 415, 416, 418, 419, 423, 424, 425, 429, 430, 431, 432, 433, 437, 438, 439, 440, 443, 444, 446, 447, 448, 449, 450, 451, 452, 453, 454, 455, 456, 458, 461, 462, 463, 466, 468, 469, 470, 471, 472, 474, 475, 476, 478, 479, 480, 483, 484, 485, 487, 488, 489, 490], [131, 147, 162, 163, 178, 184, 196, 205, 216, 224, 226, 227, 232, 235, 250, 253, 257, 259, 263, 265, 266, 268, 269, 272, 275, 276, 277, 278, 279, 282, 283, 286, 287, 290, 292, 296, 298, 300, 301, 307, 308, 311, 315, 318, 323, 326, 330, 332, 334, 335, 337, 341, 344, 347, 350, 352, 353, 356, 358, 360, 369, 372, 375, 376, 377, 378, 382, 383, 384, 385, 386, 388, 390, 391, 392, 393, 394, 395, 396, 397, 398, 400, 401, 402, 403, 404, 405, 406, 407, 408, 410, 411, 413, 414, 416, 417, 419, 420, 421, 423, 426, 427, 429, 431, 432, 434, 436, 438, 439, 442, 444, 445, 447, 448, 450, 452, 454, 456, 459, 460, 461, 462, 463, 464, 465, 466, 467, 468, 469, 470, 471, 472, 473, 474, 476, 477, 479, 482, 483, 485, 486, 488, 490, 491], [206, 225, 245, 253, 269, 286, 287, 293, 299, 300, 302, 306, 307, 309, 319, 327, 333, 334, 336, 340, 341, 342, 348, 349, 351, 352, 354, 355, 356, 357, 358, 359, 360, 363, 366, 367, 369, 372, 377, 382, 384, 391, 393, 394, 396, 397, 401, 402, 403, 404, 405, 406, 407, 408, 409, 410, 412, 413, 414, 415, 416, 417, 418, 419, 420, 422, 424, 426, 428, 430, 431, 433, 435, 436, 437, 438, 440, 441, 442, 443, 444, 445, 446, 447, 449, 451, 452, 453, 454, 455, 456, 457, 458, 459, 461, 462, 463, 464, 466, 467, 468, 469, 470, 471, 472, 473, 474, 475, 476, 477, 478, 479, 480, 481, 482, 483, 484, 485, 486, 487, 488, 489, 490, 491], [148, 152, 154, 155, 180, 185, 198, 205, 206, 215, 216, 219, 222, 224, 225, 227, 250, 258, 259, 260, 262, 264, 265, 267, 268, 272, 273, 274, 275, 276, 282, 283, 294, 296, 301, 302, 308, 309, 317, 320, 322, 323, 328, 330, 335, 336, 337, 340, 341, 345, 346, 347, 348, 349, 350, 351, 352, 353, 354, 355, 356, 359, 360, 367, 374, 375, 376, 377, 379, 381, 383, 384, 386, 387, 389, 390, 392, 393, 395, 396, 397, 398, 399, 400, 401, 402, 407, 411, 412, 413, 415, 416, 417, 418, 419, 425, 427, 428, 432, 433, 434, 435, 436, 439, 440, 441, 442, 443, 444, 445, 448, 449, 450, 451, 452, 453, 454, 455, 456, 457, 458, 459, 460, 461, 464, 465, 467, 468, 469, 470, 471, 472, 473, 474, 475, 476, 480, 481, 482, 484, 485, 486, 487, 488, 489, 490, 491]!Vessel: FarSearcher
[131, 132, 140, 151, 152, 173, 176, 177, 178, 179, 180, 189, 207, 214, 215, 216, 217, 218, 219, 232, 235, 253, 255, 256, 257, 258, 259, 260, 271, 272, 273, 277, 279, 282, 283, 290, 291, 292, 293, 294, 295, 296, 297, 298, 299, 300, 301, 302, 304, 305, 311, 312, 313, 314, 315, 316, 317, 318, 319, 320, 322, 323, 324, 342, 343, 344, 345, 346, 347, 348, 349, 350, 351, 352, 361, 362, 363, 364, 366, 369, 370, 372, 374, 375, 378, 382, 384, 386, 387, 397, 403, 405, 407, 408, 409, 410, 412, 413, 414, 415, 416, 417, 420, 421, 422, 423, 424, 426, 427, 428, 429, 430, 431, 432, 433, 434, 435, 436, 446, 447, 448, 449, 450, 451, 452, 453, 454, 457, 458, 459, 460, 464, 465, 473, 477, 481, 482, 486], [61, 66, 69, 131, 132, 140, 143, 144, 145, 147, 148, 151, 152, 153, 154, 155, 156, 162, 163, 177, 203, 212, 220, 229, 250, 253, 255, 256, 257, 258, 259, 260, 261, 262, 263, 264, 265, 266, 267, 268, 269, 270, 271, 272, 273, 274, 275, 276, 277, 278, 279, 282, 283, 284, 286, 287, 288, 289, 290, 291, 298, 299, 304, 306, 309, 311, 312, 313, 322, 325, 332, 333, 337, 338, 340, 343, 346, 349, 355, 357, 359, 362, 363, 364, 365, 366, 374, 376, 377, 378, 382, 384, 386, 387, 390, 391, 393, 394, 396, 397, 401, 402, 403, 404, 405, 406, 407, 408, 409, 412, 414, 415, 417, 418, 420, 421, 422, 429, 430, 434, 435, 437, 441, 443, 445, 446, 450, 451, 453, 455, 457, 460, 461, 464, 465, 467, 473, 477, 481, 486], [61, 100, 103, 140, 143, 144, 145, 147, 148, 173, 176, 184, 185, 193, 195, 207, 218, 219, 220, 221, 222, 223, 224, 225, 226, 232, 245, 255, 256, 257, 258, 259, 260, 261, 262, 263, 264, 265, 266, 267, 268, 269, 270, 277, 278, 284, 290, 291, 292, 293, 294, 295, 296, 297, 306, 307, 308, 309, 310, 313, 314, 315, 316, 317, 325, 326, 327, 328, 329, 330, 331, 342, 344, 345, 350, 351, 353, 354, 355, 356, 357, 358, 361, 362, 363, 364, 365, 367, 369, 370, 371, 374, 375, 376, 378, 382, 384, 386, 387, 390, 391, 393, 394, 396, 403, 404, 408, 409, 410, 412, 413, 418, 419, 421, 422, 423, 424, 426, 427, 428, 437, 438, 440, 441, 442, 446, 447, 448, 449, 453, 454, 455, 456, 457, 458, 459, 460, 461, 464, 465, 467, 473, 477, 481, 482], [66, 88, 100, 143, 144, 153, 154, 162, 173, 176, 177, 178, 179, 180, 184, 185, 189, 193, 195, 196, 197, 198, 203, 204, 205, 206, 245, 256, 260, 261, 262, 263, 264, 265, 271, 273, 274, 275, 278, 282, 284, 286, 288, 290, 291, 292, 293, 294, 295, 296, 297, 298, 299, 300, 301, 302, 304, 305, 306, 307, 308, 309, 310, 311, 312, 313, 314, 315, 316, 317, 318, 319, 320, 322, 323, 324, 325, 326, 327, 328, 329, 330, 331, 332, 333, 334, 335, 336, 337, 338, 339, 340, 341, 367, 386, 387, 390, 391, 393, 401, 404, 406, 408, 409, 410, 412, 413, 414, 415, 416, 417, 418, 419, 420, 421, 422, 423, 424, 426, 427, 428, 429, 430, 431, 432, 433, 434, 435, 436, 437, 438, 440, 441, 442, 443, 444, 445, 458, 464, 465, 467, 477, 481, 482, 486], [145, 151, 153, 155, 163, 189, 193, 195, 196, 197, 198, 207, 212, 214, 215, 221, 222, 226, 227, 228, 235, 255, 261, 262, 266, 267, 268, 271, 274, 276, 277, 278, 279, 283, 287, 289, 311, 312, 313, 314, 315, 316, 317, 318, 319, 320, 322, 323, 324, 325, 326, 327, 328, 329, 330, 331, 332, 333, 334, 335, 336, 337, 338, 339, 342, 343, 344, 345, 346, 347, 348, 353, 354, 357, 358, 359, 360, 361, 362, 365, 366, 371, 372, 374, 375, 378, 387, 390, 394, 396, 402, 403, 404, 405, 406, 407, 420, 421, 422, 423, 424, 426, 427, 428, 429, 430, 431, 432, 433, 434, 435, 436, 437, 438, 440, 441, 442, 443, 444, 445, 446, 447, 448, 449, 450, 451, 452, 455, 456, 457, 459, 460, 465, 467, 473, 477, 481, 482, 486], [61, 66, 69, 88, 100, 103, 131, 132, 140, 143, 145, 147, 148, 151, 152, 153, 154, 155, 156, 162, 163, 173, 177, 178, 179, 180, 184, 185, 189, 193, 196, 197, 198, 203, 204, 205, 206, 207, 212, 214, 215, 216, 217, 218, 219, 220, 221, 222, 223, 224, 225, 226, 227, 228, 229, 230, 232, 235, 245, 250, 253, 255, 256, 257, 258, 261, 263, 264, 266, 267, 269, 271, 272, 273, 274, 275, 276, 279, 286, 287, 292, 293, 294, 298, 299, 300, 301, 302, 306, 307, 308, 314, 318, 319, 320, 326, 327, 328, 332, 333, 334, 335, 336, 340, 341, 342, 344, 345, 346, 347, 348, 349, 350, 351, 352, 353, 354, 355, 356, 357, 358, 359, 360, 363, 366, 367, 369, 372, 376, 377, 378, 382, 391, 394, 397, 401, 402, 405, 406, 409, 410, 414, 415, 416, 418, 419, 423, 424, 429, 430, 431, 432, 433, 437, 438, 440, 443, 444, 446, 447, 448, 449, 450, 451, 452, 453, 454, 455, 456, 458, 461], [131, 147, 156, 162, 163, 178, 184, 196, 204, 205, 216, 223, 224, 226, 227, 230, 232, 235, 250, 253, 257, 259, 263, 265, 266, 268, 269, 270, 272, 275, 276, 277, 278, 279, 282, 283, 284, 286, 287, 288, 289, 290, 292, 295, 296, 298, 300, 301, 305, 307, 308, 310, 311, 315, 318, 323, 326, 329, 330, 332, 334, 335, 337, 339, 341, 344, 347, 350, 352, 353, 356, 358, 360, 369, 370, 371, 372, 375, 376, 377, 378, 382, 384, 386, 390, 391, 393, 394, 396, 397, 401, 402, 403, 404, 405, 406, 407, 408, 410, 413, 414, 416, 417, 419, 420, 421, 423, 426, 427, 429, 431, 432, 434, 436, 438, 442, 444, 445, 447, 448, 450, 452, 454, 456, 459, 460, 461, 464, 465, 467, 473, 477, 482, 486], [132, 156, 179, 197, 203, 204, 206, 212, 214, 217, 218, 220, 221, 223, 225, 228, 229, 230, 245, 253, 269, 270, 284, 286, 287, 288, 289, 291, 293, 295, 297, 299, 300, 302, 304, 305, 306, 307, 309, 310, 312, 316, 319, 324, 325, 327, 329, 331, 333, 334, 336, 338, 339, 340, 341, 342, 343, 348, 349, 351, 352, 354, 355, 356, 357, 358, 359, 360, 361, 362, 363, 364, 365, 366, 367, 369, 370, 371, 372, 377, 382, 384, 391, 393, 394, 396, 397, 401, 402, 403, 404, 405, 406, 407, 408, 409, 410, 412, 413, 414, 415, 416, 417, 418, 419, 420, 422, 424, 426, 428, 430, 431, 433, 435, 436, 437, 438, 440, 441, 442, 443, 444, 445, 446, 447, 449, 451, 452, 453, 454, 455, 456, 457, 458, 459, 461, 464, 467, 473, 477, 481, 482, 486], [69, 88, 103, 144, 148, 152, 154, 155, 176, 180, 185, 195, 198, 205, 206, 215, 216, 217, 219, 222, 224, 225, 227, 228, 229, 230, 250, 258, 259, 260, 262, 264, 265, 267, 268, 270, 272, 273, 274, 275, 276, 282, 283, 288, 289, 294, 296, 297, 301, 302, 304, 305, 308, 309, 310, 317, 320, 322, 323, 324, 328, 330, 331, 335, 336, 337, 338, 339, 340, 341, 343, 345, 346, 347, 348, 349, 350, 351, 352, 353, 354, 355, 356, 359, 360, 361, 364, 365, 367, 370, 371, 374, 375, 376, 377, 384, 386, 387, 390, 393, 396, 397, 401, 402, 407, 412, 413, 415, 416, 417, 418, 419, 427, 428, 432, 433, 434, 435, 436, 440, 441, 442, 443, 444, 445, 448, 449, 450, 451, 452, 453, 454, 455, 456, 457, 458, 459, 460, 461, 464, 465, 467, 473, 481, 482, 486]!Vessel: FarSymphony
[131, 140, 151, 152, 173, 177, 178, 179, 180, 189, 207, 215, 216, 217, 219, 232, 235, 253, 255, 256, 257, 258, 259, 260, 271, 272, 273, 277, 279, 282, 283, 290, 292, 293, 294, 296, 297, 298, 299, 300, 301, 302, 304, 311, 313, 314, 315, 317, 318, 319, 320, 322, 323, 342, 344, 345, 346, 347, 348, 349, 350, 351, 352, 363, 364, 366, 369, 372, 374, 375, 378, 379, 380, 381, 382, 383, 384, 385, 386, 387, 397, 398, 399, 403, 405, 407, 408, 409, 410, 411, 412, 413, 414, 415, 416, 417, 420, 421, 422, 423, 424, 425, 426, 427, 428, 429, 430, 431, 432, 433, 434, 435, 436, 446, 447, 448, 449, 450, 451, 452, 453, 454, 457, 458, 459, 460, 462, 463, 464, 465, 470, 472, 473, 474, 477, 479, 481, 482, 483, 485, 486, 490, 491], [131, 140, 143, 145, 147, 148, 151, 152, 153, 154, 155, 162, 163, 177, 203, 220, 229, 250, 253, 255, 256, 257, 258, 259, 260, 261, 262, 263, 264, 265, 266, 267, 268, 269, 271, 272, 273, 274, 275, 276, 277, 278, 279, 282, 283, 286, 287, 290, 298, 299, 304, 306, 309, 311, 313, 322, 325, 332, 333, 337, 338, 340, 346, 349, 355, 357, 359, 363, 364, 365, 366, 374, 376, 377, 378, 379, 380, 381, 382, 383, 384, 385, 386, 387, 388, 389, 390, 391, 392, 393, 394, 395, 396, 397, 398, 399, 400, 401, 402, 403, 404, 405, 406, 407, 408, 409, 412, 414, 415, 417, 418, 420, 421, 422, 429, 430, 434, 435, 437, 441, 443, 445, 446, 450, 451, 453, 455, 457, 460, 461, 462, 463, 464, 465, 466, 467, 469, 470, 471, 472, 473, 474, 477, 481, 483, 486, 491], [140, 143, 145, 147, 148, 173, 184, 185, 193, 207, 219, 220, 221, 222, 224, 225, 226, 232, 245, 255, 256, 257, 258, 259, 260, 261, 262, 263, 264, 265, 266, 267, 268, 269, 277, 278, 290, 292, 293, 294, 296, 297, 306, 307, 308, 309, 310, 313, 314, 315, 317, 325, 326, 327, 328, 330, 331, 342, 344, 345, 350, 351, 353, 354, 355, 356, 357, 358, 363, 364, 365, 367, 369, 374, 375, 376, 378, 379, 380, 381, 382, 383, 384, 385, 386, 387, 388, 389, 390, 391, 392, 393, 394, 395, 396, 403, 404, 408, 409, 410, 411, 412, 413, 418, 419, 421, 422, 423, 424, 425, 426, 427, 428, 437, 438, 439, 440, 441, 442, 446, 447, 448, 449, 453, 454, 455, 456, 457, 458, 459, 460, 461, 462, 463, 464, 465, 466, 467, 469, 472, 473, 477, 479, 481, 482, 490, 491], [143, 153, 154, 162, 173, 177, 178, 179, 180, 184, 185, 189, 193, 196, 197, 198, 203, 205, 206, 245, 256, 260, 261, 262, 263, 264, 265, 271, 273, 274, 275, 278, 282, 286, 290, 292, 293, 294, 296, 297, 298, 299, 300, 301, 302, 304, 306, 307, 308, 309, 310, 311, 313, 314, 315, 317, 318, 319, 320, 322, 323, 325, 326, 327, 328, 330, 331, 332, 333, 334, 335, 336, 337, 338, 340, 341, 367, 380, 381, 385, 386, 387, 388, 389, 390, 391, 392, 393, 398, 399, 400, 401, 404, 406, 408, 409, 410, 411, 412, 413, 414, 415, 416, 417, 418, 419, 420, 421, 422, 423, 424, 425, 426, 427, 428, 429, 430, 431, 432, 433, 434, 435, 436, 437, 438, 439, 440, 441, 442, 443, 444, 445, 458, 463, 464, 465, 466, 467, 470, 471, 477, 479, 481, 482, 483, 485, 486, 491], [145, 151, 153, 155, 163, 189, 193, 196, 197, 198, 207, 215, 221, 222, 226, 227, 228, 235, 255, 261, 262, 266, 267, 268, 271, 274, 276, 277, 278, 279, 283, 287, 311, 313, 314, 315, 317, 318, 319, 320, 322, 323, 325, 326, 327, 328, 330, 331, 332, 333, 334, 335, 336, 337, 338, 342, 344, 345, 346, 347, 348, 353, 354, 357, 358, 359, 360, 365, 366, 372, 374, 375, 378, 379, 380, 387, 388, 389, 390, 394, 395, 396, 399, 400, 402, 403, 404, 405, 406, 407, 420, 421, 422, 423, 424, 425, 426, 427, 428, 429, 430, 431, 432, 433, 434, 435, 436, 437, 438, 439, 440, 441, 442, 443, 444, 445, 446, 447, 448, 449, 450, 451, 452, 455, 456, 457, 459, 460, 462, 465, 466, 467, 469, 471, 473, 474, 477, 479, 481, 482, 483, 485, 486, 490, 491], [131, 140, 143, 145, 147, 148, 151, 152, 153, 154, 155, 162, 163, 173, 177, 178, 179, 180, 184, 185, 189, 193, 196, 197, 198, 203, 205, 206, 207, 215, 216, 217, 219, 220, 221, 222, 224, 225, 226, 227, 228, 229, 232, 235, 245, 250, 253, 255, 256, 257, 258, 261, 263, 264, 266, 267, 269, 271, 272, 273, 274, 275, 276, 279, 286, 287, 292, 293, 294, 298, 299, 300, 301, 302, 306, 307, 308, 314, 318, 319, 320, 326, 327, 328, 332, 333, 334, 335, 336, 340, 341, 342, 344, 345, 346, 347, 348, 349, 350, 351, 352, 353, 354, 355, 356, 357, 358, 359, 360, 363, 366, 367, 369, 372, 376, 377, 378, 379, 380, 381, 382, 383, 385, 388, 389, 391, 392, 394, 395, 397, 398, 399, 400, 401, 402, 405, 406, 409, 410, 411, 414, 415, 416, 418, 419, 423, 424, 425, 429, 430, 431, 432, 433, 437, 438, 439, 440, 443, 444, 446, 447, 448, 449, 450, 451, 452, 453, 454, 455, 456, 458, 461, 462, 463, 466, 469, 470, 471, 472, 474, 479, 483, 485, 490], [131, 147, 162, 163, 178, 184, 196, 205, 216, 224, 226, 227, 232, 235, 250, 253, 257, 259, 263, 265, 266, 268, 269, 272, 275, 276, 277, 278, 279, 282, 283, 286, 287, 290, 292, 296, 298, 300, 301, 307, 308, 310, 311, 315, 318, 323, 326, 330, 332, 334, 335, 337, 341, 344, 347, 350, 352, 353, 356, 358, 360, 369, 372, 375, 376, 377, 378, 382, 383, 384, 385, 386, 388, 390, 391, 392, 393, 394, 395, 396, 397, 398, 400, 401, 402, 403, 404, 405, 406, 407, 408, 410, 411, 413, 414, 416, 417, 419, 420, 421, 423, 426, 427, 429, 431, 432, 434, 436, 438, 439, 442, 444, 445, 447, 448, 450, 452, 454, 456, 459, 460, 461, 462, 463, 464, 465, 466, 467, 469, 470, 471, 472, 473, 474, 477, 479, 482, 483, 485, 486, 490, 491], [179, 197, 203, 206, 217, 220, 221, 225, 228, 229, 245, 253, 269, 286, 287, 293, 297, 299, 300, 302, 304, 306, 307, 309, 310, 319, 325, 327, 331, 333, 334, 336, 338, 340, 341, 342, 348, 349, 351, 352, 354, 355, 356, 357, 358, 359, 360, 363, 364, 365, 366, 367, 369, 372, 377, 382, 384, 391, 393, 394, 396, 397, 401, 402, 403, 404, 405, 406, 407, 408, 409, 410, 412, 413, 414, 415, 416, 417, 418, 419, 420, 422, 424, 426, 428, 430, 431, 433, 435, 436, 437, 438, 440, 441, 442, 443, 444, 445, 446, 447, 449, 451, 452, 453, 454, 455, 456, 457, 458, 459, 461, 462, 463, 464, 466, 467, 469, 470, 471, 472, 473, 474, 477, 479, 481, 482, 483, 485, 486, 490, 491], [148, 152, 154, 155, 180, 185, 198, 205, 206, 215, 216, 217, 219, 222, 224, 225, 227, 228, 229, 250, 258, 259, 260, 262, 264, 265, 267, 268, 272, 273, 274, 275, 276, 282, 283, 294, 296, 297, 301, 302, 304, 308, 309, 310, 317, 320, 322, 323, 328, 330, 331, 335, 336, 337, 338, 340, 341, 345, 346, 347, 348, 349, 350, 351, 352, 353, 354, 355, 356, 359, 360, 364, 365, 367, 374, 375, 376, 377, 379, 381, 383, 384, 386, 387, 389, 390, 392, 393, 395, 396, 397, 398, 399, 400, 401, 402, 407, 411, 412, 413, 415, 416, 417, 418, 419, 425, 427, 428, 432, 433, 434, 435, 436, 439, 440, 441, 442, 443, 444, 445, 448, 449, 450, 451, 452, 453, 454, 455, 456, 457, 458, 459, 460, 461, 464, 465, 467, 469, 470, 471, 472, 473, 474, 481, 482, 485, 486, 490, 491]!Vessel: HavilaForesight
[46, 51, 79, 91, 98, 129, 131, 132, 133, 137, 138, 139, 140, 141, 151, 152, 171, 172, 173, 174, 176, 177, 178, 179, 180, 182, 189, 192, 207, 214, 215, 216, 217, 218, 219, 232, 233, 235, 249, 252, 253, 254, 255, 256, 257, 258, 259, 260, 271, 272, 273, 277, 279, 280, 282, 283, 290, 291, 292, 293, 294, 295, 296, 297, 298, 299, 300, 301, 302, 303, 304, 305, 311, 312, 313, 314, 315, 316, 317, 318, 319, 320, 321, 322, 323, 324, 342, 343, 344, 345, 346, 347, 348, 349, 350, 351, 352, 361, 362, 363, 364, 366, 368, 369, 370, 372, 373, 374, 375, 382, 384, 386, 387, 397, 403, 405, 407, 408, 410, 412, 413, 414, 416, 417, 420, 421, 422, 426, 427, 428, 430, 431, 434, 435, 436, 446, 447, 451, 452, 454, 457, 459, 460, 464, 473, 477, 482, 486], [51, 61, 66, 67, 68, 69, 131, 132, 137, 138, 139, 140, 141, 142, 143, 144, 145, 146, 147, 148, 150, 151, 152, 153, 154, 155, 156, 159, 162, 163, 166, 171, 172, 177, 200, 203, 212, 220, 229, 250, 252, 253, 254, 255, 256, 257, 258, 259, 260, 261, 262, 263, 265, 266, 267, 268, 269, 270, 271, 272, 273, 274, 275, 276, 277, 278, 279, 280, 281, 282, 283, 284, 285, 286, 287, 288, 289, 290, 291, 298, 299, 303, 304, 306, 309, 311, 312, 313, 322, 325, 332, 333, 337, 338, 340, 343, 346, 349, 355, 357, 359, 362, 363, 364, 365, 366, 374, 376, 377, 382, 384, 386, 387, 390, 393, 394, 396, 397, 402, 403, 404, 405, 406, 407, 408, 412, 414, 417, 420, 421, 422, 430, 434, 435, 441, 445, 446, 451, 457, 460, 464, 467, 473, 477, 486], [46, 61, 100, 101, 102, 103, 129, 138, 139, 140, 141, 142, 143, 144, 145, 146, 147, 148, 150, 159, 173, 174, 176, 184, 185, 187, 193, 194, 195, 207, 218, 219, 220, 221, 222, 223, 224, 225, 226, 232, 233, 234, 245, 249, 252, 255, 256, 257, 258, 259, 260, 261, 262, 263, 265, 266, 267, 268, 269, 270, 277, 278, 284, 285, 290, 291, 292, 293, 294, 295, 296, 297, 306, 307, 308, 309, 310, 313, 314, 315, 316, 317, 325, 326, 327, 328, 329, 330, 331, 342, 344, 345, 350, 351, 353, 354, 355, 356, 357, 358, 361, 362, 363, 364, 365, 367, 368, 369, 370, 371, 374, 375, 376, 382, 384, 386, 387, 390, 393, 394, 396, 403, 404, 408, 410, 412, 413, 421, 422, 426, 427, 428, 438, 441, 442, 446, 447, 454, 457, 459, 460, 464, 467, 473, 477, 482], [66, 79, 84, 87, 88, 100, 129, 137, 138, 142, 143, 144, 153, 154, 159, 162, 166, 171, 173, 174, 176, 177, 178, 179, 180, 182, 184, 185, 187, 189, 192, 193, 194, 195, 196, 197, 198, 200, 201, 203, 204, 205, 206, 245, 256, 260, 261, 262, 263, 265, 271, 273, 274, 275, 278, 281, 282, 284, 286, 288, 290, 291, 292, 293, 294, 295, 296, 297, 298, 299, 300, 301, 302, 303, 304, 305, 306, 307, 308, 309, 310, 311, 312, 313, 314, 315, 316, 317, 318, 319, 320, 321, 322, 323, 324, 325, 326, 327, 328, 329, 330, 331, 332, 333, 334, 335, 336, 337, 338, 339, 340, 341, 367, 386, 387, 390, 393, 404, 406, 408, 410, 412, 413, 414, 416, 417, 420, 421, 422, 426, 427, 428, 430, 431, 434, 435, 436, 438, 441, 442, 445, 464, 467, 477, 482, 486], [67, 84, 91, 101, 105, 129, 137, 139, 142, 145, 146, 151, 153, 155, 163, 172, 189, 192, 193, 194, 195, 196, 197, 198, 200, 201, 207, 212, 213, 214, 215, 221, 222, 226, 227, 228, 234, 235, 249, 255, 261, 262, 266, 267, 268, 271, 274, 276, 277, 278, 279, 280, 281, 283, 285, 287, 289, 311, 312, 313, 314, 315, 316, 317, 318, 319, 320, 321, 322, 323, 324, 325, 326, 327, 328, 329, 330, 331, 332, 333, 334, 335, 336, 337, 338, 339, 342, 343, 344, 345, 346, 347, 348, 353, 354, 357, 358, 359, 360, 361, 362, 365, 366, 368, 371, 372, 373, 374, 375, 387, 390, 394, 396, 402, 403, 404, 405, 406, 407, 420, 421, 422, 426, 427, 428, 430, 431, 434, 435, 436, 438, 441, 442, 445, 446, 447, 451, 452, 457, 459, 460, 467, 473, 477, 482, 486], [46, 51, 61, 66, 67, 68, 69, 79, 84, 87, 88, 91, 98, 100, 101, 102, 103, 105, 107, 131, 132, 133, 140, 143, 145, 147, 148, 151, 152, 153, 154, 155, 156, 162, 163, 173, 177, 178, 179, 180, 184, 185, 189, 193, 196, 197, 198, 203, 204, 205, 206, 207, 212, 213, 214, 215, 216, 217, 218, 219, 220, 221, 222, 223, 224, 225, 226, 227, 228, 229, 230, 232, 235, 245, 250, 253, 255, 256, 257, 258, 261, 263, 266, 267, 269, 271, 272, 273, 274, 275, 276, 279, 286, 287, 292, 293, 294, 298, 299, 300, 301, 302, 306, 307, 308, 314, 318, 319, 320, 326, 327, 328, 332, 333, 334, 335, 336, 340, 341, 342, 344, 345, 346, 347, 348, 349, 350, 351, 352, 353, 354, 355, 356, 357, 358, 359, 360, 363, 366, 367, 369, 372, 376, 377, 382, 394, 397, 402, 405, 406, 410, 414, 416, 430, 431, 438, 446, 447, 451, 452, 454], [68, 87, 102, 107, 131, 133, 147, 150, 156, 159, 162, 163, 166, 174, 178, 182, 184, 187, 194, 196, 201, 204, 205, 213, 216, 223, 224, 226, 227, 230, 232, 233, 234, 235, 250, 252, 253, 254, 257, 259, 263, 265, 266, 268, 269, 270, 272, 275, 276, 277, 278, 279, 280, 281, 282, 283, 284, 285, 286, 287, 288, 289, 290, 292, 295, 296, 298, 300, 301, 303, 305, 307, 308, 310, 311, 315, 318, 321, 323, 326, 329, 330, 332, 334, 335, 337, 339, 341, 344, 347, 350, 352, 353, 356, 358, 360, 368, 369, 370, 371, 372, 373, 375, 376, 377, 382, 384, 386, 390, 393, 394, 396, 397, 402, 403, 404, 405, 406, 407, 408, 410, 413, 414, 416, 417, 420, 421, 426, 427, 431, 434, 436, 438, 442, 445, 447, 452, 454, 459, 460, 464, 467, 473, 477, 482, 486], [132, 133, 156, 179, 197, 203, 204, 206, 212, 213, 214, 217, 218, 220, 221, 223, 225, 228, 229, 230, 245, 252, 253, 254, 269, 270, 280, 281, 284, 285, 286, 287, 288, 289, 291, 293, 295, 297, 299, 300, 302, 303, 304, 305, 306, 307, 309, 310, 312, 316, 319, 321, 324, 325, 327, 329, 331, 333, 334, 336, 338, 339, 340, 341, 342, 343, 348, 349, 351, 352, 354, 355, 356, 357, 358, 359, 360, 361, 362, 363, 364, 365, 366, 367, 368, 369, 370, 371, 372, 373, 377, 382, 384, 393, 394, 396, 397, 402, 403, 404, 405, 406, 407, 408, 410, 412, 413, 414, 416, 417, 420, 422, 426, 428, 430, 431, 435, 436, 438, 441, 442, 445, 446, 447, 451, 452, 454, 457, 459, 464, 467, 473, 477, 482, 486], [69, 88, 98, 103, 105, 107, 141, 144, 146, 148, 150, 152, 154, 155, 166, 171, 172, 176, 180, 182, 185, 187, 192, 195, 198, 200, 201, 205, 206, 215, 216, 217, 219, 222, 224, 225, 227, 228, 229, 230, 233, 234, 249, 250, 254, 258, 259, 260, 262, 265, 267, 268, 270, 272, 273, 274, 275, 276, 282, 283, 288, 289, 294, 296, 297, 301, 302, 304, 305, 308, 309, 310, 317, 320, 322, 323, 324, 328, 330, 331, 335, 336, 337, 338, 339, 340, 341, 343, 345, 346, 347, 348, 349, 350, 351, 352, 353, 354, 355, 356, 359, 360, 361, 364, 365, 367, 370, 371, 373, 374, 375, 376, 377, 384, 386, 387, 390, 393, 396, 397, 402, 407, 412, 413, 416, 417, 427, 428, 434, 435, 436, 441, 442, 445, 451, 452, 454, 457, 459, 460, 464, 467, 473, 482, 486]!Vessel: FarStar
] 

Rvl : [
!l : 2, 3
[131, 140, 145, 147, 148, 151, 152, 163, 207, 216, 219, 224, 225, 226, 232, 235, 250, 253, 257, 258, 259, 269, 272, 349, 350, 351, 352, 355, 356, 363, 369, 376, 377, 382, 384, 397], [143, 153, 154, 155, 162, 173, 177, 178, 180, 184, 185, 189, 193, 196, 198, 205, 206, 215, 222, 227, 245, 255, 256, 260, 261, 262, 263, 264, 265, 266, 267, 268, 271, 273, 274, 275, 276, 277, 278, 279, 282, 283, 286, 287, 290, 292, 293, 294, 296, 298, 299, 300, 301, 302, 306, 307, 308, 309, 311, 313, 314, 315, 317, 318, 319, 320, 322, 323, 326, 327, 328, 330, 332, 333, 334, 335, 336, 337, 340, 341, 342, 344, 345, 346, 347, 348, 353, 354, 357, 358, 359, 360, 366, 367, 372, 374, 375, 378, 379, 380, 381, 383, 385, 386, 387, 388, 389, 390, 391, 392, 393, 394, 395, 396, 398, 399, 400, 401, 402, 403, 404, 405, 406, 407, 408, 409, 410, 411, 412, 413, 414, 415, 416, 417, 418, 419, 420, 421, 422, 423, 424, 425, 426, 427, 428, 429, 430, 431, 432, 433, 434, 435, 436, 437, 438, 439, 440, 441, 442, 443, 444, 445, 446, 447, 448, 449, 450, 451, 452, 453, 454, 455, 456, 457, 458, 459, 460, 461, 462, 463, 464, 465, 466, 467, 468, 469, 470, 471, 472, 473, 474, 475, 476, 477, 478, 479, 480, 481, 482, 483, 484, 485, 486, 487, 488, 489, 490, 491]!Vessel: FarSeeker
[131, 140, 145, 147, 148, 151, 152, 163, 207, 216, 219, 224, 225, 226, 232, 235, 250, 253, 257, 258, 259, 269, 272, 349, 350, 351, 352, 355, 356, 363, 369, 376, 377, 382, 384, 397], [143, 153, 154, 155, 162, 173, 177, 178, 180, 184, 185, 189, 193, 196, 198, 205, 206, 215, 222, 227, 245, 255, 256, 260, 261, 262, 263, 264, 265, 266, 267, 268, 271, 273, 274, 275, 276, 277, 278, 279, 282, 283, 286, 287, 290, 292, 293, 294, 296, 298, 299, 300, 301, 302, 306, 307, 308, 309, 311, 313, 314, 315, 317, 318, 319, 320, 322, 323, 326, 327, 328, 330, 332, 333, 334, 335, 336, 337, 340, 341, 342, 344, 345, 346, 347, 348, 353, 354, 357, 358, 359, 360, 366, 367, 372, 374, 375, 378, 379, 380, 381, 383, 385, 386, 387, 388, 389, 390, 391, 392, 393, 394, 395, 396, 398, 399, 400, 401, 402, 403, 404, 405, 406, 407, 408, 409, 410, 411, 412, 413, 414, 415, 416, 417, 418, 419, 420, 421, 422, 423, 424, 425, 426, 427, 428, 429, 430, 431, 432, 433, 434, 435, 436, 437, 438, 439, 440, 441, 442, 443, 444, 445, 446, 447, 448, 449, 450, 451, 452, 453, 454, 455, 456, 457, 458, 459, 460, 461, 462, 463, 464, 465, 466, 467, 468, 469, 470, 471, 472, 473, 474, 475, 476, 477, 478, 479, 480, 481, 482, 483, 484, 485, 486, 487, 488, 489, 490, 491]!Vessel: FarSearcher
[61, 66, 69, 100, 103, 131, 132, 140, 145, 147, 148, 151, 152, 156, 163, 207, 212, 214, 216, 217, 218, 219, 220, 221, 223, 224, 225, 226, 229, 230, 232, 235, 250, 253, 257, 258, 259, 269, 270, 272, 349, 350, 351, 352, 355, 356, 363, 364, 369, 370, 376, 377, 382, 384, 397], [88, 143, 144, 153, 154, 155, 162, 173, 176, 177, 178, 179, 180, 184, 185, 189, 193, 195, 196, 197, 198, 203, 204, 205, 206, 215, 222, 227, 228, 245, 255, 256, 260, 261, 262, 263, 264, 265, 266, 267, 268, 271, 273, 274, 275, 276, 277, 278, 279, 282, 283, 284, 286, 287, 288, 289, 290, 291, 292, 293, 294, 295, 296, 297, 298, 299, 300, 301, 302, 304, 305, 306, 307, 308, 309, 310, 311, 312, 313, 314, 315, 316, 317, 318, 319, 320, 322, 323, 324, 325, 326, 327, 328, 329, 330, 331, 332, 333, 334, 335, 336, 337, 338, 339, 340, 341, 342, 343, 344, 345, 346, 347, 348, 353, 354, 357, 358, 359, 360, 361, 362, 365, 366, 367, 371, 372, 374, 375, 378, 386, 387, 390, 391, 393, 394, 396, 401, 402, 403, 404, 405, 406, 407, 408, 409, 410, 412, 413, 414, 415, 416, 417, 418, 419, 420, 421, 422, 423, 424, 426, 427, 428, 429, 430, 431, 432, 433, 434, 435, 436, 437, 438, 440, 441, 442, 443, 444, 445, 446, 447, 448, 449, 450, 451, 452, 453, 454, 455, 456, 457, 458, 459, 460, 461, 464, 465, 467, 473, 477, 481, 482, 486]!Vessel: FarSymphony
[131, 140, 145, 147, 148, 151, 152, 163, 207, 216, 217, 219, 220, 221, 224, 225, 226, 229, 232, 235, 250, 253, 257, 258, 259, 269, 272, 349, 350, 351, 352, 355, 356, 363, 364, 369, 376, 377, 382, 384, 397], [143, 153, 154, 155, 162, 173, 177, 178, 179, 180, 184, 185, 189, 193, 196, 197, 198, 203, 205, 206, 215, 222, 227, 228, 245, 255, 256, 260, 261, 262, 263, 264, 265, 266, 267, 268, 271, 273, 274, 275, 276, 277, 278, 279, 282, 283, 286, 287, 290, 292, 293, 294, 296, 297, 298, 299, 300, 301, 302, 304, 306, 307, 308, 309, 310, 311, 313, 314, 315, 317, 318, 319, 320, 322, 323, 325, 326, 327, 328, 330, 331, 332, 333, 334, 335, 336, 337, 338, 340, 341, 342, 344, 345, 346, 347, 348, 353, 354, 357, 358, 359, 360, 365, 366, 367, 372, 374, 375, 378, 379, 380, 381, 383, 385, 386, 387, 388, 389, 390, 391, 392, 393, 394, 395, 396, 398, 399, 400, 401, 402, 403, 404, 405, 406, 407, 408, 409, 410, 411, 412, 413, 414, 415, 416, 417, 418, 419, 420, 421, 422, 423, 424, 425, 426, 427, 428, 429, 430, 431, 432, 433, 434, 435, 436, 437, 438, 439, 440, 441, 442, 443, 444, 445, 446, 447, 448, 449, 450, 451, 452, 453, 454, 455, 456, 457, 458, 459, 460, 461, 462, 463, 464, 465, 466, 467, 469, 470, 471, 472, 473, 474, 477, 479, 481, 482, 483, 485, 486, 490, 491]!Vessel: HavilaForesight
[46, 51, 61, 66, 67, 68, 69, 79, 84, 87, 91, 98, 100, 101, 102, 103, 105, 107, 131, 132, 133, 139, 140, 141, 145, 147, 148, 150, 151, 152, 156, 163, 207, 212, 213, 214, 216, 217, 218, 219, 220, 221, 223, 224, 225, 226, 229, 230, 232, 233, 235, 250, 252, 253, 254, 257, 258, 259, 269, 270, 272, 349, 350, 351, 352, 355, 356, 363, 364, 369, 370, 376, 377, 382, 384, 397], [88, 129, 137, 138, 142, 143, 144, 146, 153, 154, 155, 159, 162, 166, 171, 172, 173, 174, 176, 177, 178, 179, 180, 182, 184, 185, 187, 189, 192, 193, 194, 195, 196, 197, 198, 200, 201, 203, 204, 205, 206, 215, 222, 227, 228, 234, 245, 249, 255, 256, 260, 261, 262, 263, 265, 266, 267, 268, 271, 273, 274, 275, 276, 277, 278, 279, 280, 281, 282, 283, 284, 285, 286, 287, 288, 289, 290, 291, 292, 293, 294, 295, 296, 297, 298, 299, 300, 301, 302, 303, 304, 305, 306, 307, 308, 309, 310, 311, 312, 313, 314, 315, 316, 317, 318, 319, 320, 321, 322, 323, 324, 325, 326, 327, 328, 329, 330, 331, 332, 333, 334, 335, 336, 337, 338, 339, 340, 341, 342, 343, 344, 345, 346, 347, 348, 353, 354, 357, 358, 359, 360, 361, 362, 365, 366, 367, 368, 371, 372, 373, 374, 375, 386, 387, 390, 393, 394, 396, 402, 403, 404, 405, 406, 407, 408, 410, 412, 413, 414, 416, 417, 420, 421, 422, 426, 427, 428, 430, 431, 434, 435, 436, 438, 441, 442, 445, 446, 447, 451, 452, 454, 457, 459, 460, 464, 467, 473, 477, 482, 486]!Vessel: FarStar
] 

minF : 2
maxF : 6
Nf : [
!f : 2, 3, 4, 5, 6
[5, 6], [], [], [2, 3, 4, 7], [1, 8, 9]
]

! Parameters
VoyageCost: [37970, 39085, 64838, 53931, 37570, 44429, 45544, 73722, 62814, 42817, 43726, 43120, 46453, 43120, 73722, 62814, 40394, 38879, 38273, 44029, 74837, 63929, 43932, 42418, 44235, 47568, 72716, 73019, 72413, 75746, 62111, 64838, 72110, 61202, 39691, 41509, 44841, 37570, 43326, 61505, 45144, 50186, 49580, 81296, 70389, 50392, 48877, 50695, 54028, 81599, 49277, 48574, 48877, 49580, 52913, 52210, 80181, 69274, 78872, 67965, 47968, 46453, 48271, 51604, 81599, 78569, 67662, 46150, 51301, 79478, 68571, 44029, 78872, 67965, 82205, 71298, 82714, 47568, 78569, 78872, 78169, 79987, 83320, 79987, 80896, 83623, 77867, 83017, 78169, 83320, 67662, 67965, 67262, 72413, 66959, 67262, 47968, 51301, 45544, 79684, 68777, 47265, 52416, 68777, 72110, 44841, 50598, 52416, 79478, 68571, 50901, 81502, 70595, 51604, 49180, 69080, 49083, 52719, 80290, 72413, 79684, 48477, 82205, 71298, 49786, 55337, 55337, 54731, 89174, 54028, 55034, 54428, 53725, 58670, 58064, 57361, 88059, 85332, 74425, 54428, 58064, 86750, 86144, 89780, 75237, 78872, 53725, 58876, 51604, 57361, 74122, 57761, 86447, 89477, 78569, 51301, 85938, 75031, 84629, 73722, 87356, 84326, 73419, 84629, 73722, 87962, 77055, 85332, 74425, 86750, 88665, 77757, 86144, 84629, 86447, 89780, 85029, 84326, 86144, 89477, 84629, 87962, 84023, 85441, 90592, 83320, 89077, 90895, 86447, 87356, 86750, 90083, 87562, 86047, 91198, 85744, 87562, 90895, 86047, 90083, 89380, 91198, 83720, 83017, 88774, 90592, 75237, 75540, 77055, 73116, 72413, 72813, 72110, 75237, 78569, 57058, 58876, 55543, 58876, 53119, 76352, 79684, 52416, 58173, 59991, 74534, 77867, 79684, 56452, 55749, 73722, 53725, 57361, 78169, 73419, 73722, 89780, 78872, 56755, 87356, 76449, 59179, 87865, 79987, 87259, 56052, 86653, 75746, 78872, 57058, 54937, 60487, 60184, 63820, 81696, 92604, 60184, 65335, 63820, 96239, 94022, 97657, 91901, 97051, 95536, 80993, 86144, 84629, 58876, 62511, 92907, 63517, 95936, 97354, 95233, 84326, 80181, 92507, 79878, 80181, 92507, 94421, 83514, 89780, 78872, 89477, 78569, 93113, 82205, 91089, 90483, 91901, 93719, 97051, 89780, 95536, 97354, 90786, 90180, 89477, 95233, 97051, 91089, 93816, 93113, 91295, 90592, 96348, 94930, 94228, 93816, 93210, 93210, 94022, 92507, 94325, 97657, 92204, 94022, 97354, 92507, 96542, 95839, 97657, 91901, 93319, 95137, 98469, 91198, 96954, 98772, 92204, 91598, 90895, 96651, 98469, 95839, 95233, 94531, 94627, 93925, 82811, 82908, 80993, 86144, 85029, 84326, 86144, 62911, 64632, 66450, 62208, 85441, 87259, 64026, 63323, 80387, 79684, 83720, 83017, 86447, 79575, 59578, 63214, 84023, 79272, 98166, 78872, 58876, 62511, 83320, 78569, 82205, 85332, 84629, 64632, 62208, 87453, 92604, 100481, 103511, 65335, 71092, 68971, 98360, 101996, 104117, 99778, 104929, 103414, 97051, 102808, 100687, 86144, 91901, 89780, 68668, 101693, 103814, 103111, 100384, 89477, 85332, 97657, 85029, 97354, 88665, 96239, 97754, 97051, 102808, 101390, 100687, 95936, 101087, 100384, 99572, 102202, 101499, 98966, 98966, 98360, 99778, 101596, 104929, 97657, 103414, 105232, 98663, 98057, 97354, 103111, 104929, 102299, 101693, 100990, 99172, 98469, 104226, 106044, 102808, 102105, 102505, 101802, 100990, 86847, 86144, 91901, 93719, 90786, 90180, 89477, 70486, 69783, 91295, 90592, 90483, 104626, 89780, 91089, 69783, 92604, 103511, 107147, 109874, 104929, 108565, 107959, 97051, 106844, 108262, 76243, 96239, 95936, 108662, 107959, 104117, 105632, 104929, 112503, 109268, 108565, 103814, 108965, 108262, 107450, 110080, 109377, 97754, 97051, 115024]
VoyageDuration: [2, 2, 2, 2, 2, 2, 2, 2, 2, 2, 2, 2, 2, 2, 2, 2, 2, 2, 2, 2, 2, 2, 2, 2, 2, 2, 2, 2, 2, 2, 2, 2, 2, 2, 2, 2, 2, 2, 2, 2, 2, 2, 2, 3, 2, 2, 2, 2, 2, 3, 2, 2, 2, 2, 2, 2, 2, 2, 2, 2, 2, 2, 2, 2, 3, 2, 2, 2, 2, 2, 2, 2, 2, 2, 3, 2, 3, 2, 2, 2, 2, 2, 3, 2, 2, 3, 2, 3, 2, 3, 2, 2, 2, 2, 2, 2, 2, 2, 2, 2, 2, 2, 2, 2, 2, 2, 2, 2, 2, 2, 2, 3, 2, 2, 2, 2, 2, 2, 2, 2, 2, 2, 3, 2, 2, 2, 2, 2, 3, 2, 2, 2, 2, 2, 2, 2, 3, 3, 2, 2, 2, 3, 3, 3, 2, 3, 2, 2, 2, 2, 2, 2, 3, 3, 3, 2, 3, 2, 3, 2, 3, 3, 2, 3, 2, 3, 3, 3, 2, 3, 3, 3, 3, 3, 3, 3, 3, 3, 3, 3, 3, 3, 3, 3, 3, 3, 3, 3, 3, 3, 3, 3, 3, 3, 3, 3, 3, 3, 3, 3, 3, 3, 3, 3, 3, 3, 2, 2, 3, 2, 2, 2, 2, 2, 3, 2, 2, 2, 2, 2, 2, 3, 2, 2, 2, 2, 3, 3, 2, 2, 2, 2, 2, 3, 2, 2, 3, 3, 2, 3, 3, 2, 3, 3, 3, 2, 3, 2, 3, 2, 2, 2, 2, 2, 3, 3, 2, 2, 2, 3, 3, 3, 3, 3, 3, 3, 3, 3, 2, 2, 3, 2, 3, 3, 3, 3, 3, 3, 3, 3, 3, 3, 3, 3, 3, 3, 3, 3, 3, 3, 3, 3, 3, 3, 3, 3, 3, 3, 3, 3, 3, 3, 3, 3, 3, 3, 3, 3, 3, 3, 3, 3, 3, 3, 3, 3, 3, 3, 3, 3, 3, 3, 3, 3, 3, 3, 3, 3, 3, 3, 3, 3, 3, 3, 3, 3, 3, 3, 3, 3, 3, 3, 3, 3, 3, 3, 3, 3, 2, 2, 2, 2, 3, 3, 2, 2, 3, 3, 3, 3, 3, 3, 2, 2, 3, 3, 3, 3, 2, 2, 3, 3, 3, 3, 3, 2, 2, 3, 3, 3, 3, 2, 3, 2, 3, 3, 3, 3, 3, 3, 3, 3, 3, 3, 3, 3, 2, 3, 3, 3, 3, 3, 3, 3, 3, 3, 3, 3, 3, 3, 3, 3, 3, 3, 3, 3, 3, 3, 3, 3, 3, 3, 3, 3, 3, 3, 3, 3, 3, 3, 3, 3, 3, 3, 3, 3, 3, 3, 3, 3, 3, 3, 3, 3, 3, 3, 3, 3, 3, 3, 3, 3, 3, 3, 3, 3, 3, 3, 3, 3, 3, 3, 3, 3, 3, 3, 3, 3, 3, 3, 3, 3, 3, 3, 3, 3, 3, 3, 3, 3, 3, 3, 3, 3, 3, 3, 3, 3, 3, 3, 3]
TimeCharterCost: [120000, 125000, 130000, 110000, 104000]
RequiredVisits: [6, 5, 5, 5, 2, 2, 5, 6, 6]
NumberOfDaysAvailable: [7, 7, 7, 7, 7]
DepotCapacity: [3, 3, 3, 3, 3, 3, 0]
