!Summary:
!Execution time: 0,57 seconds
!Total # voyages: 1799 (371 unique)
!Number of installations (excluding depot): 9
!Number of time windows: 2
!Number of vessels: 5

!Min. # installations: 1
!Max. number of installations: 8
!Min. duration: 56
!Max. duration: 80

!Name: FarStar	 # voyages: 337
!Name: FarSymphony	 # voyages: 350
!Name: FarSearcher	 # voyages: 371
!Name: FarSeeker	 # voyages: 371
!Name: HavilaForesight	 # voyages: 370
!------------------------------------------------------------------------------------------------------------------------
nV : 5
nR : 371
nN : 9
nT : 7
minL : 2
maxL : 3

! Sets: 
Rv : [
[1, 2, 3, 4, 5, 6, 7, 8, 9, 10, 11, 12, 13, 14, 15, 16, 17, 18, 19, 20, 21, 22, 23, 24, 25, 26, 27, 28, 29, 31, 32, 33, 34, 35, 36, 37, 38, 39, 40, 41, 42, 43, 44, 45, 46, 47, 48, 49, 50, 51, 52, 53, 54, 55, 56, 57, 58, 59, 60, 61, 62, 63, 64, 65, 66, 67, 68, 69, 70, 71, 72, 73, 75, 76, 77, 78, 79, 80, 81, 82, 83, 85, 87, 88, 89, 91, 94, 95, 96, 97, 98, 99, 100, 101, 102, 103, 104, 105, 106, 107, 108, 109, 110, 111, 112, 113, 115, 116, 117, 118, 119, 120, 121, 122, 123, 124, 125, 126, 127, 128, 129, 130, 131, 132, 133, 134, 135, 136, 137, 138, 139, 140, 141, 142, 143, 144, 145, 146, 147, 148, 149, 150, 151, 152, 153, 154, 155, 156, 157, 158, 159, 160, 161, 162, 163, 164, 165, 166, 167, 168, 170, 171, 173, 175, 176, 177, 178, 179, 180, 181, 182, 184, 186, 189, 191, 192, 194, 195, 196, 197, 198, 200, 201, 202, 204, 205, 206, 207, 208, 209, 210, 211, 212, 213, 214, 215, 216, 217, 219, 220, 222, 223, 224, 227, 228, 229, 231, 232, 234, 236, 237, 238, 239, 242, 244, 245, 246, 247, 248, 249, 250, 251, 252, 253, 254, 255, 256, 257, 258, 259, 260, 261, 262, 263, 264, 265, 266, 267, 268, 269, 270, 271, 272, 273, 274, 275, 276, 277, 278, 279, 280, 282, 283, 284, 285, 286, 288, 292, 293, 294, 295, 298, 299, 304, 307, 309, 310, 311, 313, 314, 316, 317, 318, 320, 322, 324, 325, 328, 329, 331, 333, 334, 335, 336, 337, 339, 340, 341, 343, 344, 345, 346, 348, 349, 350, 351, 353, 357, 359, 361, 362, 363, 364, 366, 369, 370, 371, 372, 373, 374, 375, 376, 377, 378, 379, 380, 381, 382, 383, 384, 385, 387, 388, 389, 390, 391, 392, 393, 394, 395, 396, 397, 398, 399, 400, 402, 403, 404, 405, 408, 410, 412, 417, 419, 421, 423, 426, 427, 429, 433, 437, 439, 440, 441, 442, 445, 452, 454, 455, 457, 460, 461, 462, 465, 468, 470, 472, 488, 489, 490, 491]!Vessel: FarSeeker
[1, 2, 3, 4, 5, 6, 7, 8, 9, 10, 11, 12, 13, 14, 15, 16, 17, 18, 19, 20, 21, 22, 23, 24, 25, 26, 27, 28, 29, 31, 32, 33, 34, 35, 36, 37, 38, 39, 40, 41, 42, 43, 44, 45, 46, 47, 48, 49, 50, 51, 52, 53, 54, 55, 56, 57, 58, 59, 60, 61, 62, 63, 64, 65, 66, 67, 68, 69, 70, 71, 72, 73, 75, 76, 77, 78, 79, 80, 81, 82, 83, 85, 87, 88, 89, 91, 94, 95, 96, 97, 98, 99, 100, 101, 102, 103, 104, 105, 106, 107, 108, 109, 110, 111, 112, 113, 115, 116, 117, 118, 119, 120, 121, 122, 123, 124, 125, 126, 127, 128, 129, 130, 131, 132, 133, 134, 135, 136, 137, 138, 139, 140, 141, 142, 143, 144, 145, 146, 147, 148, 149, 150, 151, 152, 153, 154, 155, 156, 157, 158, 159, 160, 161, 162, 163, 164, 165, 166, 167, 168, 170, 171, 173, 175, 176, 177, 178, 179, 180, 181, 182, 184, 186, 189, 191, 192, 194, 195, 196, 197, 198, 200, 201, 202, 204, 205, 206, 207, 208, 209, 210, 211, 212, 213, 214, 215, 216, 217, 219, 220, 222, 223, 224, 227, 228, 229, 231, 232, 234, 236, 237, 238, 239, 242, 244, 245, 246, 247, 248, 249, 250, 251, 252, 253, 254, 255, 256, 257, 258, 259, 260, 261, 262, 263, 264, 265, 266, 267, 268, 269, 270, 271, 272, 273, 274, 275, 276, 277, 278, 279, 280, 282, 283, 284, 285, 286, 288, 292, 293, 294, 295, 298, 299, 304, 307, 309, 310, 311, 313, 314, 316, 317, 318, 320, 322, 324, 325, 328, 329, 331, 333, 334, 335, 336, 337, 339, 340, 341, 343, 344, 345, 346, 348, 349, 350, 351, 353, 357, 359, 361, 362, 363, 364, 366, 369, 370, 371, 372, 373, 374, 375, 376, 377, 378, 379, 380, 381, 382, 383, 384, 385, 387, 388, 389, 390, 391, 392, 393, 394, 395, 396, 397, 398, 399, 400, 402, 403, 404, 405, 408, 410, 412, 417, 419, 421, 423, 426, 427, 429, 433, 437, 439, 440, 441, 442, 445, 452, 454, 455, 457, 460, 461, 462, 465, 468, 470, 472, 488, 489, 490, 491]!Vessel: FarSearcher
[1, 2, 3, 4, 5, 6, 7, 8, 9, 10, 11, 12, 13, 14, 15, 16, 17, 18, 19, 20, 21, 22, 23, 24, 25, 26, 27, 28, 29, 31, 32, 33, 34, 35, 36, 37, 38, 39, 40, 41, 42, 43, 44, 45, 46, 47, 48, 49, 50, 51, 52, 53, 54, 55, 56, 57, 58, 59, 60, 61, 62, 63, 64, 65, 66, 67, 68, 69, 70, 71, 72, 73, 75, 76, 77, 78, 79, 80, 81, 82, 83, 85, 87, 88, 89, 91, 94, 95, 96, 97, 98, 99, 100, 101, 102, 103, 104, 105, 106, 107, 108, 109, 110, 111, 112, 113, 115, 116, 117, 118, 119, 120, 121, 122, 123, 124, 125, 126, 127, 128, 129, 130, 131, 132, 133, 134, 135, 136, 137, 138, 139, 140, 141, 142, 143, 144, 145, 146, 147, 148, 149, 150, 151, 152, 153, 154, 155, 156, 157, 158, 159, 160, 161, 162, 163, 164, 165, 166, 167, 168, 170, 171, 173, 175, 176, 177, 178, 179, 180, 181, 182, 184, 186, 189, 191, 192, 194, 195, 196, 197, 198, 200, 201, 202, 204, 205, 206, 207, 208, 209, 210, 211, 212, 213, 214, 215, 216, 217, 219, 220, 222, 223, 224, 227, 228, 229, 231, 232, 234, 236, 237, 238, 239, 242, 244, 245, 246, 247, 248, 249, 250, 251, 252, 253, 254, 255, 256, 257, 258, 259, 260, 261, 262, 263, 264, 265, 266, 267, 268, 269, 270, 271, 272, 273, 274, 275, 276, 277, 278, 279, 280, 282, 283, 284, 285, 286, 288, 292, 293, 294, 295, 298, 299, 304, 307, 309, 310, 311, 313, 314, 316, 317, 318, 320, 322, 324, 325, 328, 329, 331, 333, 334, 335, 336, 337, 339, 340, 341, 343, 344, 345, 346, 348, 349, 350, 351, 353, 357, 359, 361, 362, 363, 364, 366, 369, 370, 371, 372, 373, 374, 375, 376, 377, 378, 381, 383, 384, 387, 390, 391, 394, 396, 397, 398, 399, 400, 402, 403, 404, 405, 408, 417, 419, 423, 427, 429, 439, 440, 441, 442, 445, 452, 454, 455, 457, 460, 461, 462, 465, 489]!Vessel: FarSymphony
[1, 2, 3, 4, 5, 6, 7, 8, 9, 10, 11, 12, 13, 14, 15, 16, 17, 18, 19, 20, 21, 22, 23, 24, 25, 26, 27, 28, 29, 31, 32, 33, 34, 35, 36, 37, 38, 39, 40, 41, 42, 43, 44, 45, 46, 47, 48, 49, 50, 51, 52, 53, 54, 55, 56, 57, 58, 59, 60, 61, 62, 63, 64, 65, 66, 67, 68, 69, 70, 71, 72, 73, 75, 76, 77, 78, 79, 80, 81, 82, 83, 85, 87, 88, 89, 91, 94, 95, 96, 97, 98, 99, 100, 101, 102, 103, 104, 105, 106, 107, 108, 109, 110, 111, 112, 113, 115, 116, 117, 118, 119, 120, 121, 122, 123, 124, 125, 126, 127, 128, 129, 130, 131, 132, 133, 134, 135, 136, 137, 138, 139, 140, 141, 142, 143, 144, 145, 146, 147, 148, 149, 150, 151, 152, 153, 154, 155, 156, 157, 158, 159, 160, 161, 162, 163, 164, 165, 166, 167, 168, 170, 171, 173, 175, 176, 177, 178, 179, 180, 181, 182, 184, 186, 189, 191, 192, 194, 195, 196, 197, 198, 200, 201, 202, 204, 205, 206, 207, 208, 209, 210, 211, 212, 213, 214, 215, 216, 217, 219, 220, 222, 223, 224, 227, 228, 229, 231, 232, 234, 236, 237, 238, 239, 242, 244, 245, 246, 247, 248, 249, 250, 251, 252, 253, 254, 255, 256, 257, 258, 259, 260, 261, 262, 263, 264, 265, 266, 267, 268, 269, 270, 271, 272, 273, 274, 275, 276, 277, 278, 279, 280, 282, 283, 284, 285, 286, 288, 292, 293, 294, 295, 298, 299, 304, 307, 309, 310, 311, 313, 314, 316, 317, 318, 320, 322, 324, 325, 328, 329, 331, 333, 334, 335, 336, 337, 339, 340, 341, 343, 344, 345, 346, 348, 349, 350, 351, 353, 357, 359, 361, 362, 363, 364, 366, 369, 370, 371, 372, 373, 374, 375, 376, 377, 378, 379, 380, 381, 382, 383, 384, 385, 387, 388, 389, 390, 391, 392, 393, 394, 395, 396, 397, 398, 399, 400, 402, 403, 404, 405, 408, 410, 412, 417, 419, 421, 423, 426, 427, 429, 433, 437, 439, 440, 441, 442, 445, 452, 454, 455, 457, 460, 461, 462, 465, 468, 470, 472, 489, 490, 491]!Vessel: HavilaForesight
[1, 2, 3, 4, 5, 6, 7, 8, 9, 10, 11, 12, 13, 14, 15, 16, 17, 18, 19, 20, 21, 22, 23, 24, 25, 26, 27, 28, 29, 31, 32, 33, 34, 35, 36, 37, 38, 39, 40, 41, 42, 43, 44, 45, 46, 47, 48, 49, 50, 51, 52, 53, 54, 55, 56, 57, 58, 59, 60, 61, 62, 63, 64, 65, 66, 67, 68, 69, 70, 71, 72, 73, 75, 76, 77, 78, 79, 80, 81, 82, 83, 85, 87, 88, 89, 91, 94, 95, 96, 97, 98, 99, 100, 101, 102, 103, 104, 105, 106, 107, 108, 109, 110, 111, 112, 113, 115, 116, 117, 118, 119, 120, 121, 122, 123, 124, 125, 126, 127, 128, 129, 130, 131, 132, 133, 134, 135, 136, 137, 138, 139, 140, 141, 142, 143, 144, 145, 146, 147, 148, 149, 150, 151, 152, 153, 154, 155, 156, 157, 158, 159, 160, 161, 162, 163, 164, 165, 166, 167, 168, 170, 171, 173, 175, 176, 177, 178, 179, 180, 181, 182, 184, 186, 189, 191, 192, 194, 195, 196, 197, 198, 200, 201, 202, 204, 205, 206, 207, 208, 209, 210, 211, 212, 213, 214, 215, 216, 217, 219, 220, 222, 223, 224, 227, 228, 229, 231, 232, 234, 236, 237, 238, 239, 242, 244, 245, 246, 247, 248, 249, 250, 251, 252, 253, 254, 255, 256, 257, 258, 259, 260, 261, 262, 263, 265, 266, 267, 268, 269, 270, 271, 272, 273, 274, 275, 276, 277, 278, 279, 280, 282, 283, 284, 285, 286, 288, 292, 293, 294, 295, 298, 299, 304, 307, 309, 310, 311, 313, 314, 316, 317, 318, 320, 322, 324, 325, 328, 329, 331, 333, 334, 335, 336, 337, 339, 340, 341, 343, 344, 345, 346, 348, 349, 350, 351, 353, 357, 359, 361, 362, 363, 364, 366, 369, 370, 371, 372, 373, 374, 375, 376, 377, 378, 381, 383, 384, 387, 390, 391, 394, 399, 400, 402, 403, 405, 408, 417, 423, 427, 440, 441, 452, 454, 455, 460, 461, 489]!Vessel: FarStar
] 

Rvi : [
!i : 1, 2, 3, 4, 5, 6, 7, 8, 9
[1, 7, 8, 9, 10, 11, 12, 13, 14, 43, 44, 45, 46, 47, 48, 49, 50, 51, 52, 53, 54, 55, 56, 57, 58, 59, 60, 94, 95, 96, 105, 106, 107, 119, 120, 121, 127, 128, 129, 130, 131, 132, 133, 134, 135, 136, 137, 138, 139, 140, 141, 142, 143, 144, 145, 146, 147, 148, 149, 150, 163, 173, 178, 179, 182, 184, 186, 191, 192, 194, 204, 205, 206, 207, 212, 213, 216, 219, 220, 222, 228, 229, 244, 245, 246, 247, 253, 254, 255, 256, 257, 258, 259, 260, 261, 262, 263, 266, 276, 277, 280, 284, 285, 292, 293, 294, 295, 298, 299, 307, 309, 310, 311, 313, 314, 316, 317, 318, 333, 334, 335, 337, 340, 341, 343, 344, 345, 346, 348, 349, 350, 351, 357, 361, 362, 369, 370, 371, 372, 373, 374, 379, 380, 381, 382, 383, 384, 387, 392, 395, 396, 397, 398, 399, 400, 403, 405, 408, 410, 412, 417, 419, 421, 423, 426, 427, 429, 439, 440, 441, 442, 445, 452, 454, 455, 460, 461, 465, 468, 470, 472, 488, 489, 490], [7, 15, 16, 17, 18, 19, 20, 21, 43, 44, 55, 56, 58, 59, 60, 61, 62, 63, 64, 65, 66, 67, 68, 69, 70, 71, 72, 73, 75, 76, 77, 78, 108, 109, 125, 127, 128, 129, 137, 139, 140, 141, 143, 144, 145, 146, 147, 148, 149, 150, 151, 152, 153, 154, 155, 156, 157, 158, 159, 160, 161, 162, 163, 164, 165, 166, 167, 168, 170, 171, 173, 175, 176, 177, 178, 179, 180, 181, 200, 223, 224, 227, 244, 250, 251, 253, 254, 255, 256, 257, 258, 259, 260, 261, 262, 263, 264, 265, 266, 267, 268, 269, 270, 271, 272, 273, 274, 275, 276, 277, 278, 279, 280, 282, 283, 284, 285, 286, 288, 292, 293, 294, 295, 307, 309, 316, 320, 328, 329, 343, 348, 351, 353, 369, 370, 373, 375, 376, 377, 378, 379, 380, 381, 382, 383, 384, 385, 387, 388, 389, 390, 391, 392, 393, 394, 395, 396, 397, 398, 399, 400, 402, 403, 404, 405, 408, 410, 417, 426, 427, 437, 441, 445, 460, 461, 462, 465, 468, 470, 472, 488, 489, 491], [2, 8, 15, 22, 23, 24, 25, 26, 27, 44, 45, 46, 47, 48, 49, 50, 61, 62, 63, 64, 65, 66, 79, 80, 81, 82, 83, 85, 87, 97, 98, 99, 110, 111, 112, 122, 128, 129, 130, 131, 132, 133, 134, 135, 136, 137, 138, 148, 149, 150, 151, 152, 153, 154, 155, 156, 157, 158, 159, 160, 161, 164, 182, 184, 189, 195, 196, 197, 206, 207, 208, 209, 210, 211, 223, 224, 228, 229, 231, 232, 234, 237, 238, 239, 248, 249, 253, 254, 255, 259, 260, 261, 262, 263, 264, 265, 266, 267, 268, 269, 270, 271, 272, 273, 274, 275, 286, 295, 298, 299, 304, 309, 310, 311, 313, 320, 322, 324, 325, 333, 334, 335, 336, 343, 344, 345, 346, 351, 353, 357, 359, 361, 362, 363, 364, 366, 370, 371, 372, 375, 378, 379, 380, 381, 382, 383, 384, 385, 387, 388, 389, 390, 391, 392, 393, 394, 395, 396, 403, 404, 412, 417, 419, 421, 423, 433, 439, 441, 442, 445, 452, 454, 455, 457, 460, 461, 462, 465, 468, 470, 488, 489, 490, 491], [3, 9, 16, 22, 28, 29, 31, 33, 45, 51, 53, 58, 61, 67, 69, 70, 76, 79, 82, 85, 87, 88, 89, 91, 94, 101, 103, 119, 124, 130, 134, 143, 146, 148, 151, 152, 157, 162, 163, 164, 165, 168, 171, 178, 181, 182, 184, 186, 189, 191, 192, 194, 195, 196, 197, 198, 200, 201, 202, 205, 210, 247, 248, 252, 259, 263, 264, 265, 267, 268, 274, 276, 278, 280, 284, 293, 295, 298, 299, 304, 307, 309, 310, 311, 313, 314, 316, 317, 318, 320, 322, 324, 325, 328, 329, 331, 333, 340, 376, 379, 380, 384, 385, 387, 388, 389, 390, 395, 398, 410, 412, 417, 419, 421, 423, 426, 427, 429, 433, 437, 465], [4, 10, 17, 23, 28, 32, 34, 38, 41, 46, 51, 52, 59, 62, 67, 68, 71, 75, 77, 79, 80, 81, 88, 89, 91, 95, 97, 100, 102, 104, 105, 110, 113, 117, 120, 123, 130, 131, 132, 133, 137, 138, 139, 143, 144, 145, 152, 153, 154, 155, 156, 162, 165, 166, 167, 170, 175, 176, 180, 191, 192, 194, 195, 196, 197, 198, 200, 201, 202, 204, 208, 209, 212, 214, 215, 217, 219, 220, 231, 232, 236, 237, 244, 245, 246, 249, 255, 257, 266, 267, 268, 269, 270, 271, 272, 276, 277, 278, 279, 282, 283, 285, 286, 288, 294, 307, 309, 310, 311, 313, 314, 316, 317, 318, 320, 322, 324, 325, 328, 329, 331, 335, 336, 337, 339, 341, 343, 344, 345, 346, 348, 349, 350, 359, 363, 364, 369, 370, 371, 372, 375, 379, 387, 388, 389, 390, 391, 392, 393, 394, 396, 397, 398, 399, 400, 402, 403, 404, 405, 417, 419, 421, 423, 426, 427, 429, 433, 437, 439, 440, 441, 442, 454, 455, 457, 460, 461, 465, 468, 472, 488, 489, 490, 491], [5, 11, 18, 24, 32, 33, 35, 39, 42, 47, 52, 53, 60, 63, 68, 69, 72, 78, 80, 82, 88, 96, 98, 100, 101, 106, 108, 111, 113, 115, 118, 121, 122, 123, 124, 126, 131, 134, 135, 144, 146, 147, 149, 153, 157, 158, 159, 162, 166, 168, 173, 175, 177, 179, 180, 181, 191, 195, 198, 201, 204, 205, 206, 208, 210, 211, 213, 214, 216, 217, 219, 222, 223, 227, 228, 231, 234, 236, 238, 242, 245, 247, 248, 249, 250, 252, 254, 258, 259, 260, 261, 264, 266, 267, 269, 271, 273, 274, 276, 277, 278, 279, 280, 282, 285, 286, 288, 292, 293, 294, 299, 304, 310, 314, 317, 322, 325, 328, 331, 333, 334, 335, 336, 337, 339, 340, 341, 344, 349, 353, 357, 359, 361, 363, 366, 371, 373, 374, 376, 377, 378, 379, 380, 381, 382, 385, 388, 389, 391, 392, 393, 395, 396, 397, 398, 399, 402, 403, 404, 405, 408, 410, 412, 419, 421, 426, 429, 433, 437, 439, 440, 442, 445, 452, 454, 457, 462, 468, 470, 472, 488, 490, 491], [12, 19, 25, 29, 34, 35, 36, 37, 43, 48, 54, 57, 64, 70, 71, 72, 73, 83, 85, 89, 94, 95, 96, 97, 98, 99, 100, 101, 102, 103, 104, 115, 116, 125, 126, 127, 128, 136, 138, 140, 142, 145, 147, 154, 158, 160, 161, 163, 164, 165, 166, 167, 168, 170, 171, 177, 182, 186, 189, 192, 196, 198, 202, 204, 205, 206, 207, 208, 209, 210, 211, 212, 213, 214, 215, 216, 217, 237, 238, 239, 242, 246, 250, 251, 252, 253, 255, 256, 257, 258, 260, 262, 265, 269, 270, 272, 273, 274, 275, 277, 278, 279, 280, 282, 283, 284, 292, 295, 298, 304, 307, 311, 314, 318, 320, 322, 324, 329, 331, 333, 334, 335, 336, 337, 339, 340, 341, 345, 350, 361, 362, 363, 364, 366, 369, 372, 374, 376, 377, 378, 381, 382, 383, 384, 385, 388, 390, 391, 393, 394, 395, 396, 397, 398, 399, 400, 402, 408, 410, 412, 417, 419, 423, 427, 429, 433, 437, 439, 440, 441, 452, 454, 455, 457, 460, 462, 465, 468, 470, 472, 489, 490, 491], [13, 20, 26, 36, 38, 39, 40, 49, 54, 55, 65, 73, 75, 83, 102, 105, 106, 107, 108, 109, 110, 111, 112, 113, 115, 116, 117, 118, 127, 129, 132, 136, 139, 141, 142, 155, 160, 170, 173, 175, 176, 177, 212, 213, 214, 215, 219, 220, 222, 223, 224, 227, 228, 229, 231, 232, 234, 236, 237, 238, 239, 242, 251, 253, 254, 256, 257, 258, 270, 273, 275, 282, 283, 285, 286, 288, 337, 339, 343, 344, 345, 346, 348, 349, 350, 351, 353, 357, 359, 361, 362, 363, 364, 366, 373, 374, 375, 377, 381, 383, 391, 394, 399, 400, 402, 403, 404, 405, 408, 440, 441, 442, 445, 452, 454, 455, 457, 461, 462, 468, 470, 472, 488, 489, 490, 491], [6, 14, 21, 27, 31, 37, 40, 41, 42, 50, 56, 57, 66, 76, 77, 78, 81, 87, 91, 99, 103, 104, 107, 109, 112, 116, 117, 118, 119, 120, 121, 122, 123, 124, 125, 126, 133, 135, 140, 141, 142, 150, 151, 156, 159, 161, 167, 171, 176, 178, 179, 180, 181, 184, 186, 189, 194, 197, 200, 201, 202, 207, 209, 211, 215, 216, 217, 220, 222, 224, 227, 229, 232, 234, 236, 239, 242, 244, 245, 246, 247, 248, 249, 250, 251, 252, 256, 261, 262, 263, 264, 265, 268, 271, 272, 275, 279, 283, 284, 288, 292, 293, 294, 298, 299, 304, 313, 316, 317, 318, 324, 325, 328, 329, 331, 334, 336, 339, 340, 341, 346, 348, 349, 350, 351, 353, 357, 359, 362, 364, 366, 369, 370, 371, 372, 373, 374, 375, 376, 377, 378, 380, 382, 383, 384, 385, 387, 389, 390, 392, 393, 394, 397, 400, 402, 404, 405, 408, 410, 412, 421, 423, 426, 427, 429, 433, 437, 439, 440, 442, 445, 452, 455, 457, 460, 461, 462, 465, 470, 472, 488, 489, 490, 491]!Vessel: FarSeeker
[1, 7, 8, 9, 10, 11, 12, 13, 14, 43, 44, 45, 46, 47, 48, 49, 50, 51, 52, 53, 54, 55, 56, 57, 58, 59, 60, 94, 95, 96, 105, 106, 107, 119, 120, 121, 127, 128, 129, 130, 131, 132, 133, 134, 135, 136, 137, 138, 139, 140, 141, 142, 143, 144, 145, 146, 147, 148, 149, 150, 163, 173, 178, 179, 182, 184, 186, 191, 192, 194, 204, 205, 206, 207, 212, 213, 216, 219, 220, 222, 228, 229, 244, 245, 246, 247, 253, 254, 255, 256, 257, 258, 259, 260, 261, 262, 263, 266, 276, 277, 280, 284, 285, 292, 293, 294, 295, 298, 299, 307, 309, 310, 311, 313, 314, 316, 317, 318, 333, 334, 335, 337, 340, 341, 343, 344, 345, 346, 348, 349, 350, 351, 357, 361, 362, 369, 370, 371, 372, 373, 374, 379, 380, 381, 382, 383, 384, 387, 392, 395, 396, 397, 398, 399, 400, 403, 405, 408, 410, 412, 417, 419, 421, 423, 426, 427, 429, 439, 440, 441, 442, 445, 452, 454, 455, 460, 461, 465, 468, 470, 472, 488, 489, 490], [7, 15, 16, 17, 18, 19, 20, 21, 43, 44, 55, 56, 58, 59, 60, 61, 62, 63, 64, 65, 66, 67, 68, 69, 70, 71, 72, 73, 75, 76, 77, 78, 108, 109, 125, 127, 128, 129, 137, 139, 140, 141, 143, 144, 145, 146, 147, 148, 149, 150, 151, 152, 153, 154, 155, 156, 157, 158, 159, 160, 161, 162, 163, 164, 165, 166, 167, 168, 170, 171, 173, 175, 176, 177, 178, 179, 180, 181, 200, 223, 224, 227, 244, 250, 251, 253, 254, 255, 256, 257, 258, 259, 260, 261, 262, 263, 264, 265, 266, 267, 268, 269, 270, 271, 272, 273, 274, 275, 276, 277, 278, 279, 280, 282, 283, 284, 285, 286, 288, 292, 293, 294, 295, 307, 309, 316, 320, 328, 329, 343, 348, 351, 353, 369, 370, 373, 375, 376, 377, 378, 379, 380, 381, 382, 383, 384, 385, 387, 388, 389, 390, 391, 392, 393, 394, 395, 396, 397, 398, 399, 400, 402, 403, 404, 405, 408, 410, 417, 426, 427, 437, 441, 445, 460, 461, 462, 465, 468, 470, 472, 488, 489, 491], [2, 8, 15, 22, 23, 24, 25, 26, 27, 44, 45, 46, 47, 48, 49, 50, 61, 62, 63, 64, 65, 66, 79, 80, 81, 82, 83, 85, 87, 97, 98, 99, 110, 111, 112, 122, 128, 129, 130, 131, 132, 133, 134, 135, 136, 137, 138, 148, 149, 150, 151, 152, 153, 154, 155, 156, 157, 158, 159, 160, 161, 164, 182, 184, 189, 195, 196, 197, 206, 207, 208, 209, 210, 211, 223, 224, 228, 229, 231, 232, 234, 237, 238, 239, 248, 249, 253, 254, 255, 259, 260, 261, 262, 263, 264, 265, 266, 267, 268, 269, 270, 271, 272, 273, 274, 275, 286, 295, 298, 299, 304, 309, 310, 311, 313, 320, 322, 324, 325, 333, 334, 335, 336, 343, 344, 345, 346, 351, 353, 357, 359, 361, 362, 363, 364, 366, 370, 371, 372, 375, 378, 379, 380, 381, 382, 383, 384, 385, 387, 388, 389, 390, 391, 392, 393, 394, 395, 396, 403, 404, 412, 417, 419, 421, 423, 433, 439, 441, 442, 445, 452, 454, 455, 457, 460, 461, 462, 465, 468, 470, 488, 489, 490, 491], [3, 9, 16, 22, 28, 29, 31, 33, 45, 51, 53, 58, 61, 67, 69, 70, 76, 79, 82, 85, 87, 88, 89, 91, 94, 101, 103, 119, 124, 130, 134, 143, 146, 148, 151, 152, 157, 162, 163, 164, 165, 168, 171, 178, 181, 182, 184, 186, 189, 191, 192, 194, 195, 196, 197, 198, 200, 201, 202, 205, 210, 247, 248, 252, 259, 263, 264, 265, 267, 268, 274, 276, 278, 280, 284, 293, 295, 298, 299, 304, 307, 309, 310, 311, 313, 314, 316, 317, 318, 320, 322, 324, 325, 328, 329, 331, 333, 340, 376, 379, 380, 384, 385, 387, 388, 389, 390, 395, 398, 410, 412, 417, 419, 421, 423, 426, 427, 429, 433, 437, 465], [4, 10, 17, 23, 28, 32, 34, 38, 41, 46, 51, 52, 59, 62, 67, 68, 71, 75, 77, 79, 80, 81, 88, 89, 91, 95, 97, 100, 102, 104, 105, 110, 113, 117, 120, 123, 130, 131, 132, 133, 137, 138, 139, 143, 144, 145, 152, 153, 154, 155, 156, 162, 165, 166, 167, 170, 175, 176, 180, 191, 192, 194, 195, 196, 197, 198, 200, 201, 202, 204, 208, 209, 212, 214, 215, 217, 219, 220, 231, 232, 236, 237, 244, 245, 246, 249, 255, 257, 266, 267, 268, 269, 270, 271, 272, 276, 277, 278, 279, 282, 283, 285, 286, 288, 294, 307, 309, 310, 311, 313, 314, 316, 317, 318, 320, 322, 324, 325, 328, 329, 331, 335, 336, 337, 339, 341, 343, 344, 345, 346, 348, 349, 350, 359, 363, 364, 369, 370, 371, 372, 375, 379, 387, 388, 389, 390, 391, 392, 393, 394, 396, 397, 398, 399, 400, 402, 403, 404, 405, 417, 419, 421, 423, 426, 427, 429, 433, 437, 439, 440, 441, 442, 454, 455, 457, 460, 461, 465, 468, 472, 488, 489, 490, 491], [5, 11, 18, 24, 32, 33, 35, 39, 42, 47, 52, 53, 60, 63, 68, 69, 72, 78, 80, 82, 88, 96, 98, 100, 101, 106, 108, 111, 113, 115, 118, 121, 122, 123, 124, 126, 131, 134, 135, 144, 146, 147, 149, 153, 157, 158, 159, 162, 166, 168, 173, 175, 177, 179, 180, 181, 191, 195, 198, 201, 204, 205, 206, 208, 210, 211, 213, 214, 216, 217, 219, 222, 223, 227, 228, 231, 234, 236, 238, 242, 245, 247, 248, 249, 250, 252, 254, 258, 259, 260, 261, 264, 266, 267, 269, 271, 273, 274, 276, 277, 278, 279, 280, 282, 285, 286, 288, 292, 293, 294, 299, 304, 310, 314, 317, 322, 325, 328, 331, 333, 334, 335, 336, 337, 339, 340, 341, 344, 349, 353, 357, 359, 361, 363, 366, 371, 373, 374, 376, 377, 378, 379, 380, 381, 382, 385, 388, 389, 391, 392, 393, 395, 396, 397, 398, 399, 402, 403, 404, 405, 408, 410, 412, 419, 421, 426, 429, 433, 437, 439, 440, 442, 445, 452, 454, 457, 462, 468, 470, 472, 488, 490, 491], [12, 19, 25, 29, 34, 35, 36, 37, 43, 48, 54, 57, 64, 70, 71, 72, 73, 83, 85, 89, 94, 95, 96, 97, 98, 99, 100, 101, 102, 103, 104, 115, 116, 125, 126, 127, 128, 136, 138, 140, 142, 145, 147, 154, 158, 160, 161, 163, 164, 165, 166, 167, 168, 170, 171, 177, 182, 186, 189, 192, 196, 198, 202, 204, 205, 206, 207, 208, 209, 210, 211, 212, 213, 214, 215, 216, 217, 237, 238, 239, 242, 246, 250, 251, 252, 253, 255, 256, 257, 258, 260, 262, 265, 269, 270, 272, 273, 274, 275, 277, 278, 279, 280, 282, 283, 284, 292, 295, 298, 304, 307, 311, 314, 318, 320, 322, 324, 329, 331, 333, 334, 335, 336, 337, 339, 340, 341, 345, 350, 361, 362, 363, 364, 366, 369, 372, 374, 376, 377, 378, 381, 382, 383, 384, 385, 388, 390, 391, 393, 394, 395, 396, 397, 398, 399, 400, 402, 408, 410, 412, 417, 419, 423, 427, 429, 433, 437, 439, 440, 441, 452, 454, 455, 457, 460, 462, 465, 468, 470, 472, 489, 490, 491], [13, 20, 26, 36, 38, 39, 40, 49, 54, 55, 65, 73, 75, 83, 102, 105, 106, 107, 108, 109, 110, 111, 112, 113, 115, 116, 117, 118, 127, 129, 132, 136, 139, 141, 142, 155, 160, 170, 173, 175, 176, 177, 212, 213, 214, 215, 219, 220, 222, 223, 224, 227, 228, 229, 231, 232, 234, 236, 237, 238, 239, 242, 251, 253, 254, 256, 257, 258, 270, 273, 275, 282, 283, 285, 286, 288, 337, 339, 343, 344, 345, 346, 348, 349, 350, 351, 353, 357, 359, 361, 362, 363, 364, 366, 373, 374, 375, 377, 381, 383, 391, 394, 399, 400, 402, 403, 404, 405, 408, 440, 441, 442, 445, 452, 454, 455, 457, 461, 462, 468, 470, 472, 488, 489, 490, 491], [6, 14, 21, 27, 31, 37, 40, 41, 42, 50, 56, 57, 66, 76, 77, 78, 81, 87, 91, 99, 103, 104, 107, 109, 112, 116, 117, 118, 119, 120, 121, 122, 123, 124, 125, 126, 133, 135, 140, 141, 142, 150, 151, 156, 159, 161, 167, 171, 176, 178, 179, 180, 181, 184, 186, 189, 194, 197, 200, 201, 202, 207, 209, 211, 215, 216, 217, 220, 222, 224, 227, 229, 232, 234, 236, 239, 242, 244, 245, 246, 247, 248, 249, 250, 251, 252, 256, 261, 262, 263, 264, 265, 268, 271, 272, 275, 279, 283, 284, 288, 292, 293, 294, 298, 299, 304, 313, 316, 317, 318, 324, 325, 328, 329, 331, 334, 336, 339, 340, 341, 346, 348, 349, 350, 351, 353, 357, 359, 362, 364, 366, 369, 370, 371, 372, 373, 374, 375, 376, 377, 378, 380, 382, 383, 384, 385, 387, 389, 390, 392, 393, 394, 397, 400, 402, 404, 405, 408, 410, 412, 421, 423, 426, 427, 429, 433, 437, 439, 440, 442, 445, 452, 455, 457, 460, 461, 462, 465, 470, 472, 488, 489, 490, 491]!Vessel: FarSearcher
[1, 7, 8, 9, 10, 11, 12, 13, 14, 43, 44, 45, 46, 47, 48, 49, 50, 51, 52, 53, 54, 55, 56, 57, 58, 59, 60, 94, 95, 96, 105, 106, 107, 119, 120, 121, 127, 128, 129, 130, 131, 132, 133, 134, 135, 136, 137, 138, 139, 140, 141, 142, 143, 144, 145, 146, 147, 148, 149, 150, 163, 173, 178, 179, 182, 184, 186, 191, 192, 194, 204, 205, 206, 207, 212, 213, 216, 219, 220, 222, 228, 229, 244, 245, 246, 247, 253, 254, 255, 256, 257, 258, 259, 260, 261, 262, 263, 266, 276, 277, 280, 284, 285, 292, 293, 294, 295, 298, 299, 307, 309, 310, 311, 313, 314, 316, 317, 318, 333, 334, 335, 337, 340, 341, 343, 344, 345, 346, 348, 349, 350, 351, 357, 361, 362, 369, 370, 371, 372, 373, 374, 381, 383, 384, 387, 396, 397, 398, 399, 400, 403, 405, 408, 417, 419, 423, 427, 429, 439, 440, 441, 442, 445, 452, 454, 455, 460, 461, 465, 489], [7, 15, 16, 17, 18, 19, 20, 21, 43, 44, 55, 56, 58, 59, 60, 61, 62, 63, 64, 65, 66, 67, 68, 69, 70, 71, 72, 73, 75, 76, 77, 78, 108, 109, 125, 127, 128, 129, 137, 139, 140, 141, 143, 144, 145, 146, 147, 148, 149, 150, 151, 152, 153, 154, 155, 156, 157, 158, 159, 160, 161, 162, 163, 164, 165, 166, 167, 168, 170, 171, 173, 175, 176, 177, 178, 179, 180, 181, 200, 223, 224, 227, 244, 250, 251, 253, 254, 255, 256, 257, 258, 259, 260, 261, 262, 263, 264, 265, 266, 267, 268, 269, 270, 271, 272, 273, 274, 275, 276, 277, 278, 279, 280, 282, 283, 284, 285, 286, 288, 292, 293, 294, 295, 307, 309, 316, 320, 328, 329, 343, 348, 351, 353, 369, 370, 373, 375, 376, 377, 378, 381, 383, 384, 387, 390, 391, 394, 396, 397, 398, 399, 400, 402, 403, 404, 405, 408, 417, 427, 441, 445, 460, 461, 462, 465, 489], [2, 8, 15, 22, 23, 24, 25, 26, 27, 44, 45, 46, 47, 48, 49, 50, 61, 62, 63, 64, 65, 66, 79, 80, 81, 82, 83, 85, 87, 97, 98, 99, 110, 111, 112, 122, 128, 129, 130, 131, 132, 133, 134, 135, 136, 137, 138, 148, 149, 150, 151, 152, 153, 154, 155, 156, 157, 158, 159, 160, 161, 164, 182, 184, 189, 195, 196, 197, 206, 207, 208, 209, 210, 211, 223, 224, 228, 229, 231, 232, 234, 237, 238, 239, 248, 249, 253, 254, 255, 259, 260, 261, 262, 263, 264, 265, 266, 267, 268, 269, 270, 271, 272, 273, 274, 275, 286, 295, 298, 299, 304, 309, 310, 311, 313, 320, 322, 324, 325, 333, 334, 335, 336, 343, 344, 345, 346, 351, 353, 357, 359, 361, 362, 363, 364, 366, 370, 371, 372, 375, 378, 381, 383, 384, 387, 390, 391, 394, 396, 403, 404, 417, 419, 423, 439, 441, 442, 445, 452, 454, 455, 457, 460, 461, 462, 465, 489], [3, 9, 16, 22, 28, 29, 31, 33, 45, 51, 53, 58, 61, 67, 69, 70, 76, 79, 82, 85, 87, 88, 89, 91, 94, 101, 103, 119, 124, 130, 134, 143, 146, 148, 151, 152, 157, 162, 163, 164, 165, 168, 171, 178, 181, 182, 184, 186, 189, 191, 192, 194, 195, 196, 197, 198, 200, 201, 202, 205, 210, 247, 248, 252, 259, 263, 264, 265, 267, 268, 274, 276, 278, 280, 284, 293, 295, 298, 299, 304, 307, 309, 310, 311, 313, 314, 316, 317, 318, 320, 322, 324, 325, 328, 329, 331, 333, 340, 376, 384, 387, 390, 398, 417, 419, 423, 427, 429, 465], [4, 10, 17, 23, 28, 32, 34, 38, 41, 46, 51, 52, 59, 62, 67, 68, 71, 75, 77, 79, 80, 81, 88, 89, 91, 95, 97, 100, 102, 104, 105, 110, 113, 117, 120, 123, 130, 131, 132, 133, 137, 138, 139, 143, 144, 145, 152, 153, 154, 155, 156, 162, 165, 166, 167, 170, 175, 176, 180, 191, 192, 194, 195, 196, 197, 198, 200, 201, 202, 204, 208, 209, 212, 214, 215, 217, 219, 220, 231, 232, 236, 237, 244, 245, 246, 249, 255, 257, 266, 267, 268, 269, 270, 271, 272, 276, 277, 278, 279, 282, 283, 285, 286, 288, 294, 307, 309, 310, 311, 313, 314, 316, 317, 318, 320, 322, 324, 325, 328, 329, 331, 335, 336, 337, 339, 341, 343, 344, 345, 346, 348, 349, 350, 359, 363, 364, 369, 370, 371, 372, 375, 387, 390, 391, 394, 396, 397, 398, 399, 400, 402, 403, 404, 405, 417, 419, 423, 427, 429, 439, 440, 441, 442, 454, 455, 457, 460, 461, 465, 489], [5, 11, 18, 24, 32, 33, 35, 39, 42, 47, 52, 53, 60, 63, 68, 69, 72, 78, 80, 82, 88, 96, 98, 100, 101, 106, 108, 111, 113, 115, 118, 121, 122, 123, 124, 126, 131, 134, 135, 144, 146, 147, 149, 153, 157, 158, 159, 162, 166, 168, 173, 175, 177, 179, 180, 181, 191, 195, 198, 201, 204, 205, 206, 208, 210, 211, 213, 214, 216, 217, 219, 222, 223, 227, 228, 231, 234, 236, 238, 242, 245, 247, 248, 249, 250, 252, 254, 258, 259, 260, 261, 264, 266, 267, 269, 271, 273, 274, 276, 277, 278, 279, 280, 282, 285, 286, 288, 292, 293, 294, 299, 304, 310, 314, 317, 322, 325, 328, 331, 333, 334, 335, 336, 337, 339, 340, 341, 344, 349, 353, 357, 359, 361, 363, 366, 371, 373, 374, 376, 377, 378, 381, 391, 396, 397, 398, 399, 402, 403, 404, 405, 408, 419, 429, 439, 440, 442, 445, 452, 454, 457, 462], [12, 19, 25, 29, 34, 35, 36, 37, 43, 48, 54, 57, 64, 70, 71, 72, 73, 83, 85, 89, 94, 95, 96, 97, 98, 99, 100, 101, 102, 103, 104, 115, 116, 125, 126, 127, 128, 136, 138, 140, 142, 145, 147, 154, 158, 160, 161, 163, 164, 165, 166, 167, 168, 170, 171, 177, 182, 186, 189, 192, 196, 198, 202, 204, 205, 206, 207, 208, 209, 210, 211, 212, 213, 214, 215, 216, 217, 237, 238, 239, 242, 246, 250, 251, 252, 253, 255, 256, 257, 258, 260, 262, 265, 269, 270, 272, 273, 274, 275, 277, 278, 279, 280, 282, 283, 284, 292, 295, 298, 304, 307, 311, 314, 318, 320, 322, 324, 329, 331, 333, 334, 335, 336, 337, 339, 340, 341, 345, 350, 361, 362, 363, 364, 366, 369, 372, 374, 376, 377, 378, 381, 383, 384, 390, 391, 394, 396, 397, 398, 399, 400, 402, 408, 417, 419, 423, 427, 429, 439, 440, 441, 452, 454, 455, 457, 460, 462, 465, 489], [13, 20, 26, 36, 38, 39, 40, 49, 54, 55, 65, 73, 75, 83, 102, 105, 106, 107, 108, 109, 110, 111, 112, 113, 115, 116, 117, 118, 127, 129, 132, 136, 139, 141, 142, 155, 160, 170, 173, 175, 176, 177, 212, 213, 214, 215, 219, 220, 222, 223, 224, 227, 228, 229, 231, 232, 234, 236, 237, 238, 239, 242, 251, 253, 254, 256, 257, 258, 270, 273, 275, 282, 283, 285, 286, 288, 337, 339, 343, 344, 345, 346, 348, 349, 350, 351, 353, 357, 359, 361, 362, 363, 364, 366, 373, 374, 375, 377, 381, 383, 391, 394, 399, 400, 402, 403, 404, 405, 408, 440, 441, 442, 445, 452, 454, 455, 457, 461, 462, 489], [6, 14, 21, 27, 31, 37, 40, 41, 42, 50, 56, 57, 66, 76, 77, 78, 81, 87, 91, 99, 103, 104, 107, 109, 112, 116, 117, 118, 119, 120, 121, 122, 123, 124, 125, 126, 133, 135, 140, 141, 142, 150, 151, 156, 159, 161, 167, 171, 176, 178, 179, 180, 181, 184, 186, 189, 194, 197, 200, 201, 202, 207, 209, 211, 215, 216, 217, 220, 222, 224, 227, 229, 232, 234, 236, 239, 242, 244, 245, 246, 247, 248, 249, 250, 251, 252, 256, 261, 262, 263, 264, 265, 268, 271, 272, 275, 279, 283, 284, 288, 292, 293, 294, 298, 299, 304, 313, 316, 317, 318, 324, 325, 328, 329, 331, 334, 336, 339, 340, 341, 346, 348, 349, 350, 351, 353, 357, 359, 362, 364, 366, 369, 370, 371, 372, 373, 374, 375, 376, 377, 378, 383, 384, 387, 390, 394, 397, 400, 402, 404, 405, 408, 423, 427, 429, 439, 440, 442, 445, 452, 455, 457, 460, 461, 462, 465, 489]!Vessel: FarSymphony
[1, 7, 8, 9, 10, 11, 12, 13, 14, 43, 44, 45, 46, 47, 48, 49, 50, 51, 52, 53, 54, 55, 56, 57, 58, 59, 60, 94, 95, 96, 105, 106, 107, 119, 120, 121, 127, 128, 129, 130, 131, 132, 133, 134, 135, 136, 137, 138, 139, 140, 141, 142, 143, 144, 145, 146, 147, 148, 149, 150, 163, 173, 178, 179, 182, 184, 186, 191, 192, 194, 204, 205, 206, 207, 212, 213, 216, 219, 220, 222, 228, 229, 244, 245, 246, 247, 253, 254, 255, 256, 257, 258, 259, 260, 261, 262, 263, 266, 276, 277, 280, 284, 285, 292, 293, 294, 295, 298, 299, 307, 309, 310, 311, 313, 314, 316, 317, 318, 333, 334, 335, 337, 340, 341, 343, 344, 345, 346, 348, 349, 350, 351, 357, 361, 362, 369, 370, 371, 372, 373, 374, 379, 380, 381, 382, 383, 384, 387, 392, 395, 396, 397, 398, 399, 400, 403, 405, 408, 410, 412, 417, 419, 421, 423, 426, 427, 429, 439, 440, 441, 442, 445, 452, 454, 455, 460, 461, 465, 468, 470, 472, 489, 490], [7, 15, 16, 17, 18, 19, 20, 21, 43, 44, 55, 56, 58, 59, 60, 61, 62, 63, 64, 65, 66, 67, 68, 69, 70, 71, 72, 73, 75, 76, 77, 78, 108, 109, 125, 127, 128, 129, 137, 139, 140, 141, 143, 144, 145, 146, 147, 148, 149, 150, 151, 152, 153, 154, 155, 156, 157, 158, 159, 160, 161, 162, 163, 164, 165, 166, 167, 168, 170, 171, 173, 175, 176, 177, 178, 179, 180, 181, 200, 223, 224, 227, 244, 250, 251, 253, 254, 255, 256, 257, 258, 259, 260, 261, 262, 263, 264, 265, 266, 267, 268, 269, 270, 271, 272, 273, 274, 275, 276, 277, 278, 279, 280, 282, 283, 284, 285, 286, 288, 292, 293, 294, 295, 307, 309, 316, 320, 328, 329, 343, 348, 351, 353, 369, 370, 373, 375, 376, 377, 378, 379, 380, 381, 382, 383, 384, 385, 387, 388, 389, 390, 391, 392, 393, 394, 395, 396, 397, 398, 399, 400, 402, 403, 404, 405, 408, 410, 417, 426, 427, 437, 441, 445, 460, 461, 462, 465, 468, 470, 472, 489, 491], [2, 8, 15, 22, 23, 24, 25, 26, 27, 44, 45, 46, 47, 48, 49, 50, 61, 62, 63, 64, 65, 66, 79, 80, 81, 82, 83, 85, 87, 97, 98, 99, 110, 111, 112, 122, 128, 129, 130, 131, 132, 133, 134, 135, 136, 137, 138, 148, 149, 150, 151, 152, 153, 154, 155, 156, 157, 158, 159, 160, 161, 164, 182, 184, 189, 195, 196, 197, 206, 207, 208, 209, 210, 211, 223, 224, 228, 229, 231, 232, 234, 237, 238, 239, 248, 249, 253, 254, 255, 259, 260, 261, 262, 263, 264, 265, 266, 267, 268, 269, 270, 271, 272, 273, 274, 275, 286, 295, 298, 299, 304, 309, 310, 311, 313, 320, 322, 324, 325, 333, 334, 335, 336, 343, 344, 345, 346, 351, 353, 357, 359, 361, 362, 363, 364, 366, 370, 371, 372, 375, 378, 379, 380, 381, 382, 383, 384, 385, 387, 388, 389, 390, 391, 392, 393, 394, 395, 396, 403, 404, 412, 417, 419, 421, 423, 433, 439, 441, 442, 445, 452, 454, 455, 457, 460, 461, 462, 465, 468, 470, 489, 490, 491], [3, 9, 16, 22, 28, 29, 31, 33, 45, 51, 53, 58, 61, 67, 69, 70, 76, 79, 82, 85, 87, 88, 89, 91, 94, 101, 103, 119, 124, 130, 134, 143, 146, 148, 151, 152, 157, 162, 163, 164, 165, 168, 171, 178, 181, 182, 184, 186, 189, 191, 192, 194, 195, 196, 197, 198, 200, 201, 202, 205, 210, 247, 248, 252, 259, 263, 264, 265, 267, 268, 274, 276, 278, 280, 284, 293, 295, 298, 299, 304, 307, 309, 310, 311, 313, 314, 316, 317, 318, 320, 322, 324, 325, 328, 329, 331, 333, 340, 376, 379, 380, 384, 385, 387, 388, 389, 390, 395, 398, 410, 412, 417, 419, 421, 423, 426, 427, 429, 433, 437, 465], [4, 10, 17, 23, 28, 32, 34, 38, 41, 46, 51, 52, 59, 62, 67, 68, 71, 75, 77, 79, 80, 81, 88, 89, 91, 95, 97, 100, 102, 104, 105, 110, 113, 117, 120, 123, 130, 131, 132, 133, 137, 138, 139, 143, 144, 145, 152, 153, 154, 155, 156, 162, 165, 166, 167, 170, 175, 176, 180, 191, 192, 194, 195, 196, 197, 198, 200, 201, 202, 204, 208, 209, 212, 214, 215, 217, 219, 220, 231, 232, 236, 237, 244, 245, 246, 249, 255, 257, 266, 267, 268, 269, 270, 271, 272, 276, 277, 278, 279, 282, 283, 285, 286, 288, 294, 307, 309, 310, 311, 313, 314, 316, 317, 318, 320, 322, 324, 325, 328, 329, 331, 335, 336, 337, 339, 341, 343, 344, 345, 346, 348, 349, 350, 359, 363, 364, 369, 370, 371, 372, 375, 379, 387, 388, 389, 390, 391, 392, 393, 394, 396, 397, 398, 399, 400, 402, 403, 404, 405, 417, 419, 421, 423, 426, 427, 429, 433, 437, 439, 440, 441, 442, 454, 455, 457, 460, 461, 465, 468, 472, 489, 490, 491], [5, 11, 18, 24, 32, 33, 35, 39, 42, 47, 52, 53, 60, 63, 68, 69, 72, 78, 80, 82, 88, 96, 98, 100, 101, 106, 108, 111, 113, 115, 118, 121, 122, 123, 124, 126, 131, 134, 135, 144, 146, 147, 149, 153, 157, 158, 159, 162, 166, 168, 173, 175, 177, 179, 180, 181, 191, 195, 198, 201, 204, 205, 206, 208, 210, 211, 213, 214, 216, 217, 219, 222, 223, 227, 228, 231, 234, 236, 238, 242, 245, 247, 248, 249, 250, 252, 254, 258, 259, 260, 261, 264, 266, 267, 269, 271, 273, 274, 276, 277, 278, 279, 280, 282, 285, 286, 288, 292, 293, 294, 299, 304, 310, 314, 317, 322, 325, 328, 331, 333, 334, 335, 336, 337, 339, 340, 341, 344, 349, 353, 357, 359, 361, 363, 366, 371, 373, 374, 376, 377, 378, 379, 380, 381, 382, 385, 388, 389, 391, 392, 393, 395, 396, 397, 398, 399, 402, 403, 404, 405, 408, 410, 412, 419, 421, 426, 429, 433, 437, 439, 440, 442, 445, 452, 454, 457, 462, 468, 470, 472, 490, 491], [12, 19, 25, 29, 34, 35, 36, 37, 43, 48, 54, 57, 64, 70, 71, 72, 73, 83, 85, 89, 94, 95, 96, 97, 98, 99, 100, 101, 102, 103, 104, 115, 116, 125, 126, 127, 128, 136, 138, 140, 142, 145, 147, 154, 158, 160, 161, 163, 164, 165, 166, 167, 168, 170, 171, 177, 182, 186, 189, 192, 196, 198, 202, 204, 205, 206, 207, 208, 209, 210, 211, 212, 213, 214, 215, 216, 217, 237, 238, 239, 242, 246, 250, 251, 252, 253, 255, 256, 257, 258, 260, 262, 265, 269, 270, 272, 273, 274, 275, 277, 278, 279, 280, 282, 283, 284, 292, 295, 298, 304, 307, 311, 314, 318, 320, 322, 324, 329, 331, 333, 334, 335, 336, 337, 339, 340, 341, 345, 350, 361, 362, 363, 364, 366, 369, 372, 374, 376, 377, 378, 381, 382, 383, 384, 385, 388, 390, 391, 393, 394, 395, 396, 397, 398, 399, 400, 402, 408, 410, 412, 417, 419, 423, 427, 429, 433, 437, 439, 440, 441, 452, 454, 455, 457, 460, 462, 465, 468, 470, 472, 489, 490, 491], [13, 20, 26, 36, 38, 39, 40, 49, 54, 55, 65, 73, 75, 83, 102, 105, 106, 107, 108, 109, 110, 111, 112, 113, 115, 116, 117, 118, 127, 129, 132, 136, 139, 141, 142, 155, 160, 170, 173, 175, 176, 177, 212, 213, 214, 215, 219, 220, 222, 223, 224, 227, 228, 229, 231, 232, 234, 236, 237, 238, 239, 242, 251, 253, 254, 256, 257, 258, 270, 273, 275, 282, 283, 285, 286, 288, 337, 339, 343, 344, 345, 346, 348, 349, 350, 351, 353, 357, 359, 361, 362, 363, 364, 366, 373, 374, 375, 377, 381, 383, 391, 394, 399, 400, 402, 403, 404, 405, 408, 440, 441, 442, 445, 452, 454, 455, 457, 461, 462, 468, 470, 472, 489, 490, 491], [6, 14, 21, 27, 31, 37, 40, 41, 42, 50, 56, 57, 66, 76, 77, 78, 81, 87, 91, 99, 103, 104, 107, 109, 112, 116, 117, 118, 119, 120, 121, 122, 123, 124, 125, 126, 133, 135, 140, 141, 142, 150, 151, 156, 159, 161, 167, 171, 176, 178, 179, 180, 181, 184, 186, 189, 194, 197, 200, 201, 202, 207, 209, 211, 215, 216, 217, 220, 222, 224, 227, 229, 232, 234, 236, 239, 242, 244, 245, 246, 247, 248, 249, 250, 251, 252, 256, 261, 262, 263, 264, 265, 268, 271, 272, 275, 279, 283, 284, 288, 292, 293, 294, 298, 299, 304, 313, 316, 317, 318, 324, 325, 328, 329, 331, 334, 336, 339, 340, 341, 346, 348, 349, 350, 351, 353, 357, 359, 362, 364, 366, 369, 370, 371, 372, 373, 374, 375, 376, 377, 378, 380, 382, 383, 384, 385, 387, 389, 390, 392, 393, 394, 397, 400, 402, 404, 405, 408, 410, 412, 421, 423, 426, 427, 429, 433, 437, 439, 440, 442, 445, 452, 455, 457, 460, 461, 462, 465, 470, 472, 489, 490, 491]!Vessel: HavilaForesight
[1, 7, 8, 9, 10, 11, 12, 13, 14, 43, 44, 45, 46, 47, 48, 49, 50, 51, 52, 53, 54, 55, 56, 57, 58, 59, 60, 94, 95, 96, 105, 106, 107, 119, 120, 121, 127, 128, 129, 130, 131, 132, 133, 134, 135, 136, 137, 138, 139, 140, 141, 142, 143, 144, 145, 146, 147, 148, 149, 150, 163, 173, 178, 179, 182, 184, 186, 191, 192, 194, 204, 205, 206, 207, 212, 213, 216, 219, 220, 222, 228, 229, 244, 245, 246, 247, 253, 254, 255, 256, 257, 258, 259, 260, 261, 262, 263, 266, 276, 277, 280, 284, 285, 292, 293, 294, 295, 298, 299, 307, 309, 310, 311, 313, 314, 316, 317, 318, 333, 334, 335, 337, 340, 341, 343, 344, 345, 346, 348, 349, 350, 351, 357, 361, 362, 369, 370, 371, 372, 373, 374, 381, 383, 384, 387, 399, 400, 403, 405, 408, 417, 423, 427, 440, 441, 452, 454, 455, 460, 461, 489], [7, 15, 16, 17, 18, 19, 20, 21, 43, 44, 55, 56, 58, 59, 60, 61, 62, 63, 64, 65, 66, 67, 68, 69, 70, 71, 72, 73, 75, 76, 77, 78, 108, 109, 125, 127, 128, 129, 137, 139, 140, 141, 143, 144, 145, 146, 147, 148, 149, 150, 151, 152, 153, 154, 155, 156, 157, 158, 159, 160, 161, 162, 163, 164, 165, 166, 167, 168, 170, 171, 173, 175, 176, 177, 178, 179, 180, 181, 200, 223, 224, 227, 244, 250, 251, 253, 254, 255, 256, 257, 258, 259, 260, 261, 262, 263, 265, 266, 267, 268, 269, 270, 271, 272, 273, 274, 275, 276, 277, 278, 279, 280, 282, 283, 284, 285, 286, 288, 292, 293, 294, 295, 307, 309, 316, 320, 328, 329, 343, 348, 351, 353, 369, 370, 373, 375, 376, 377, 378, 381, 383, 384, 387, 390, 391, 394, 399, 400, 402, 403, 405, 408, 417, 427, 441, 460, 461, 489], [2, 8, 15, 22, 23, 24, 25, 26, 27, 44, 45, 46, 47, 48, 49, 50, 61, 62, 63, 64, 65, 66, 79, 80, 81, 82, 83, 85, 87, 97, 98, 99, 110, 111, 112, 122, 128, 129, 130, 131, 132, 133, 134, 135, 136, 137, 138, 148, 149, 150, 151, 152, 153, 154, 155, 156, 157, 158, 159, 160, 161, 164, 182, 184, 189, 195, 196, 197, 206, 207, 208, 209, 210, 211, 223, 224, 228, 229, 231, 232, 234, 237, 238, 239, 248, 249, 253, 254, 255, 259, 260, 261, 262, 263, 265, 266, 267, 268, 269, 270, 271, 272, 273, 274, 275, 286, 295, 298, 299, 304, 309, 310, 311, 313, 320, 322, 324, 325, 333, 334, 335, 336, 343, 344, 345, 346, 351, 353, 357, 359, 361, 362, 363, 364, 366, 370, 371, 372, 375, 378, 381, 383, 384, 387, 390, 391, 394, 403, 417, 423, 441, 452, 454, 455, 460, 461, 489], [3, 9, 16, 22, 28, 29, 31, 33, 45, 51, 53, 58, 61, 67, 69, 70, 76, 79, 82, 85, 87, 88, 89, 91, 94, 101, 103, 119, 124, 130, 134, 143, 146, 148, 151, 152, 157, 162, 163, 164, 165, 168, 171, 178, 181, 182, 184, 186, 189, 191, 192, 194, 195, 196, 197, 198, 200, 201, 202, 205, 210, 247, 248, 252, 259, 263, 265, 267, 268, 274, 276, 278, 280, 284, 293, 295, 298, 299, 304, 307, 309, 310, 311, 313, 314, 316, 317, 318, 320, 322, 324, 325, 328, 329, 331, 333, 340, 376, 384, 387, 390, 417, 423, 427], [4, 10, 17, 23, 28, 32, 34, 38, 41, 46, 51, 52, 59, 62, 67, 68, 71, 75, 77, 79, 80, 81, 88, 89, 91, 95, 97, 100, 102, 104, 105, 110, 113, 117, 120, 123, 130, 131, 132, 133, 137, 138, 139, 143, 144, 145, 152, 153, 154, 155, 156, 162, 165, 166, 167, 170, 175, 176, 180, 191, 192, 194, 195, 196, 197, 198, 200, 201, 202, 204, 208, 209, 212, 214, 215, 217, 219, 220, 231, 232, 236, 237, 244, 245, 246, 249, 255, 257, 266, 267, 268, 269, 270, 271, 272, 276, 277, 278, 279, 282, 283, 285, 286, 288, 294, 307, 309, 310, 311, 313, 314, 316, 317, 318, 320, 322, 324, 325, 328, 329, 331, 335, 336, 337, 339, 341, 343, 344, 345, 346, 348, 349, 350, 359, 363, 364, 369, 370, 371, 372, 375, 387, 390, 391, 394, 399, 400, 402, 403, 405, 417, 423, 427, 440, 441, 454, 455, 460, 461, 489], [5, 11, 18, 24, 32, 33, 35, 39, 42, 47, 52, 53, 60, 63, 68, 69, 72, 78, 80, 82, 88, 96, 98, 100, 101, 106, 108, 111, 113, 115, 118, 121, 122, 123, 124, 126, 131, 134, 135, 144, 146, 147, 149, 153, 157, 158, 159, 162, 166, 168, 173, 175, 177, 179, 180, 181, 191, 195, 198, 201, 204, 205, 206, 208, 210, 211, 213, 214, 216, 217, 219, 222, 223, 227, 228, 231, 234, 236, 238, 242, 245, 247, 248, 249, 250, 252, 254, 258, 259, 260, 261, 266, 267, 269, 271, 273, 274, 276, 277, 278, 279, 280, 282, 285, 286, 288, 292, 293, 294, 299, 304, 310, 314, 317, 322, 325, 328, 331, 333, 334, 335, 336, 337, 339, 340, 341, 344, 349, 353, 357, 359, 361, 363, 366, 371, 373, 374, 376, 377, 378, 381, 391, 399, 402, 403, 405, 408, 440, 452, 454], [12, 19, 25, 29, 34, 35, 36, 37, 43, 48, 54, 57, 64, 70, 71, 72, 73, 83, 85, 89, 94, 95, 96, 97, 98, 99, 100, 101, 102, 103, 104, 115, 116, 125, 126, 127, 128, 136, 138, 140, 142, 145, 147, 154, 158, 160, 161, 163, 164, 165, 166, 167, 168, 170, 171, 177, 182, 186, 189, 192, 196, 198, 202, 204, 205, 206, 207, 208, 209, 210, 211, 212, 213, 214, 215, 216, 217, 237, 238, 239, 242, 246, 250, 251, 252, 253, 255, 256, 257, 258, 260, 262, 265, 269, 270, 272, 273, 274, 275, 277, 278, 279, 280, 282, 283, 284, 292, 295, 298, 304, 307, 311, 314, 318, 320, 322, 324, 329, 331, 333, 334, 335, 336, 337, 339, 340, 341, 345, 350, 361, 362, 363, 364, 366, 369, 372, 374, 376, 377, 378, 381, 383, 384, 390, 391, 394, 399, 400, 402, 408, 417, 423, 427, 440, 441, 452, 454, 455, 460, 489], [13, 20, 26, 36, 38, 39, 40, 49, 54, 55, 65, 73, 75, 83, 102, 105, 106, 107, 108, 109, 110, 111, 112, 113, 115, 116, 117, 118, 127, 129, 132, 136, 139, 141, 142, 155, 160, 170, 173, 175, 176, 177, 212, 213, 214, 215, 219, 220, 222, 223, 224, 227, 228, 229, 231, 232, 234, 236, 237, 238, 239, 242, 251, 253, 254, 256, 257, 258, 270, 273, 275, 282, 283, 285, 286, 288, 337, 339, 343, 344, 345, 346, 348, 349, 350, 351, 353, 357, 359, 361, 362, 363, 364, 366, 373, 374, 375, 377, 381, 383, 391, 394, 399, 400, 402, 403, 405, 408, 440, 441, 452, 454, 455, 461, 489], [6, 14, 21, 27, 31, 37, 40, 41, 42, 50, 56, 57, 66, 76, 77, 78, 81, 87, 91, 99, 103, 104, 107, 109, 112, 116, 117, 118, 119, 120, 121, 122, 123, 124, 125, 126, 133, 135, 140, 141, 142, 150, 151, 156, 159, 161, 167, 171, 176, 178, 179, 180, 181, 184, 186, 189, 194, 197, 200, 201, 202, 207, 209, 211, 215, 216, 217, 220, 222, 224, 227, 229, 232, 234, 236, 239, 242, 244, 245, 246, 247, 248, 249, 250, 251, 252, 256, 261, 262, 263, 265, 268, 271, 272, 275, 279, 283, 284, 288, 292, 293, 294, 298, 299, 304, 313, 316, 317, 318, 324, 325, 328, 329, 331, 334, 336, 339, 340, 341, 346, 348, 349, 350, 351, 353, 357, 359, 362, 364, 366, 369, 370, 371, 372, 373, 374, 375, 376, 377, 378, 383, 384, 387, 390, 394, 400, 402, 405, 408, 423, 427, 440, 452, 455, 460, 461, 489]!Vessel: FarStar
] 

Rvl : [
!l : 2, 3
[1, 2, 3, 4, 5, 6, 7, 8, 9, 10, 11, 12, 13, 14, 15, 16, 17, 18, 19, 20, 21, 22, 23, 24, 25, 26, 27, 28, 29, 31, 34, 35, 36, 37, 38, 39, 40, 41, 42, 43, 44, 46, 47, 48, 49, 50, 54, 55, 56, 57, 58, 59, 60, 61, 62, 63, 64, 65, 66, 70, 71, 72, 73, 75, 77, 78, 81, 83, 85, 89, 94, 95, 96, 97, 98, 99, 102, 104, 105, 106, 107, 108, 109, 110, 111, 112, 115, 116, 117, 118, 120, 121, 122, 125, 126, 127, 128, 129, 132, 135, 136, 137, 138, 139, 140, 141, 142, 145, 147, 149, 150, 154, 155, 158, 159, 160, 161, 170, 173, 177, 179, 206, 207, 211, 212, 213, 216, 222, 223, 224, 227, 228, 229, 234, 237, 238, 239, 242, 250, 251, 253, 254, 256, 258, 260, 261, 262, 273, 275, 292, 334, 351, 353, 357, 361, 362, 366, 373, 374, 377, 378, 381, 383, 408], [32, 33, 45, 51, 52, 53, 67, 68, 69, 76, 79, 80, 82, 87, 88, 91, 100, 101, 103, 113, 119, 123, 124, 130, 131, 133, 134, 143, 144, 146, 148, 151, 152, 153, 156, 157, 162, 163, 164, 165, 166, 167, 168, 171, 175, 176, 178, 180, 181, 182, 184, 186, 189, 191, 192, 194, 195, 196, 197, 198, 200, 201, 202, 204, 205, 208, 209, 210, 214, 215, 217, 219, 220, 231, 232, 236, 244, 245, 246, 247, 248, 249, 252, 255, 257, 259, 263, 264, 265, 266, 267, 268, 269, 270, 271, 272, 274, 276, 277, 278, 279, 280, 282, 283, 284, 285, 286, 288, 293, 294, 295, 298, 299, 304, 307, 309, 310, 311, 313, 314, 316, 317, 318, 320, 322, 324, 325, 328, 329, 331, 333, 335, 336, 337, 339, 340, 341, 343, 344, 345, 346, 348, 349, 350, 359, 363, 364, 369, 370, 371, 372, 375, 376, 379, 380, 382, 384, 385, 387, 388, 389, 390, 391, 392, 393, 394, 395, 396, 397, 398, 399, 400, 402, 403, 404, 405, 410, 412, 417, 419, 421, 423, 426, 427, 429, 433, 437, 439, 440, 441, 442, 445, 452, 454, 455, 457, 460, 461, 462, 465, 468, 470, 472, 488, 489, 490, 491]!Vessel: FarSeeker
[1, 2, 3, 4, 5, 6, 7, 8, 9, 10, 11, 12, 13, 14, 15, 16, 17, 18, 19, 20, 21, 22, 23, 24, 25, 26, 27, 28, 29, 31, 34, 35, 36, 37, 38, 39, 40, 41, 42, 43, 44, 46, 47, 48, 49, 50, 54, 55, 56, 57, 58, 59, 60, 61, 62, 63, 64, 65, 66, 70, 71, 72, 73, 75, 77, 78, 81, 83, 85, 89, 94, 95, 96, 97, 98, 99, 102, 104, 105, 106, 107, 108, 109, 110, 111, 112, 115, 116, 117, 118, 120, 121, 122, 125, 126, 127, 128, 129, 132, 135, 136, 137, 138, 139, 140, 141, 142, 145, 147, 149, 150, 154, 155, 158, 159, 160, 161, 170, 173, 177, 179, 206, 207, 211, 212, 213, 216, 222, 223, 224, 227, 228, 229, 234, 237, 238, 239, 242, 250, 251, 253, 254, 256, 258, 260, 261, 262, 273, 275, 292, 334, 351, 353, 357, 361, 362, 366, 373, 374, 377, 378, 381, 383, 408], [32, 33, 45, 51, 52, 53, 67, 68, 69, 76, 79, 80, 82, 87, 88, 91, 100, 101, 103, 113, 119, 123, 124, 130, 131, 133, 134, 143, 144, 146, 148, 151, 152, 153, 156, 157, 162, 163, 164, 165, 166, 167, 168, 171, 175, 176, 178, 180, 181, 182, 184, 186, 189, 191, 192, 194, 195, 196, 197, 198, 200, 201, 202, 204, 205, 208, 209, 210, 214, 215, 217, 219, 220, 231, 232, 236, 244, 245, 246, 247, 248, 249, 252, 255, 257, 259, 263, 264, 265, 266, 267, 268, 269, 270, 271, 272, 274, 276, 277, 278, 279, 280, 282, 283, 284, 285, 286, 288, 293, 294, 295, 298, 299, 304, 307, 309, 310, 311, 313, 314, 316, 317, 318, 320, 322, 324, 325, 328, 329, 331, 333, 335, 336, 337, 339, 340, 341, 343, 344, 345, 346, 348, 349, 350, 359, 363, 364, 369, 370, 371, 372, 375, 376, 379, 380, 382, 384, 385, 387, 388, 389, 390, 391, 392, 393, 394, 395, 396, 397, 398, 399, 400, 402, 403, 404, 405, 410, 412, 417, 419, 421, 423, 426, 427, 429, 433, 437, 439, 440, 441, 442, 445, 452, 454, 455, 457, 460, 461, 462, 465, 468, 470, 472, 488, 489, 490, 491]!Vessel: FarSearcher
[1, 2, 3, 4, 5, 6, 7, 8, 9, 10, 11, 12, 13, 14, 15, 16, 17, 18, 19, 20, 21, 22, 23, 24, 25, 26, 27, 28, 29, 31, 34, 35, 36, 37, 38, 39, 40, 41, 42, 43, 44, 46, 47, 48, 49, 50, 54, 55, 56, 57, 58, 59, 60, 61, 62, 63, 64, 65, 66, 70, 71, 72, 73, 75, 77, 78, 81, 83, 85, 89, 94, 95, 96, 97, 98, 99, 102, 104, 105, 106, 107, 108, 109, 110, 111, 112, 115, 116, 117, 118, 120, 121, 122, 125, 126, 127, 128, 129, 132, 135, 136, 137, 138, 139, 140, 141, 142, 145, 147, 149, 150, 154, 155, 158, 159, 160, 161, 170, 173, 177, 179, 206, 207, 211, 212, 213, 216, 222, 223, 224, 227, 228, 229, 234, 237, 238, 239, 242, 250, 251, 253, 254, 256, 258, 260, 261, 262, 273, 275, 292, 334, 351, 353, 357, 361, 362, 366, 373, 374, 377, 378, 381, 383, 408], [32, 33, 45, 51, 52, 53, 67, 68, 69, 76, 79, 80, 82, 87, 88, 91, 100, 101, 103, 113, 119, 123, 124, 130, 131, 133, 134, 143, 144, 146, 148, 151, 152, 153, 156, 157, 162, 163, 164, 165, 166, 167, 168, 171, 175, 176, 178, 180, 181, 182, 184, 186, 189, 191, 192, 194, 195, 196, 197, 198, 200, 201, 202, 204, 205, 208, 209, 210, 214, 215, 217, 219, 220, 231, 232, 236, 244, 245, 246, 247, 248, 249, 252, 255, 257, 259, 263, 264, 265, 266, 267, 268, 269, 270, 271, 272, 274, 276, 277, 278, 279, 280, 282, 283, 284, 285, 286, 288, 293, 294, 295, 298, 299, 304, 307, 309, 310, 311, 313, 314, 316, 317, 318, 320, 322, 324, 325, 328, 329, 331, 333, 335, 336, 337, 339, 340, 341, 343, 344, 345, 346, 348, 349, 350, 359, 363, 364, 369, 370, 371, 372, 375, 376, 384, 387, 390, 391, 394, 396, 397, 398, 399, 400, 402, 403, 404, 405, 417, 419, 423, 427, 429, 439, 440, 441, 442, 445, 452, 454, 455, 457, 460, 461, 462, 465, 489]!Vessel: FarSymphony
[1, 2, 3, 4, 5, 6, 7, 8, 9, 10, 11, 12, 13, 14, 15, 16, 17, 18, 19, 20, 21, 22, 23, 24, 25, 26, 27, 28, 29, 31, 34, 35, 36, 37, 38, 39, 40, 41, 42, 43, 44, 46, 47, 48, 49, 50, 54, 55, 56, 57, 58, 59, 60, 61, 62, 63, 64, 65, 66, 70, 71, 72, 73, 75, 77, 78, 81, 83, 85, 89, 94, 95, 96, 97, 98, 99, 102, 104, 105, 106, 107, 108, 109, 110, 111, 112, 115, 116, 117, 118, 120, 121, 122, 125, 126, 127, 128, 129, 132, 135, 136, 137, 138, 139, 140, 141, 142, 145, 147, 149, 150, 154, 155, 158, 159, 160, 161, 170, 173, 177, 179, 206, 207, 211, 212, 213, 216, 222, 223, 224, 227, 228, 229, 234, 237, 238, 239, 242, 250, 251, 253, 254, 256, 258, 260, 261, 262, 273, 275, 292, 334, 351, 353, 357, 361, 362, 366, 373, 374, 377, 378, 381, 383, 408], [32, 33, 45, 51, 52, 53, 67, 68, 69, 76, 79, 80, 82, 87, 88, 91, 100, 101, 103, 113, 119, 123, 124, 130, 131, 133, 134, 143, 144, 146, 148, 151, 152, 153, 156, 157, 162, 163, 164, 165, 166, 167, 168, 171, 175, 176, 178, 180, 181, 182, 184, 186, 189, 191, 192, 194, 195, 196, 197, 198, 200, 201, 202, 204, 205, 208, 209, 210, 214, 215, 217, 219, 220, 231, 232, 236, 244, 245, 246, 247, 248, 249, 252, 255, 257, 259, 263, 264, 265, 266, 267, 268, 269, 270, 271, 272, 274, 276, 277, 278, 279, 280, 282, 283, 284, 285, 286, 288, 293, 294, 295, 298, 299, 304, 307, 309, 310, 311, 313, 314, 316, 317, 318, 320, 322, 324, 325, 328, 329, 331, 333, 335, 336, 337, 339, 340, 341, 343, 344, 345, 346, 348, 349, 350, 359, 363, 364, 369, 370, 371, 372, 375, 376, 379, 380, 382, 384, 385, 387, 388, 389, 390, 391, 392, 393, 394, 395, 396, 397, 398, 399, 400, 402, 403, 404, 405, 410, 412, 417, 419, 421, 423, 426, 427, 429, 433, 437, 439, 440, 441, 442, 445, 452, 454, 455, 457, 460, 461, 462, 465, 468, 470, 472, 489, 490, 491]!Vessel: HavilaForesight
[1, 2, 3, 4, 5, 6, 7, 8, 9, 10, 11, 12, 13, 14, 15, 16, 17, 18, 19, 20, 21, 22, 23, 24, 25, 26, 27, 28, 29, 31, 34, 35, 36, 37, 38, 39, 40, 41, 42, 43, 44, 46, 47, 48, 49, 50, 54, 55, 56, 57, 58, 59, 60, 61, 62, 63, 64, 65, 66, 70, 71, 72, 73, 75, 77, 78, 81, 83, 85, 89, 94, 95, 96, 97, 98, 99, 102, 104, 105, 106, 107, 108, 109, 110, 111, 112, 115, 116, 117, 118, 120, 121, 122, 125, 126, 127, 128, 129, 132, 135, 136, 137, 138, 139, 140, 141, 142, 145, 147, 149, 150, 154, 155, 158, 159, 160, 161, 170, 173, 177, 179, 206, 207, 211, 212, 213, 216, 222, 223, 224, 227, 228, 229, 234, 237, 238, 239, 242, 250, 251, 253, 254, 256, 258, 260, 261, 262, 273, 275, 292, 334, 351, 353, 357, 361, 362, 366, 373, 374, 377, 378, 381, 383, 408], [32, 33, 45, 51, 52, 53, 67, 68, 69, 76, 79, 80, 82, 87, 88, 91, 100, 101, 103, 113, 119, 123, 124, 130, 131, 133, 134, 143, 144, 146, 148, 151, 152, 153, 156, 157, 162, 163, 164, 165, 166, 167, 168, 171, 175, 176, 178, 180, 181, 182, 184, 186, 189, 191, 192, 194, 195, 196, 197, 198, 200, 201, 202, 204, 205, 208, 209, 210, 214, 215, 217, 219, 220, 231, 232, 236, 244, 245, 246, 247, 248, 249, 252, 255, 257, 259, 263, 265, 266, 267, 268, 269, 270, 271, 272, 274, 276, 277, 278, 279, 280, 282, 283, 284, 285, 286, 288, 293, 294, 295, 298, 299, 304, 307, 309, 310, 311, 313, 314, 316, 317, 318, 320, 322, 324, 325, 328, 329, 331, 333, 335, 336, 337, 339, 340, 341, 343, 344, 345, 346, 348, 349, 350, 359, 363, 364, 369, 370, 371, 372, 375, 376, 384, 387, 390, 391, 394, 399, 400, 402, 403, 405, 417, 423, 427, 440, 441, 452, 454, 455, 460, 461, 489]!Vessel: FarStar
] 

minF : 2
maxF : 6
Nf : [
!f : 2, 3, 4, 5, 6
[5, 6], [], [], [2, 3, 4, 7], [1, 8, 9]
]

! Parameters
VoyageCost: [37970, 39085, 64838, 59991, 44841, 37570, 44429, 45544, 73722, 62814, 47265, 43726, 43120, 46453, 43120, 73722, 62814, 46053, 38879, 38273, 44029, 74837, 63929, 47265, 42418, 44235, 47568, 72716, 73019, 75746, 81805, 83017, 62414, 46053, 37570, 43326, 62414, 47265, 45144, 64838, 46053, 50186, 49580, 81296, 70389, 50392, 48877, 50695, 54028, 81599, 84629, 85441, 48877, 49580, 52913, 52210, 80181, 69274, 49277, 78872, 67965, 47968, 46453, 48271, 51604, 81599, 84629, 84229, 79478, 68571, 47265, 44029, 67965, 82205, 71298, 51301, 82714, 85744, 74837, 85441, 47568, 78169, 83320, 90895, 80896, 83623, 79478, 68571, 48574, 67262, 47265, 50901, 84229, 84229, 67262, 81502, 70595, 67965, 48477, 51604, 47265, 49180, 69080, 49083, 52719, 84229, 47265, 48477, 72413, 52416, 82205, 71298, 51301, 52416, 86047, 84229, 49786, 50598, 55337, 55337, 54731, 89174, 88471, 77963, 81296, 88568, 61299, 54028, 76848, 76146, 76848, 58670, 58064, 57361, 88059, 88471, 77454, 87453, 55034, 85332, 54428, 58064, 89780, 86750, 87259, 76146, 75540, 78872, 86144, 53725, 58876, 51604, 57361, 93319, 85938, 84629, 87356, 88471, 79478, 85441, 73722, 87962, 54428, 88471, 78872, 51301, 88665, 57761, 87259, 89477, 84629, 89780, 87962, 89077, 92107, 87356, 90083, 92107, 86047, 91198, 93319, 90083, 92107, 89380, 88471, 86750, 53725, 57361, 87259, 78169, 85441, 58173, 73722, 53725, 88471, 78169, 57058, 87259, 88471, 78872, 58876, 53119, 56755, 56452, 55543, 59179, 88471, 79987, 59991, 88471, 72413, 52416, 56052, 55749, 80181, 87259, 79478, 89477, 90592, 87259, 57058, 54937, 88774, 60487, 62002, 82605, 63820, 82605, 60184, 92604, 60184, 65335, 63820, 96239, 97051, 95536, 88471, 94022, 97657, 89683, 81296, 88471, 84629, 58876, 91901, 62511, 95330, 89683, 94627, 89683, 91901, 89683, 84629, 94421, 89683, 89683, 89683, 63517, 95936, 88471, 91089, 95536, 97051, 96348, 93816, 93210, 94022, 92507, 97657, 94627, 96542, 97354, 95839, 92507, 93319, 96954, 98469, 97354, 95839, 96651, 91901, 64632, 88471, 88471, 89683, 89683, 95233, 88471, 81999, 89683, 81296, 86447, 85332, 89683, 84629, 63214, 64026, 66450, 89683, 58876, 62511, 88471, 83320, 63323, 85938, 85332, 88471, 84629, 62911, 62208, 84023, 95233, 62208, 64632, 100481, 103511, 65335, 71092, 68971, 101996, 102808, 104117, 99778, 104929, 103414, 90895, 92604, 91901, 89780, 98360, 90895, 93210, 99984, 90895, 91089, 91901, 90895, 93719, 92604, 68668, 101693, 102808, 98966, 99778, 104929, 103414, 103814, 102299, 103111, 104226, 103111, 91901, 91901, 87756, 93719, 70486, 69783, 89683, 89780, 90592, 91089, 90483, 69783, 109874, 95027, 76243, 96348, 97754, 96239, 97051, 97051]
VoyageDuration: [2, 2, 2, 2, 2, 2, 2, 2, 2, 2, 2, 2, 2, 2, 2, 2, 2, 2, 2, 2, 2, 2, 2, 2, 2, 2, 2, 2, 2, 2, 3, 3, 2, 2, 2, 2, 2, 2, 2, 2, 2, 2, 2, 3, 2, 2, 2, 2, 2, 3, 3, 3, 2, 2, 2, 2, 2, 2, 2, 2, 2, 2, 2, 2, 2, 3, 3, 3, 2, 2, 2, 2, 2, 3, 2, 2, 3, 3, 2, 3, 2, 2, 3, 3, 2, 3, 2, 2, 2, 2, 2, 2, 3, 3, 2, 3, 2, 2, 2, 2, 2, 2, 2, 2, 2, 3, 2, 2, 2, 2, 3, 2, 2, 2, 3, 3, 2, 2, 2, 2, 2, 3, 3, 2, 3, 3, 2, 2, 2, 2, 2, 2, 2, 2, 3, 3, 2, 3, 2, 3, 2, 2, 3, 3, 3, 2, 2, 3, 3, 2, 2, 2, 2, 3, 3, 3, 3, 3, 3, 3, 2, 3, 2, 3, 3, 2, 3, 2, 3, 3, 3, 3, 3, 3, 3, 3, 3, 3, 3, 3, 3, 3, 3, 3, 3, 3, 2, 2, 3, 3, 3, 2, 2, 2, 3, 3, 2, 3, 3, 3, 2, 2, 2, 2, 2, 2, 3, 3, 2, 3, 2, 2, 2, 2, 3, 3, 3, 3, 3, 3, 2, 2, 3, 2, 2, 3, 2, 3, 2, 3, 2, 2, 2, 3, 3, 3, 3, 3, 3, 3, 3, 3, 3, 2, 3, 2, 3, 3, 3, 3, 3, 3, 3, 3, 3, 3, 3, 2, 3, 3, 3, 3, 3, 3, 3, 3, 3, 3, 3, 3, 3, 3, 3, 3, 3, 3, 3, 3, 3, 3, 3, 2, 3, 3, 3, 3, 3, 3, 3, 3, 3, 3, 3, 3, 3, 2, 2, 2, 3, 2, 2, 3, 3, 2, 3, 3, 3, 3, 2, 2, 3, 3, 2, 2, 3, 3, 2, 3, 2, 3, 3, 3, 3, 3, 3, 3, 3, 3, 3, 3, 3, 3, 3, 3, 3, 3, 3, 3, 3, 2, 3, 3, 3, 3, 3, 3, 3, 3, 3, 3, 3, 3, 3, 3, 3, 3, 3, 3, 3, 3, 3, 3, 3, 3, 3, 3, 3, 3, 3, 3, 3]
TimeCharterCost: [120000, 125000, 130000, 110000, 104000]
RequiredVisits: [6, 5, 5, 5, 2, 2, 5, 6, 6]
NumberOfDaysAvailable: [7, 7, 7, 7, 7]
DepotCapacity: [3, 3, 3, 3, 3, 3, 3]
