!Summary:
!Execution time: 0,39 seconds
!Total # voyages: 462 (93 unique)
!Number of installations (excluding depot): 7
!Number of time windows: 2
!Number of vessels: 5

!Min. # installations: 1
!Max. number of installations: 8
!Min. duration: 56
!Max. duration: 80

!Name: FarStar	 # voyages: 91
!Name: FarSymphony	 # voyages: 92
!Name: FarSearcher	 # voyages: 93
!Name: FarSeeker	 # voyages: 93
!Name: HavilaForesight	 # voyages: 93
!------------------------------------------------------------------------------------------------------------------------
nV : 5
nR : 93
nN : 7
nT : 7
minL : 2
maxL : 3

! Sets: 
Rv : [
[1, 2, 3, 4, 5, 6, 7, 8, 9, 10, 11, 12, 13, 14, 15, 16, 17, 18, 19, 20, 21, 23, 24, 25, 26, 27, 28, 29, 30, 31, 32, 33, 34, 35, 36, 37, 38, 39, 40, 41, 42, 43, 44, 45, 47, 48, 49, 50, 51, 53, 56, 57, 58, 59, 60, 62, 63, 64, 65, 66, 67, 68, 69, 70, 71, 72, 73, 74, 75, 76, 77, 78, 79, 80, 84, 87, 89, 92, 94, 95, 97, 98, 99, 100, 101, 102, 104, 105, 110, 111, 117, 118, 121]!Vessel: FarSeeker
[1, 2, 3, 4, 5, 6, 7, 8, 9, 10, 11, 12, 13, 14, 15, 16, 17, 18, 19, 20, 21, 23, 24, 25, 26, 27, 28, 29, 30, 31, 32, 33, 34, 35, 36, 37, 38, 39, 40, 41, 42, 43, 44, 45, 47, 48, 49, 50, 51, 53, 56, 57, 58, 59, 60, 62, 63, 64, 65, 66, 67, 68, 69, 70, 71, 72, 73, 74, 75, 76, 77, 78, 79, 80, 84, 87, 89, 92, 94, 95, 97, 98, 99, 100, 101, 102, 104, 105, 110, 111, 117, 118, 121]!Vessel: FarSearcher
[1, 2, 3, 4, 5, 6, 7, 8, 9, 10, 11, 12, 13, 14, 15, 16, 17, 18, 19, 20, 21, 23, 24, 25, 26, 27, 28, 29, 30, 31, 32, 33, 34, 35, 36, 37, 38, 39, 40, 41, 42, 43, 44, 45, 47, 48, 49, 50, 51, 53, 56, 57, 58, 59, 60, 62, 63, 64, 65, 66, 67, 68, 69, 70, 71, 72, 73, 74, 75, 76, 77, 78, 79, 80, 84, 87, 89, 92, 94, 95, 97, 98, 99, 100, 101, 102, 104, 105, 110, 111, 117, 121]!Vessel: FarSymphony
[1, 2, 3, 4, 5, 6, 7, 8, 9, 10, 11, 12, 13, 14, 15, 16, 17, 18, 19, 20, 21, 23, 24, 25, 26, 27, 28, 29, 30, 31, 32, 33, 34, 35, 36, 37, 38, 39, 40, 41, 42, 43, 44, 45, 47, 48, 49, 50, 51, 53, 56, 57, 58, 59, 60, 62, 63, 64, 65, 66, 67, 68, 69, 70, 71, 72, 73, 74, 75, 76, 77, 78, 79, 80, 84, 87, 89, 92, 94, 95, 97, 98, 99, 100, 101, 102, 104, 105, 110, 111, 117, 118, 121]!Vessel: HavilaForesight
[1, 2, 3, 4, 5, 6, 7, 8, 9, 10, 11, 12, 13, 14, 15, 16, 17, 18, 19, 20, 21, 23, 24, 25, 26, 27, 28, 29, 30, 31, 32, 33, 34, 35, 36, 37, 38, 39, 40, 41, 42, 43, 44, 45, 47, 48, 49, 50, 51, 53, 56, 57, 58, 59, 60, 62, 63, 64, 65, 66, 67, 68, 69, 70, 71, 72, 73, 74, 75, 76, 77, 78, 79, 80, 84, 87, 89, 92, 94, 95, 97, 98, 99, 100, 101, 102, 104, 105, 110, 111, 117]!Vessel: FarStar
] 

Rvi : [
!i : 1, 2, 3, 4, 5, 6, 7
[1, 6, 7, 8, 9, 10, 11, 27, 28, 29, 30, 31, 32, 33, 34, 35, 36, 37, 38, 56, 57, 62, 63, 64, 65, 66, 67, 68, 69, 70, 71, 72, 73, 74, 87, 92, 94, 97, 98, 99, 100, 104, 105, 110, 111, 117, 118, 121], [6, 12, 13, 14, 15, 16, 27, 28, 36, 37, 38, 39, 40, 41, 42, 43, 44, 45, 47, 48, 62, 66, 68, 69, 70, 71, 72, 73, 74, 75, 76, 77, 78, 79, 80, 84, 97, 98, 99, 100, 101, 102, 104, 105, 110, 118, 121], [2, 7, 12, 17, 18, 19, 20, 28, 29, 30, 31, 32, 39, 40, 41, 42, 49, 50, 51, 58, 59, 62, 63, 64, 65, 66, 67, 73, 74, 75, 76, 77, 78, 79, 89, 94, 95, 97, 98, 99, 100, 101, 102, 110, 111, 117, 118, 121], [3, 8, 13, 17, 21, 24, 29, 33, 35, 36, 39, 43, 45, 49, 51, 53, 63, 65, 68, 71, 73, 75, 78, 80, 87, 89, 98, 101, 104, 110, 111, 118], [4, 9, 14, 18, 21, 23, 25, 30, 33, 34, 37, 40, 43, 44, 47, 49, 50, 53, 56, 58, 60, 63, 64, 66, 67, 68, 69, 70, 75, 76, 77, 80, 84, 87, 89, 92, 95, 97, 100, 101, 102, 104, 105, 110, 111, 117, 118, 121], [5, 10, 15, 19, 23, 24, 26, 31, 34, 35, 38, 41, 44, 45, 48, 50, 51, 53, 57, 59, 60, 64, 65, 69, 71, 72, 74, 76, 78, 79, 80, 84, 87, 89, 92, 94, 95, 98, 99, 100, 101, 102, 104, 105, 111, 117, 118, 121], [11, 16, 20, 25, 26, 27, 32, 42, 47, 48, 56, 57, 58, 59, 60, 62, 67, 70, 72, 77, 79, 84, 92, 94, 95, 97, 99, 102, 105, 117, 121]!Vessel: FarSeeker
[1, 6, 7, 8, 9, 10, 11, 27, 28, 29, 30, 31, 32, 33, 34, 35, 36, 37, 38, 56, 57, 62, 63, 64, 65, 66, 67, 68, 69, 70, 71, 72, 73, 74, 87, 92, 94, 97, 98, 99, 100, 104, 105, 110, 111, 117, 118, 121], [6, 12, 13, 14, 15, 16, 27, 28, 36, 37, 38, 39, 40, 41, 42, 43, 44, 45, 47, 48, 62, 66, 68, 69, 70, 71, 72, 73, 74, 75, 76, 77, 78, 79, 80, 84, 97, 98, 99, 100, 101, 102, 104, 105, 110, 118, 121], [2, 7, 12, 17, 18, 19, 20, 28, 29, 30, 31, 32, 39, 40, 41, 42, 49, 50, 51, 58, 59, 62, 63, 64, 65, 66, 67, 73, 74, 75, 76, 77, 78, 79, 89, 94, 95, 97, 98, 99, 100, 101, 102, 110, 111, 117, 118, 121], [3, 8, 13, 17, 21, 24, 29, 33, 35, 36, 39, 43, 45, 49, 51, 53, 63, 65, 68, 71, 73, 75, 78, 80, 87, 89, 98, 101, 104, 110, 111, 118], [4, 9, 14, 18, 21, 23, 25, 30, 33, 34, 37, 40, 43, 44, 47, 49, 50, 53, 56, 58, 60, 63, 64, 66, 67, 68, 69, 70, 75, 76, 77, 80, 84, 87, 89, 92, 95, 97, 100, 101, 102, 104, 105, 110, 111, 117, 118, 121], [5, 10, 15, 19, 23, 24, 26, 31, 34, 35, 38, 41, 44, 45, 48, 50, 51, 53, 57, 59, 60, 64, 65, 69, 71, 72, 74, 76, 78, 79, 80, 84, 87, 89, 92, 94, 95, 98, 99, 100, 101, 102, 104, 105, 111, 117, 118, 121], [11, 16, 20, 25, 26, 27, 32, 42, 47, 48, 56, 57, 58, 59, 60, 62, 67, 70, 72, 77, 79, 84, 92, 94, 95, 97, 99, 102, 105, 117, 121]!Vessel: FarSearcher
[1, 6, 7, 8, 9, 10, 11, 27, 28, 29, 30, 31, 32, 33, 34, 35, 36, 37, 38, 56, 57, 62, 63, 64, 65, 66, 67, 68, 69, 70, 71, 72, 73, 74, 87, 92, 94, 97, 98, 99, 100, 104, 105, 110, 111, 117, 121], [6, 12, 13, 14, 15, 16, 27, 28, 36, 37, 38, 39, 40, 41, 42, 43, 44, 45, 47, 48, 62, 66, 68, 69, 70, 71, 72, 73, 74, 75, 76, 77, 78, 79, 80, 84, 97, 98, 99, 100, 101, 102, 104, 105, 110, 121], [2, 7, 12, 17, 18, 19, 20, 28, 29, 30, 31, 32, 39, 40, 41, 42, 49, 50, 51, 58, 59, 62, 63, 64, 65, 66, 67, 73, 74, 75, 76, 77, 78, 79, 89, 94, 95, 97, 98, 99, 100, 101, 102, 110, 111, 117, 121], [3, 8, 13, 17, 21, 24, 29, 33, 35, 36, 39, 43, 45, 49, 51, 53, 63, 65, 68, 71, 73, 75, 78, 80, 87, 89, 98, 101, 104, 110, 111], [4, 9, 14, 18, 21, 23, 25, 30, 33, 34, 37, 40, 43, 44, 47, 49, 50, 53, 56, 58, 60, 63, 64, 66, 67, 68, 69, 70, 75, 76, 77, 80, 84, 87, 89, 92, 95, 97, 100, 101, 102, 104, 105, 110, 111, 117, 121], [5, 10, 15, 19, 23, 24, 26, 31, 34, 35, 38, 41, 44, 45, 48, 50, 51, 53, 57, 59, 60, 64, 65, 69, 71, 72, 74, 76, 78, 79, 80, 84, 87, 89, 92, 94, 95, 98, 99, 100, 101, 102, 104, 105, 111, 117, 121], [11, 16, 20, 25, 26, 27, 32, 42, 47, 48, 56, 57, 58, 59, 60, 62, 67, 70, 72, 77, 79, 84, 92, 94, 95, 97, 99, 102, 105, 117, 121]!Vessel: FarSymphony
[1, 6, 7, 8, 9, 10, 11, 27, 28, 29, 30, 31, 32, 33, 34, 35, 36, 37, 38, 56, 57, 62, 63, 64, 65, 66, 67, 68, 69, 70, 71, 72, 73, 74, 87, 92, 94, 97, 98, 99, 100, 104, 105, 110, 111, 117, 118, 121], [6, 12, 13, 14, 15, 16, 27, 28, 36, 37, 38, 39, 40, 41, 42, 43, 44, 45, 47, 48, 62, 66, 68, 69, 70, 71, 72, 73, 74, 75, 76, 77, 78, 79, 80, 84, 97, 98, 99, 100, 101, 102, 104, 105, 110, 118, 121], [2, 7, 12, 17, 18, 19, 20, 28, 29, 30, 31, 32, 39, 40, 41, 42, 49, 50, 51, 58, 59, 62, 63, 64, 65, 66, 67, 73, 74, 75, 76, 77, 78, 79, 89, 94, 95, 97, 98, 99, 100, 101, 102, 110, 111, 117, 118, 121], [3, 8, 13, 17, 21, 24, 29, 33, 35, 36, 39, 43, 45, 49, 51, 53, 63, 65, 68, 71, 73, 75, 78, 80, 87, 89, 98, 101, 104, 110, 111, 118], [4, 9, 14, 18, 21, 23, 25, 30, 33, 34, 37, 40, 43, 44, 47, 49, 50, 53, 56, 58, 60, 63, 64, 66, 67, 68, 69, 70, 75, 76, 77, 80, 84, 87, 89, 92, 95, 97, 100, 101, 102, 104, 105, 110, 111, 117, 118, 121], [5, 10, 15, 19, 23, 24, 26, 31, 34, 35, 38, 41, 44, 45, 48, 50, 51, 53, 57, 59, 60, 64, 65, 69, 71, 72, 74, 76, 78, 79, 80, 84, 87, 89, 92, 94, 95, 98, 99, 100, 101, 102, 104, 105, 111, 117, 118, 121], [11, 16, 20, 25, 26, 27, 32, 42, 47, 48, 56, 57, 58, 59, 60, 62, 67, 70, 72, 77, 79, 84, 92, 94, 95, 97, 99, 102, 105, 117, 121]!Vessel: HavilaForesight
[1, 6, 7, 8, 9, 10, 11, 27, 28, 29, 30, 31, 32, 33, 34, 35, 36, 37, 38, 56, 57, 62, 63, 64, 65, 66, 67, 68, 69, 70, 71, 72, 73, 74, 87, 92, 94, 97, 98, 99, 100, 104, 105, 110, 111, 117], [6, 12, 13, 14, 15, 16, 27, 28, 36, 37, 38, 39, 40, 41, 42, 43, 44, 45, 47, 48, 62, 66, 68, 69, 70, 71, 72, 73, 74, 75, 76, 77, 78, 79, 80, 84, 97, 98, 99, 100, 101, 102, 104, 105, 110], [2, 7, 12, 17, 18, 19, 20, 28, 29, 30, 31, 32, 39, 40, 41, 42, 49, 50, 51, 58, 59, 62, 63, 64, 65, 66, 67, 73, 74, 75, 76, 77, 78, 79, 89, 94, 95, 97, 98, 99, 100, 101, 102, 110, 111, 117], [3, 8, 13, 17, 21, 24, 29, 33, 35, 36, 39, 43, 45, 49, 51, 53, 63, 65, 68, 71, 73, 75, 78, 80, 87, 89, 98, 101, 104, 110, 111], [4, 9, 14, 18, 21, 23, 25, 30, 33, 34, 37, 40, 43, 44, 47, 49, 50, 53, 56, 58, 60, 63, 64, 66, 67, 68, 69, 70, 75, 76, 77, 80, 84, 87, 89, 92, 95, 97, 100, 101, 102, 104, 105, 110, 111, 117], [5, 10, 15, 19, 23, 24, 26, 31, 34, 35, 38, 41, 44, 45, 48, 50, 51, 53, 57, 59, 60, 64, 65, 69, 71, 72, 74, 76, 78, 79, 80, 84, 87, 89, 92, 94, 95, 98, 99, 100, 101, 102, 104, 105, 111, 117], [11, 16, 20, 25, 26, 27, 32, 42, 47, 48, 56, 57, 58, 59, 60, 62, 67, 70, 72, 77, 79, 84, 92, 94, 95, 97, 99, 102, 105, 117]!Vessel: FarStar
] 

Rvl : [
!l : 2, 3
[1, 2, 3, 4, 5, 6, 7, 8, 9, 10, 11, 12, 13, 14, 15, 16, 17, 18, 19, 20, 21, 25, 26, 27, 28, 30, 31, 32, 36, 37, 38, 39, 40, 41, 42, 47, 48, 56, 57, 58, 59, 62, 66, 67, 70, 72, 74, 77, 79, 94, 99], [23, 24, 29, 33, 34, 35, 43, 44, 45, 49, 50, 51, 53, 60, 63, 64, 65, 68, 69, 71, 73, 75, 76, 78, 80, 84, 87, 89, 92, 95, 97, 98, 100, 101, 102, 104, 105, 110, 111, 117, 118, 121]!Vessel: FarSeeker
[1, 2, 3, 4, 5, 6, 7, 8, 9, 10, 11, 12, 13, 14, 15, 16, 17, 18, 19, 20, 21, 25, 26, 27, 28, 30, 31, 32, 36, 37, 38, 39, 40, 41, 42, 47, 48, 56, 57, 58, 59, 62, 66, 67, 70, 72, 74, 77, 79, 94, 99], [23, 24, 29, 33, 34, 35, 43, 44, 45, 49, 50, 51, 53, 60, 63, 64, 65, 68, 69, 71, 73, 75, 76, 78, 80, 84, 87, 89, 92, 95, 97, 98, 100, 101, 102, 104, 105, 110, 111, 117, 118, 121]!Vessel: FarSearcher
[1, 2, 3, 4, 5, 6, 7, 8, 9, 10, 11, 12, 13, 14, 15, 16, 17, 18, 19, 20, 21, 25, 26, 27, 28, 30, 31, 32, 36, 37, 38, 39, 40, 41, 42, 47, 48, 56, 57, 58, 59, 62, 66, 67, 70, 72, 74, 77, 79, 94, 99], [23, 24, 29, 33, 34, 35, 43, 44, 45, 49, 50, 51, 53, 60, 63, 64, 65, 68, 69, 71, 73, 75, 76, 78, 80, 84, 87, 89, 92, 95, 97, 98, 100, 101, 102, 104, 105, 110, 111, 117, 121]!Vessel: FarSymphony
[1, 2, 3, 4, 5, 6, 7, 8, 9, 10, 11, 12, 13, 14, 15, 16, 17, 18, 19, 20, 21, 25, 26, 27, 28, 30, 31, 32, 36, 37, 38, 39, 40, 41, 42, 47, 48, 56, 57, 58, 59, 62, 66, 67, 70, 72, 74, 77, 79, 94, 99], [23, 24, 29, 33, 34, 35, 43, 44, 45, 49, 50, 51, 53, 60, 63, 64, 65, 68, 69, 71, 73, 75, 76, 78, 80, 84, 87, 89, 92, 95, 97, 98, 100, 101, 102, 104, 105, 110, 111, 117, 118, 121]!Vessel: HavilaForesight
[1, 2, 3, 4, 5, 6, 7, 8, 9, 10, 11, 12, 13, 14, 15, 16, 17, 18, 19, 20, 21, 25, 26, 27, 28, 30, 31, 32, 36, 37, 38, 39, 40, 41, 42, 47, 48, 56, 57, 58, 59, 62, 66, 67, 70, 72, 74, 77, 79, 94, 99], [23, 24, 29, 33, 34, 35, 43, 44, 45, 49, 50, 51, 53, 60, 63, 64, 65, 68, 69, 71, 73, 75, 76, 78, 80, 84, 87, 89, 92, 95, 97, 98, 100, 101, 102, 104, 105, 110, 111, 117]!Vessel: FarStar
] 

minF : 2
maxF : 6
Nf : [
!f : 2, 3, 4, 5, 6
[5, 6], [], [], [2, 3, 4, 7], [1]
]

! Parameters
VoyageCost: [37970, 39085, 64838, 59991, 44841, 44429, 45544, 73722, 62814, 47265, 43726, 43120, 73722, 62814, 46053, 38879, 74837, 63929, 47265, 42418, 72716, 81805, 83017, 62414, 46053, 50186, 49580, 81296, 70389, 50392, 48877, 81599, 84629, 85441, 80181, 69274, 49277, 78872, 67965, 47968, 46453, 81599, 84629, 84229, 68571, 47265, 82714, 85744, 85441, 90895, 68571, 48574, 67262, 47265, 84229, 55337, 89174, 88471, 88568, 76848, 76146, 88059, 88471, 77454, 87453, 55034, 85332, 54428, 86750, 87259, 76146, 86144, 53725, 93319, 88471, 92107, 92107, 88471, 53725, 87259, 82605, 92604, 60184, 88471, 94022, 89683, 95330, 89683, 93210, 94022, 88471, 100481, 90895]
VoyageDuration: [2, 2, 2, 2, 2, 2, 2, 2, 2, 2, 2, 2, 2, 2, 2, 2, 2, 2, 2, 2, 2, 3, 3, 2, 2, 2, 2, 3, 2, 2, 2, 3, 3, 3, 2, 2, 2, 2, 2, 2, 2, 3, 3, 3, 2, 2, 3, 3, 3, 3, 2, 2, 2, 2, 3, 2, 3, 3, 3, 2, 2, 3, 3, 2, 3, 2, 3, 2, 3, 3, 2, 3, 2, 3, 3, 3, 3, 3, 2, 3, 3, 3, 2, 3, 3, 3, 3, 3, 3, 3, 3, 3, 3]
TimeCharterCost: [120000, 125000, 130000, 110000, 104000]
RequiredVisits: [6, 5, 5, 5, 2, 2, 5]
NumberOfDaysAvailable: [7, 7, 7, 7, 7]
DepotCapacity: [3, 3, 3, 3, 3, 3, 3]
