!Summary:
!Execution time: 0,34 seconds
!Total # voyages: 225 (45 unique)
!Number of installations (excluding depot): 6
!Number of time windows: 0
!Number of vessels: 5

!Min. # installations: 1
!Max. number of installations: 8
!Min. duration: 56
!Max. duration: 80

!Name: FarStar	 # voyages: 45
!Name: FarSymphony	 # voyages: 45
!Name: FarSearcher	 # voyages: 45
!Name: FarSeeker	 # voyages: 45
!Name: HavilaForesight	 # voyages: 45
!------------------------------------------------------------------------------------------------------------------------
nV : 5
nR : 45
nN : 6
nT : 7
minL : 2
maxL : 3

! Sets: 
Rv : [
[1, 2, 3, 4, 5, 6, 7, 8, 9, 10, 12, 13, 14, 15, 16, 17, 18, 19, 20, 21, 22, 23, 24, 25, 27, 29, 30, 33, 34, 35, 36, 37, 38, 39, 40, 43, 44, 47, 48, 50, 52, 53, 54, 55, 60]!Vessel: FarSeeker
[1, 2, 3, 4, 5, 6, 7, 8, 9, 10, 12, 13, 14, 15, 16, 17, 18, 19, 20, 21, 22, 23, 24, 25, 27, 29, 30, 33, 34, 35, 36, 37, 38, 39, 40, 43, 44, 47, 48, 50, 52, 53, 54, 55, 60]!Vessel: FarSearcher
[1, 2, 3, 4, 5, 6, 7, 8, 9, 10, 12, 13, 14, 15, 16, 17, 18, 19, 20, 21, 22, 23, 24, 25, 27, 29, 30, 33, 34, 35, 36, 37, 38, 39, 40, 43, 44, 47, 48, 50, 52, 53, 54, 55, 60]!Vessel: FarSymphony
[1, 2, 3, 4, 5, 6, 7, 8, 9, 10, 12, 13, 14, 15, 16, 17, 18, 19, 20, 21, 22, 23, 24, 25, 27, 29, 30, 33, 34, 35, 36, 37, 38, 39, 40, 43, 44, 47, 48, 50, 52, 53, 54, 55, 60]!Vessel: HavilaForesight
[1, 2, 3, 4, 5, 6, 7, 8, 9, 10, 12, 13, 14, 15, 16, 17, 18, 19, 20, 21, 22, 23, 24, 25, 27, 29, 30, 33, 34, 35, 36, 37, 38, 39, 40, 43, 44, 47, 48, 50, 52, 53, 54, 55, 60]!Vessel: FarStar
] 

Rvi : [
!i : 1, 2, 3, 4, 5, 6
[1, 5, 6, 7, 8, 9, 20, 21, 22, 23, 24, 25, 27, 35, 37, 40, 43, 44, 48, 50, 52, 54, 55, 60], [5, 10, 12, 13, 20, 25, 27, 29, 30, 33, 43, 44, 47, 48, 55], [2, 6, 10, 14, 15, 16, 20, 21, 22, 23, 29, 30, 34, 38, 39, 40, 43, 44, 47, 50, 53, 54, 55, 60], [3, 7, 14, 17, 18, 21, 24, 34, 35, 36, 38, 40, 50, 52, 53, 60], [4, 8, 12, 15, 17, 19, 22, 24, 27, 29, 33, 34, 36, 37, 39, 40, 43, 47, 48, 52, 53, 54, 55, 60], [9, 13, 16, 18, 19, 23, 25, 30, 33, 35, 36, 37, 38, 39, 44, 47, 48, 50, 52, 53, 54, 55, 60]!Vessel: FarSeeker
[1, 5, 6, 7, 8, 9, 20, 21, 22, 23, 24, 25, 27, 35, 37, 40, 43, 44, 48, 50, 52, 54, 55, 60], [5, 10, 12, 13, 20, 25, 27, 29, 30, 33, 43, 44, 47, 48, 55], [2, 6, 10, 14, 15, 16, 20, 21, 22, 23, 29, 30, 34, 38, 39, 40, 43, 44, 47, 50, 53, 54, 55, 60], [3, 7, 14, 17, 18, 21, 24, 34, 35, 36, 38, 40, 50, 52, 53, 60], [4, 8, 12, 15, 17, 19, 22, 24, 27, 29, 33, 34, 36, 37, 39, 40, 43, 47, 48, 52, 53, 54, 55, 60], [9, 13, 16, 18, 19, 23, 25, 30, 33, 35, 36, 37, 38, 39, 44, 47, 48, 50, 52, 53, 54, 55, 60]!Vessel: FarSearcher
[1, 5, 6, 7, 8, 9, 20, 21, 22, 23, 24, 25, 27, 35, 37, 40, 43, 44, 48, 50, 52, 54, 55, 60], [5, 10, 12, 13, 20, 25, 27, 29, 30, 33, 43, 44, 47, 48, 55], [2, 6, 10, 14, 15, 16, 20, 21, 22, 23, 29, 30, 34, 38, 39, 40, 43, 44, 47, 50, 53, 54, 55, 60], [3, 7, 14, 17, 18, 21, 24, 34, 35, 36, 38, 40, 50, 52, 53, 60], [4, 8, 12, 15, 17, 19, 22, 24, 27, 29, 33, 34, 36, 37, 39, 40, 43, 47, 48, 52, 53, 54, 55, 60], [9, 13, 16, 18, 19, 23, 25, 30, 33, 35, 36, 37, 38, 39, 44, 47, 48, 50, 52, 53, 54, 55, 60]!Vessel: FarSymphony
[1, 5, 6, 7, 8, 9, 20, 21, 22, 23, 24, 25, 27, 35, 37, 40, 43, 44, 48, 50, 52, 54, 55, 60], [5, 10, 12, 13, 20, 25, 27, 29, 30, 33, 43, 44, 47, 48, 55], [2, 6, 10, 14, 15, 16, 20, 21, 22, 23, 29, 30, 34, 38, 39, 40, 43, 44, 47, 50, 53, 54, 55, 60], [3, 7, 14, 17, 18, 21, 24, 34, 35, 36, 38, 40, 50, 52, 53, 60], [4, 8, 12, 15, 17, 19, 22, 24, 27, 29, 33, 34, 36, 37, 39, 40, 43, 47, 48, 52, 53, 54, 55, 60], [9, 13, 16, 18, 19, 23, 25, 30, 33, 35, 36, 37, 38, 39, 44, 47, 48, 50, 52, 53, 54, 55, 60]!Vessel: HavilaForesight
[1, 5, 6, 7, 8, 9, 20, 21, 22, 23, 24, 25, 27, 35, 37, 40, 43, 44, 48, 50, 52, 54, 55, 60], [5, 10, 12, 13, 20, 25, 27, 29, 30, 33, 43, 44, 47, 48, 55], [2, 6, 10, 14, 15, 16, 20, 21, 22, 23, 29, 30, 34, 38, 39, 40, 43, 44, 47, 50, 53, 54, 55, 60], [3, 7, 14, 17, 18, 21, 24, 34, 35, 36, 38, 40, 50, 52, 53, 60], [4, 8, 12, 15, 17, 19, 22, 24, 27, 29, 33, 34, 36, 37, 39, 40, 43, 47, 48, 52, 53, 54, 55, 60], [9, 13, 16, 18, 19, 23, 25, 30, 33, 35, 36, 37, 38, 39, 44, 47, 48, 50, 52, 53, 54, 55, 60]!Vessel: FarStar
] 

Rvl : [
!l : 2, 3
[1, 2, 3, 4, 5, 6, 7, 8, 9, 10, 12, 13, 14, 15, 16, 17, 18, 19, 20, 22, 23, 25, 27, 29, 30, 33, 35, 36, 37, 38, 39, 43, 44, 47, 48, 54], [21, 24, 34, 40, 50, 52, 53, 55, 60]!Vessel: FarSeeker
[1, 2, 3, 4, 5, 6, 7, 8, 9, 10, 12, 13, 14, 15, 16, 17, 18, 19, 20, 22, 23, 25, 27, 29, 30, 33, 35, 36, 37, 38, 39, 43, 44, 47, 48, 54], [21, 24, 34, 40, 50, 52, 53, 55, 60]!Vessel: FarSearcher
[1, 2, 3, 4, 5, 6, 7, 8, 9, 10, 12, 13, 14, 15, 16, 17, 18, 19, 20, 22, 23, 25, 27, 29, 30, 33, 35, 36, 37, 38, 39, 43, 44, 47, 48, 54], [21, 24, 34, 40, 50, 52, 53, 55, 60]!Vessel: FarSymphony
[1, 2, 3, 4, 5, 6, 7, 8, 9, 10, 12, 13, 14, 15, 16, 17, 18, 19, 20, 22, 23, 25, 27, 29, 30, 33, 35, 36, 37, 38, 39, 43, 44, 47, 48, 54], [21, 24, 34, 40, 50, 52, 53, 55, 60]!Vessel: HavilaForesight
[1, 2, 3, 4, 5, 6, 7, 8, 9, 10, 12, 13, 14, 15, 16, 17, 18, 19, 20, 22, 23, 25, 27, 29, 30, 33, 35, 36, 37, 38, 39, 43, 44, 47, 48, 54], [21, 24, 34, 40, 50, 52, 53, 55, 60]!Vessel: FarStar
] 

minF : 2
maxF : 6
Nf : [
!f : 2, 3, 4, 5, 6
[5, 6], [], [], [2, 3, 4], [1]
]

! Parameters
VoyageCost: [37970, 39085, 64838, 53931, 44429, 45544, 73722, 62814, 42817, 43120, 62814, 40394, 74837, 63929, 43932, 72716, 72110, 61202, 49580, 81296, 70389, 50392, 81599, 49277, 69274, 67965, 47968, 67662, 82714, 78569, 79987, 67662, 79684, 68777, 89174, 74425, 54428, 75237, 74122, 86144, 86447, 87562, 75237, 81696, 94022]
VoyageDuration: [2, 2, 2, 2, 2, 2, 2, 2, 2, 2, 2, 2, 2, 2, 2, 2, 2, 2, 2, 3, 2, 2, 3, 2, 2, 2, 2, 2, 3, 2, 2, 2, 2, 2, 3, 2, 2, 2, 2, 3, 3, 3, 2, 3, 3]
TimeCharterCost: [120000, 125000, 130000, 110000, 104000]
RequiredVisits: [6, 5, 5, 5, 2, 2]
NumberOfDaysAvailable: [7, 7, 7, 7, 7]
DepotCapacity: [3, 3, 3, 3, 3, 3, 3]
