!Summary:
!Execution time: 0,39 seconds
!Total # voyages: 230 (46 unique)
!Number of installations (excluding depot): 6
!Number of time windows: 2
!Number of vessels: 5

!Min. # installations: 1
!Max. number of installations: 8
!Min. duration: 56
!Max. duration: 80

!Name: FarStar	 # voyages: 46
!Name: FarSymphony	 # voyages: 46
!Name: FarSearcher	 # voyages: 46
!Name: FarSeeker	 # voyages: 46
!Name: HavilaForesight	 # voyages: 46
!------------------------------------------------------------------------------------------------------------------------
nV : 5
nR : 46
nN : 6
nT : 7
minL : 2
maxL : 3

! Sets: 
Rv : [
[1, 2, 3, 4, 5, 6, 7, 8, 9, 10, 11, 13, 14, 15, 16, 17, 18, 19, 20, 21, 22, 23, 24, 25, 26, 28, 29, 31, 32, 34, 35, 36, 37, 38, 40, 41, 42, 43, 44, 48, 49, 52, 54, 55, 56, 61]!Vessel: FarSeeker
[1, 2, 3, 4, 5, 6, 7, 8, 9, 10, 11, 13, 14, 15, 16, 17, 18, 19, 20, 21, 22, 23, 24, 25, 26, 28, 29, 31, 32, 34, 35, 36, 37, 38, 40, 41, 42, 43, 44, 48, 49, 52, 54, 55, 56, 61]!Vessel: FarSearcher
[1, 2, 3, 4, 5, 6, 7, 8, 9, 10, 11, 13, 14, 15, 16, 17, 18, 19, 20, 21, 22, 23, 24, 25, 26, 28, 29, 31, 32, 34, 35, 36, 37, 38, 40, 41, 42, 43, 44, 48, 49, 52, 54, 55, 56, 61]!Vessel: FarSymphony
[1, 2, 3, 4, 5, 6, 7, 8, 9, 10, 11, 13, 14, 15, 16, 17, 18, 19, 20, 21, 22, 23, 24, 25, 26, 28, 29, 31, 32, 34, 35, 36, 37, 38, 40, 41, 42, 43, 44, 48, 49, 52, 54, 55, 56, 61]!Vessel: HavilaForesight
[1, 2, 3, 4, 5, 6, 7, 8, 9, 10, 11, 13, 14, 15, 16, 17, 18, 19, 20, 21, 22, 23, 24, 25, 26, 28, 29, 31, 32, 34, 35, 36, 37, 38, 40, 41, 42, 43, 44, 48, 49, 52, 54, 55, 56, 61]!Vessel: FarStar
] 

Rvi : [
!i : 1, 2, 3, 4, 5, 6
[1, 6, 7, 8, 9, 10, 21, 22, 23, 24, 25, 26, 28, 29, 38, 41, 42, 43, 44, 48, 49, 54, 56, 61], [6, 11, 13, 14, 21, 28, 29, 31, 32, 34, 44, 48, 49, 52, 56], [2, 7, 11, 15, 16, 17, 21, 22, 23, 24, 31, 32, 35, 36, 40, 41, 42, 43, 48, 49, 52, 55, 56, 61], [3, 8, 15, 18, 19, 22, 25, 35, 37, 38, 40, 41, 42, 54, 55, 61], [4, 9, 13, 16, 18, 20, 23, 25, 26, 28, 31, 34, 35, 36, 37, 41, 43, 44, 48, 52, 54, 55, 56, 61], [5, 10, 14, 17, 19, 20, 24, 26, 29, 32, 34, 36, 37, 38, 40, 42, 43, 44, 49, 52, 54, 55, 56, 61]!Vessel: FarSeeker
[1, 6, 7, 8, 9, 10, 21, 22, 23, 24, 25, 26, 28, 29, 38, 41, 42, 43, 44, 48, 49, 54, 56, 61], [6, 11, 13, 14, 21, 28, 29, 31, 32, 34, 44, 48, 49, 52, 56], [2, 7, 11, 15, 16, 17, 21, 22, 23, 24, 31, 32, 35, 36, 40, 41, 42, 43, 48, 49, 52, 55, 56, 61], [3, 8, 15, 18, 19, 22, 25, 35, 37, 38, 40, 41, 42, 54, 55, 61], [4, 9, 13, 16, 18, 20, 23, 25, 26, 28, 31, 34, 35, 36, 37, 41, 43, 44, 48, 52, 54, 55, 56, 61], [5, 10, 14, 17, 19, 20, 24, 26, 29, 32, 34, 36, 37, 38, 40, 42, 43, 44, 49, 52, 54, 55, 56, 61]!Vessel: FarSearcher
[1, 6, 7, 8, 9, 10, 21, 22, 23, 24, 25, 26, 28, 29, 38, 41, 42, 43, 44, 48, 49, 54, 56, 61], [6, 11, 13, 14, 21, 28, 29, 31, 32, 34, 44, 48, 49, 52, 56], [2, 7, 11, 15, 16, 17, 21, 22, 23, 24, 31, 32, 35, 36, 40, 41, 42, 43, 48, 49, 52, 55, 56, 61], [3, 8, 15, 18, 19, 22, 25, 35, 37, 38, 40, 41, 42, 54, 55, 61], [4, 9, 13, 16, 18, 20, 23, 25, 26, 28, 31, 34, 35, 36, 37, 41, 43, 44, 48, 52, 54, 55, 56, 61], [5, 10, 14, 17, 19, 20, 24, 26, 29, 32, 34, 36, 37, 38, 40, 42, 43, 44, 49, 52, 54, 55, 56, 61]!Vessel: FarSymphony
[1, 6, 7, 8, 9, 10, 21, 22, 23, 24, 25, 26, 28, 29, 38, 41, 42, 43, 44, 48, 49, 54, 56, 61], [6, 11, 13, 14, 21, 28, 29, 31, 32, 34, 44, 48, 49, 52, 56], [2, 7, 11, 15, 16, 17, 21, 22, 23, 24, 31, 32, 35, 36, 40, 41, 42, 43, 48, 49, 52, 55, 56, 61], [3, 8, 15, 18, 19, 22, 25, 35, 37, 38, 40, 41, 42, 54, 55, 61], [4, 9, 13, 16, 18, 20, 23, 25, 26, 28, 31, 34, 35, 36, 37, 41, 43, 44, 48, 52, 54, 55, 56, 61], [5, 10, 14, 17, 19, 20, 24, 26, 29, 32, 34, 36, 37, 38, 40, 42, 43, 44, 49, 52, 54, 55, 56, 61]!Vessel: HavilaForesight
[1, 6, 7, 8, 9, 10, 21, 22, 23, 24, 25, 26, 28, 29, 38, 41, 42, 43, 44, 48, 49, 54, 56, 61], [6, 11, 13, 14, 21, 28, 29, 31, 32, 34, 44, 48, 49, 52, 56], [2, 7, 11, 15, 16, 17, 21, 22, 23, 24, 31, 32, 35, 36, 40, 41, 42, 43, 48, 49, 52, 55, 56, 61], [3, 8, 15, 18, 19, 22, 25, 35, 37, 38, 40, 41, 42, 54, 55, 61], [4, 9, 13, 16, 18, 20, 23, 25, 26, 28, 31, 34, 35, 36, 37, 41, 43, 44, 48, 52, 54, 55, 56, 61], [5, 10, 14, 17, 19, 20, 24, 26, 29, 32, 34, 36, 37, 38, 40, 42, 43, 44, 49, 52, 54, 55, 56, 61]!Vessel: FarStar
] 

Rvl : [
!l : 2, 3
[1, 2, 3, 4, 5, 6, 7, 8, 9, 10, 11, 13, 14, 15, 16, 17, 18, 19, 20, 21, 23, 24, 26, 28, 29, 31, 32, 34, 36, 38, 44, 48, 49, 52], [22, 25, 35, 37, 40, 41, 42, 43, 54, 55, 56, 61]!Vessel: FarSeeker
[1, 2, 3, 4, 5, 6, 7, 8, 9, 10, 11, 13, 14, 15, 16, 17, 18, 19, 20, 21, 23, 24, 26, 28, 29, 31, 32, 34, 36, 38, 44, 48, 49, 52], [22, 25, 35, 37, 40, 41, 42, 43, 54, 55, 56, 61]!Vessel: FarSearcher
[1, 2, 3, 4, 5, 6, 7, 8, 9, 10, 11, 13, 14, 15, 16, 17, 18, 19, 20, 21, 23, 24, 26, 28, 29, 31, 32, 34, 36, 38, 44, 48, 49, 52], [22, 25, 35, 37, 40, 41, 42, 43, 54, 55, 56, 61]!Vessel: FarSymphony
[1, 2, 3, 4, 5, 6, 7, 8, 9, 10, 11, 13, 14, 15, 16, 17, 18, 19, 20, 21, 23, 24, 26, 28, 29, 31, 32, 34, 36, 38, 44, 48, 49, 52], [22, 25, 35, 37, 40, 41, 42, 43, 54, 55, 56, 61]!Vessel: HavilaForesight
[1, 2, 3, 4, 5, 6, 7, 8, 9, 10, 11, 13, 14, 15, 16, 17, 18, 19, 20, 21, 23, 24, 26, 28, 29, 31, 32, 34, 36, 38, 44, 48, 49, 52], [22, 25, 35, 37, 40, 41, 42, 43, 54, 55, 56, 61]!Vessel: FarStar
] 

minF : 2
maxF : 6
Nf : [
!f : 2, 3, 4, 5, 6
[5, 6], [], [], [2, 3, 4], [1]
]

! Parameters
VoyageCost: [37970, 39085, 64838, 59991, 42418, 44429, 45544, 73722, 62814, 47265, 43120, 62814, 46053, 74837, 63929, 47265, 72716, 72110, 67262, 49580, 81296, 70389, 50392, 81599, 70086, 69274, 49277, 67965, 47968, 70086, 82714, 71201, 88471, 80993, 82108, 89174, 88568, 77660, 76545, 74425, 54428, 75237, 92107, 92107, 84120, 94022]
VoyageDuration: [2, 2, 2, 2, 2, 2, 2, 2, 2, 2, 2, 2, 2, 2, 2, 2, 2, 2, 2, 2, 3, 2, 2, 3, 2, 2, 2, 2, 2, 2, 3, 2, 3, 2, 3, 3, 3, 3, 2, 2, 2, 2, 3, 3, 3, 3]
TimeCharterCost: [120000, 125000, 130000, 110000, 104000]
RequiredVisits: [6, 5, 5, 5, 2, 2]
NumberOfDaysAvailable: [7, 7, 7, 7, 7]
DepotCapacity: [3, 3, 3, 3, 3, 3, 3]
