!Summary:
!Execution time: 0,33 seconds
!Total # voyages: 110 (22 unique)
!Number of installations (excluding depot): 5
!Number of time windows: 0
!Number of vessels: 5

!Min. # installations: 1
!Max. number of installations: 8
!Min. duration: 56
!Max. duration: 80

!Name: FarStar	 # voyages: 22
!Name: FarSymphony	 # voyages: 22
!Name: FarSearcher	 # voyages: 22
!Name: FarSeeker	 # voyages: 22
!Name: HavilaForesight	 # voyages: 22
!------------------------------------------------------------------------------------------------------------------------
nV : 5
nR : 22
nN : 5
nT : 7
minL : 2
maxL : 3

! Sets: 
Rv : [
[1, 2, 3, 4, 5, 6, 7, 8, 9, 11, 12, 13, 14, 15, 16, 17, 18, 20, 22, 24, 25, 28]!Vessel: FarSeeker
[1, 2, 3, 4, 5, 6, 7, 8, 9, 11, 12, 13, 14, 15, 16, 17, 18, 20, 22, 24, 25, 28]!Vessel: FarSearcher
[1, 2, 3, 4, 5, 6, 7, 8, 9, 11, 12, 13, 14, 15, 16, 17, 18, 20, 22, 24, 25, 28]!Vessel: FarSymphony
[1, 2, 3, 4, 5, 6, 7, 8, 9, 11, 12, 13, 14, 15, 16, 17, 18, 20, 22, 24, 25, 28]!Vessel: HavilaForesight
[1, 2, 3, 4, 5, 6, 7, 8, 9, 11, 12, 13, 14, 15, 16, 17, 18, 20, 22, 24, 25, 28]!Vessel: FarStar
] 

Rvi : [
!i : 1, 2, 3, 4, 5
[1, 5, 6, 7, 8, 15, 16, 17, 18, 20, 25, 28], [5, 9, 11, 15, 20, 22, 28], [2, 6, 9, 12, 13, 15, 16, 17, 22, 24, 25, 28], [3, 7, 12, 14, 16, 18, 24, 25], [4, 8, 11, 13, 14, 17, 18, 20, 22, 24, 25, 28]!Vessel: FarSeeker
[1, 5, 6, 7, 8, 15, 16, 17, 18, 20, 25, 28], [5, 9, 11, 15, 20, 22, 28], [2, 6, 9, 12, 13, 15, 16, 17, 22, 24, 25, 28], [3, 7, 12, 14, 16, 18, 24, 25], [4, 8, 11, 13, 14, 17, 18, 20, 22, 24, 25, 28]!Vessel: FarSearcher
[1, 5, 6, 7, 8, 15, 16, 17, 18, 20, 25, 28], [5, 9, 11, 15, 20, 22, 28], [2, 6, 9, 12, 13, 15, 16, 17, 22, 24, 25, 28], [3, 7, 12, 14, 16, 18, 24, 25], [4, 8, 11, 13, 14, 17, 18, 20, 22, 24, 25, 28]!Vessel: FarSymphony
[1, 5, 6, 7, 8, 15, 16, 17, 18, 20, 25, 28], [5, 9, 11, 15, 20, 22, 28], [2, 6, 9, 12, 13, 15, 16, 17, 22, 24, 25, 28], [3, 7, 12, 14, 16, 18, 24, 25], [4, 8, 11, 13, 14, 17, 18, 20, 22, 24, 25, 28]!Vessel: HavilaForesight
[1, 5, 6, 7, 8, 15, 16, 17, 18, 20, 25, 28], [5, 9, 11, 15, 20, 22, 28], [2, 6, 9, 12, 13, 15, 16, 17, 22, 24, 25, 28], [3, 7, 12, 14, 16, 18, 24, 25], [4, 8, 11, 13, 14, 17, 18, 20, 22, 24, 25, 28]!Vessel: FarStar
] 

Rvl : [
!l : 2, 3
[1, 2, 3, 4, 5, 6, 7, 8, 9, 11, 12, 13, 14, 15, 17, 20, 22, 28], [16, 18, 24, 25]!Vessel: FarSeeker
[1, 2, 3, 4, 5, 6, 7, 8, 9, 11, 12, 13, 14, 15, 17, 20, 22, 28], [16, 18, 24, 25]!Vessel: FarSearcher
[1, 2, 3, 4, 5, 6, 7, 8, 9, 11, 12, 13, 14, 15, 17, 20, 22, 28], [16, 18, 24, 25]!Vessel: FarSymphony
[1, 2, 3, 4, 5, 6, 7, 8, 9, 11, 12, 13, 14, 15, 17, 20, 22, 28], [16, 18, 24, 25]!Vessel: HavilaForesight
[1, 2, 3, 4, 5, 6, 7, 8, 9, 11, 12, 13, 14, 15, 17, 20, 22, 28], [16, 18, 24, 25]!Vessel: FarStar
] 

minF : 2
maxF : 6
Nf : [
!f : 2, 3, 4, 5, 6
[5], [], [], [2, 3, 4], [1]
]

! Parameters
VoyageCost: [37970, 39085, 64838, 53931, 44429, 45544, 73722, 62814, 43120, 62814, 74837, 63929, 72716, 49580, 81296, 70389, 81599, 69274, 67965, 82714, 89174, 74425]
VoyageDuration: [2, 2, 2, 2, 2, 2, 2, 2, 2, 2, 2, 2, 2, 2, 3, 2, 3, 2, 2, 3, 3, 2]
TimeCharterCost: [120000, 125000, 130000, 110000, 104000]
RequiredVisits: [6, 5, 5, 5, 2]
NumberOfDaysAvailable: [7, 7, 7, 7, 7]
DepotCapacity: [3, 3, 3, 3, 3, 3, 3]
