!Summary:
!Execution time: 0,51 seconds
!Total # voyages: 1794 (370 unique)
!Number of installations (excluding depot): 9
!Number of time windows: 0
!Number of vessels: 5

!Min. # installations: 1
!Max. number of installations: 8
!Min. duration: 56
!Max. duration: 80

!Name: FarStar	 # voyages: 336
!Name: FarSymphony	 # voyages: 349
!Name: FarSearcher	 # voyages: 370
!Name: FarSeeker	 # voyages: 370
!Name: HavilaForesight	 # voyages: 369
!------------------------------------------------------------------------------------------------------------------------
nV : 5
nR : 370
nN : 9
nT : 7
minL : 2
maxL : 3

! Sets: 
Rv : [
[1, 2, 3, 4, 5, 6, 7, 8, 9, 10, 11, 12, 13, 14, 15, 16, 17, 18, 19, 20, 21, 22, 23, 24, 25, 26, 27, 28, 30, 31, 32, 33, 34, 35, 36, 37, 38, 39, 40, 41, 42, 43, 44, 45, 46, 47, 48, 49, 50, 51, 52, 53, 54, 55, 56, 57, 58, 59, 60, 61, 62, 63, 64, 65, 66, 67, 68, 69, 70, 71, 72, 74, 75, 76, 77, 78, 79, 81, 83, 84, 85, 86, 87, 88, 91, 92, 93, 94, 95, 96, 97, 98, 99, 100, 101, 102, 103, 104, 105, 106, 107, 108, 109, 110, 111, 112, 113, 114, 115, 116, 117, 118, 120, 122, 123, 124, 125, 126, 127, 128, 129, 130, 131, 132, 133, 134, 135, 136, 137, 138, 139, 140, 141, 142, 143, 144, 145, 146, 147, 148, 149, 150, 151, 152, 153, 154, 155, 156, 157, 158, 159, 160, 161, 162, 163, 165, 166, 167, 169, 171, 172, 173, 174, 176, 177, 178, 180, 182, 184, 185, 187, 189, 190, 192, 193, 194, 195, 196, 198, 200, 201, 205, 207, 208, 209, 210, 211, 212, 213, 214, 215, 216, 217, 218, 219, 220, 221, 222, 223, 224, 225, 226, 227, 228, 229, 230, 231, 232, 233, 234, 235, 236, 238, 239, 241, 242, 244, 246, 248, 249, 250, 251, 252, 253, 254, 255, 256, 257, 258, 259, 260, 261, 262, 263, 264, 265, 266, 267, 268, 269, 270, 271, 272, 273, 274, 275, 276, 277, 278, 279, 280, 282, 283, 285, 287, 289, 290, 292, 294, 296, 298, 301, 308, 311, 313, 314, 315, 317, 318, 320, 322, 323, 326, 328, 330, 332, 335, 337, 342, 343, 344, 345, 346, 347, 348, 349, 350, 351, 352, 353, 354, 355, 356, 357, 358, 359, 360, 361, 362, 363, 364, 365, 366, 368, 369, 370, 371, 372, 373, 374, 375, 376, 377, 378, 379, 380, 381, 382, 383, 384, 385, 386, 387, 388, 389, 390, 392, 394, 395, 396, 397, 398, 399, 400, 402, 403, 405, 407, 411, 421, 423, 425, 427, 429, 432, 434, 439, 446, 447, 448, 449, 450, 451, 452, 453, 454, 455, 456, 457, 459, 460, 461, 462, 465, 469, 472, 473, 474, 489, 490]!Vessel: FarSeeker
[1, 2, 3, 4, 5, 6, 7, 8, 9, 10, 11, 12, 13, 14, 15, 16, 17, 18, 19, 20, 21, 22, 23, 24, 25, 26, 27, 28, 30, 31, 32, 33, 34, 35, 36, 37, 38, 39, 40, 41, 42, 43, 44, 45, 46, 47, 48, 49, 50, 51, 52, 53, 54, 55, 56, 57, 58, 59, 60, 61, 62, 63, 64, 65, 66, 67, 68, 69, 70, 71, 72, 74, 75, 76, 77, 78, 79, 81, 83, 84, 85, 86, 87, 88, 91, 92, 93, 94, 95, 96, 97, 98, 99, 100, 101, 102, 103, 104, 105, 106, 107, 108, 109, 110, 111, 112, 113, 114, 115, 116, 117, 118, 120, 122, 123, 124, 125, 126, 127, 128, 129, 130, 131, 132, 133, 134, 135, 136, 137, 138, 139, 140, 141, 142, 143, 144, 145, 146, 147, 148, 149, 150, 151, 152, 153, 154, 155, 156, 157, 158, 159, 160, 161, 162, 163, 165, 166, 167, 169, 171, 172, 173, 174, 176, 177, 178, 180, 182, 184, 185, 187, 189, 190, 192, 193, 194, 195, 196, 198, 200, 201, 205, 207, 208, 209, 210, 211, 212, 213, 214, 215, 216, 217, 218, 219, 220, 221, 222, 223, 224, 225, 226, 227, 228, 229, 230, 231, 232, 233, 234, 235, 236, 238, 239, 241, 242, 244, 246, 248, 249, 250, 251, 252, 253, 254, 255, 256, 257, 258, 259, 260, 261, 262, 263, 264, 265, 266, 267, 268, 269, 270, 271, 272, 273, 274, 275, 276, 277, 278, 279, 280, 282, 283, 285, 287, 289, 290, 292, 294, 296, 298, 301, 308, 311, 313, 314, 315, 317, 318, 320, 322, 323, 326, 328, 330, 332, 335, 337, 342, 343, 344, 345, 346, 347, 348, 349, 350, 351, 352, 353, 354, 355, 356, 357, 358, 359, 360, 361, 362, 363, 364, 365, 366, 368, 369, 370, 371, 372, 373, 374, 375, 376, 377, 378, 379, 380, 381, 382, 383, 384, 385, 386, 387, 388, 389, 390, 392, 394, 395, 396, 397, 398, 399, 400, 402, 403, 405, 407, 411, 421, 423, 425, 427, 429, 432, 434, 439, 446, 447, 448, 449, 450, 451, 452, 453, 454, 455, 456, 457, 459, 460, 461, 462, 465, 469, 472, 473, 474, 489, 490]!Vessel: FarSearcher
[1, 2, 3, 4, 5, 6, 7, 8, 9, 10, 11, 12, 13, 14, 15, 16, 17, 18, 19, 20, 21, 22, 23, 24, 25, 26, 27, 28, 30, 31, 32, 33, 34, 35, 36, 37, 38, 39, 40, 41, 42, 43, 44, 45, 46, 47, 48, 49, 50, 51, 52, 53, 54, 55, 56, 57, 58, 59, 60, 61, 62, 63, 64, 65, 66, 67, 68, 69, 70, 71, 72, 74, 75, 76, 77, 78, 79, 81, 83, 84, 85, 86, 87, 88, 91, 92, 93, 94, 95, 96, 97, 98, 99, 100, 101, 102, 103, 104, 105, 106, 107, 108, 109, 110, 111, 112, 113, 114, 115, 116, 117, 118, 120, 122, 123, 124, 125, 126, 127, 128, 129, 130, 131, 132, 133, 134, 135, 136, 137, 138, 139, 140, 141, 142, 143, 144, 145, 146, 147, 148, 149, 150, 151, 152, 153, 154, 155, 156, 157, 158, 159, 160, 161, 162, 163, 165, 166, 167, 169, 171, 172, 173, 174, 176, 177, 178, 180, 182, 184, 185, 187, 189, 190, 192, 193, 194, 195, 196, 198, 200, 201, 205, 207, 208, 209, 210, 211, 212, 213, 214, 215, 216, 217, 218, 219, 220, 221, 222, 223, 224, 225, 226, 227, 228, 229, 230, 231, 232, 233, 234, 235, 236, 238, 239, 241, 242, 244, 246, 248, 249, 250, 251, 252, 253, 254, 255, 256, 257, 258, 259, 260, 261, 262, 263, 264, 265, 266, 267, 268, 269, 270, 271, 272, 273, 274, 275, 276, 277, 278, 279, 280, 282, 283, 285, 287, 289, 290, 292, 294, 296, 298, 301, 308, 311, 313, 314, 315, 317, 318, 320, 322, 323, 326, 328, 330, 332, 335, 337, 342, 343, 344, 345, 346, 347, 348, 349, 350, 351, 352, 353, 354, 355, 356, 357, 358, 359, 360, 361, 362, 363, 364, 365, 366, 368, 369, 370, 371, 372, 373, 374, 375, 376, 377, 378, 382, 384, 386, 387, 390, 394, 396, 397, 402, 403, 405, 407, 421, 423, 427, 429, 432, 434, 446, 447, 448, 449, 450, 451, 452, 453, 454, 455, 456, 457, 459, 460, 461, 465, 473]!Vessel: FarSymphony
[1, 2, 3, 4, 5, 6, 7, 8, 9, 10, 11, 12, 13, 14, 15, 16, 17, 18, 19, 20, 21, 22, 23, 24, 25, 26, 27, 28, 30, 31, 32, 33, 34, 35, 36, 37, 38, 39, 40, 41, 42, 43, 44, 45, 46, 47, 48, 49, 50, 51, 52, 53, 54, 55, 56, 57, 58, 59, 60, 61, 62, 63, 64, 65, 66, 67, 68, 69, 70, 71, 72, 74, 75, 76, 77, 78, 79, 81, 83, 84, 85, 86, 87, 88, 91, 92, 93, 94, 95, 96, 97, 98, 99, 100, 101, 102, 103, 104, 105, 106, 107, 108, 109, 110, 111, 112, 113, 114, 115, 116, 117, 118, 120, 122, 123, 124, 125, 126, 127, 128, 129, 130, 131, 132, 133, 134, 135, 136, 137, 138, 139, 140, 141, 142, 143, 144, 145, 146, 147, 148, 149, 150, 151, 152, 153, 154, 155, 156, 157, 158, 159, 160, 161, 162, 163, 165, 166, 167, 169, 171, 172, 173, 174, 176, 177, 178, 180, 182, 184, 185, 187, 189, 190, 192, 193, 194, 195, 196, 198, 200, 201, 205, 207, 208, 209, 210, 211, 212, 213, 214, 215, 216, 217, 218, 219, 220, 221, 222, 223, 224, 225, 226, 227, 228, 229, 230, 231, 232, 233, 234, 235, 236, 238, 239, 241, 242, 244, 246, 248, 249, 250, 251, 252, 253, 254, 255, 256, 257, 258, 259, 260, 261, 262, 263, 264, 265, 266, 267, 268, 269, 270, 271, 272, 273, 274, 275, 276, 277, 278, 279, 280, 282, 283, 285, 287, 289, 290, 292, 294, 296, 298, 301, 308, 311, 313, 314, 315, 317, 318, 320, 322, 323, 326, 328, 330, 332, 335, 337, 342, 343, 344, 345, 346, 347, 348, 349, 350, 351, 352, 353, 354, 355, 356, 357, 358, 359, 360, 361, 362, 363, 364, 365, 366, 368, 369, 370, 371, 372, 373, 374, 375, 376, 377, 378, 379, 380, 381, 382, 383, 384, 385, 386, 387, 388, 389, 390, 392, 394, 395, 396, 397, 398, 399, 400, 402, 403, 405, 407, 411, 421, 423, 425, 427, 429, 432, 434, 439, 446, 447, 448, 449, 450, 451, 452, 453, 454, 455, 456, 457, 459, 460, 461, 462, 465, 469, 472, 473, 474, 490]!Vessel: HavilaForesight
[1, 2, 3, 4, 5, 6, 7, 8, 9, 10, 11, 12, 13, 14, 15, 16, 17, 18, 19, 20, 21, 22, 23, 24, 25, 26, 27, 28, 30, 31, 32, 33, 34, 35, 36, 37, 38, 39, 40, 41, 42, 43, 44, 45, 46, 47, 48, 49, 50, 51, 52, 53, 54, 55, 56, 57, 58, 59, 60, 61, 62, 63, 64, 65, 66, 67, 68, 69, 70, 71, 72, 74, 75, 76, 77, 78, 79, 81, 83, 84, 85, 86, 87, 88, 91, 92, 93, 94, 95, 96, 97, 98, 99, 100, 101, 102, 103, 104, 105, 106, 107, 108, 109, 110, 111, 112, 113, 114, 115, 116, 117, 118, 120, 122, 123, 124, 125, 126, 127, 128, 129, 130, 131, 132, 133, 134, 135, 136, 137, 138, 139, 140, 141, 142, 143, 144, 145, 146, 147, 148, 149, 150, 151, 152, 153, 154, 155, 156, 157, 158, 159, 160, 161, 162, 163, 165, 166, 167, 169, 171, 172, 173, 174, 176, 177, 178, 180, 182, 184, 185, 187, 189, 190, 192, 193, 194, 195, 196, 198, 200, 201, 205, 207, 208, 209, 210, 211, 212, 213, 214, 215, 216, 217, 218, 219, 220, 221, 222, 223, 224, 225, 226, 227, 228, 229, 230, 231, 232, 233, 234, 235, 236, 238, 239, 241, 242, 244, 246, 248, 249, 250, 251, 252, 253, 254, 255, 256, 257, 258, 259, 260, 261, 262, 263, 265, 266, 267, 268, 269, 270, 271, 272, 273, 274, 275, 276, 277, 278, 279, 280, 282, 283, 285, 287, 289, 290, 292, 294, 296, 298, 301, 308, 311, 313, 314, 315, 317, 318, 320, 322, 323, 326, 328, 330, 332, 335, 337, 342, 343, 344, 345, 346, 347, 348, 349, 350, 351, 352, 353, 354, 355, 356, 357, 358, 359, 360, 361, 362, 363, 364, 365, 366, 368, 369, 370, 371, 372, 373, 374, 375, 376, 377, 382, 384, 386, 387, 390, 394, 396, 397, 402, 403, 405, 407, 421, 427, 434, 446, 447, 451, 452, 454, 457, 459, 460, 473]!Vessel: FarStar
] 

Rvi : [
!i : 1, 2, 3, 4, 5, 6, 7, 8, 9
[1, 6, 7, 8, 9, 10, 11, 12, 13, 42, 43, 44, 45, 46, 47, 48, 49, 50, 51, 52, 53, 54, 55, 56, 57, 58, 79, 91, 92, 97, 98, 109, 110, 114, 123, 124, 126, 127, 128, 129, 130, 131, 132, 133, 134, 135, 136, 137, 138, 139, 140, 141, 151, 152, 157, 158, 169, 171, 172, 173, 174, 176, 177, 178, 180, 182, 189, 190, 192, 207, 208, 209, 214, 215, 216, 217, 218, 219, 231, 232, 233, 235, 236, 238, 242, 249, 252, 253, 254, 255, 256, 257, 258, 259, 260, 271, 272, 273, 277, 279, 280, 282, 283, 290, 292, 294, 296, 298, 301, 311, 313, 314, 315, 317, 318, 320, 322, 323, 342, 343, 344, 345, 346, 347, 348, 349, 350, 351, 352, 361, 362, 363, 364, 366, 368, 369, 370, 372, 373, 374, 375, 378, 379, 380, 381, 382, 383, 384, 385, 386, 387, 397, 398, 399, 403, 405, 407, 411, 421, 423, 425, 427, 429, 432, 434, 446, 447, 448, 449, 450, 451, 452, 453, 454, 457, 459, 460, 462, 465, 472, 473, 474, 489, 490], [6, 14, 15, 16, 17, 18, 19, 20, 42, 43, 51, 54, 55, 57, 58, 59, 60, 61, 62, 63, 64, 65, 66, 67, 68, 69, 70, 71, 72, 74, 75, 76, 99, 115, 125, 126, 127, 128, 131, 132, 134, 135, 137, 138, 139, 140, 141, 142, 143, 144, 145, 146, 147, 148, 149, 150, 151, 152, 153, 154, 155, 156, 157, 158, 159, 160, 161, 162, 163, 165, 166, 167, 169, 171, 172, 177, 200, 210, 212, 220, 229, 239, 241, 250, 251, 252, 253, 254, 255, 256, 257, 258, 259, 260, 261, 262, 263, 264, 265, 266, 267, 268, 269, 270, 271, 272, 273, 274, 275, 276, 277, 278, 279, 280, 282, 283, 285, 287, 289, 290, 298, 311, 313, 322, 332, 337, 343, 346, 349, 355, 357, 359, 362, 363, 364, 365, 366, 374, 376, 377, 378, 379, 380, 381, 382, 383, 384, 385, 386, 387, 388, 389, 390, 392, 394, 395, 396, 397, 398, 399, 400, 402, 403, 405, 407, 421, 429, 434, 446, 450, 451, 453, 455, 457, 460, 461, 462, 465, 469, 472, 473, 474, 489], [2, 7, 14, 21, 22, 23, 24, 25, 26, 43, 44, 45, 46, 47, 48, 49, 59, 60, 61, 62, 63, 64, 77, 78, 81, 83, 93, 94, 100, 101, 102, 103, 111, 116, 117, 118, 127, 128, 129, 130, 138, 139, 140, 141, 142, 143, 144, 145, 146, 147, 148, 149, 150, 159, 160, 173, 174, 176, 184, 185, 187, 193, 194, 195, 207, 208, 210, 211, 218, 219, 220, 221, 222, 223, 224, 225, 226, 231, 232, 233, 234, 239, 242, 244, 246, 249, 252, 255, 256, 257, 258, 259, 260, 261, 262, 263, 264, 265, 266, 267, 268, 269, 270, 277, 278, 285, 290, 292, 294, 296, 308, 313, 314, 315, 317, 326, 328, 330, 342, 344, 345, 350, 351, 353, 354, 355, 356, 357, 358, 361, 362, 363, 364, 365, 368, 369, 370, 371, 374, 375, 376, 378, 379, 380, 381, 382, 383, 384, 385, 386, 387, 388, 389, 390, 392, 394, 395, 396, 403, 411, 421, 423, 425, 427, 439, 446, 447, 448, 449, 453, 454, 455, 456, 457, 459, 460, 461, 462, 465, 469, 472, 473, 489, 490], [3, 8, 15, 21, 27, 28, 30, 33, 44, 50, 57, 59, 65, 66, 70, 75, 77, 79, 81, 83, 84, 85, 86, 87, 88, 100, 109, 112, 123, 129, 137, 138, 142, 143, 144, 153, 154, 157, 159, 161, 162, 166, 171, 173, 174, 176, 177, 178, 180, 182, 184, 185, 187, 189, 190, 192, 193, 194, 195, 196, 198, 200, 201, 205, 256, 260, 261, 262, 263, 264, 265, 271, 273, 274, 275, 278, 282, 290, 292, 294, 296, 298, 301, 308, 311, 313, 314, 315, 317, 318, 320, 322, 323, 326, 328, 330, 332, 335, 337, 380, 381, 385, 386, 387, 388, 389, 390, 392, 398, 399, 400, 411, 421, 423, 425, 427, 429, 432, 434, 439, 465], [4, 9, 16, 22, 27, 31, 32, 34, 40, 45, 50, 58, 60, 65, 67, 71, 74, 76, 77, 84, 85, 86, 91, 92, 93, 94, 95, 96, 101, 104, 105, 110, 113, 116, 120, 124, 129, 137, 139, 142, 145, 146, 151, 153, 155, 158, 160, 161, 163, 165, 167, 169, 172, 189, 190, 192, 193, 194, 195, 196, 198, 200, 201, 207, 208, 209, 210, 211, 212, 213, 214, 215, 221, 222, 226, 227, 228, 231, 234, 235, 236, 238, 241, 244, 248, 249, 255, 261, 262, 266, 267, 268, 271, 274, 276, 277, 278, 279, 280, 283, 285, 287, 289, 311, 313, 314, 315, 317, 318, 320, 322, 323, 326, 328, 330, 332, 335, 337, 342, 343, 344, 345, 346, 347, 348, 353, 354, 357, 358, 359, 360, 361, 362, 365, 366, 368, 371, 372, 373, 374, 375, 378, 379, 380, 387, 388, 389, 390, 394, 395, 396, 399, 400, 402, 403, 405, 407, 421, 423, 425, 427, 429, 432, 434, 439, 446, 447, 448, 449, 450, 451, 452, 455, 456, 457, 459, 460, 462, 465, 469, 473, 474, 489, 490], [10, 17, 23, 33, 34, 35, 36, 37, 46, 51, 52, 61, 66, 67, 68, 69, 79, 84, 87, 88, 91, 95, 97, 98, 99, 100, 101, 102, 103, 104, 105, 106, 107, 108, 117, 131, 132, 133, 140, 143, 145, 147, 148, 151, 152, 153, 154, 155, 156, 162, 163, 173, 177, 178, 180, 184, 185, 189, 193, 196, 198, 205, 207, 212, 213, 214, 215, 216, 217, 218, 219, 220, 221, 222, 223, 224, 225, 226, 227, 228, 229, 230, 232, 235, 250, 253, 255, 256, 257, 258, 261, 263, 264, 266, 267, 269, 271, 272, 273, 274, 275, 276, 279, 287, 292, 294, 298, 301, 308, 314, 318, 320, 326, 328, 332, 335, 342, 344, 345, 346, 347, 348, 349, 350, 351, 352, 353, 354, 355, 356, 357, 358, 359, 360, 363, 366, 369, 372, 376, 377, 378, 379, 380, 381, 382, 383, 385, 388, 389, 392, 394, 395, 397, 398, 399, 400, 402, 405, 411, 423, 425, 429, 432, 439, 446, 447, 448, 449, 450, 451, 452, 453, 454, 455, 456, 461, 462, 469, 472, 474, 489, 490], [11, 18, 24, 28, 31, 35, 38, 39, 42, 47, 52, 53, 56, 62, 68, 70, 71, 72, 78, 81, 85, 87, 93, 95, 96, 102, 106, 107, 109, 110, 111, 112, 113, 122, 125, 126, 127, 130, 131, 133, 134, 136, 147, 149, 150, 156, 157, 158, 159, 160, 161, 162, 163, 165, 166, 167, 174, 178, 182, 184, 187, 190, 194, 196, 201, 205, 209, 211, 213, 216, 223, 224, 226, 227, 230, 231, 232, 233, 234, 235, 236, 246, 248, 250, 251, 252, 253, 254, 257, 259, 263, 265, 266, 268, 269, 270, 272, 275, 276, 277, 278, 279, 280, 282, 283, 285, 287, 289, 290, 292, 296, 298, 301, 308, 311, 315, 318, 323, 326, 330, 332, 335, 337, 344, 347, 350, 352, 353, 356, 358, 360, 368, 369, 370, 371, 372, 373, 375, 376, 377, 378, 382, 383, 384, 385, 386, 388, 390, 392, 394, 395, 396, 397, 398, 400, 402, 403, 405, 407, 411, 421, 423, 427, 429, 432, 434, 439, 447, 448, 450, 452, 454, 456, 459, 460, 461, 462, 465, 469, 472, 473, 474, 490], [12, 19, 25, 36, 38, 40, 41, 48, 53, 54, 63, 72, 74, 78, 92, 96, 97, 99, 104, 106, 108, 114, 115, 116, 117, 118, 120, 122, 126, 128, 130, 132, 133, 135, 136, 149, 156, 165, 169, 208, 210, 211, 212, 213, 214, 217, 218, 220, 221, 223, 225, 228, 229, 230, 236, 238, 239, 241, 242, 244, 246, 248, 251, 252, 253, 254, 269, 270, 280, 285, 287, 289, 342, 343, 348, 349, 351, 352, 354, 355, 356, 357, 358, 359, 360, 361, 362, 363, 364, 365, 366, 368, 369, 370, 371, 372, 373, 377, 382, 384, 394, 396, 397, 402, 403, 405, 407, 446, 447, 449, 451, 452, 453, 454, 455, 456, 457, 459, 461, 462, 469, 472, 473, 474, 489, 490], [5, 13, 20, 26, 30, 32, 37, 39, 41, 49, 55, 56, 64, 69, 75, 76, 83, 86, 88, 94, 98, 103, 105, 107, 108, 111, 112, 113, 114, 115, 118, 120, 122, 123, 124, 125, 134, 135, 136, 141, 144, 146, 148, 150, 152, 154, 155, 166, 167, 171, 172, 176, 180, 182, 185, 187, 192, 195, 198, 200, 201, 205, 209, 215, 216, 217, 219, 222, 224, 225, 227, 228, 229, 230, 233, 234, 238, 239, 241, 242, 244, 246, 248, 249, 250, 251, 254, 258, 259, 260, 262, 264, 265, 267, 268, 270, 272, 273, 274, 275, 276, 282, 283, 289, 294, 296, 301, 308, 317, 320, 322, 323, 328, 330, 335, 337, 343, 345, 346, 347, 348, 349, 350, 351, 352, 353, 354, 355, 356, 359, 360, 361, 364, 365, 370, 371, 373, 374, 375, 376, 377, 379, 381, 383, 384, 386, 387, 389, 390, 392, 395, 396, 397, 398, 399, 400, 402, 407, 411, 425, 427, 432, 434, 439, 448, 449, 450, 451, 452, 453, 454, 455, 456, 457, 459, 460, 461, 465, 469, 472, 473, 474, 489, 490]!Vessel: FarSeeker
[1, 6, 7, 8, 9, 10, 11, 12, 13, 42, 43, 44, 45, 46, 47, 48, 49, 50, 51, 52, 53, 54, 55, 56, 57, 58, 79, 91, 92, 97, 98, 109, 110, 114, 123, 124, 126, 127, 128, 129, 130, 131, 132, 133, 134, 135, 136, 137, 138, 139, 140, 141, 151, 152, 157, 158, 169, 171, 172, 173, 174, 176, 177, 178, 180, 182, 189, 190, 192, 207, 208, 209, 214, 215, 216, 217, 218, 219, 231, 232, 233, 235, 236, 238, 242, 249, 252, 253, 254, 255, 256, 257, 258, 259, 260, 271, 272, 273, 277, 279, 280, 282, 283, 290, 292, 294, 296, 298, 301, 311, 313, 314, 315, 317, 318, 320, 322, 323, 342, 343, 344, 345, 346, 347, 348, 349, 350, 351, 352, 361, 362, 363, 364, 366, 368, 369, 370, 372, 373, 374, 375, 378, 379, 380, 381, 382, 383, 384, 385, 386, 387, 397, 398, 399, 403, 405, 407, 411, 421, 423, 425, 427, 429, 432, 434, 446, 447, 448, 449, 450, 451, 452, 453, 454, 457, 459, 460, 462, 465, 472, 473, 474, 489, 490], [6, 14, 15, 16, 17, 18, 19, 20, 42, 43, 51, 54, 55, 57, 58, 59, 60, 61, 62, 63, 64, 65, 66, 67, 68, 69, 70, 71, 72, 74, 75, 76, 99, 115, 125, 126, 127, 128, 131, 132, 134, 135, 137, 138, 139, 140, 141, 142, 143, 144, 145, 146, 147, 148, 149, 150, 151, 152, 153, 154, 155, 156, 157, 158, 159, 160, 161, 162, 163, 165, 166, 167, 169, 171, 172, 177, 200, 210, 212, 220, 229, 239, 241, 250, 251, 252, 253, 254, 255, 256, 257, 258, 259, 260, 261, 262, 263, 264, 265, 266, 267, 268, 269, 270, 271, 272, 273, 274, 275, 276, 277, 278, 279, 280, 282, 283, 285, 287, 289, 290, 298, 311, 313, 322, 332, 337, 343, 346, 349, 355, 357, 359, 362, 363, 364, 365, 366, 374, 376, 377, 378, 379, 380, 381, 382, 383, 384, 385, 386, 387, 388, 389, 390, 392, 394, 395, 396, 397, 398, 399, 400, 402, 403, 405, 407, 421, 429, 434, 446, 450, 451, 453, 455, 457, 460, 461, 462, 465, 469, 472, 473, 474, 489], [2, 7, 14, 21, 22, 23, 24, 25, 26, 43, 44, 45, 46, 47, 48, 49, 59, 60, 61, 62, 63, 64, 77, 78, 81, 83, 93, 94, 100, 101, 102, 103, 111, 116, 117, 118, 127, 128, 129, 130, 138, 139, 140, 141, 142, 143, 144, 145, 146, 147, 148, 149, 150, 159, 160, 173, 174, 176, 184, 185, 187, 193, 194, 195, 207, 208, 210, 211, 218, 219, 220, 221, 222, 223, 224, 225, 226, 231, 232, 233, 234, 239, 242, 244, 246, 249, 252, 255, 256, 257, 258, 259, 260, 261, 262, 263, 264, 265, 266, 267, 268, 269, 270, 277, 278, 285, 290, 292, 294, 296, 308, 313, 314, 315, 317, 326, 328, 330, 342, 344, 345, 350, 351, 353, 354, 355, 356, 357, 358, 361, 362, 363, 364, 365, 368, 369, 370, 371, 374, 375, 376, 378, 379, 380, 381, 382, 383, 384, 385, 386, 387, 388, 389, 390, 392, 394, 395, 396, 403, 411, 421, 423, 425, 427, 439, 446, 447, 448, 449, 453, 454, 455, 456, 457, 459, 460, 461, 462, 465, 469, 472, 473, 489, 490], [3, 8, 15, 21, 27, 28, 30, 33, 44, 50, 57, 59, 65, 66, 70, 75, 77, 79, 81, 83, 84, 85, 86, 87, 88, 100, 109, 112, 123, 129, 137, 138, 142, 143, 144, 153, 154, 157, 159, 161, 162, 166, 171, 173, 174, 176, 177, 178, 180, 182, 184, 185, 187, 189, 190, 192, 193, 194, 195, 196, 198, 200, 201, 205, 256, 260, 261, 262, 263, 264, 265, 271, 273, 274, 275, 278, 282, 290, 292, 294, 296, 298, 301, 308, 311, 313, 314, 315, 317, 318, 320, 322, 323, 326, 328, 330, 332, 335, 337, 380, 381, 385, 386, 387, 388, 389, 390, 392, 398, 399, 400, 411, 421, 423, 425, 427, 429, 432, 434, 439, 465], [4, 9, 16, 22, 27, 31, 32, 34, 40, 45, 50, 58, 60, 65, 67, 71, 74, 76, 77, 84, 85, 86, 91, 92, 93, 94, 95, 96, 101, 104, 105, 110, 113, 116, 120, 124, 129, 137, 139, 142, 145, 146, 151, 153, 155, 158, 160, 161, 163, 165, 167, 169, 172, 189, 190, 192, 193, 194, 195, 196, 198, 200, 201, 207, 208, 209, 210, 211, 212, 213, 214, 215, 221, 222, 226, 227, 228, 231, 234, 235, 236, 238, 241, 244, 248, 249, 255, 261, 262, 266, 267, 268, 271, 274, 276, 277, 278, 279, 280, 283, 285, 287, 289, 311, 313, 314, 315, 317, 318, 320, 322, 323, 326, 328, 330, 332, 335, 337, 342, 343, 344, 345, 346, 347, 348, 353, 354, 357, 358, 359, 360, 361, 362, 365, 366, 368, 371, 372, 373, 374, 375, 378, 379, 380, 387, 388, 389, 390, 394, 395, 396, 399, 400, 402, 403, 405, 407, 421, 423, 425, 427, 429, 432, 434, 439, 446, 447, 448, 449, 450, 451, 452, 455, 456, 457, 459, 460, 462, 465, 469, 473, 474, 489, 490], [10, 17, 23, 33, 34, 35, 36, 37, 46, 51, 52, 61, 66, 67, 68, 69, 79, 84, 87, 88, 91, 95, 97, 98, 99, 100, 101, 102, 103, 104, 105, 106, 107, 108, 117, 131, 132, 133, 140, 143, 145, 147, 148, 151, 152, 153, 154, 155, 156, 162, 163, 173, 177, 178, 180, 184, 185, 189, 193, 196, 198, 205, 207, 212, 213, 214, 215, 216, 217, 218, 219, 220, 221, 222, 223, 224, 225, 226, 227, 228, 229, 230, 232, 235, 250, 253, 255, 256, 257, 258, 261, 263, 264, 266, 267, 269, 271, 272, 273, 274, 275, 276, 279, 287, 292, 294, 298, 301, 308, 314, 318, 320, 326, 328, 332, 335, 342, 344, 345, 346, 347, 348, 349, 350, 351, 352, 353, 354, 355, 356, 357, 358, 359, 360, 363, 366, 369, 372, 376, 377, 378, 379, 380, 381, 382, 383, 385, 388, 389, 392, 394, 395, 397, 398, 399, 400, 402, 405, 411, 423, 425, 429, 432, 439, 446, 447, 448, 449, 450, 451, 452, 453, 454, 455, 456, 461, 462, 469, 472, 474, 489, 490], [11, 18, 24, 28, 31, 35, 38, 39, 42, 47, 52, 53, 56, 62, 68, 70, 71, 72, 78, 81, 85, 87, 93, 95, 96, 102, 106, 107, 109, 110, 111, 112, 113, 122, 125, 126, 127, 130, 131, 133, 134, 136, 147, 149, 150, 156, 157, 158, 159, 160, 161, 162, 163, 165, 166, 167, 174, 178, 182, 184, 187, 190, 194, 196, 201, 205, 209, 211, 213, 216, 223, 224, 226, 227, 230, 231, 232, 233, 234, 235, 236, 246, 248, 250, 251, 252, 253, 254, 257, 259, 263, 265, 266, 268, 269, 270, 272, 275, 276, 277, 278, 279, 280, 282, 283, 285, 287, 289, 290, 292, 296, 298, 301, 308, 311, 315, 318, 323, 326, 330, 332, 335, 337, 344, 347, 350, 352, 353, 356, 358, 360, 368, 369, 370, 371, 372, 373, 375, 376, 377, 378, 382, 383, 384, 385, 386, 388, 390, 392, 394, 395, 396, 397, 398, 400, 402, 403, 405, 407, 411, 421, 423, 427, 429, 432, 434, 439, 447, 448, 450, 452, 454, 456, 459, 460, 461, 462, 465, 469, 472, 473, 474, 490], [12, 19, 25, 36, 38, 40, 41, 48, 53, 54, 63, 72, 74, 78, 92, 96, 97, 99, 104, 106, 108, 114, 115, 116, 117, 118, 120, 122, 126, 128, 130, 132, 133, 135, 136, 149, 156, 165, 169, 208, 210, 211, 212, 213, 214, 217, 218, 220, 221, 223, 225, 228, 229, 230, 236, 238, 239, 241, 242, 244, 246, 248, 251, 252, 253, 254, 269, 270, 280, 285, 287, 289, 342, 343, 348, 349, 351, 352, 354, 355, 356, 357, 358, 359, 360, 361, 362, 363, 364, 365, 366, 368, 369, 370, 371, 372, 373, 377, 382, 384, 394, 396, 397, 402, 403, 405, 407, 446, 447, 449, 451, 452, 453, 454, 455, 456, 457, 459, 461, 462, 469, 472, 473, 474, 489, 490], [5, 13, 20, 26, 30, 32, 37, 39, 41, 49, 55, 56, 64, 69, 75, 76, 83, 86, 88, 94, 98, 103, 105, 107, 108, 111, 112, 113, 114, 115, 118, 120, 122, 123, 124, 125, 134, 135, 136, 141, 144, 146, 148, 150, 152, 154, 155, 166, 167, 171, 172, 176, 180, 182, 185, 187, 192, 195, 198, 200, 201, 205, 209, 215, 216, 217, 219, 222, 224, 225, 227, 228, 229, 230, 233, 234, 238, 239, 241, 242, 244, 246, 248, 249, 250, 251, 254, 258, 259, 260, 262, 264, 265, 267, 268, 270, 272, 273, 274, 275, 276, 282, 283, 289, 294, 296, 301, 308, 317, 320, 322, 323, 328, 330, 335, 337, 343, 345, 346, 347, 348, 349, 350, 351, 352, 353, 354, 355, 356, 359, 360, 361, 364, 365, 370, 371, 373, 374, 375, 376, 377, 379, 381, 383, 384, 386, 387, 389, 390, 392, 395, 396, 397, 398, 399, 400, 402, 407, 411, 425, 427, 432, 434, 439, 448, 449, 450, 451, 452, 453, 454, 455, 456, 457, 459, 460, 461, 465, 469, 472, 473, 474, 489, 490]!Vessel: FarSearcher
[1, 6, 7, 8, 9, 10, 11, 12, 13, 42, 43, 44, 45, 46, 47, 48, 49, 50, 51, 52, 53, 54, 55, 56, 57, 58, 79, 91, 92, 97, 98, 109, 110, 114, 123, 124, 126, 127, 128, 129, 130, 131, 132, 133, 134, 135, 136, 137, 138, 139, 140, 141, 151, 152, 157, 158, 169, 171, 172, 173, 174, 176, 177, 178, 180, 182, 189, 190, 192, 207, 208, 209, 214, 215, 216, 217, 218, 219, 231, 232, 233, 235, 236, 238, 242, 249, 252, 253, 254, 255, 256, 257, 258, 259, 260, 271, 272, 273, 277, 279, 280, 282, 283, 290, 292, 294, 296, 298, 301, 311, 313, 314, 315, 317, 318, 320, 322, 323, 342, 343, 344, 345, 346, 347, 348, 349, 350, 351, 352, 361, 362, 363, 364, 366, 368, 369, 370, 372, 373, 374, 375, 378, 382, 384, 386, 387, 397, 403, 405, 407, 421, 423, 427, 429, 432, 434, 446, 447, 448, 449, 450, 451, 452, 453, 454, 457, 459, 460, 465, 473], [6, 14, 15, 16, 17, 18, 19, 20, 42, 43, 51, 54, 55, 57, 58, 59, 60, 61, 62, 63, 64, 65, 66, 67, 68, 69, 70, 71, 72, 74, 75, 76, 99, 115, 125, 126, 127, 128, 131, 132, 134, 135, 137, 138, 139, 140, 141, 142, 143, 144, 145, 146, 147, 148, 149, 150, 151, 152, 153, 154, 155, 156, 157, 158, 159, 160, 161, 162, 163, 165, 166, 167, 169, 171, 172, 177, 200, 210, 212, 220, 229, 239, 241, 250, 251, 252, 253, 254, 255, 256, 257, 258, 259, 260, 261, 262, 263, 264, 265, 266, 267, 268, 269, 270, 271, 272, 273, 274, 275, 276, 277, 278, 279, 280, 282, 283, 285, 287, 289, 290, 298, 311, 313, 322, 332, 337, 343, 346, 349, 355, 357, 359, 362, 363, 364, 365, 366, 374, 376, 377, 378, 382, 384, 386, 387, 390, 394, 396, 397, 402, 403, 405, 407, 421, 429, 434, 446, 450, 451, 453, 455, 457, 460, 461, 465, 473], [2, 7, 14, 21, 22, 23, 24, 25, 26, 43, 44, 45, 46, 47, 48, 49, 59, 60, 61, 62, 63, 64, 77, 78, 81, 83, 93, 94, 100, 101, 102, 103, 111, 116, 117, 118, 127, 128, 129, 130, 138, 139, 140, 141, 142, 143, 144, 145, 146, 147, 148, 149, 150, 159, 160, 173, 174, 176, 184, 185, 187, 193, 194, 195, 207, 208, 210, 211, 218, 219, 220, 221, 222, 223, 224, 225, 226, 231, 232, 233, 234, 239, 242, 244, 246, 249, 252, 255, 256, 257, 258, 259, 260, 261, 262, 263, 264, 265, 266, 267, 268, 269, 270, 277, 278, 285, 290, 292, 294, 296, 308, 313, 314, 315, 317, 326, 328, 330, 342, 344, 345, 350, 351, 353, 354, 355, 356, 357, 358, 361, 362, 363, 364, 365, 368, 369, 370, 371, 374, 375, 376, 378, 382, 384, 386, 387, 390, 394, 396, 403, 421, 423, 427, 446, 447, 448, 449, 453, 454, 455, 456, 457, 459, 460, 461, 465, 473], [3, 8, 15, 21, 27, 28, 30, 33, 44, 50, 57, 59, 65, 66, 70, 75, 77, 79, 81, 83, 84, 85, 86, 87, 88, 100, 109, 112, 123, 129, 137, 138, 142, 143, 144, 153, 154, 157, 159, 161, 162, 166, 171, 173, 174, 176, 177, 178, 180, 182, 184, 185, 187, 189, 190, 192, 193, 194, 195, 196, 198, 200, 201, 205, 256, 260, 261, 262, 263, 264, 265, 271, 273, 274, 275, 278, 282, 290, 292, 294, 296, 298, 301, 308, 311, 313, 314, 315, 317, 318, 320, 322, 323, 326, 328, 330, 332, 335, 337, 386, 387, 390, 421, 423, 427, 429, 432, 434, 465], [4, 9, 16, 22, 27, 31, 32, 34, 40, 45, 50, 58, 60, 65, 67, 71, 74, 76, 77, 84, 85, 86, 91, 92, 93, 94, 95, 96, 101, 104, 105, 110, 113, 116, 120, 124, 129, 137, 139, 142, 145, 146, 151, 153, 155, 158, 160, 161, 163, 165, 167, 169, 172, 189, 190, 192, 193, 194, 195, 196, 198, 200, 201, 207, 208, 209, 210, 211, 212, 213, 214, 215, 221, 222, 226, 227, 228, 231, 234, 235, 236, 238, 241, 244, 248, 249, 255, 261, 262, 266, 267, 268, 271, 274, 276, 277, 278, 279, 280, 283, 285, 287, 289, 311, 313, 314, 315, 317, 318, 320, 322, 323, 326, 328, 330, 332, 335, 337, 342, 343, 344, 345, 346, 347, 348, 353, 354, 357, 358, 359, 360, 361, 362, 365, 366, 368, 371, 372, 373, 374, 375, 378, 387, 390, 394, 396, 402, 403, 405, 407, 421, 423, 427, 429, 432, 434, 446, 447, 448, 449, 450, 451, 452, 455, 456, 457, 459, 460, 465, 473], [10, 17, 23, 33, 34, 35, 36, 37, 46, 51, 52, 61, 66, 67, 68, 69, 79, 84, 87, 88, 91, 95, 97, 98, 99, 100, 101, 102, 103, 104, 105, 106, 107, 108, 117, 131, 132, 133, 140, 143, 145, 147, 148, 151, 152, 153, 154, 155, 156, 162, 163, 173, 177, 178, 180, 184, 185, 189, 193, 196, 198, 205, 207, 212, 213, 214, 215, 216, 217, 218, 219, 220, 221, 222, 223, 224, 225, 226, 227, 228, 229, 230, 232, 235, 250, 253, 255, 256, 257, 258, 261, 263, 264, 266, 267, 269, 271, 272, 273, 274, 275, 276, 279, 287, 292, 294, 298, 301, 308, 314, 318, 320, 326, 328, 332, 335, 342, 344, 345, 346, 347, 348, 349, 350, 351, 352, 353, 354, 355, 356, 357, 358, 359, 360, 363, 366, 369, 372, 376, 377, 378, 382, 394, 397, 402, 405, 423, 429, 432, 446, 447, 448, 449, 450, 451, 452, 453, 454, 455, 456, 461], [11, 18, 24, 28, 31, 35, 38, 39, 42, 47, 52, 53, 56, 62, 68, 70, 71, 72, 78, 81, 85, 87, 93, 95, 96, 102, 106, 107, 109, 110, 111, 112, 113, 122, 125, 126, 127, 130, 131, 133, 134, 136, 147, 149, 150, 156, 157, 158, 159, 160, 161, 162, 163, 165, 166, 167, 174, 178, 182, 184, 187, 190, 194, 196, 201, 205, 209, 211, 213, 216, 223, 224, 226, 227, 230, 231, 232, 233, 234, 235, 236, 246, 248, 250, 251, 252, 253, 254, 257, 259, 263, 265, 266, 268, 269, 270, 272, 275, 276, 277, 278, 279, 280, 282, 283, 285, 287, 289, 290, 292, 296, 298, 301, 308, 311, 315, 318, 323, 326, 330, 332, 335, 337, 344, 347, 350, 352, 353, 356, 358, 360, 368, 369, 370, 371, 372, 373, 375, 376, 377, 378, 382, 384, 386, 390, 394, 396, 397, 402, 403, 405, 407, 421, 423, 427, 429, 432, 434, 447, 448, 450, 452, 454, 456, 459, 460, 461, 465, 473], [12, 19, 25, 36, 38, 40, 41, 48, 53, 54, 63, 72, 74, 78, 92, 96, 97, 99, 104, 106, 108, 114, 115, 116, 117, 118, 120, 122, 126, 128, 130, 132, 133, 135, 136, 149, 156, 165, 169, 208, 210, 211, 212, 213, 214, 217, 218, 220, 221, 223, 225, 228, 229, 230, 236, 238, 239, 241, 242, 244, 246, 248, 251, 252, 253, 254, 269, 270, 280, 285, 287, 289, 342, 343, 348, 349, 351, 352, 354, 355, 356, 357, 358, 359, 360, 361, 362, 363, 364, 365, 366, 368, 369, 370, 371, 372, 373, 377, 382, 384, 394, 396, 397, 402, 403, 405, 407, 446, 447, 449, 451, 452, 453, 454, 455, 456, 457, 459, 461, 473], [5, 13, 20, 26, 30, 32, 37, 39, 41, 49, 55, 56, 64, 69, 75, 76, 83, 86, 88, 94, 98, 103, 105, 107, 108, 111, 112, 113, 114, 115, 118, 120, 122, 123, 124, 125, 134, 135, 136, 141, 144, 146, 148, 150, 152, 154, 155, 166, 167, 171, 172, 176, 180, 182, 185, 187, 192, 195, 198, 200, 201, 205, 209, 215, 216, 217, 219, 222, 224, 225, 227, 228, 229, 230, 233, 234, 238, 239, 241, 242, 244, 246, 248, 249, 250, 251, 254, 258, 259, 260, 262, 264, 265, 267, 268, 270, 272, 273, 274, 275, 276, 282, 283, 289, 294, 296, 301, 308, 317, 320, 322, 323, 328, 330, 335, 337, 343, 345, 346, 347, 348, 349, 350, 351, 352, 353, 354, 355, 356, 359, 360, 361, 364, 365, 370, 371, 373, 374, 375, 376, 377, 384, 386, 387, 390, 396, 397, 402, 407, 427, 432, 434, 448, 449, 450, 451, 452, 453, 454, 455, 456, 457, 459, 460, 461, 465, 473]!Vessel: FarSymphony
[1, 6, 7, 8, 9, 10, 11, 12, 13, 42, 43, 44, 45, 46, 47, 48, 49, 50, 51, 52, 53, 54, 55, 56, 57, 58, 79, 91, 92, 97, 98, 109, 110, 114, 123, 124, 126, 127, 128, 129, 130, 131, 132, 133, 134, 135, 136, 137, 138, 139, 140, 141, 151, 152, 157, 158, 169, 171, 172, 173, 174, 176, 177, 178, 180, 182, 189, 190, 192, 207, 208, 209, 214, 215, 216, 217, 218, 219, 231, 232, 233, 235, 236, 238, 242, 249, 252, 253, 254, 255, 256, 257, 258, 259, 260, 271, 272, 273, 277, 279, 280, 282, 283, 290, 292, 294, 296, 298, 301, 311, 313, 314, 315, 317, 318, 320, 322, 323, 342, 343, 344, 345, 346, 347, 348, 349, 350, 351, 352, 361, 362, 363, 364, 366, 368, 369, 370, 372, 373, 374, 375, 378, 379, 380, 381, 382, 383, 384, 385, 386, 387, 397, 398, 399, 403, 405, 407, 411, 421, 423, 425, 427, 429, 432, 434, 446, 447, 448, 449, 450, 451, 452, 453, 454, 457, 459, 460, 462, 465, 472, 473, 474, 490], [6, 14, 15, 16, 17, 18, 19, 20, 42, 43, 51, 54, 55, 57, 58, 59, 60, 61, 62, 63, 64, 65, 66, 67, 68, 69, 70, 71, 72, 74, 75, 76, 99, 115, 125, 126, 127, 128, 131, 132, 134, 135, 137, 138, 139, 140, 141, 142, 143, 144, 145, 146, 147, 148, 149, 150, 151, 152, 153, 154, 155, 156, 157, 158, 159, 160, 161, 162, 163, 165, 166, 167, 169, 171, 172, 177, 200, 210, 212, 220, 229, 239, 241, 250, 251, 252, 253, 254, 255, 256, 257, 258, 259, 260, 261, 262, 263, 264, 265, 266, 267, 268, 269, 270, 271, 272, 273, 274, 275, 276, 277, 278, 279, 280, 282, 283, 285, 287, 289, 290, 298, 311, 313, 322, 332, 337, 343, 346, 349, 355, 357, 359, 362, 363, 364, 365, 366, 374, 376, 377, 378, 379, 380, 381, 382, 383, 384, 385, 386, 387, 388, 389, 390, 392, 394, 395, 396, 397, 398, 399, 400, 402, 403, 405, 407, 421, 429, 434, 446, 450, 451, 453, 455, 457, 460, 461, 462, 465, 469, 472, 473, 474], [2, 7, 14, 21, 22, 23, 24, 25, 26, 43, 44, 45, 46, 47, 48, 49, 59, 60, 61, 62, 63, 64, 77, 78, 81, 83, 93, 94, 100, 101, 102, 103, 111, 116, 117, 118, 127, 128, 129, 130, 138, 139, 140, 141, 142, 143, 144, 145, 146, 147, 148, 149, 150, 159, 160, 173, 174, 176, 184, 185, 187, 193, 194, 195, 207, 208, 210, 211, 218, 219, 220, 221, 222, 223, 224, 225, 226, 231, 232, 233, 234, 239, 242, 244, 246, 249, 252, 255, 256, 257, 258, 259, 260, 261, 262, 263, 264, 265, 266, 267, 268, 269, 270, 277, 278, 285, 290, 292, 294, 296, 308, 313, 314, 315, 317, 326, 328, 330, 342, 344, 345, 350, 351, 353, 354, 355, 356, 357, 358, 361, 362, 363, 364, 365, 368, 369, 370, 371, 374, 375, 376, 378, 379, 380, 381, 382, 383, 384, 385, 386, 387, 388, 389, 390, 392, 394, 395, 396, 403, 411, 421, 423, 425, 427, 439, 446, 447, 448, 449, 453, 454, 455, 456, 457, 459, 460, 461, 462, 465, 469, 472, 473, 490], [3, 8, 15, 21, 27, 28, 30, 33, 44, 50, 57, 59, 65, 66, 70, 75, 77, 79, 81, 83, 84, 85, 86, 87, 88, 100, 109, 112, 123, 129, 137, 138, 142, 143, 144, 153, 154, 157, 159, 161, 162, 166, 171, 173, 174, 176, 177, 178, 180, 182, 184, 185, 187, 189, 190, 192, 193, 194, 195, 196, 198, 200, 201, 205, 256, 260, 261, 262, 263, 264, 265, 271, 273, 274, 275, 278, 282, 290, 292, 294, 296, 298, 301, 308, 311, 313, 314, 315, 317, 318, 320, 322, 323, 326, 328, 330, 332, 335, 337, 380, 381, 385, 386, 387, 388, 389, 390, 392, 398, 399, 400, 411, 421, 423, 425, 427, 429, 432, 434, 439, 465], [4, 9, 16, 22, 27, 31, 32, 34, 40, 45, 50, 58, 60, 65, 67, 71, 74, 76, 77, 84, 85, 86, 91, 92, 93, 94, 95, 96, 101, 104, 105, 110, 113, 116, 120, 124, 129, 137, 139, 142, 145, 146, 151, 153, 155, 158, 160, 161, 163, 165, 167, 169, 172, 189, 190, 192, 193, 194, 195, 196, 198, 200, 201, 207, 208, 209, 210, 211, 212, 213, 214, 215, 221, 222, 226, 227, 228, 231, 234, 235, 236, 238, 241, 244, 248, 249, 255, 261, 262, 266, 267, 268, 271, 274, 276, 277, 278, 279, 280, 283, 285, 287, 289, 311, 313, 314, 315, 317, 318, 320, 322, 323, 326, 328, 330, 332, 335, 337, 342, 343, 344, 345, 346, 347, 348, 353, 354, 357, 358, 359, 360, 361, 362, 365, 366, 368, 371, 372, 373, 374, 375, 378, 379, 380, 387, 388, 389, 390, 394, 395, 396, 399, 400, 402, 403, 405, 407, 421, 423, 425, 427, 429, 432, 434, 439, 446, 447, 448, 449, 450, 451, 452, 455, 456, 457, 459, 460, 462, 465, 469, 473, 474, 490], [10, 17, 23, 33, 34, 35, 36, 37, 46, 51, 52, 61, 66, 67, 68, 69, 79, 84, 87, 88, 91, 95, 97, 98, 99, 100, 101, 102, 103, 104, 105, 106, 107, 108, 117, 131, 132, 133, 140, 143, 145, 147, 148, 151, 152, 153, 154, 155, 156, 162, 163, 173, 177, 178, 180, 184, 185, 189, 193, 196, 198, 205, 207, 212, 213, 214, 215, 216, 217, 218, 219, 220, 221, 222, 223, 224, 225, 226, 227, 228, 229, 230, 232, 235, 250, 253, 255, 256, 257, 258, 261, 263, 264, 266, 267, 269, 271, 272, 273, 274, 275, 276, 279, 287, 292, 294, 298, 301, 308, 314, 318, 320, 326, 328, 332, 335, 342, 344, 345, 346, 347, 348, 349, 350, 351, 352, 353, 354, 355, 356, 357, 358, 359, 360, 363, 366, 369, 372, 376, 377, 378, 379, 380, 381, 382, 383, 385, 388, 389, 392, 394, 395, 397, 398, 399, 400, 402, 405, 411, 423, 425, 429, 432, 439, 446, 447, 448, 449, 450, 451, 452, 453, 454, 455, 456, 461, 462, 469, 472, 474, 490], [11, 18, 24, 28, 31, 35, 38, 39, 42, 47, 52, 53, 56, 62, 68, 70, 71, 72, 78, 81, 85, 87, 93, 95, 96, 102, 106, 107, 109, 110, 111, 112, 113, 122, 125, 126, 127, 130, 131, 133, 134, 136, 147, 149, 150, 156, 157, 158, 159, 160, 161, 162, 163, 165, 166, 167, 174, 178, 182, 184, 187, 190, 194, 196, 201, 205, 209, 211, 213, 216, 223, 224, 226, 227, 230, 231, 232, 233, 234, 235, 236, 246, 248, 250, 251, 252, 253, 254, 257, 259, 263, 265, 266, 268, 269, 270, 272, 275, 276, 277, 278, 279, 280, 282, 283, 285, 287, 289, 290, 292, 296, 298, 301, 308, 311, 315, 318, 323, 326, 330, 332, 335, 337, 344, 347, 350, 352, 353, 356, 358, 360, 368, 369, 370, 371, 372, 373, 375, 376, 377, 378, 382, 383, 384, 385, 386, 388, 390, 392, 394, 395, 396, 397, 398, 400, 402, 403, 405, 407, 411, 421, 423, 427, 429, 432, 434, 439, 447, 448, 450, 452, 454, 456, 459, 460, 461, 462, 465, 469, 472, 473, 474, 490], [12, 19, 25, 36, 38, 40, 41, 48, 53, 54, 63, 72, 74, 78, 92, 96, 97, 99, 104, 106, 108, 114, 115, 116, 117, 118, 120, 122, 126, 128, 130, 132, 133, 135, 136, 149, 156, 165, 169, 208, 210, 211, 212, 213, 214, 217, 218, 220, 221, 223, 225, 228, 229, 230, 236, 238, 239, 241, 242, 244, 246, 248, 251, 252, 253, 254, 269, 270, 280, 285, 287, 289, 342, 343, 348, 349, 351, 352, 354, 355, 356, 357, 358, 359, 360, 361, 362, 363, 364, 365, 366, 368, 369, 370, 371, 372, 373, 377, 382, 384, 394, 396, 397, 402, 403, 405, 407, 446, 447, 449, 451, 452, 453, 454, 455, 456, 457, 459, 461, 462, 469, 472, 473, 474, 490], [5, 13, 20, 26, 30, 32, 37, 39, 41, 49, 55, 56, 64, 69, 75, 76, 83, 86, 88, 94, 98, 103, 105, 107, 108, 111, 112, 113, 114, 115, 118, 120, 122, 123, 124, 125, 134, 135, 136, 141, 144, 146, 148, 150, 152, 154, 155, 166, 167, 171, 172, 176, 180, 182, 185, 187, 192, 195, 198, 200, 201, 205, 209, 215, 216, 217, 219, 222, 224, 225, 227, 228, 229, 230, 233, 234, 238, 239, 241, 242, 244, 246, 248, 249, 250, 251, 254, 258, 259, 260, 262, 264, 265, 267, 268, 270, 272, 273, 274, 275, 276, 282, 283, 289, 294, 296, 301, 308, 317, 320, 322, 323, 328, 330, 335, 337, 343, 345, 346, 347, 348, 349, 350, 351, 352, 353, 354, 355, 356, 359, 360, 361, 364, 365, 370, 371, 373, 374, 375, 376, 377, 379, 381, 383, 384, 386, 387, 389, 390, 392, 395, 396, 397, 398, 399, 400, 402, 407, 411, 425, 427, 432, 434, 439, 448, 449, 450, 451, 452, 453, 454, 455, 456, 457, 459, 460, 461, 465, 469, 472, 473, 474, 490]!Vessel: HavilaForesight
[1, 6, 7, 8, 9, 10, 11, 12, 13, 42, 43, 44, 45, 46, 47, 48, 49, 50, 51, 52, 53, 54, 55, 56, 57, 58, 79, 91, 92, 97, 98, 109, 110, 114, 123, 124, 126, 127, 128, 129, 130, 131, 132, 133, 134, 135, 136, 137, 138, 139, 140, 141, 151, 152, 157, 158, 169, 171, 172, 173, 174, 176, 177, 178, 180, 182, 189, 190, 192, 207, 208, 209, 214, 215, 216, 217, 218, 219, 231, 232, 233, 235, 236, 238, 242, 249, 252, 253, 254, 255, 256, 257, 258, 259, 260, 271, 272, 273, 277, 279, 280, 282, 283, 290, 292, 294, 296, 298, 301, 311, 313, 314, 315, 317, 318, 320, 322, 323, 342, 343, 344, 345, 346, 347, 348, 349, 350, 351, 352, 361, 362, 363, 364, 366, 368, 369, 370, 372, 373, 374, 375, 382, 384, 386, 387, 397, 403, 405, 407, 421, 427, 434, 446, 447, 451, 452, 454, 457, 459, 460, 473], [6, 14, 15, 16, 17, 18, 19, 20, 42, 43, 51, 54, 55, 57, 58, 59, 60, 61, 62, 63, 64, 65, 66, 67, 68, 69, 70, 71, 72, 74, 75, 76, 99, 115, 125, 126, 127, 128, 131, 132, 134, 135, 137, 138, 139, 140, 141, 142, 143, 144, 145, 146, 147, 148, 149, 150, 151, 152, 153, 154, 155, 156, 157, 158, 159, 160, 161, 162, 163, 165, 166, 167, 169, 171, 172, 177, 200, 210, 212, 220, 229, 239, 241, 250, 251, 252, 253, 254, 255, 256, 257, 258, 259, 260, 261, 262, 263, 265, 266, 267, 268, 269, 270, 271, 272, 273, 274, 275, 276, 277, 278, 279, 280, 282, 283, 285, 287, 289, 290, 298, 311, 313, 322, 332, 337, 343, 346, 349, 355, 357, 359, 362, 363, 364, 365, 366, 374, 376, 377, 382, 384, 386, 387, 390, 394, 396, 397, 402, 403, 405, 407, 421, 434, 446, 451, 457, 460, 473], [2, 7, 14, 21, 22, 23, 24, 25, 26, 43, 44, 45, 46, 47, 48, 49, 59, 60, 61, 62, 63, 64, 77, 78, 81, 83, 93, 94, 100, 101, 102, 103, 111, 116, 117, 118, 127, 128, 129, 130, 138, 139, 140, 141, 142, 143, 144, 145, 146, 147, 148, 149, 150, 159, 160, 173, 174, 176, 184, 185, 187, 193, 194, 195, 207, 208, 210, 211, 218, 219, 220, 221, 222, 223, 224, 225, 226, 231, 232, 233, 234, 239, 242, 244, 246, 249, 252, 255, 256, 257, 258, 259, 260, 261, 262, 263, 265, 266, 267, 268, 269, 270, 277, 278, 285, 290, 292, 294, 296, 308, 313, 314, 315, 317, 326, 328, 330, 342, 344, 345, 350, 351, 353, 354, 355, 356, 357, 358, 361, 362, 363, 364, 365, 368, 369, 370, 371, 374, 375, 376, 382, 384, 386, 387, 390, 394, 396, 403, 421, 427, 446, 447, 454, 457, 459, 460, 473], [3, 8, 15, 21, 27, 28, 30, 33, 44, 50, 57, 59, 65, 66, 70, 75, 77, 79, 81, 83, 84, 85, 86, 87, 88, 100, 109, 112, 123, 129, 137, 138, 142, 143, 144, 153, 154, 157, 159, 161, 162, 166, 171, 173, 174, 176, 177, 178, 180, 182, 184, 185, 187, 189, 190, 192, 193, 194, 195, 196, 198, 200, 201, 205, 256, 260, 261, 262, 263, 265, 271, 273, 274, 275, 278, 282, 290, 292, 294, 296, 298, 301, 308, 311, 313, 314, 315, 317, 318, 320, 322, 323, 326, 328, 330, 332, 335, 337, 386, 387, 390, 421, 427, 434], [4, 9, 16, 22, 27, 31, 32, 34, 40, 45, 50, 58, 60, 65, 67, 71, 74, 76, 77, 84, 85, 86, 91, 92, 93, 94, 95, 96, 101, 104, 105, 110, 113, 116, 120, 124, 129, 137, 139, 142, 145, 146, 151, 153, 155, 158, 160, 161, 163, 165, 167, 169, 172, 189, 190, 192, 193, 194, 195, 196, 198, 200, 201, 207, 208, 209, 210, 211, 212, 213, 214, 215, 221, 222, 226, 227, 228, 231, 234, 235, 236, 238, 241, 244, 248, 249, 255, 261, 262, 266, 267, 268, 271, 274, 276, 277, 278, 279, 280, 283, 285, 287, 289, 311, 313, 314, 315, 317, 318, 320, 322, 323, 326, 328, 330, 332, 335, 337, 342, 343, 344, 345, 346, 347, 348, 353, 354, 357, 358, 359, 360, 361, 362, 365, 366, 368, 371, 372, 373, 374, 375, 387, 390, 394, 396, 402, 403, 405, 407, 421, 427, 434, 446, 447, 451, 452, 457, 459, 460, 473], [10, 17, 23, 33, 34, 35, 36, 37, 46, 51, 52, 61, 66, 67, 68, 69, 79, 84, 87, 88, 91, 95, 97, 98, 99, 100, 101, 102, 103, 104, 105, 106, 107, 108, 117, 131, 132, 133, 140, 143, 145, 147, 148, 151, 152, 153, 154, 155, 156, 162, 163, 173, 177, 178, 180, 184, 185, 189, 193, 196, 198, 205, 207, 212, 213, 214, 215, 216, 217, 218, 219, 220, 221, 222, 223, 224, 225, 226, 227, 228, 229, 230, 232, 235, 250, 253, 255, 256, 257, 258, 261, 263, 266, 267, 269, 271, 272, 273, 274, 275, 276, 279, 287, 292, 294, 298, 301, 308, 314, 318, 320, 326, 328, 332, 335, 342, 344, 345, 346, 347, 348, 349, 350, 351, 352, 353, 354, 355, 356, 357, 358, 359, 360, 363, 366, 369, 372, 376, 377, 382, 394, 397, 402, 405, 446, 447, 451, 452, 454], [11, 18, 24, 28, 31, 35, 38, 39, 42, 47, 52, 53, 56, 62, 68, 70, 71, 72, 78, 81, 85, 87, 93, 95, 96, 102, 106, 107, 109, 110, 111, 112, 113, 122, 125, 126, 127, 130, 131, 133, 134, 136, 147, 149, 150, 156, 157, 158, 159, 160, 161, 162, 163, 165, 166, 167, 174, 178, 182, 184, 187, 190, 194, 196, 201, 205, 209, 211, 213, 216, 223, 224, 226, 227, 230, 231, 232, 233, 234, 235, 236, 246, 248, 250, 251, 252, 253, 254, 257, 259, 263, 265, 266, 268, 269, 270, 272, 275, 276, 277, 278, 279, 280, 282, 283, 285, 287, 289, 290, 292, 296, 298, 301, 308, 311, 315, 318, 323, 326, 330, 332, 335, 337, 344, 347, 350, 352, 353, 356, 358, 360, 368, 369, 370, 371, 372, 373, 375, 376, 377, 382, 384, 386, 390, 394, 396, 397, 402, 403, 405, 407, 421, 427, 434, 447, 452, 454, 459, 460, 473], [12, 19, 25, 36, 38, 40, 41, 48, 53, 54, 63, 72, 74, 78, 92, 96, 97, 99, 104, 106, 108, 114, 115, 116, 117, 118, 120, 122, 126, 128, 130, 132, 133, 135, 136, 149, 156, 165, 169, 208, 210, 211, 212, 213, 214, 217, 218, 220, 221, 223, 225, 228, 229, 230, 236, 238, 239, 241, 242, 244, 246, 248, 251, 252, 253, 254, 269, 270, 280, 285, 287, 289, 342, 343, 348, 349, 351, 352, 354, 355, 356, 357, 358, 359, 360, 361, 362, 363, 364, 365, 366, 368, 369, 370, 371, 372, 373, 377, 382, 384, 394, 396, 397, 402, 403, 405, 407, 446, 447, 451, 452, 454, 457, 459, 473], [5, 13, 20, 26, 30, 32, 37, 39, 41, 49, 55, 56, 64, 69, 75, 76, 83, 86, 88, 94, 98, 103, 105, 107, 108, 111, 112, 113, 114, 115, 118, 120, 122, 123, 124, 125, 134, 135, 136, 141, 144, 146, 148, 150, 152, 154, 155, 166, 167, 171, 172, 176, 180, 182, 185, 187, 192, 195, 198, 200, 201, 205, 209, 215, 216, 217, 219, 222, 224, 225, 227, 228, 229, 230, 233, 234, 238, 239, 241, 242, 244, 246, 248, 249, 250, 251, 254, 258, 259, 260, 262, 265, 267, 268, 270, 272, 273, 274, 275, 276, 282, 283, 289, 294, 296, 301, 308, 317, 320, 322, 323, 328, 330, 335, 337, 343, 345, 346, 347, 348, 349, 350, 351, 352, 353, 354, 355, 356, 359, 360, 361, 364, 365, 370, 371, 373, 374, 375, 376, 377, 384, 386, 387, 390, 396, 397, 402, 407, 427, 434, 451, 452, 454, 457, 459, 460, 473]!Vessel: FarStar
] 

Rvl : [
!l : 2, 3
[1, 2, 3, 4, 5, 6, 7, 8, 9, 10, 11, 12, 13, 14, 15, 16, 17, 18, 19, 20, 21, 22, 23, 24, 25, 26, 27, 28, 30, 31, 32, 33, 34, 35, 36, 37, 38, 39, 40, 41, 42, 43, 45, 46, 47, 48, 49, 51, 52, 53, 54, 55, 56, 57, 58, 59, 60, 61, 62, 63, 64, 66, 67, 68, 69, 70, 71, 72, 74, 76, 78, 79, 81, 84, 85, 87, 91, 92, 93, 94, 95, 96, 97, 98, 99, 100, 101, 102, 103, 104, 105, 106, 107, 108, 109, 110, 111, 113, 114, 115, 116, 117, 118, 120, 122, 124, 125, 126, 127, 128, 130, 131, 132, 133, 134, 135, 136, 139, 140, 141, 145, 147, 148, 149, 150, 151, 152, 156, 158, 160, 163, 165, 169, 207, 208, 210, 211, 212, 213, 214, 216, 217, 218, 219, 220, 221, 223, 224, 225, 226, 229, 230, 231, 232, 233, 235, 236, 239, 242, 246, 248, 250, 251, 252, 253, 254, 257, 258, 259, 269, 270, 272, 349, 350, 351, 352, 355, 356, 363, 364, 369, 370, 376, 377, 382, 384, 397], [44, 50, 65, 75, 77, 83, 86, 88, 112, 123, 129, 137, 138, 142, 143, 144, 146, 153, 154, 155, 157, 159, 161, 162, 166, 167, 171, 172, 173, 174, 176, 177, 178, 180, 182, 184, 185, 187, 189, 190, 192, 193, 194, 195, 196, 198, 200, 201, 205, 209, 215, 222, 227, 228, 234, 238, 241, 244, 249, 255, 256, 260, 261, 262, 263, 264, 265, 266, 267, 268, 271, 273, 274, 275, 276, 277, 278, 279, 280, 282, 283, 285, 287, 289, 290, 292, 294, 296, 298, 301, 308, 311, 313, 314, 315, 317, 318, 320, 322, 323, 326, 328, 330, 332, 335, 337, 342, 343, 344, 345, 346, 347, 348, 353, 354, 357, 358, 359, 360, 361, 362, 365, 366, 368, 371, 372, 373, 374, 375, 378, 379, 380, 381, 383, 385, 386, 387, 388, 389, 390, 392, 394, 395, 396, 398, 399, 400, 402, 403, 405, 407, 411, 421, 423, 425, 427, 429, 432, 434, 439, 446, 447, 448, 449, 450, 451, 452, 453, 454, 455, 456, 457, 459, 460, 461, 462, 465, 469, 472, 473, 474, 489, 490]!Vessel: FarSeeker
[1, 2, 3, 4, 5, 6, 7, 8, 9, 10, 11, 12, 13, 14, 15, 16, 17, 18, 19, 20, 21, 22, 23, 24, 25, 26, 27, 28, 30, 31, 32, 33, 34, 35, 36, 37, 38, 39, 40, 41, 42, 43, 45, 46, 47, 48, 49, 51, 52, 53, 54, 55, 56, 57, 58, 59, 60, 61, 62, 63, 64, 66, 67, 68, 69, 70, 71, 72, 74, 76, 78, 79, 81, 84, 85, 87, 91, 92, 93, 94, 95, 96, 97, 98, 99, 100, 101, 102, 103, 104, 105, 106, 107, 108, 109, 110, 111, 113, 114, 115, 116, 117, 118, 120, 122, 124, 125, 126, 127, 128, 130, 131, 132, 133, 134, 135, 136, 139, 140, 141, 145, 147, 148, 149, 150, 151, 152, 156, 158, 160, 163, 165, 169, 207, 208, 210, 211, 212, 213, 214, 216, 217, 218, 219, 220, 221, 223, 224, 225, 226, 229, 230, 231, 232, 233, 235, 236, 239, 242, 246, 248, 250, 251, 252, 253, 254, 257, 258, 259, 269, 270, 272, 349, 350, 351, 352, 355, 356, 363, 364, 369, 370, 376, 377, 382, 384, 397], [44, 50, 65, 75, 77, 83, 86, 88, 112, 123, 129, 137, 138, 142, 143, 144, 146, 153, 154, 155, 157, 159, 161, 162, 166, 167, 171, 172, 173, 174, 176, 177, 178, 180, 182, 184, 185, 187, 189, 190, 192, 193, 194, 195, 196, 198, 200, 201, 205, 209, 215, 222, 227, 228, 234, 238, 241, 244, 249, 255, 256, 260, 261, 262, 263, 264, 265, 266, 267, 268, 271, 273, 274, 275, 276, 277, 278, 279, 280, 282, 283, 285, 287, 289, 290, 292, 294, 296, 298, 301, 308, 311, 313, 314, 315, 317, 318, 320, 322, 323, 326, 328, 330, 332, 335, 337, 342, 343, 344, 345, 346, 347, 348, 353, 354, 357, 358, 359, 360, 361, 362, 365, 366, 368, 371, 372, 373, 374, 375, 378, 379, 380, 381, 383, 385, 386, 387, 388, 389, 390, 392, 394, 395, 396, 398, 399, 400, 402, 403, 405, 407, 411, 421, 423, 425, 427, 429, 432, 434, 439, 446, 447, 448, 449, 450, 451, 452, 453, 454, 455, 456, 457, 459, 460, 461, 462, 465, 469, 472, 473, 474, 489, 490]!Vessel: FarSearcher
[1, 2, 3, 4, 5, 6, 7, 8, 9, 10, 11, 12, 13, 14, 15, 16, 17, 18, 19, 20, 21, 22, 23, 24, 25, 26, 27, 28, 30, 31, 32, 33, 34, 35, 36, 37, 38, 39, 40, 41, 42, 43, 45, 46, 47, 48, 49, 51, 52, 53, 54, 55, 56, 57, 58, 59, 60, 61, 62, 63, 64, 66, 67, 68, 69, 70, 71, 72, 74, 76, 78, 79, 81, 84, 85, 87, 91, 92, 93, 94, 95, 96, 97, 98, 99, 100, 101, 102, 103, 104, 105, 106, 107, 108, 109, 110, 111, 113, 114, 115, 116, 117, 118, 120, 122, 124, 125, 126, 127, 128, 130, 131, 132, 133, 134, 135, 136, 139, 140, 141, 145, 147, 148, 149, 150, 151, 152, 156, 158, 160, 163, 165, 169, 207, 208, 210, 211, 212, 213, 214, 216, 217, 218, 219, 220, 221, 223, 224, 225, 226, 229, 230, 231, 232, 233, 235, 236, 239, 242, 246, 248, 250, 251, 252, 253, 254, 257, 258, 259, 269, 270, 272, 349, 350, 351, 352, 355, 356, 363, 364, 369, 370, 376, 377, 382, 384, 397], [44, 50, 65, 75, 77, 83, 86, 88, 112, 123, 129, 137, 138, 142, 143, 144, 146, 153, 154, 155, 157, 159, 161, 162, 166, 167, 171, 172, 173, 174, 176, 177, 178, 180, 182, 184, 185, 187, 189, 190, 192, 193, 194, 195, 196, 198, 200, 201, 205, 209, 215, 222, 227, 228, 234, 238, 241, 244, 249, 255, 256, 260, 261, 262, 263, 264, 265, 266, 267, 268, 271, 273, 274, 275, 276, 277, 278, 279, 280, 282, 283, 285, 287, 289, 290, 292, 294, 296, 298, 301, 308, 311, 313, 314, 315, 317, 318, 320, 322, 323, 326, 328, 330, 332, 335, 337, 342, 343, 344, 345, 346, 347, 348, 353, 354, 357, 358, 359, 360, 361, 362, 365, 366, 368, 371, 372, 373, 374, 375, 378, 386, 387, 390, 394, 396, 402, 403, 405, 407, 421, 423, 427, 429, 432, 434, 446, 447, 448, 449, 450, 451, 452, 453, 454, 455, 456, 457, 459, 460, 461, 465, 473]!Vessel: FarSymphony
[1, 2, 3, 4, 5, 6, 7, 8, 9, 10, 11, 12, 13, 14, 15, 16, 17, 18, 19, 20, 21, 22, 23, 24, 25, 26, 27, 28, 30, 31, 32, 33, 34, 35, 36, 37, 38, 39, 40, 41, 42, 43, 45, 46, 47, 48, 49, 51, 52, 53, 54, 55, 56, 57, 58, 59, 60, 61, 62, 63, 64, 66, 67, 68, 69, 70, 71, 72, 74, 76, 78, 79, 81, 84, 85, 87, 91, 92, 93, 94, 95, 96, 97, 98, 99, 100, 101, 102, 103, 104, 105, 106, 107, 108, 109, 110, 111, 113, 114, 115, 116, 117, 118, 120, 122, 124, 125, 126, 127, 128, 130, 131, 132, 133, 134, 135, 136, 139, 140, 141, 145, 147, 148, 149, 150, 151, 152, 156, 158, 160, 163, 165, 169, 207, 208, 210, 211, 212, 213, 214, 216, 217, 218, 219, 220, 221, 223, 224, 225, 226, 229, 230, 231, 232, 233, 235, 236, 239, 242, 246, 248, 250, 251, 252, 253, 254, 257, 258, 259, 269, 270, 272, 349, 350, 351, 352, 355, 356, 363, 364, 369, 370, 376, 377, 382, 384, 397], [44, 50, 65, 75, 77, 83, 86, 88, 112, 123, 129, 137, 138, 142, 143, 144, 146, 153, 154, 155, 157, 159, 161, 162, 166, 167, 171, 172, 173, 174, 176, 177, 178, 180, 182, 184, 185, 187, 189, 190, 192, 193, 194, 195, 196, 198, 200, 201, 205, 209, 215, 222, 227, 228, 234, 238, 241, 244, 249, 255, 256, 260, 261, 262, 263, 264, 265, 266, 267, 268, 271, 273, 274, 275, 276, 277, 278, 279, 280, 282, 283, 285, 287, 289, 290, 292, 294, 296, 298, 301, 308, 311, 313, 314, 315, 317, 318, 320, 322, 323, 326, 328, 330, 332, 335, 337, 342, 343, 344, 345, 346, 347, 348, 353, 354, 357, 358, 359, 360, 361, 362, 365, 366, 368, 371, 372, 373, 374, 375, 378, 379, 380, 381, 383, 385, 386, 387, 388, 389, 390, 392, 394, 395, 396, 398, 399, 400, 402, 403, 405, 407, 411, 421, 423, 425, 427, 429, 432, 434, 439, 446, 447, 448, 449, 450, 451, 452, 453, 454, 455, 456, 457, 459, 460, 461, 462, 465, 469, 472, 473, 474, 490]!Vessel: HavilaForesight
[1, 2, 3, 4, 5, 6, 7, 8, 9, 10, 11, 12, 13, 14, 15, 16, 17, 18, 19, 20, 21, 22, 23, 24, 25, 26, 27, 28, 30, 31, 32, 33, 34, 35, 36, 37, 38, 39, 40, 41, 42, 43, 45, 46, 47, 48, 49, 51, 52, 53, 54, 55, 56, 57, 58, 59, 60, 61, 62, 63, 64, 66, 67, 68, 69, 70, 71, 72, 74, 76, 78, 79, 81, 84, 85, 87, 91, 92, 93, 94, 95, 96, 97, 98, 99, 100, 101, 102, 103, 104, 105, 106, 107, 108, 109, 110, 111, 113, 114, 115, 116, 117, 118, 120, 122, 124, 125, 126, 127, 128, 130, 131, 132, 133, 134, 135, 136, 139, 140, 141, 145, 147, 148, 149, 150, 151, 152, 156, 158, 160, 163, 165, 169, 207, 208, 210, 211, 212, 213, 214, 216, 217, 218, 219, 220, 221, 223, 224, 225, 226, 229, 230, 231, 232, 233, 235, 236, 239, 242, 246, 248, 250, 251, 252, 253, 254, 257, 258, 259, 269, 270, 272, 349, 350, 351, 352, 355, 356, 363, 364, 369, 370, 376, 377, 382, 384, 397], [44, 50, 65, 75, 77, 83, 86, 88, 112, 123, 129, 137, 138, 142, 143, 144, 146, 153, 154, 155, 157, 159, 161, 162, 166, 167, 171, 172, 173, 174, 176, 177, 178, 180, 182, 184, 185, 187, 189, 190, 192, 193, 194, 195, 196, 198, 200, 201, 205, 209, 215, 222, 227, 228, 234, 238, 241, 244, 249, 255, 256, 260, 261, 262, 263, 265, 266, 267, 268, 271, 273, 274, 275, 276, 277, 278, 279, 280, 282, 283, 285, 287, 289, 290, 292, 294, 296, 298, 301, 308, 311, 313, 314, 315, 317, 318, 320, 322, 323, 326, 328, 330, 332, 335, 337, 342, 343, 344, 345, 346, 347, 348, 353, 354, 357, 358, 359, 360, 361, 362, 365, 366, 368, 371, 372, 373, 374, 375, 386, 387, 390, 394, 396, 402, 403, 405, 407, 421, 427, 434, 446, 447, 451, 452, 454, 457, 459, 460, 473]!Vessel: FarStar
] 

minF : 2
maxF : 6
Nf : [
!f : 2, 3, 4, 5, 6
[5, 6], [], [], [2, 3, 4, 7], [1, 8, 9]
]

! Parameters
VoyageCost: [37970, 39085, 64838, 53931, 37570, 44429, 45544, 73722, 62814, 42817, 43726, 43120, 46453, 43120, 73722, 62814, 40394, 38879, 38273, 44029, 74837, 63929, 43932, 42418, 44235, 47568, 72716, 73019, 75746, 62111, 64838, 72110, 61202, 39691, 41509, 44841, 37570, 43326, 61505, 45144, 50186, 49580, 81296, 70389, 50392, 48877, 50695, 54028, 81599, 49277, 48574, 48877, 49580, 52913, 52210, 80181, 69274, 78872, 67965, 47968, 46453, 48271, 51604, 81599, 78569, 67662, 46150, 51301, 79478, 68571, 44029, 67965, 82205, 71298, 82714, 47568, 78569, 78169, 83320, 79987, 80896, 83623, 77867, 83017, 67662, 67965, 67262, 72413, 66959, 67262, 47968, 51301, 45544, 79684, 68777, 47265, 52416, 68777, 72110, 44841, 50598, 52416, 79478, 68571, 50901, 81502, 70595, 51604, 49180, 69080, 49083, 52719, 72413, 48477, 82205, 71298, 49786, 55337, 55337, 54731, 89174, 54028, 55034, 54428, 53725, 58670, 58064, 57361, 88059, 85332, 74425, 54428, 58064, 86750, 86144, 89780, 75237, 78872, 53725, 58876, 51604, 57361, 74122, 57761, 86447, 89477, 78569, 51301, 85938, 75031, 84629, 73722, 87356, 84326, 73419, 73722, 87962, 77055, 74425, 88665, 77757, 86144, 84629, 89780, 85029, 84326, 89477, 87962, 85441, 90592, 89077, 86447, 87356, 90083, 87562, 86047, 91198, 85744, 90895, 90083, 89380, 88774, 75237, 75540, 77055, 73116, 72413, 72813, 72110, 75237, 78569, 57058, 58876, 55543, 58876, 53119, 76352, 79684, 52416, 58173, 59991, 74534, 77867, 79684, 56452, 55749, 73722, 53725, 57361, 78169, 73419, 73722, 78872, 56755, 76449, 59179, 79987, 56052, 75746, 78872, 57058, 54937, 60487, 60184, 63820, 81696, 92604, 60184, 65335, 63820, 96239, 94022, 97657, 91901, 97051, 95536, 80993, 86144, 84629, 58876, 62511, 92907, 63517, 95936, 97354, 95233, 84326, 80181, 92507, 79878, 80181, 94421, 83514, 78872, 78569, 82205, 91089, 91901, 97051, 95536, 90786, 95233, 96348, 93816, 93210, 94022, 92507, 97657, 92204, 97354, 96542, 95839, 93319, 98469, 96954, 92204, 96651, 95839, 82811, 82908, 80993, 86144, 85029, 84326, 86144, 62911, 64632, 66450, 62208, 85441, 87259, 64026, 63323, 80387, 79684, 83720, 83017, 86447, 79575, 59578, 63214, 84023, 79272, 78872, 58876, 62511, 83320, 78569, 82205, 85332, 84629, 64632, 62208, 87453, 92604, 100481, 103511, 65335, 71092, 68971, 98360, 101996, 104117, 99778, 104929, 103414, 102808, 86144, 91901, 89780, 68668, 101693, 103814, 103111, 89477, 85332, 85029, 88665, 102808, 98966, 99778, 104929, 103414, 98663, 103111, 102299, 104226, 86847, 86144, 91901, 93719, 90786, 90180, 89477, 70486, 69783, 91295, 90592, 90483, 89780, 91089, 69783, 92604, 109874, 97051, 76243, 96239, 95936, 97754, 97051]
VoyageDuration: [2, 2, 2, 2, 2, 2, 2, 2, 2, 2, 2, 2, 2, 2, 2, 2, 2, 2, 2, 2, 2, 2, 2, 2, 2, 2, 2, 2, 2, 2, 2, 2, 2, 2, 2, 2, 2, 2, 2, 2, 2, 2, 3, 2, 2, 2, 2, 2, 3, 2, 2, 2, 2, 2, 2, 2, 2, 2, 2, 2, 2, 2, 2, 3, 2, 2, 2, 2, 2, 2, 2, 2, 3, 2, 3, 2, 2, 2, 3, 2, 2, 3, 2, 3, 2, 2, 2, 2, 2, 2, 2, 2, 2, 2, 2, 2, 2, 2, 2, 2, 2, 2, 2, 2, 2, 3, 2, 2, 2, 2, 2, 2, 2, 2, 3, 2, 2, 2, 2, 2, 3, 2, 2, 2, 2, 2, 2, 2, 3, 3, 2, 2, 2, 3, 3, 3, 2, 3, 2, 2, 2, 2, 2, 2, 3, 3, 3, 2, 3, 2, 3, 2, 3, 3, 2, 2, 3, 3, 2, 3, 3, 3, 3, 3, 3, 3, 3, 3, 3, 3, 3, 3, 3, 3, 3, 3, 3, 3, 3, 3, 3, 3, 2, 2, 3, 2, 2, 2, 2, 2, 3, 2, 2, 2, 2, 2, 2, 3, 2, 2, 2, 2, 3, 3, 2, 2, 2, 2, 2, 3, 2, 2, 3, 2, 3, 2, 3, 2, 2, 3, 2, 2, 2, 2, 2, 3, 3, 2, 2, 2, 3, 3, 3, 3, 3, 3, 3, 3, 3, 2, 2, 3, 2, 3, 3, 3, 3, 3, 3, 3, 3, 3, 3, 3, 3, 3, 3, 3, 3, 3, 3, 3, 3, 3, 3, 3, 3, 3, 3, 3, 3, 3, 3, 3, 3, 3, 3, 3, 3, 3, 3, 3, 3, 3, 3, 2, 2, 2, 2, 3, 3, 2, 2, 3, 3, 3, 3, 3, 3, 2, 2, 3, 3, 3, 2, 2, 3, 3, 3, 3, 3, 2, 2, 3, 3, 3, 3, 2, 3, 2, 3, 3, 3, 3, 3, 3, 3, 3, 3, 3, 2, 3, 3, 3, 3, 3, 3, 3, 3, 3, 3, 3, 3, 3, 3, 3, 3, 3, 3, 3, 3, 3, 3, 3, 3, 3, 3, 3, 3, 3, 3, 3, 3, 3, 3, 3, 3, 3, 3, 3]
TimeCharterCost: [120000, 125000, 130000, 110000, 104000]
RequiredVisits: [6, 5, 5, 5, 2, 2, 5, 6, 6]
NumberOfDaysAvailable: [7, 7, 7, 7, 7]
DepotCapacity: [3, 3, 3, 3, 3, 3, 3]
