!Summary:
!Execution time: 0,37 seconds
!Total # voyages: 457 (92 unique)
!Number of installations (excluding depot): 7
!Number of time windows: 0
!Number of vessels: 5

!Min. # installations: 1
!Max. number of installations: 8
!Min. duration: 56
!Max. duration: 80

!Name: FarStar	 # voyages: 90
!Name: FarSymphony	 # voyages: 91
!Name: FarSearcher	 # voyages: 92
!Name: FarSeeker	 # voyages: 92
!Name: HavilaForesight	 # voyages: 92
!------------------------------------------------------------------------------------------------------------------------
nV : 5
nR : 92
nN : 7
nT : 7
minL : 2
maxL : 3

! Sets: 
Rv : [
[1, 2, 3, 4, 5, 6, 7, 8, 9, 10, 11, 12, 13, 14, 15, 16, 17, 18, 19, 20, 22, 23, 24, 25, 26, 27, 28, 29, 30, 31, 32, 33, 34, 35, 36, 37, 38, 39, 40, 41, 42, 43, 44, 46, 47, 48, 50, 53, 54, 55, 56, 57, 58, 60, 61, 62, 63, 64, 65, 66, 67, 68, 69, 70, 71, 72, 73, 75, 77, 80, 81, 83, 86, 88, 91, 92, 93, 94, 95, 96, 97, 98, 99, 101, 102, 103, 105, 110, 111, 116, 117, 118]!Vessel: FarSeeker
[1, 2, 3, 4, 5, 6, 7, 8, 9, 10, 11, 12, 13, 14, 15, 16, 17, 18, 19, 20, 22, 23, 24, 25, 26, 27, 28, 29, 30, 31, 32, 33, 34, 35, 36, 37, 38, 39, 40, 41, 42, 43, 44, 46, 47, 48, 50, 53, 54, 55, 56, 57, 58, 60, 61, 62, 63, 64, 65, 66, 67, 68, 69, 70, 71, 72, 73, 75, 77, 80, 81, 83, 86, 88, 91, 92, 93, 94, 95, 96, 97, 98, 99, 101, 102, 103, 105, 110, 111, 116, 117, 118]!Vessel: FarSearcher
[1, 2, 3, 4, 5, 6, 7, 8, 9, 10, 11, 12, 13, 14, 15, 16, 17, 18, 19, 20, 22, 23, 24, 25, 26, 27, 28, 29, 30, 31, 32, 33, 34, 35, 36, 37, 38, 39, 40, 41, 42, 43, 44, 46, 47, 48, 50, 53, 54, 55, 56, 57, 58, 60, 61, 62, 63, 64, 65, 66, 67, 68, 69, 70, 71, 72, 73, 75, 77, 80, 81, 83, 86, 88, 91, 92, 93, 94, 95, 96, 97, 98, 99, 101, 102, 103, 105, 110, 111, 116, 117]!Vessel: FarSymphony
[1, 2, 3, 4, 5, 6, 7, 8, 9, 10, 11, 12, 13, 14, 15, 16, 17, 18, 19, 20, 22, 23, 24, 25, 26, 27, 28, 29, 30, 31, 32, 33, 34, 35, 36, 37, 38, 39, 40, 41, 42, 43, 44, 46, 47, 48, 50, 53, 54, 55, 56, 57, 58, 60, 61, 62, 63, 64, 65, 66, 67, 68, 69, 70, 71, 72, 73, 75, 77, 80, 81, 83, 86, 88, 91, 92, 93, 94, 95, 96, 97, 98, 99, 101, 102, 103, 105, 110, 111, 116, 117, 118]!Vessel: HavilaForesight
[1, 2, 3, 4, 5, 6, 7, 8, 9, 10, 11, 12, 13, 14, 15, 16, 17, 18, 19, 20, 22, 23, 24, 25, 26, 27, 28, 29, 30, 31, 32, 33, 34, 35, 36, 37, 38, 39, 40, 41, 42, 43, 44, 46, 47, 48, 50, 53, 54, 55, 56, 57, 58, 60, 61, 62, 63, 64, 65, 66, 67, 68, 69, 70, 71, 72, 73, 75, 77, 80, 81, 83, 86, 88, 91, 92, 93, 94, 95, 96, 97, 98, 99, 101, 102, 103, 105, 110, 111, 116]!Vessel: FarStar
] 

Rvi : [
!i : 1, 2, 3, 4, 5, 6, 7
[1, 5, 6, 7, 8, 9, 10, 26, 27, 28, 29, 30, 31, 32, 33, 34, 35, 36, 48, 53, 60, 61, 62, 63, 64, 65, 66, 67, 72, 75, 81, 83, 86, 91, 93, 94, 95, 96, 97, 98, 102, 103, 105, 110, 111, 116, 117, 118], [5, 11, 12, 13, 14, 15, 26, 27, 33, 35, 36, 37, 38, 39, 40, 41, 42, 43, 44, 46, 61, 63, 64, 65, 66, 67, 68, 69, 70, 71, 72, 73, 75, 77, 80, 83, 96, 97, 98, 99, 101, 102, 103, 105, 110, 117, 118], [2, 6, 11, 16, 17, 18, 19, 27, 28, 29, 30, 31, 37, 38, 39, 40, 47, 54, 56, 57, 58, 61, 62, 65, 66, 67, 68, 69, 70, 71, 77, 81, 88, 91, 92, 93, 94, 96, 97, 98, 99, 101, 103, 110, 111, 116, 117, 118], [3, 7, 12, 16, 20, 23, 28, 32, 35, 37, 41, 42, 47, 48, 50, 56, 62, 64, 65, 68, 69, 73, 81, 83, 86, 88, 97, 99, 102, 110, 111, 118], [4, 8, 13, 17, 20, 22, 24, 29, 32, 36, 38, 41, 43, 46, 47, 50, 53, 54, 55, 57, 60, 62, 64, 66, 68, 70, 72, 73, 75, 77, 80, 86, 88, 91, 92, 93, 95, 96, 99, 101, 102, 103, 105, 110, 111, 116, 117, 118], [9, 14, 18, 23, 24, 25, 30, 33, 34, 39, 42, 43, 44, 48, 50, 53, 55, 56, 57, 58, 63, 67, 69, 70, 71, 72, 73, 80, 81, 83, 86, 88, 91, 92, 94, 95, 96, 97, 98, 99, 101, 102, 105, 111, 116, 117, 118], [10, 15, 19, 22, 25, 26, 31, 34, 40, 44, 46, 54, 55, 58, 60, 61, 63, 71, 75, 77, 80, 92, 93, 94, 95, 98, 101, 103, 105, 116, 117]!Vessel: FarSeeker
[1, 5, 6, 7, 8, 9, 10, 26, 27, 28, 29, 30, 31, 32, 33, 34, 35, 36, 48, 53, 60, 61, 62, 63, 64, 65, 66, 67, 72, 75, 81, 83, 86, 91, 93, 94, 95, 96, 97, 98, 102, 103, 105, 110, 111, 116, 117, 118], [5, 11, 12, 13, 14, 15, 26, 27, 33, 35, 36, 37, 38, 39, 40, 41, 42, 43, 44, 46, 61, 63, 64, 65, 66, 67, 68, 69, 70, 71, 72, 73, 75, 77, 80, 83, 96, 97, 98, 99, 101, 102, 103, 105, 110, 117, 118], [2, 6, 11, 16, 17, 18, 19, 27, 28, 29, 30, 31, 37, 38, 39, 40, 47, 54, 56, 57, 58, 61, 62, 65, 66, 67, 68, 69, 70, 71, 77, 81, 88, 91, 92, 93, 94, 96, 97, 98, 99, 101, 103, 110, 111, 116, 117, 118], [3, 7, 12, 16, 20, 23, 28, 32, 35, 37, 41, 42, 47, 48, 50, 56, 62, 64, 65, 68, 69, 73, 81, 83, 86, 88, 97, 99, 102, 110, 111, 118], [4, 8, 13, 17, 20, 22, 24, 29, 32, 36, 38, 41, 43, 46, 47, 50, 53, 54, 55, 57, 60, 62, 64, 66, 68, 70, 72, 73, 75, 77, 80, 86, 88, 91, 92, 93, 95, 96, 99, 101, 102, 103, 105, 110, 111, 116, 117, 118], [9, 14, 18, 23, 24, 25, 30, 33, 34, 39, 42, 43, 44, 48, 50, 53, 55, 56, 57, 58, 63, 67, 69, 70, 71, 72, 73, 80, 81, 83, 86, 88, 91, 92, 94, 95, 96, 97, 98, 99, 101, 102, 105, 111, 116, 117, 118], [10, 15, 19, 22, 25, 26, 31, 34, 40, 44, 46, 54, 55, 58, 60, 61, 63, 71, 75, 77, 80, 92, 93, 94, 95, 98, 101, 103, 105, 116, 117]!Vessel: FarSearcher
[1, 5, 6, 7, 8, 9, 10, 26, 27, 28, 29, 30, 31, 32, 33, 34, 35, 36, 48, 53, 60, 61, 62, 63, 64, 65, 66, 67, 72, 75, 81, 83, 86, 91, 93, 94, 95, 96, 97, 98, 102, 103, 105, 110, 111, 116, 117], [5, 11, 12, 13, 14, 15, 26, 27, 33, 35, 36, 37, 38, 39, 40, 41, 42, 43, 44, 46, 61, 63, 64, 65, 66, 67, 68, 69, 70, 71, 72, 73, 75, 77, 80, 83, 96, 97, 98, 99, 101, 102, 103, 105, 110, 117], [2, 6, 11, 16, 17, 18, 19, 27, 28, 29, 30, 31, 37, 38, 39, 40, 47, 54, 56, 57, 58, 61, 62, 65, 66, 67, 68, 69, 70, 71, 77, 81, 88, 91, 92, 93, 94, 96, 97, 98, 99, 101, 103, 110, 111, 116, 117], [3, 7, 12, 16, 20, 23, 28, 32, 35, 37, 41, 42, 47, 48, 50, 56, 62, 64, 65, 68, 69, 73, 81, 83, 86, 88, 97, 99, 102, 110, 111], [4, 8, 13, 17, 20, 22, 24, 29, 32, 36, 38, 41, 43, 46, 47, 50, 53, 54, 55, 57, 60, 62, 64, 66, 68, 70, 72, 73, 75, 77, 80, 86, 88, 91, 92, 93, 95, 96, 99, 101, 102, 103, 105, 110, 111, 116, 117], [9, 14, 18, 23, 24, 25, 30, 33, 34, 39, 42, 43, 44, 48, 50, 53, 55, 56, 57, 58, 63, 67, 69, 70, 71, 72, 73, 80, 81, 83, 86, 88, 91, 92, 94, 95, 96, 97, 98, 99, 101, 102, 105, 111, 116, 117], [10, 15, 19, 22, 25, 26, 31, 34, 40, 44, 46, 54, 55, 58, 60, 61, 63, 71, 75, 77, 80, 92, 93, 94, 95, 98, 101, 103, 105, 116, 117]!Vessel: FarSymphony
[1, 5, 6, 7, 8, 9, 10, 26, 27, 28, 29, 30, 31, 32, 33, 34, 35, 36, 48, 53, 60, 61, 62, 63, 64, 65, 66, 67, 72, 75, 81, 83, 86, 91, 93, 94, 95, 96, 97, 98, 102, 103, 105, 110, 111, 116, 117, 118], [5, 11, 12, 13, 14, 15, 26, 27, 33, 35, 36, 37, 38, 39, 40, 41, 42, 43, 44, 46, 61, 63, 64, 65, 66, 67, 68, 69, 70, 71, 72, 73, 75, 77, 80, 83, 96, 97, 98, 99, 101, 102, 103, 105, 110, 117, 118], [2, 6, 11, 16, 17, 18, 19, 27, 28, 29, 30, 31, 37, 38, 39, 40, 47, 54, 56, 57, 58, 61, 62, 65, 66, 67, 68, 69, 70, 71, 77, 81, 88, 91, 92, 93, 94, 96, 97, 98, 99, 101, 103, 110, 111, 116, 117, 118], [3, 7, 12, 16, 20, 23, 28, 32, 35, 37, 41, 42, 47, 48, 50, 56, 62, 64, 65, 68, 69, 73, 81, 83, 86, 88, 97, 99, 102, 110, 111, 118], [4, 8, 13, 17, 20, 22, 24, 29, 32, 36, 38, 41, 43, 46, 47, 50, 53, 54, 55, 57, 60, 62, 64, 66, 68, 70, 72, 73, 75, 77, 80, 86, 88, 91, 92, 93, 95, 96, 99, 101, 102, 103, 105, 110, 111, 116, 117, 118], [9, 14, 18, 23, 24, 25, 30, 33, 34, 39, 42, 43, 44, 48, 50, 53, 55, 56, 57, 58, 63, 67, 69, 70, 71, 72, 73, 80, 81, 83, 86, 88, 91, 92, 94, 95, 96, 97, 98, 99, 101, 102, 105, 111, 116, 117, 118], [10, 15, 19, 22, 25, 26, 31, 34, 40, 44, 46, 54, 55, 58, 60, 61, 63, 71, 75, 77, 80, 92, 93, 94, 95, 98, 101, 103, 105, 116, 117]!Vessel: HavilaForesight
[1, 5, 6, 7, 8, 9, 10, 26, 27, 28, 29, 30, 31, 32, 33, 34, 35, 36, 48, 53, 60, 61, 62, 63, 64, 65, 66, 67, 72, 75, 81, 83, 86, 91, 93, 94, 95, 96, 97, 98, 102, 103, 105, 110, 111, 116], [5, 11, 12, 13, 14, 15, 26, 27, 33, 35, 36, 37, 38, 39, 40, 41, 42, 43, 44, 46, 61, 63, 64, 65, 66, 67, 68, 69, 70, 71, 72, 73, 75, 77, 80, 83, 96, 97, 98, 99, 101, 102, 103, 105, 110], [2, 6, 11, 16, 17, 18, 19, 27, 28, 29, 30, 31, 37, 38, 39, 40, 47, 54, 56, 57, 58, 61, 62, 65, 66, 67, 68, 69, 70, 71, 77, 81, 88, 91, 92, 93, 94, 96, 97, 98, 99, 101, 103, 110, 111, 116], [3, 7, 12, 16, 20, 23, 28, 32, 35, 37, 41, 42, 47, 48, 50, 56, 62, 64, 65, 68, 69, 73, 81, 83, 86, 88, 97, 99, 102, 110, 111], [4, 8, 13, 17, 20, 22, 24, 29, 32, 36, 38, 41, 43, 46, 47, 50, 53, 54, 55, 57, 60, 62, 64, 66, 68, 70, 72, 73, 75, 77, 80, 86, 88, 91, 92, 93, 95, 96, 99, 101, 102, 103, 105, 110, 111, 116], [9, 14, 18, 23, 24, 25, 30, 33, 34, 39, 42, 43, 44, 48, 50, 53, 55, 56, 57, 58, 63, 67, 69, 70, 71, 72, 73, 80, 81, 83, 86, 88, 91, 92, 94, 95, 96, 97, 98, 99, 101, 102, 105, 111, 116], [10, 15, 19, 22, 25, 26, 31, 34, 40, 44, 46, 54, 55, 58, 60, 61, 63, 71, 75, 77, 80, 92, 93, 94, 95, 98, 101, 103, 105, 116]!Vessel: FarStar
] 

Rvl : [
!l : 2, 3
[1, 2, 3, 4, 5, 6, 7, 8, 9, 10, 11, 12, 13, 14, 15, 16, 17, 18, 19, 20, 22, 23, 24, 25, 26, 27, 29, 30, 31, 33, 34, 35, 36, 37, 38, 39, 40, 42, 43, 44, 46, 48, 50, 53, 54, 55, 56, 57, 58, 60, 61, 63, 66, 67, 70, 71, 72, 75, 77, 80, 91, 92, 93, 94, 95, 98], [28, 32, 41, 47, 62, 64, 65, 68, 69, 73, 81, 83, 86, 88, 96, 97, 99, 101, 102, 103, 105, 110, 111, 116, 117, 118]!Vessel: FarSeeker
[1, 2, 3, 4, 5, 6, 7, 8, 9, 10, 11, 12, 13, 14, 15, 16, 17, 18, 19, 20, 22, 23, 24, 25, 26, 27, 29, 30, 31, 33, 34, 35, 36, 37, 38, 39, 40, 42, 43, 44, 46, 48, 50, 53, 54, 55, 56, 57, 58, 60, 61, 63, 66, 67, 70, 71, 72, 75, 77, 80, 91, 92, 93, 94, 95, 98], [28, 32, 41, 47, 62, 64, 65, 68, 69, 73, 81, 83, 86, 88, 96, 97, 99, 101, 102, 103, 105, 110, 111, 116, 117, 118]!Vessel: FarSearcher
[1, 2, 3, 4, 5, 6, 7, 8, 9, 10, 11, 12, 13, 14, 15, 16, 17, 18, 19, 20, 22, 23, 24, 25, 26, 27, 29, 30, 31, 33, 34, 35, 36, 37, 38, 39, 40, 42, 43, 44, 46, 48, 50, 53, 54, 55, 56, 57, 58, 60, 61, 63, 66, 67, 70, 71, 72, 75, 77, 80, 91, 92, 93, 94, 95, 98], [28, 32, 41, 47, 62, 64, 65, 68, 69, 73, 81, 83, 86, 88, 96, 97, 99, 101, 102, 103, 105, 110, 111, 116, 117]!Vessel: FarSymphony
[1, 2, 3, 4, 5, 6, 7, 8, 9, 10, 11, 12, 13, 14, 15, 16, 17, 18, 19, 20, 22, 23, 24, 25, 26, 27, 29, 30, 31, 33, 34, 35, 36, 37, 38, 39, 40, 42, 43, 44, 46, 48, 50, 53, 54, 55, 56, 57, 58, 60, 61, 63, 66, 67, 70, 71, 72, 75, 77, 80, 91, 92, 93, 94, 95, 98], [28, 32, 41, 47, 62, 64, 65, 68, 69, 73, 81, 83, 86, 88, 96, 97, 99, 101, 102, 103, 105, 110, 111, 116, 117, 118]!Vessel: HavilaForesight
[1, 2, 3, 4, 5, 6, 7, 8, 9, 10, 11, 12, 13, 14, 15, 16, 17, 18, 19, 20, 22, 23, 24, 25, 26, 27, 29, 30, 31, 33, 34, 35, 36, 37, 38, 39, 40, 42, 43, 44, 46, 48, 50, 53, 54, 55, 56, 57, 58, 60, 61, 63, 66, 67, 70, 71, 72, 75, 77, 80, 91, 92, 93, 94, 95, 98], [28, 32, 41, 47, 62, 64, 65, 68, 69, 73, 81, 83, 86, 88, 96, 97, 99, 101, 102, 103, 105, 110, 111, 116]!Vessel: FarStar
] 

minF : 2
maxF : 6
Nf : [
!f : 2, 3, 4, 5, 6
[5, 6], [], [], [2, 3, 4, 7], [1]
]

! Parameters
VoyageCost: [37970, 39085, 64838, 53931, 44429, 45544, 73722, 62814, 42817, 43726, 43120, 73722, 62814, 40394, 38879, 74837, 63929, 43932, 42418, 72716, 62111, 72110, 61202, 39691, 50186, 49580, 81296, 70389, 50392, 48877, 81599, 49277, 48574, 80181, 69274, 78872, 67965, 47968, 46453, 81599, 78569, 67662, 46150, 68571, 82714, 78569, 79987, 67662, 67262, 66959, 79684, 68777, 47265, 68571, 55337, 89174, 55034, 88059, 85332, 74425, 54428, 86750, 86144, 75237, 53725, 74122, 86447, 75031, 73722, 73419, 86144, 85029, 86447, 87562, 75237, 74534, 73722, 53725, 73419, 81696, 92604, 60184, 94022, 80993, 92907, 80181, 79878, 93210, 94022, 80993, 87453, 100481]
VoyageDuration: [2, 2, 2, 2, 2, 2, 2, 2, 2, 2, 2, 2, 2, 2, 2, 2, 2, 2, 2, 2, 2, 2, 2, 2, 2, 2, 3, 2, 2, 2, 3, 2, 2, 2, 2, 2, 2, 2, 2, 3, 2, 2, 2, 2, 3, 2, 2, 2, 2, 2, 2, 2, 2, 2, 2, 3, 2, 3, 3, 2, 2, 3, 3, 2, 2, 2, 3, 2, 2, 2, 3, 3, 3, 3, 2, 2, 2, 2, 2, 3, 3, 2, 3, 3, 3, 3, 3, 3, 3, 3, 3, 3]
TimeCharterCost: [120000, 125000, 130000, 110000, 104000]
RequiredVisits: [6, 5, 5, 5, 2, 2, 5]
NumberOfDaysAvailable: [7, 7, 7, 7, 7]
DepotCapacity: [3, 3, 3, 3, 3, 3, 3]
