!Summary:
!Execution time: 0,48 seconds
!Total # voyages: 924 (187 unique)
!Number of installations (excluding depot): 8
!Number of time windows: 2
!Number of vessels: 5

!Min. # installations: 1
!Max. number of installations: 8
!Min. duration: 56
!Max. duration: 80

!Name: FarStar	 # voyages: 180
!Name: FarSymphony	 # voyages: 183
!Name: FarSearcher	 # voyages: 187
!Name: FarSeeker	 # voyages: 187
!Name: HavilaForesight	 # voyages: 187
!------------------------------------------------------------------------------------------------------------------------
nV : 5
nR : 187
nN : 8
nT : 7
minL : 2
maxL : 3

! Sets: 
Rv : [
[1, 2, 3, 4, 5, 6, 7, 8, 9, 10, 11, 12, 13, 14, 15, 16, 17, 18, 19, 20, 21, 22, 23, 24, 25, 27, 28, 29, 30, 31, 32, 33, 34, 35, 36, 37, 38, 39, 40, 41, 42, 43, 44, 45, 46, 47, 48, 49, 50, 51, 52, 53, 54, 55, 56, 57, 58, 59, 60, 62, 63, 64, 65, 66, 68, 70, 71, 74, 75, 76, 77, 78, 79, 80, 81, 82, 83, 84, 85, 86, 87, 89, 90, 91, 92, 93, 94, 95, 96, 97, 98, 99, 100, 101, 102, 103, 104, 105, 106, 107, 108, 109, 110, 111, 112, 113, 114, 115, 116, 117, 118, 119, 120, 122, 124, 126, 127, 128, 133, 134, 136, 137, 138, 140, 141, 142, 143, 144, 145, 146, 147, 148, 150, 152, 154, 157, 158, 160, 161, 162, 163, 164, 165, 166, 167, 168, 169, 170, 171, 172, 173, 174, 175, 176, 178, 179, 180, 184, 188, 190, 191, 192, 194, 196, 198, 201, 202, 203, 205, 206, 207, 213, 214, 216, 217, 218, 219, 220, 221, 222, 223, 225, 230, 232, 237, 242, 245]!Vessel: FarSeeker
[1, 2, 3, 4, 5, 6, 7, 8, 9, 10, 11, 12, 13, 14, 15, 16, 17, 18, 19, 20, 21, 22, 23, 24, 25, 27, 28, 29, 30, 31, 32, 33, 34, 35, 36, 37, 38, 39, 40, 41, 42, 43, 44, 45, 46, 47, 48, 49, 50, 51, 52, 53, 54, 55, 56, 57, 58, 59, 60, 62, 63, 64, 65, 66, 68, 70, 71, 74, 75, 76, 77, 78, 79, 80, 81, 82, 83, 84, 85, 86, 87, 89, 90, 91, 92, 93, 94, 95, 96, 97, 98, 99, 100, 101, 102, 103, 104, 105, 106, 107, 108, 109, 110, 111, 112, 113, 114, 115, 116, 117, 118, 119, 120, 122, 124, 126, 127, 128, 133, 134, 136, 137, 138, 140, 141, 142, 143, 144, 145, 146, 147, 148, 150, 152, 154, 157, 158, 160, 161, 162, 163, 164, 165, 166, 167, 168, 169, 170, 171, 172, 173, 174, 175, 176, 178, 179, 180, 184, 188, 190, 191, 192, 194, 196, 198, 201, 202, 203, 205, 206, 207, 213, 214, 216, 217, 218, 219, 220, 221, 222, 223, 225, 230, 232, 237, 242, 245]!Vessel: FarSearcher
[1, 2, 3, 4, 5, 6, 7, 8, 9, 10, 11, 12, 13, 14, 15, 16, 17, 18, 19, 20, 21, 22, 23, 24, 25, 27, 28, 29, 30, 31, 32, 33, 34, 35, 36, 37, 38, 39, 40, 41, 42, 43, 44, 45, 46, 47, 48, 49, 50, 51, 52, 53, 54, 55, 56, 57, 58, 59, 60, 62, 63, 64, 65, 66, 68, 70, 71, 74, 75, 76, 77, 78, 79, 80, 81, 82, 83, 84, 85, 86, 87, 89, 90, 91, 92, 93, 94, 95, 96, 97, 98, 99, 100, 101, 102, 103, 104, 105, 106, 107, 108, 109, 110, 111, 112, 113, 114, 115, 116, 117, 118, 119, 120, 122, 124, 126, 127, 128, 133, 134, 136, 137, 138, 140, 141, 142, 143, 144, 145, 146, 147, 148, 150, 152, 154, 157, 158, 160, 161, 162, 163, 164, 165, 166, 167, 168, 169, 170, 171, 172, 173, 174, 175, 176, 178, 179, 180, 184, 188, 190, 191, 192, 194, 196, 198, 201, 202, 203, 205, 206, 207, 213, 214, 217, 219, 221, 222, 223, 225, 230, 232, 237, 242]!Vessel: FarSymphony
[1, 2, 3, 4, 5, 6, 7, 8, 9, 10, 11, 12, 13, 14, 15, 16, 17, 18, 19, 20, 21, 22, 23, 24, 25, 27, 28, 29, 30, 31, 32, 33, 34, 35, 36, 37, 38, 39, 40, 41, 42, 43, 44, 45, 46, 47, 48, 49, 50, 51, 52, 53, 54, 55, 56, 57, 58, 59, 60, 62, 63, 64, 65, 66, 68, 70, 71, 74, 75, 76, 77, 78, 79, 80, 81, 82, 83, 84, 85, 86, 87, 89, 90, 91, 92, 93, 94, 95, 96, 97, 98, 99, 100, 101, 102, 103, 104, 105, 106, 107, 108, 109, 110, 111, 112, 113, 114, 115, 116, 117, 118, 119, 120, 122, 124, 126, 127, 128, 133, 134, 136, 137, 138, 140, 141, 142, 143, 144, 145, 146, 147, 148, 150, 152, 154, 157, 158, 160, 161, 162, 163, 164, 165, 166, 167, 168, 169, 170, 171, 172, 173, 174, 175, 176, 178, 179, 180, 184, 188, 190, 191, 192, 194, 196, 198, 201, 202, 203, 205, 206, 207, 213, 214, 216, 217, 218, 219, 220, 221, 222, 223, 225, 230, 232, 237, 242, 245]!Vessel: HavilaForesight
[1, 2, 3, 4, 5, 6, 7, 8, 9, 10, 11, 12, 13, 14, 15, 16, 17, 18, 19, 20, 21, 22, 23, 24, 25, 27, 28, 29, 30, 31, 32, 33, 34, 35, 36, 37, 38, 39, 40, 41, 42, 43, 44, 45, 46, 47, 48, 49, 50, 51, 52, 53, 54, 55, 56, 57, 58, 59, 60, 62, 63, 64, 65, 66, 68, 70, 71, 74, 75, 76, 77, 78, 79, 80, 81, 82, 83, 84, 85, 86, 87, 89, 90, 91, 92, 93, 94, 95, 96, 97, 98, 99, 100, 101, 102, 103, 104, 105, 106, 107, 108, 109, 110, 111, 112, 113, 114, 115, 116, 117, 118, 119, 120, 122, 124, 126, 127, 128, 133, 134, 136, 137, 138, 140, 141, 142, 143, 144, 145, 146, 147, 148, 150, 152, 154, 157, 158, 160, 161, 162, 163, 164, 165, 166, 167, 168, 169, 170, 171, 172, 173, 174, 175, 176, 178, 179, 180, 184, 188, 190, 191, 192, 194, 196, 198, 201, 202, 203, 205, 206, 207, 213, 214, 217, 219, 223, 225, 230, 237, 242]!Vessel: FarStar
] 

Rvi : [
!i : 1, 2, 3, 4, 5, 6, 7, 8
[1, 6, 7, 8, 9, 10, 11, 12, 34, 35, 36, 37, 38, 39, 40, 41, 42, 43, 44, 45, 46, 47, 48, 74, 75, 76, 82, 83, 90, 91, 92, 93, 94, 95, 96, 97, 98, 99, 100, 101, 102, 103, 104, 105, 106, 107, 116, 124, 128, 133, 134, 140, 141, 142, 145, 146, 148, 152, 160, 161, 162, 163, 164, 165, 166, 167, 173, 174, 176, 179, 184, 188, 190, 191, 192, 194, 201, 202, 203, 205, 206, 207, 213, 216, 217, 220, 221, 222, 223, 225, 230, 232, 237, 242, 245], [6, 13, 14, 15, 16, 17, 18, 34, 35, 45, 46, 47, 48, 49, 50, 51, 52, 53, 54, 55, 56, 57, 58, 59, 60, 62, 84, 90, 91, 92, 98, 100, 101, 102, 103, 104, 105, 106, 107, 108, 109, 110, 111, 112, 113, 114, 115, 116, 117, 118, 119, 120, 122, 124, 126, 127, 150, 160, 161, 162, 163, 164, 165, 166, 167, 168, 169, 170, 171, 172, 173, 174, 175, 176, 178, 179, 180, 184, 188, 190, 196, 205, 216, 217, 218, 219, 220, 221, 222, 223, 225, 230, 237, 245], [2, 7, 13, 19, 20, 21, 22, 23, 35, 36, 37, 38, 39, 40, 49, 50, 51, 52, 53, 63, 64, 65, 66, 68, 77, 78, 85, 86, 91, 92, 93, 94, 95, 96, 97, 98, 99, 106, 107, 108, 109, 110, 111, 112, 113, 114, 117, 128, 136, 137, 142, 143, 144, 150, 152, 154, 157, 158, 160, 161, 162, 165, 166, 167, 168, 169, 170, 171, 172, 180, 184, 190, 191, 192, 196, 198, 201, 202, 205, 206, 207, 213, 214, 216, 217, 218, 219, 220, 221, 225, 230, 232, 237, 242, 245], [3, 8, 14, 19, 24, 25, 28, 36, 41, 43, 46, 49, 54, 56, 57, 63, 65, 68, 70, 71, 74, 80, 93, 96, 101, 104, 106, 108, 112, 115, 116, 117, 118, 120, 128, 133, 134, 136, 137, 138, 141, 144, 165, 168, 172, 173, 175, 176, 184, 188, 190, 191, 192, 194, 196, 198, 201, 216, 218, 220, 222, 230, 232], [4, 9, 15, 20, 24, 27, 29, 32, 37, 41, 42, 47, 50, 54, 55, 58, 62, 63, 64, 70, 71, 75, 77, 79, 81, 82, 85, 87, 93, 94, 95, 98, 99, 100, 101, 102, 103, 108, 109, 110, 111, 115, 118, 119, 122, 126, 133, 134, 136, 137, 138, 140, 143, 145, 147, 148, 154, 157, 162, 163, 167, 168, 169, 170, 173, 174, 175, 178, 179, 180, 188, 190, 191, 192, 194, 196, 198, 202, 203, 205, 206, 207, 214, 216, 218, 219, 221, 222, 223, 225, 230, 232, 237, 242, 245], [5, 10, 16, 21, 27, 28, 30, 33, 38, 42, 43, 48, 51, 55, 56, 59, 64, 65, 70, 76, 78, 79, 80, 83, 84, 86, 87, 89, 94, 96, 102, 104, 105, 107, 109, 112, 113, 115, 119, 120, 124, 126, 127, 133, 136, 138, 140, 141, 142, 143, 144, 146, 147, 148, 150, 152, 154, 158, 161, 164, 165, 166, 167, 168, 169, 171, 172, 173, 174, 175, 176, 178, 179, 180, 191, 194, 198, 201, 202, 203, 206, 213, 214, 216, 217, 218, 219, 220, 221, 222, 223, 225, 232, 242, 245], [11, 17, 22, 25, 29, 30, 31, 34, 39, 44, 52, 57, 58, 59, 60, 66, 68, 71, 74, 75, 76, 77, 78, 79, 80, 81, 89, 90, 91, 97, 99, 103, 105, 110, 113, 114, 116, 117, 118, 119, 120, 122, 127, 128, 134, 137, 138, 140, 141, 142, 143, 144, 145, 146, 147, 157, 158, 160, 162, 163, 164, 166, 169, 170, 171, 172, 174, 175, 176, 178, 184, 188, 192, 194, 196, 198, 201, 202, 203, 207, 213, 214, 217, 218, 219, 220, 221, 222, 223, 230, 232, 237, 242, 245], [12, 18, 23, 31, 32, 33, 40, 44, 45, 53, 60, 62, 66, 81, 82, 83, 84, 85, 86, 87, 89, 90, 92, 95, 97, 100, 111, 114, 122, 124, 126, 127, 145, 146, 147, 148, 150, 152, 154, 157, 158, 160, 161, 163, 164, 170, 171, 178, 179, 180, 203, 205, 206, 207, 213, 214, 217, 219, 223, 225, 237, 242, 245]!Vessel: FarSeeker
[1, 6, 7, 8, 9, 10, 11, 12, 34, 35, 36, 37, 38, 39, 40, 41, 42, 43, 44, 45, 46, 47, 48, 74, 75, 76, 82, 83, 90, 91, 92, 93, 94, 95, 96, 97, 98, 99, 100, 101, 102, 103, 104, 105, 106, 107, 116, 124, 128, 133, 134, 140, 141, 142, 145, 146, 148, 152, 160, 161, 162, 163, 164, 165, 166, 167, 173, 174, 176, 179, 184, 188, 190, 191, 192, 194, 201, 202, 203, 205, 206, 207, 213, 216, 217, 220, 221, 222, 223, 225, 230, 232, 237, 242, 245], [6, 13, 14, 15, 16, 17, 18, 34, 35, 45, 46, 47, 48, 49, 50, 51, 52, 53, 54, 55, 56, 57, 58, 59, 60, 62, 84, 90, 91, 92, 98, 100, 101, 102, 103, 104, 105, 106, 107, 108, 109, 110, 111, 112, 113, 114, 115, 116, 117, 118, 119, 120, 122, 124, 126, 127, 150, 160, 161, 162, 163, 164, 165, 166, 167, 168, 169, 170, 171, 172, 173, 174, 175, 176, 178, 179, 180, 184, 188, 190, 196, 205, 216, 217, 218, 219, 220, 221, 222, 223, 225, 230, 237, 245], [2, 7, 13, 19, 20, 21, 22, 23, 35, 36, 37, 38, 39, 40, 49, 50, 51, 52, 53, 63, 64, 65, 66, 68, 77, 78, 85, 86, 91, 92, 93, 94, 95, 96, 97, 98, 99, 106, 107, 108, 109, 110, 111, 112, 113, 114, 117, 128, 136, 137, 142, 143, 144, 150, 152, 154, 157, 158, 160, 161, 162, 165, 166, 167, 168, 169, 170, 171, 172, 180, 184, 190, 191, 192, 196, 198, 201, 202, 205, 206, 207, 213, 214, 216, 217, 218, 219, 220, 221, 225, 230, 232, 237, 242, 245], [3, 8, 14, 19, 24, 25, 28, 36, 41, 43, 46, 49, 54, 56, 57, 63, 65, 68, 70, 71, 74, 80, 93, 96, 101, 104, 106, 108, 112, 115, 116, 117, 118, 120, 128, 133, 134, 136, 137, 138, 141, 144, 165, 168, 172, 173, 175, 176, 184, 188, 190, 191, 192, 194, 196, 198, 201, 216, 218, 220, 222, 230, 232], [4, 9, 15, 20, 24, 27, 29, 32, 37, 41, 42, 47, 50, 54, 55, 58, 62, 63, 64, 70, 71, 75, 77, 79, 81, 82, 85, 87, 93, 94, 95, 98, 99, 100, 101, 102, 103, 108, 109, 110, 111, 115, 118, 119, 122, 126, 133, 134, 136, 137, 138, 140, 143, 145, 147, 148, 154, 157, 162, 163, 167, 168, 169, 170, 173, 174, 175, 178, 179, 180, 188, 190, 191, 192, 194, 196, 198, 202, 203, 205, 206, 207, 214, 216, 218, 219, 221, 222, 223, 225, 230, 232, 237, 242, 245], [5, 10, 16, 21, 27, 28, 30, 33, 38, 42, 43, 48, 51, 55, 56, 59, 64, 65, 70, 76, 78, 79, 80, 83, 84, 86, 87, 89, 94, 96, 102, 104, 105, 107, 109, 112, 113, 115, 119, 120, 124, 126, 127, 133, 136, 138, 140, 141, 142, 143, 144, 146, 147, 148, 150, 152, 154, 158, 161, 164, 165, 166, 167, 168, 169, 171, 172, 173, 174, 175, 176, 178, 179, 180, 191, 194, 198, 201, 202, 203, 206, 213, 214, 216, 217, 218, 219, 220, 221, 222, 223, 225, 232, 242, 245], [11, 17, 22, 25, 29, 30, 31, 34, 39, 44, 52, 57, 58, 59, 60, 66, 68, 71, 74, 75, 76, 77, 78, 79, 80, 81, 89, 90, 91, 97, 99, 103, 105, 110, 113, 114, 116, 117, 118, 119, 120, 122, 127, 128, 134, 137, 138, 140, 141, 142, 143, 144, 145, 146, 147, 157, 158, 160, 162, 163, 164, 166, 169, 170, 171, 172, 174, 175, 176, 178, 184, 188, 192, 194, 196, 198, 201, 202, 203, 207, 213, 214, 217, 218, 219, 220, 221, 222, 223, 230, 232, 237, 242, 245], [12, 18, 23, 31, 32, 33, 40, 44, 45, 53, 60, 62, 66, 81, 82, 83, 84, 85, 86, 87, 89, 90, 92, 95, 97, 100, 111, 114, 122, 124, 126, 127, 145, 146, 147, 148, 150, 152, 154, 157, 158, 160, 161, 163, 164, 170, 171, 178, 179, 180, 203, 205, 206, 207, 213, 214, 217, 219, 223, 225, 237, 242, 245]!Vessel: FarSearcher
[1, 6, 7, 8, 9, 10, 11, 12, 34, 35, 36, 37, 38, 39, 40, 41, 42, 43, 44, 45, 46, 47, 48, 74, 75, 76, 82, 83, 90, 91, 92, 93, 94, 95, 96, 97, 98, 99, 100, 101, 102, 103, 104, 105, 106, 107, 116, 124, 128, 133, 134, 140, 141, 142, 145, 146, 148, 152, 160, 161, 162, 163, 164, 165, 166, 167, 173, 174, 176, 179, 184, 188, 190, 191, 192, 194, 201, 202, 203, 205, 206, 207, 213, 217, 221, 222, 223, 225, 230, 232, 237, 242], [6, 13, 14, 15, 16, 17, 18, 34, 35, 45, 46, 47, 48, 49, 50, 51, 52, 53, 54, 55, 56, 57, 58, 59, 60, 62, 84, 90, 91, 92, 98, 100, 101, 102, 103, 104, 105, 106, 107, 108, 109, 110, 111, 112, 113, 114, 115, 116, 117, 118, 119, 120, 122, 124, 126, 127, 150, 160, 161, 162, 163, 164, 165, 166, 167, 168, 169, 170, 171, 172, 173, 174, 175, 176, 178, 179, 180, 184, 188, 190, 196, 205, 217, 219, 221, 222, 223, 225, 230, 237], [2, 7, 13, 19, 20, 21, 22, 23, 35, 36, 37, 38, 39, 40, 49, 50, 51, 52, 53, 63, 64, 65, 66, 68, 77, 78, 85, 86, 91, 92, 93, 94, 95, 96, 97, 98, 99, 106, 107, 108, 109, 110, 111, 112, 113, 114, 117, 128, 136, 137, 142, 143, 144, 150, 152, 154, 157, 158, 160, 161, 162, 165, 166, 167, 168, 169, 170, 171, 172, 180, 184, 190, 191, 192, 196, 198, 201, 202, 205, 206, 207, 213, 214, 217, 219, 221, 225, 230, 232, 237, 242], [3, 8, 14, 19, 24, 25, 28, 36, 41, 43, 46, 49, 54, 56, 57, 63, 65, 68, 70, 71, 74, 80, 93, 96, 101, 104, 106, 108, 112, 115, 116, 117, 118, 120, 128, 133, 134, 136, 137, 138, 141, 144, 165, 168, 172, 173, 175, 176, 184, 188, 190, 191, 192, 194, 196, 198, 201, 222, 230, 232], [4, 9, 15, 20, 24, 27, 29, 32, 37, 41, 42, 47, 50, 54, 55, 58, 62, 63, 64, 70, 71, 75, 77, 79, 81, 82, 85, 87, 93, 94, 95, 98, 99, 100, 101, 102, 103, 108, 109, 110, 111, 115, 118, 119, 122, 126, 133, 134, 136, 137, 138, 140, 143, 145, 147, 148, 154, 157, 162, 163, 167, 168, 169, 170, 173, 174, 175, 178, 179, 180, 188, 190, 191, 192, 194, 196, 198, 202, 203, 205, 206, 207, 214, 219, 221, 222, 223, 225, 230, 232, 237, 242], [5, 10, 16, 21, 27, 28, 30, 33, 38, 42, 43, 48, 51, 55, 56, 59, 64, 65, 70, 76, 78, 79, 80, 83, 84, 86, 87, 89, 94, 96, 102, 104, 105, 107, 109, 112, 113, 115, 119, 120, 124, 126, 127, 133, 136, 138, 140, 141, 142, 143, 144, 146, 147, 148, 150, 152, 154, 158, 161, 164, 165, 166, 167, 168, 169, 171, 172, 173, 174, 175, 176, 178, 179, 180, 191, 194, 198, 201, 202, 203, 206, 213, 214, 217, 219, 221, 222, 223, 225, 232, 242], [11, 17, 22, 25, 29, 30, 31, 34, 39, 44, 52, 57, 58, 59, 60, 66, 68, 71, 74, 75, 76, 77, 78, 79, 80, 81, 89, 90, 91, 97, 99, 103, 105, 110, 113, 114, 116, 117, 118, 119, 120, 122, 127, 128, 134, 137, 138, 140, 141, 142, 143, 144, 145, 146, 147, 157, 158, 160, 162, 163, 164, 166, 169, 170, 171, 172, 174, 175, 176, 178, 184, 188, 192, 194, 196, 198, 201, 202, 203, 207, 213, 214, 217, 219, 221, 222, 223, 230, 232, 237, 242], [12, 18, 23, 31, 32, 33, 40, 44, 45, 53, 60, 62, 66, 81, 82, 83, 84, 85, 86, 87, 89, 90, 92, 95, 97, 100, 111, 114, 122, 124, 126, 127, 145, 146, 147, 148, 150, 152, 154, 157, 158, 160, 161, 163, 164, 170, 171, 178, 179, 180, 203, 205, 206, 207, 213, 214, 217, 219, 223, 225, 237, 242]!Vessel: FarSymphony
[1, 6, 7, 8, 9, 10, 11, 12, 34, 35, 36, 37, 38, 39, 40, 41, 42, 43, 44, 45, 46, 47, 48, 74, 75, 76, 82, 83, 90, 91, 92, 93, 94, 95, 96, 97, 98, 99, 100, 101, 102, 103, 104, 105, 106, 107, 116, 124, 128, 133, 134, 140, 141, 142, 145, 146, 148, 152, 160, 161, 162, 163, 164, 165, 166, 167, 173, 174, 176, 179, 184, 188, 190, 191, 192, 194, 201, 202, 203, 205, 206, 207, 213, 216, 217, 220, 221, 222, 223, 225, 230, 232, 237, 242, 245], [6, 13, 14, 15, 16, 17, 18, 34, 35, 45, 46, 47, 48, 49, 50, 51, 52, 53, 54, 55, 56, 57, 58, 59, 60, 62, 84, 90, 91, 92, 98, 100, 101, 102, 103, 104, 105, 106, 107, 108, 109, 110, 111, 112, 113, 114, 115, 116, 117, 118, 119, 120, 122, 124, 126, 127, 150, 160, 161, 162, 163, 164, 165, 166, 167, 168, 169, 170, 171, 172, 173, 174, 175, 176, 178, 179, 180, 184, 188, 190, 196, 205, 216, 217, 218, 219, 220, 221, 222, 223, 225, 230, 237, 245], [2, 7, 13, 19, 20, 21, 22, 23, 35, 36, 37, 38, 39, 40, 49, 50, 51, 52, 53, 63, 64, 65, 66, 68, 77, 78, 85, 86, 91, 92, 93, 94, 95, 96, 97, 98, 99, 106, 107, 108, 109, 110, 111, 112, 113, 114, 117, 128, 136, 137, 142, 143, 144, 150, 152, 154, 157, 158, 160, 161, 162, 165, 166, 167, 168, 169, 170, 171, 172, 180, 184, 190, 191, 192, 196, 198, 201, 202, 205, 206, 207, 213, 214, 216, 217, 218, 219, 220, 221, 225, 230, 232, 237, 242, 245], [3, 8, 14, 19, 24, 25, 28, 36, 41, 43, 46, 49, 54, 56, 57, 63, 65, 68, 70, 71, 74, 80, 93, 96, 101, 104, 106, 108, 112, 115, 116, 117, 118, 120, 128, 133, 134, 136, 137, 138, 141, 144, 165, 168, 172, 173, 175, 176, 184, 188, 190, 191, 192, 194, 196, 198, 201, 216, 218, 220, 222, 230, 232], [4, 9, 15, 20, 24, 27, 29, 32, 37, 41, 42, 47, 50, 54, 55, 58, 62, 63, 64, 70, 71, 75, 77, 79, 81, 82, 85, 87, 93, 94, 95, 98, 99, 100, 101, 102, 103, 108, 109, 110, 111, 115, 118, 119, 122, 126, 133, 134, 136, 137, 138, 140, 143, 145, 147, 148, 154, 157, 162, 163, 167, 168, 169, 170, 173, 174, 175, 178, 179, 180, 188, 190, 191, 192, 194, 196, 198, 202, 203, 205, 206, 207, 214, 216, 218, 219, 221, 222, 223, 225, 230, 232, 237, 242, 245], [5, 10, 16, 21, 27, 28, 30, 33, 38, 42, 43, 48, 51, 55, 56, 59, 64, 65, 70, 76, 78, 79, 80, 83, 84, 86, 87, 89, 94, 96, 102, 104, 105, 107, 109, 112, 113, 115, 119, 120, 124, 126, 127, 133, 136, 138, 140, 141, 142, 143, 144, 146, 147, 148, 150, 152, 154, 158, 161, 164, 165, 166, 167, 168, 169, 171, 172, 173, 174, 175, 176, 178, 179, 180, 191, 194, 198, 201, 202, 203, 206, 213, 214, 216, 217, 218, 219, 220, 221, 222, 223, 225, 232, 242, 245], [11, 17, 22, 25, 29, 30, 31, 34, 39, 44, 52, 57, 58, 59, 60, 66, 68, 71, 74, 75, 76, 77, 78, 79, 80, 81, 89, 90, 91, 97, 99, 103, 105, 110, 113, 114, 116, 117, 118, 119, 120, 122, 127, 128, 134, 137, 138, 140, 141, 142, 143, 144, 145, 146, 147, 157, 158, 160, 162, 163, 164, 166, 169, 170, 171, 172, 174, 175, 176, 178, 184, 188, 192, 194, 196, 198, 201, 202, 203, 207, 213, 214, 217, 218, 219, 220, 221, 222, 223, 230, 232, 237, 242, 245], [12, 18, 23, 31, 32, 33, 40, 44, 45, 53, 60, 62, 66, 81, 82, 83, 84, 85, 86, 87, 89, 90, 92, 95, 97, 100, 111, 114, 122, 124, 126, 127, 145, 146, 147, 148, 150, 152, 154, 157, 158, 160, 161, 163, 164, 170, 171, 178, 179, 180, 203, 205, 206, 207, 213, 214, 217, 219, 223, 225, 237, 242, 245]!Vessel: HavilaForesight
[1, 6, 7, 8, 9, 10, 11, 12, 34, 35, 36, 37, 38, 39, 40, 41, 42, 43, 44, 45, 46, 47, 48, 74, 75, 76, 82, 83, 90, 91, 92, 93, 94, 95, 96, 97, 98, 99, 100, 101, 102, 103, 104, 105, 106, 107, 116, 124, 128, 133, 134, 140, 141, 142, 145, 146, 148, 152, 160, 161, 162, 163, 164, 165, 166, 167, 173, 174, 176, 179, 184, 188, 190, 191, 192, 194, 201, 202, 203, 205, 206, 207, 213, 217, 223, 225, 230, 237, 242], [6, 13, 14, 15, 16, 17, 18, 34, 35, 45, 46, 47, 48, 49, 50, 51, 52, 53, 54, 55, 56, 57, 58, 59, 60, 62, 84, 90, 91, 92, 98, 100, 101, 102, 103, 104, 105, 106, 107, 108, 109, 110, 111, 112, 113, 114, 115, 116, 117, 118, 119, 120, 122, 124, 126, 127, 150, 160, 161, 162, 163, 164, 165, 166, 167, 168, 169, 170, 171, 172, 173, 174, 175, 176, 178, 179, 180, 184, 188, 190, 196, 205, 217, 219, 223, 225, 230, 237], [2, 7, 13, 19, 20, 21, 22, 23, 35, 36, 37, 38, 39, 40, 49, 50, 51, 52, 53, 63, 64, 65, 66, 68, 77, 78, 85, 86, 91, 92, 93, 94, 95, 96, 97, 98, 99, 106, 107, 108, 109, 110, 111, 112, 113, 114, 117, 128, 136, 137, 142, 143, 144, 150, 152, 154, 157, 158, 160, 161, 162, 165, 166, 167, 168, 169, 170, 171, 172, 180, 184, 190, 191, 192, 196, 198, 201, 202, 205, 206, 207, 213, 214, 217, 219, 225, 230, 237, 242], [3, 8, 14, 19, 24, 25, 28, 36, 41, 43, 46, 49, 54, 56, 57, 63, 65, 68, 70, 71, 74, 80, 93, 96, 101, 104, 106, 108, 112, 115, 116, 117, 118, 120, 128, 133, 134, 136, 137, 138, 141, 144, 165, 168, 172, 173, 175, 176, 184, 188, 190, 191, 192, 194, 196, 198, 201, 230], [4, 9, 15, 20, 24, 27, 29, 32, 37, 41, 42, 47, 50, 54, 55, 58, 62, 63, 64, 70, 71, 75, 77, 79, 81, 82, 85, 87, 93, 94, 95, 98, 99, 100, 101, 102, 103, 108, 109, 110, 111, 115, 118, 119, 122, 126, 133, 134, 136, 137, 138, 140, 143, 145, 147, 148, 154, 157, 162, 163, 167, 168, 169, 170, 173, 174, 175, 178, 179, 180, 188, 190, 191, 192, 194, 196, 198, 202, 203, 205, 206, 207, 214, 219, 223, 225, 230, 237, 242], [5, 10, 16, 21, 27, 28, 30, 33, 38, 42, 43, 48, 51, 55, 56, 59, 64, 65, 70, 76, 78, 79, 80, 83, 84, 86, 87, 89, 94, 96, 102, 104, 105, 107, 109, 112, 113, 115, 119, 120, 124, 126, 127, 133, 136, 138, 140, 141, 142, 143, 144, 146, 147, 148, 150, 152, 154, 158, 161, 164, 165, 166, 167, 168, 169, 171, 172, 173, 174, 175, 176, 178, 179, 180, 191, 194, 198, 201, 202, 203, 206, 213, 214, 217, 219, 223, 225, 242], [11, 17, 22, 25, 29, 30, 31, 34, 39, 44, 52, 57, 58, 59, 60, 66, 68, 71, 74, 75, 76, 77, 78, 79, 80, 81, 89, 90, 91, 97, 99, 103, 105, 110, 113, 114, 116, 117, 118, 119, 120, 122, 127, 128, 134, 137, 138, 140, 141, 142, 143, 144, 145, 146, 147, 157, 158, 160, 162, 163, 164, 166, 169, 170, 171, 172, 174, 175, 176, 178, 184, 188, 192, 194, 196, 198, 201, 202, 203, 207, 213, 214, 217, 219, 223, 230, 237, 242], [12, 18, 23, 31, 32, 33, 40, 44, 45, 53, 60, 62, 66, 81, 82, 83, 84, 85, 86, 87, 89, 90, 92, 95, 97, 100, 111, 114, 122, 124, 126, 127, 145, 146, 147, 148, 150, 152, 154, 157, 158, 160, 161, 163, 164, 170, 171, 178, 179, 180, 203, 205, 206, 207, 213, 214, 217, 219, 223, 225, 237, 242]!Vessel: FarStar
] 

Rvl : [
!l : 2, 3
[1, 2, 3, 4, 5, 6, 7, 8, 9, 10, 11, 12, 13, 14, 15, 16, 17, 18, 19, 20, 21, 22, 23, 24, 25, 29, 30, 31, 32, 33, 34, 35, 37, 38, 39, 40, 44, 45, 46, 47, 48, 49, 50, 51, 52, 53, 57, 58, 59, 60, 62, 66, 68, 71, 74, 75, 76, 77, 78, 81, 82, 83, 84, 85, 86, 89, 90, 91, 92, 95, 97, 98, 99, 100, 103, 105, 107, 110, 111, 113, 114, 122, 124, 127, 142, 145, 146, 150, 152, 157, 158, 160, 161, 164, 166, 171, 213, 217], [27, 28, 36, 41, 42, 43, 54, 55, 56, 63, 64, 65, 70, 79, 80, 87, 93, 94, 96, 101, 102, 104, 106, 108, 109, 112, 115, 116, 117, 118, 119, 120, 126, 128, 133, 134, 136, 137, 138, 140, 141, 143, 144, 147, 148, 154, 162, 163, 165, 167, 168, 169, 170, 172, 173, 174, 175, 176, 178, 179, 180, 184, 188, 190, 191, 192, 194, 196, 198, 201, 202, 203, 205, 206, 207, 214, 216, 218, 219, 220, 221, 222, 223, 225, 230, 232, 237, 242, 245]!Vessel: FarSeeker
[1, 2, 3, 4, 5, 6, 7, 8, 9, 10, 11, 12, 13, 14, 15, 16, 17, 18, 19, 20, 21, 22, 23, 24, 25, 29, 30, 31, 32, 33, 34, 35, 37, 38, 39, 40, 44, 45, 46, 47, 48, 49, 50, 51, 52, 53, 57, 58, 59, 60, 62, 66, 68, 71, 74, 75, 76, 77, 78, 81, 82, 83, 84, 85, 86, 89, 90, 91, 92, 95, 97, 98, 99, 100, 103, 105, 107, 110, 111, 113, 114, 122, 124, 127, 142, 145, 146, 150, 152, 157, 158, 160, 161, 164, 166, 171, 213, 217], [27, 28, 36, 41, 42, 43, 54, 55, 56, 63, 64, 65, 70, 79, 80, 87, 93, 94, 96, 101, 102, 104, 106, 108, 109, 112, 115, 116, 117, 118, 119, 120, 126, 128, 133, 134, 136, 137, 138, 140, 141, 143, 144, 147, 148, 154, 162, 163, 165, 167, 168, 169, 170, 172, 173, 174, 175, 176, 178, 179, 180, 184, 188, 190, 191, 192, 194, 196, 198, 201, 202, 203, 205, 206, 207, 214, 216, 218, 219, 220, 221, 222, 223, 225, 230, 232, 237, 242, 245]!Vessel: FarSearcher
[1, 2, 3, 4, 5, 6, 7, 8, 9, 10, 11, 12, 13, 14, 15, 16, 17, 18, 19, 20, 21, 22, 23, 24, 25, 29, 30, 31, 32, 33, 34, 35, 37, 38, 39, 40, 44, 45, 46, 47, 48, 49, 50, 51, 52, 53, 57, 58, 59, 60, 62, 66, 68, 71, 74, 75, 76, 77, 78, 81, 82, 83, 84, 85, 86, 89, 90, 91, 92, 95, 97, 98, 99, 100, 103, 105, 107, 110, 111, 113, 114, 122, 124, 127, 142, 145, 146, 150, 152, 157, 158, 160, 161, 164, 166, 171, 213, 217], [27, 28, 36, 41, 42, 43, 54, 55, 56, 63, 64, 65, 70, 79, 80, 87, 93, 94, 96, 101, 102, 104, 106, 108, 109, 112, 115, 116, 117, 118, 119, 120, 126, 128, 133, 134, 136, 137, 138, 140, 141, 143, 144, 147, 148, 154, 162, 163, 165, 167, 168, 169, 170, 172, 173, 174, 175, 176, 178, 179, 180, 184, 188, 190, 191, 192, 194, 196, 198, 201, 202, 203, 205, 206, 207, 214, 219, 221, 222, 223, 225, 230, 232, 237, 242]!Vessel: FarSymphony
[1, 2, 3, 4, 5, 6, 7, 8, 9, 10, 11, 12, 13, 14, 15, 16, 17, 18, 19, 20, 21, 22, 23, 24, 25, 29, 30, 31, 32, 33, 34, 35, 37, 38, 39, 40, 44, 45, 46, 47, 48, 49, 50, 51, 52, 53, 57, 58, 59, 60, 62, 66, 68, 71, 74, 75, 76, 77, 78, 81, 82, 83, 84, 85, 86, 89, 90, 91, 92, 95, 97, 98, 99, 100, 103, 105, 107, 110, 111, 113, 114, 122, 124, 127, 142, 145, 146, 150, 152, 157, 158, 160, 161, 164, 166, 171, 213, 217], [27, 28, 36, 41, 42, 43, 54, 55, 56, 63, 64, 65, 70, 79, 80, 87, 93, 94, 96, 101, 102, 104, 106, 108, 109, 112, 115, 116, 117, 118, 119, 120, 126, 128, 133, 134, 136, 137, 138, 140, 141, 143, 144, 147, 148, 154, 162, 163, 165, 167, 168, 169, 170, 172, 173, 174, 175, 176, 178, 179, 180, 184, 188, 190, 191, 192, 194, 196, 198, 201, 202, 203, 205, 206, 207, 214, 216, 218, 219, 220, 221, 222, 223, 225, 230, 232, 237, 242, 245]!Vessel: HavilaForesight
[1, 2, 3, 4, 5, 6, 7, 8, 9, 10, 11, 12, 13, 14, 15, 16, 17, 18, 19, 20, 21, 22, 23, 24, 25, 29, 30, 31, 32, 33, 34, 35, 37, 38, 39, 40, 44, 45, 46, 47, 48, 49, 50, 51, 52, 53, 57, 58, 59, 60, 62, 66, 68, 71, 74, 75, 76, 77, 78, 81, 82, 83, 84, 85, 86, 89, 90, 91, 92, 95, 97, 98, 99, 100, 103, 105, 107, 110, 111, 113, 114, 122, 124, 127, 142, 145, 146, 150, 152, 157, 158, 160, 161, 164, 166, 171, 213, 217], [27, 28, 36, 41, 42, 43, 54, 55, 56, 63, 64, 65, 70, 79, 80, 87, 93, 94, 96, 101, 102, 104, 106, 108, 109, 112, 115, 116, 117, 118, 119, 120, 126, 128, 133, 134, 136, 137, 138, 140, 141, 143, 144, 147, 148, 154, 162, 163, 165, 167, 168, 169, 170, 172, 173, 174, 175, 176, 178, 179, 180, 184, 188, 190, 191, 192, 194, 196, 198, 201, 202, 203, 205, 206, 207, 214, 219, 223, 225, 230, 237, 242]!Vessel: FarStar
] 

minF : 2
maxF : 6
Nf : [
!f : 2, 3, 4, 5, 6
[5, 6], [], [], [2, 3, 4, 7], [1, 8]
]

! Parameters
VoyageCost: [37970, 39085, 64838, 59991, 44841, 44429, 45544, 73722, 62814, 47265, 43726, 43120, 43120, 73722, 62814, 46053, 38879, 38273, 74837, 63929, 47265, 42418, 44235, 72716, 73019, 81805, 83017, 62414, 46053, 37570, 62414, 47265, 50186, 49580, 81296, 70389, 50392, 48877, 50695, 81599, 84629, 85441, 48877, 49580, 80181, 69274, 49277, 78872, 67965, 47968, 46453, 48271, 81599, 84629, 84229, 79478, 68571, 47265, 44029, 67965, 82714, 85744, 85441, 47568, 78169, 90895, 80896, 79478, 68571, 48574, 67262, 47265, 84229, 84229, 67262, 67965, 48477, 47265, 69080, 49083, 84229, 47265, 55337, 55337, 54731, 89174, 88471, 77963, 88568, 54028, 76848, 76146, 76848, 88059, 88471, 77454, 87453, 55034, 85332, 54428, 86750, 87259, 76146, 75540, 86144, 53725, 51604, 93319, 85938, 84629, 87356, 88471, 85441, 73722, 54428, 88471, 51301, 84629, 92107, 87356, 92107, 86047, 93319, 88471, 86750, 53725, 87259, 85441, 73722, 53725, 88471, 88471, 53119, 55543, 88471, 72413, 52416, 60487, 62002, 82605, 82605, 60184, 92604, 60184, 88471, 94022, 89683, 81296, 58876, 91901, 95330, 89683, 94627, 91901, 89683, 89683, 89683, 91089, 93816, 93210, 94022, 92507, 94627, 92507, 93319, 91901, 88471, 89683, 81999, 89683, 81296, 58876, 88471, 100481, 65335, 99778, 90895, 98360, 90895, 99984, 90895, 90895, 98966, 99778, 87756, 89683, 95027]
VoyageDuration: [2, 2, 2, 2, 2, 2, 2, 2, 2, 2, 2, 2, 2, 2, 2, 2, 2, 2, 2, 2, 2, 2, 2, 2, 2, 3, 3, 2, 2, 2, 2, 2, 2, 2, 3, 2, 2, 2, 2, 3, 3, 3, 2, 2, 2, 2, 2, 2, 2, 2, 2, 2, 3, 3, 3, 2, 2, 2, 2, 2, 3, 3, 3, 2, 2, 3, 2, 2, 2, 2, 2, 2, 3, 3, 2, 2, 2, 2, 2, 2, 3, 2, 2, 2, 2, 3, 3, 2, 3, 2, 2, 2, 2, 3, 3, 2, 3, 2, 3, 2, 3, 3, 2, 2, 3, 2, 2, 3, 3, 3, 3, 3, 3, 2, 2, 3, 2, 3, 3, 3, 3, 3, 3, 3, 3, 2, 3, 3, 2, 2, 3, 3, 2, 2, 3, 2, 2, 2, 2, 3, 3, 2, 3, 2, 3, 3, 3, 3, 2, 3, 3, 3, 3, 3, 3, 3, 3, 3, 3, 3, 3, 3, 3, 3, 3, 3, 3, 3, 3, 3, 3, 2, 3, 3, 2, 3, 3, 3, 3, 3, 3, 3, 3, 3, 3, 3, 3]
TimeCharterCost: [120000, 125000, 130000, 110000, 104000]
RequiredVisits: [6, 5, 5, 5, 2, 2, 5, 6]
NumberOfDaysAvailable: [7, 7, 7, 7, 7]
DepotCapacity: [3, 3, 3, 3, 3, 3, 3]
