!Summary:
!Execution time: 0,41 seconds
!Total # voyages: 919 (186 unique)
!Number of installations (excluding depot): 8
!Number of time windows: 0
!Number of vessels: 5

!Min. # installations: 1
!Max. number of installations: 8
!Min. duration: 56
!Max. duration: 80

!Name: FarStar	 # voyages: 179
!Name: FarSymphony	 # voyages: 182
!Name: FarSearcher	 # voyages: 186
!Name: FarSeeker	 # voyages: 186
!Name: HavilaForesight	 # voyages: 186
!------------------------------------------------------------------------------------------------------------------------
nV : 5
nR : 186
nN : 8
nT : 7
minL : 2
maxL : 3

! Sets: 
Rv : [
[1, 2, 3, 4, 5, 6, 7, 8, 9, 10, 11, 12, 13, 14, 15, 16, 17, 18, 19, 20, 21, 22, 23, 24, 26, 27, 28, 29, 30, 31, 32, 33, 34, 35, 36, 37, 38, 39, 40, 41, 42, 43, 44, 45, 46, 47, 48, 49, 50, 51, 52, 53, 54, 55, 56, 57, 58, 60, 61, 62, 63, 65, 67, 68, 69, 71, 72, 73, 74, 75, 76, 77, 78, 79, 80, 81, 82, 83, 84, 85, 86, 89, 90, 91, 92, 93, 94, 95, 96, 97, 98, 99, 100, 101, 102, 103, 104, 105, 106, 107, 108, 109, 110, 111, 112, 113, 114, 115, 117, 119, 121, 122, 124, 125, 129, 131, 132, 134, 135, 136, 141, 142, 143, 144, 145, 146, 147, 148, 149, 150, 151, 152, 153, 154, 155, 156, 159, 160, 161, 162, 163, 164, 165, 166, 167, 168, 169, 170, 171, 172, 175, 177, 178, 180, 183, 189, 191, 192, 193, 195, 199, 202, 205, 206, 207, 208, 209, 210, 211, 212, 213, 214, 215, 216, 217, 218, 219, 221, 222, 224, 231, 233, 236, 241, 242, 243]!Vessel: FarSeeker
[1, 2, 3, 4, 5, 6, 7, 8, 9, 10, 11, 12, 13, 14, 15, 16, 17, 18, 19, 20, 21, 22, 23, 24, 26, 27, 28, 29, 30, 31, 32, 33, 34, 35, 36, 37, 38, 39, 40, 41, 42, 43, 44, 45, 46, 47, 48, 49, 50, 51, 52, 53, 54, 55, 56, 57, 58, 60, 61, 62, 63, 65, 67, 68, 69, 71, 72, 73, 74, 75, 76, 77, 78, 79, 80, 81, 82, 83, 84, 85, 86, 89, 90, 91, 92, 93, 94, 95, 96, 97, 98, 99, 100, 101, 102, 103, 104, 105, 106, 107, 108, 109, 110, 111, 112, 113, 114, 115, 117, 119, 121, 122, 124, 125, 129, 131, 132, 134, 135, 136, 141, 142, 143, 144, 145, 146, 147, 148, 149, 150, 151, 152, 153, 154, 155, 156, 159, 160, 161, 162, 163, 164, 165, 166, 167, 168, 169, 170, 171, 172, 175, 177, 178, 180, 183, 189, 191, 192, 193, 195, 199, 202, 205, 206, 207, 208, 209, 210, 211, 212, 213, 214, 215, 216, 217, 218, 219, 221, 222, 224, 231, 233, 236, 241, 242, 243]!Vessel: FarSearcher
[1, 2, 3, 4, 5, 6, 7, 8, 9, 10, 11, 12, 13, 14, 15, 16, 17, 18, 19, 20, 21, 22, 23, 24, 26, 27, 28, 29, 30, 31, 32, 33, 34, 35, 36, 37, 38, 39, 40, 41, 42, 43, 44, 45, 46, 47, 48, 49, 50, 51, 52, 53, 54, 55, 56, 57, 58, 60, 61, 62, 63, 65, 67, 68, 69, 71, 72, 73, 74, 75, 76, 77, 78, 79, 80, 81, 82, 83, 84, 85, 86, 89, 90, 91, 92, 93, 94, 95, 96, 97, 98, 99, 100, 101, 102, 103, 104, 105, 106, 107, 108, 109, 110, 111, 112, 113, 114, 115, 117, 119, 121, 122, 124, 125, 129, 131, 132, 134, 135, 136, 141, 142, 143, 144, 145, 146, 147, 148, 149, 150, 151, 152, 153, 154, 155, 156, 159, 160, 161, 162, 163, 164, 165, 166, 167, 168, 169, 170, 171, 172, 175, 177, 178, 180, 183, 189, 191, 192, 193, 195, 199, 202, 205, 206, 207, 208, 209, 210, 211, 212, 213, 214, 215, 217, 221, 222, 224, 231, 233, 236, 241, 242]!Vessel: FarSymphony
[1, 2, 3, 4, 5, 6, 7, 8, 9, 10, 11, 12, 13, 14, 15, 16, 17, 18, 19, 20, 21, 22, 23, 24, 26, 27, 28, 29, 30, 31, 32, 33, 34, 35, 36, 37, 38, 39, 40, 41, 42, 43, 44, 45, 46, 47, 48, 49, 50, 51, 52, 53, 54, 55, 56, 57, 58, 60, 61, 62, 63, 65, 67, 68, 69, 71, 72, 73, 74, 75, 76, 77, 78, 79, 80, 81, 82, 83, 84, 85, 86, 89, 90, 91, 92, 93, 94, 95, 96, 97, 98, 99, 100, 101, 102, 103, 104, 105, 106, 107, 108, 109, 110, 111, 112, 113, 114, 115, 117, 119, 121, 122, 124, 125, 129, 131, 132, 134, 135, 136, 141, 142, 143, 144, 145, 146, 147, 148, 149, 150, 151, 152, 153, 154, 155, 156, 159, 160, 161, 162, 163, 164, 165, 166, 167, 168, 169, 170, 171, 172, 175, 177, 178, 180, 183, 189, 191, 192, 193, 195, 199, 202, 205, 206, 207, 208, 209, 210, 211, 212, 213, 214, 215, 216, 217, 218, 219, 221, 222, 224, 231, 233, 236, 241, 242, 243]!Vessel: HavilaForesight
[1, 2, 3, 4, 5, 6, 7, 8, 9, 10, 11, 12, 13, 14, 15, 16, 17, 18, 19, 20, 21, 22, 23, 24, 26, 27, 28, 29, 30, 31, 32, 33, 34, 35, 36, 37, 38, 39, 40, 41, 42, 43, 44, 45, 46, 47, 48, 49, 50, 51, 52, 53, 54, 55, 56, 57, 58, 60, 61, 62, 63, 65, 67, 68, 69, 71, 72, 73, 74, 75, 76, 77, 78, 79, 80, 81, 82, 83, 84, 85, 86, 89, 90, 91, 92, 93, 94, 95, 96, 97, 98, 99, 100, 101, 102, 103, 104, 105, 106, 107, 108, 109, 110, 111, 112, 113, 114, 115, 117, 119, 121, 122, 124, 125, 129, 131, 132, 134, 135, 136, 141, 142, 143, 144, 145, 146, 147, 148, 149, 150, 151, 152, 153, 154, 155, 156, 159, 160, 161, 162, 163, 164, 165, 166, 167, 168, 169, 170, 171, 172, 175, 177, 178, 180, 183, 189, 191, 192, 193, 195, 199, 202, 205, 206, 207, 208, 209, 210, 211, 212, 213, 214, 217, 221, 222, 224, 231, 241, 242]!Vessel: FarStar
] 

Rvi : [
!i : 1, 2, 3, 4, 5, 6, 7, 8
[1, 5, 6, 7, 8, 9, 10, 11, 33, 34, 35, 36, 37, 38, 39, 40, 41, 42, 43, 44, 45, 46, 63, 71, 72, 76, 83, 84, 89, 90, 91, 92, 93, 94, 95, 96, 97, 98, 99, 100, 106, 109, 110, 119, 121, 122, 124, 125, 131, 132, 141, 142, 147, 148, 153, 154, 155, 156, 159, 160, 161, 162, 163, 168, 169, 171, 172, 178, 180, 183, 189, 191, 192, 193, 195, 205, 206, 209, 210, 211, 212, 213, 214, 215, 216, 217, 218, 222, 224, 231, 233, 236, 241, 242, 243], [5, 12, 13, 14, 15, 16, 17, 33, 34, 41, 44, 45, 46, 47, 48, 49, 50, 51, 52, 53, 54, 55, 56, 57, 58, 60, 77, 89, 90, 91, 94, 95, 97, 98, 99, 100, 101, 102, 103, 104, 105, 106, 107, 108, 109, 110, 111, 112, 113, 114, 115, 117, 119, 124, 143, 145, 149, 159, 160, 161, 162, 163, 164, 165, 166, 167, 168, 169, 170, 171, 172, 175, 177, 178, 183, 189, 191, 202, 207, 209, 210, 211, 215, 216, 217, 218, 219, 221, 222, 224, 231, 236, 241, 243], [2, 6, 12, 18, 19, 20, 21, 22, 34, 35, 36, 37, 38, 39, 47, 48, 49, 50, 51, 61, 62, 65, 73, 78, 79, 80, 85, 86, 90, 91, 92, 93, 98, 99, 100, 101, 102, 103, 104, 105, 111, 112, 121, 122, 129, 134, 135, 141, 142, 143, 144, 148, 149, 150, 151, 152, 153, 154, 159, 161, 162, 163, 164, 165, 166, 167, 169, 170, 175, 178, 180, 191, 192, 193, 199, 205, 206, 207, 208, 209, 210, 212, 213, 215, 216, 217, 218, 219, 221, 222, 231, 233, 241, 242, 243], [3, 7, 13, 18, 23, 24, 27, 35, 40, 45, 47, 52, 53, 56, 61, 63, 65, 67, 68, 69, 78, 83, 92, 97, 98, 101, 102, 107, 109, 111, 113, 114, 121, 122, 124, 125, 129, 131, 132, 134, 135, 136, 162, 164, 165, 168, 170, 178, 180, 183, 189, 191, 192, 193, 195, 199, 202, 216, 218, 219, 231, 233, 236], [4, 8, 14, 19, 23, 26, 28, 32, 36, 40, 46, 48, 52, 54, 57, 60, 61, 67, 68, 71, 72, 73, 74, 75, 79, 81, 84, 85, 92, 97, 99, 101, 103, 106, 107, 110, 112, 113, 115, 117, 119, 131, 132, 134, 135, 136, 141, 142, 143, 144, 145, 146, 147, 150, 152, 153, 155, 156, 161, 164, 166, 168, 169, 170, 171, 172, 175, 177, 189, 191, 192, 193, 195, 199, 202, 205, 206, 207, 208, 209, 211, 212, 214, 215, 216, 219, 221, 222, 224, 231, 233, 236, 241, 242, 243], [9, 15, 20, 27, 28, 29, 30, 37, 41, 42, 49, 53, 54, 55, 63, 67, 69, 71, 74, 76, 77, 78, 79, 80, 81, 82, 86, 94, 95, 96, 100, 102, 103, 104, 106, 107, 108, 114, 115, 121, 124, 125, 129, 131, 134, 136, 141, 145, 146, 147, 148, 149, 150, 151, 152, 154, 155, 160, 161, 162, 163, 164, 165, 166, 167, 168, 171, 177, 180, 183, 192, 195, 199, 202, 205, 206, 207, 208, 210, 211, 213, 214, 215, 216, 217, 218, 219, 221, 224, 233, 236, 241, 242, 243], [10, 16, 21, 24, 26, 29, 31, 33, 38, 42, 43, 50, 55, 56, 57, 58, 62, 65, 68, 69, 73, 74, 75, 80, 82, 83, 84, 89, 90, 93, 94, 96, 104, 105, 108, 109, 110, 111, 112, 113, 114, 115, 117, 122, 125, 129, 132, 135, 136, 144, 146, 151, 152, 153, 154, 155, 156, 159, 160, 163, 165, 166, 167, 169, 170, 171, 172, 175, 177, 178, 180, 183, 189, 193, 195, 199, 202, 206, 208, 212, 213, 214, 215, 217, 218, 219, 221, 222, 224, 231, 233, 236, 242, 243], [11, 17, 22, 30, 31, 32, 39, 43, 44, 51, 58, 60, 62, 72, 75, 76, 77, 81, 82, 85, 86, 89, 91, 93, 95, 96, 105, 108, 117, 119, 142, 143, 144, 145, 146, 147, 148, 149, 150, 151, 156, 159, 160, 167, 172, 175, 177, 205, 207, 208, 209, 210, 211, 212, 213, 214, 217, 221, 222, 224, 241, 242, 243]!Vessel: FarSeeker
[1, 5, 6, 7, 8, 9, 10, 11, 33, 34, 35, 36, 37, 38, 39, 40, 41, 42, 43, 44, 45, 46, 63, 71, 72, 76, 83, 84, 89, 90, 91, 92, 93, 94, 95, 96, 97, 98, 99, 100, 106, 109, 110, 119, 121, 122, 124, 125, 131, 132, 141, 142, 147, 148, 153, 154, 155, 156, 159, 160, 161, 162, 163, 168, 169, 171, 172, 178, 180, 183, 189, 191, 192, 193, 195, 205, 206, 209, 210, 211, 212, 213, 214, 215, 216, 217, 218, 222, 224, 231, 233, 236, 241, 242, 243], [5, 12, 13, 14, 15, 16, 17, 33, 34, 41, 44, 45, 46, 47, 48, 49, 50, 51, 52, 53, 54, 55, 56, 57, 58, 60, 77, 89, 90, 91, 94, 95, 97, 98, 99, 100, 101, 102, 103, 104, 105, 106, 107, 108, 109, 110, 111, 112, 113, 114, 115, 117, 119, 124, 143, 145, 149, 159, 160, 161, 162, 163, 164, 165, 166, 167, 168, 169, 170, 171, 172, 175, 177, 178, 183, 189, 191, 202, 207, 209, 210, 211, 215, 216, 217, 218, 219, 221, 222, 224, 231, 236, 241, 243], [2, 6, 12, 18, 19, 20, 21, 22, 34, 35, 36, 37, 38, 39, 47, 48, 49, 50, 51, 61, 62, 65, 73, 78, 79, 80, 85, 86, 90, 91, 92, 93, 98, 99, 100, 101, 102, 103, 104, 105, 111, 112, 121, 122, 129, 134, 135, 141, 142, 143, 144, 148, 149, 150, 151, 152, 153, 154, 159, 161, 162, 163, 164, 165, 166, 167, 169, 170, 175, 178, 180, 191, 192, 193, 199, 205, 206, 207, 208, 209, 210, 212, 213, 215, 216, 217, 218, 219, 221, 222, 231, 233, 241, 242, 243], [3, 7, 13, 18, 23, 24, 27, 35, 40, 45, 47, 52, 53, 56, 61, 63, 65, 67, 68, 69, 78, 83, 92, 97, 98, 101, 102, 107, 109, 111, 113, 114, 121, 122, 124, 125, 129, 131, 132, 134, 135, 136, 162, 164, 165, 168, 170, 178, 180, 183, 189, 191, 192, 193, 195, 199, 202, 216, 218, 219, 231, 233, 236], [4, 8, 14, 19, 23, 26, 28, 32, 36, 40, 46, 48, 52, 54, 57, 60, 61, 67, 68, 71, 72, 73, 74, 75, 79, 81, 84, 85, 92, 97, 99, 101, 103, 106, 107, 110, 112, 113, 115, 117, 119, 131, 132, 134, 135, 136, 141, 142, 143, 144, 145, 146, 147, 150, 152, 153, 155, 156, 161, 164, 166, 168, 169, 170, 171, 172, 175, 177, 189, 191, 192, 193, 195, 199, 202, 205, 206, 207, 208, 209, 211, 212, 214, 215, 216, 219, 221, 222, 224, 231, 233, 236, 241, 242, 243], [9, 15, 20, 27, 28, 29, 30, 37, 41, 42, 49, 53, 54, 55, 63, 67, 69, 71, 74, 76, 77, 78, 79, 80, 81, 82, 86, 94, 95, 96, 100, 102, 103, 104, 106, 107, 108, 114, 115, 121, 124, 125, 129, 131, 134, 136, 141, 145, 146, 147, 148, 149, 150, 151, 152, 154, 155, 160, 161, 162, 163, 164, 165, 166, 167, 168, 171, 177, 180, 183, 192, 195, 199, 202, 205, 206, 207, 208, 210, 211, 213, 214, 215, 216, 217, 218, 219, 221, 224, 233, 236, 241, 242, 243], [10, 16, 21, 24, 26, 29, 31, 33, 38, 42, 43, 50, 55, 56, 57, 58, 62, 65, 68, 69, 73, 74, 75, 80, 82, 83, 84, 89, 90, 93, 94, 96, 104, 105, 108, 109, 110, 111, 112, 113, 114, 115, 117, 122, 125, 129, 132, 135, 136, 144, 146, 151, 152, 153, 154, 155, 156, 159, 160, 163, 165, 166, 167, 169, 170, 171, 172, 175, 177, 178, 180, 183, 189, 193, 195, 199, 202, 206, 208, 212, 213, 214, 215, 217, 218, 219, 221, 222, 224, 231, 233, 236, 242, 243], [11, 17, 22, 30, 31, 32, 39, 43, 44, 51, 58, 60, 62, 72, 75, 76, 77, 81, 82, 85, 86, 89, 91, 93, 95, 96, 105, 108, 117, 119, 142, 143, 144, 145, 146, 147, 148, 149, 150, 151, 156, 159, 160, 167, 172, 175, 177, 205, 207, 208, 209, 210, 211, 212, 213, 214, 217, 221, 222, 224, 241, 242, 243]!Vessel: FarSearcher
[1, 5, 6, 7, 8, 9, 10, 11, 33, 34, 35, 36, 37, 38, 39, 40, 41, 42, 43, 44, 45, 46, 63, 71, 72, 76, 83, 84, 89, 90, 91, 92, 93, 94, 95, 96, 97, 98, 99, 100, 106, 109, 110, 119, 121, 122, 124, 125, 131, 132, 141, 142, 147, 148, 153, 154, 155, 156, 159, 160, 161, 162, 163, 168, 169, 171, 172, 178, 180, 183, 189, 191, 192, 193, 195, 205, 206, 209, 210, 211, 212, 213, 214, 215, 217, 222, 224, 231, 233, 236, 241, 242], [5, 12, 13, 14, 15, 16, 17, 33, 34, 41, 44, 45, 46, 47, 48, 49, 50, 51, 52, 53, 54, 55, 56, 57, 58, 60, 77, 89, 90, 91, 94, 95, 97, 98, 99, 100, 101, 102, 103, 104, 105, 106, 107, 108, 109, 110, 111, 112, 113, 114, 115, 117, 119, 124, 143, 145, 149, 159, 160, 161, 162, 163, 164, 165, 166, 167, 168, 169, 170, 171, 172, 175, 177, 178, 183, 189, 191, 202, 207, 209, 210, 211, 215, 217, 221, 222, 224, 231, 236, 241], [2, 6, 12, 18, 19, 20, 21, 22, 34, 35, 36, 37, 38, 39, 47, 48, 49, 50, 51, 61, 62, 65, 73, 78, 79, 80, 85, 86, 90, 91, 92, 93, 98, 99, 100, 101, 102, 103, 104, 105, 111, 112, 121, 122, 129, 134, 135, 141, 142, 143, 144, 148, 149, 150, 151, 152, 153, 154, 159, 161, 162, 163, 164, 165, 166, 167, 169, 170, 175, 178, 180, 191, 192, 193, 199, 205, 206, 207, 208, 209, 210, 212, 213, 215, 217, 221, 222, 231, 233, 241, 242], [3, 7, 13, 18, 23, 24, 27, 35, 40, 45, 47, 52, 53, 56, 61, 63, 65, 67, 68, 69, 78, 83, 92, 97, 98, 101, 102, 107, 109, 111, 113, 114, 121, 122, 124, 125, 129, 131, 132, 134, 135, 136, 162, 164, 165, 168, 170, 178, 180, 183, 189, 191, 192, 193, 195, 199, 202, 231, 233, 236], [4, 8, 14, 19, 23, 26, 28, 32, 36, 40, 46, 48, 52, 54, 57, 60, 61, 67, 68, 71, 72, 73, 74, 75, 79, 81, 84, 85, 92, 97, 99, 101, 103, 106, 107, 110, 112, 113, 115, 117, 119, 131, 132, 134, 135, 136, 141, 142, 143, 144, 145, 146, 147, 150, 152, 153, 155, 156, 161, 164, 166, 168, 169, 170, 171, 172, 175, 177, 189, 191, 192, 193, 195, 199, 202, 205, 206, 207, 208, 209, 211, 212, 214, 215, 221, 222, 224, 231, 233, 236, 241, 242], [9, 15, 20, 27, 28, 29, 30, 37, 41, 42, 49, 53, 54, 55, 63, 67, 69, 71, 74, 76, 77, 78, 79, 80, 81, 82, 86, 94, 95, 96, 100, 102, 103, 104, 106, 107, 108, 114, 115, 121, 124, 125, 129, 131, 134, 136, 141, 145, 146, 147, 148, 149, 150, 151, 152, 154, 155, 160, 161, 162, 163, 164, 165, 166, 167, 168, 171, 177, 180, 183, 192, 195, 199, 202, 205, 206, 207, 208, 210, 211, 213, 214, 215, 217, 221, 224, 233, 236, 241, 242], [10, 16, 21, 24, 26, 29, 31, 33, 38, 42, 43, 50, 55, 56, 57, 58, 62, 65, 68, 69, 73, 74, 75, 80, 82, 83, 84, 89, 90, 93, 94, 96, 104, 105, 108, 109, 110, 111, 112, 113, 114, 115, 117, 122, 125, 129, 132, 135, 136, 144, 146, 151, 152, 153, 154, 155, 156, 159, 160, 163, 165, 166, 167, 169, 170, 171, 172, 175, 177, 178, 180, 183, 189, 193, 195, 199, 202, 206, 208, 212, 213, 214, 215, 217, 221, 222, 224, 231, 233, 236, 242], [11, 17, 22, 30, 31, 32, 39, 43, 44, 51, 58, 60, 62, 72, 75, 76, 77, 81, 82, 85, 86, 89, 91, 93, 95, 96, 105, 108, 117, 119, 142, 143, 144, 145, 146, 147, 148, 149, 150, 151, 156, 159, 160, 167, 172, 175, 177, 205, 207, 208, 209, 210, 211, 212, 213, 214, 217, 221, 222, 224, 241, 242]!Vessel: FarSymphony
[1, 5, 6, 7, 8, 9, 10, 11, 33, 34, 35, 36, 37, 38, 39, 40, 41, 42, 43, 44, 45, 46, 63, 71, 72, 76, 83, 84, 89, 90, 91, 92, 93, 94, 95, 96, 97, 98, 99, 100, 106, 109, 110, 119, 121, 122, 124, 125, 131, 132, 141, 142, 147, 148, 153, 154, 155, 156, 159, 160, 161, 162, 163, 168, 169, 171, 172, 178, 180, 183, 189, 191, 192, 193, 195, 205, 206, 209, 210, 211, 212, 213, 214, 215, 216, 217, 218, 222, 224, 231, 233, 236, 241, 242, 243], [5, 12, 13, 14, 15, 16, 17, 33, 34, 41, 44, 45, 46, 47, 48, 49, 50, 51, 52, 53, 54, 55, 56, 57, 58, 60, 77, 89, 90, 91, 94, 95, 97, 98, 99, 100, 101, 102, 103, 104, 105, 106, 107, 108, 109, 110, 111, 112, 113, 114, 115, 117, 119, 124, 143, 145, 149, 159, 160, 161, 162, 163, 164, 165, 166, 167, 168, 169, 170, 171, 172, 175, 177, 178, 183, 189, 191, 202, 207, 209, 210, 211, 215, 216, 217, 218, 219, 221, 222, 224, 231, 236, 241, 243], [2, 6, 12, 18, 19, 20, 21, 22, 34, 35, 36, 37, 38, 39, 47, 48, 49, 50, 51, 61, 62, 65, 73, 78, 79, 80, 85, 86, 90, 91, 92, 93, 98, 99, 100, 101, 102, 103, 104, 105, 111, 112, 121, 122, 129, 134, 135, 141, 142, 143, 144, 148, 149, 150, 151, 152, 153, 154, 159, 161, 162, 163, 164, 165, 166, 167, 169, 170, 175, 178, 180, 191, 192, 193, 199, 205, 206, 207, 208, 209, 210, 212, 213, 215, 216, 217, 218, 219, 221, 222, 231, 233, 241, 242, 243], [3, 7, 13, 18, 23, 24, 27, 35, 40, 45, 47, 52, 53, 56, 61, 63, 65, 67, 68, 69, 78, 83, 92, 97, 98, 101, 102, 107, 109, 111, 113, 114, 121, 122, 124, 125, 129, 131, 132, 134, 135, 136, 162, 164, 165, 168, 170, 178, 180, 183, 189, 191, 192, 193, 195, 199, 202, 216, 218, 219, 231, 233, 236], [4, 8, 14, 19, 23, 26, 28, 32, 36, 40, 46, 48, 52, 54, 57, 60, 61, 67, 68, 71, 72, 73, 74, 75, 79, 81, 84, 85, 92, 97, 99, 101, 103, 106, 107, 110, 112, 113, 115, 117, 119, 131, 132, 134, 135, 136, 141, 142, 143, 144, 145, 146, 147, 150, 152, 153, 155, 156, 161, 164, 166, 168, 169, 170, 171, 172, 175, 177, 189, 191, 192, 193, 195, 199, 202, 205, 206, 207, 208, 209, 211, 212, 214, 215, 216, 219, 221, 222, 224, 231, 233, 236, 241, 242, 243], [9, 15, 20, 27, 28, 29, 30, 37, 41, 42, 49, 53, 54, 55, 63, 67, 69, 71, 74, 76, 77, 78, 79, 80, 81, 82, 86, 94, 95, 96, 100, 102, 103, 104, 106, 107, 108, 114, 115, 121, 124, 125, 129, 131, 134, 136, 141, 145, 146, 147, 148, 149, 150, 151, 152, 154, 155, 160, 161, 162, 163, 164, 165, 166, 167, 168, 171, 177, 180, 183, 192, 195, 199, 202, 205, 206, 207, 208, 210, 211, 213, 214, 215, 216, 217, 218, 219, 221, 224, 233, 236, 241, 242, 243], [10, 16, 21, 24, 26, 29, 31, 33, 38, 42, 43, 50, 55, 56, 57, 58, 62, 65, 68, 69, 73, 74, 75, 80, 82, 83, 84, 89, 90, 93, 94, 96, 104, 105, 108, 109, 110, 111, 112, 113, 114, 115, 117, 122, 125, 129, 132, 135, 136, 144, 146, 151, 152, 153, 154, 155, 156, 159, 160, 163, 165, 166, 167, 169, 170, 171, 172, 175, 177, 178, 180, 183, 189, 193, 195, 199, 202, 206, 208, 212, 213, 214, 215, 217, 218, 219, 221, 222, 224, 231, 233, 236, 242, 243], [11, 17, 22, 30, 31, 32, 39, 43, 44, 51, 58, 60, 62, 72, 75, 76, 77, 81, 82, 85, 86, 89, 91, 93, 95, 96, 105, 108, 117, 119, 142, 143, 144, 145, 146, 147, 148, 149, 150, 151, 156, 159, 160, 167, 172, 175, 177, 205, 207, 208, 209, 210, 211, 212, 213, 214, 217, 221, 222, 224, 241, 242, 243]!Vessel: HavilaForesight
[1, 5, 6, 7, 8, 9, 10, 11, 33, 34, 35, 36, 37, 38, 39, 40, 41, 42, 43, 44, 45, 46, 63, 71, 72, 76, 83, 84, 89, 90, 91, 92, 93, 94, 95, 96, 97, 98, 99, 100, 106, 109, 110, 119, 121, 122, 124, 125, 131, 132, 141, 142, 147, 148, 153, 154, 155, 156, 159, 160, 161, 162, 163, 168, 169, 171, 172, 178, 180, 183, 189, 191, 192, 193, 195, 205, 206, 209, 210, 211, 212, 213, 214, 217, 222, 224, 231, 241, 242], [5, 12, 13, 14, 15, 16, 17, 33, 34, 41, 44, 45, 46, 47, 48, 49, 50, 51, 52, 53, 54, 55, 56, 57, 58, 60, 77, 89, 90, 91, 94, 95, 97, 98, 99, 100, 101, 102, 103, 104, 105, 106, 107, 108, 109, 110, 111, 112, 113, 114, 115, 117, 119, 124, 143, 145, 149, 159, 160, 161, 162, 163, 164, 165, 166, 167, 168, 169, 170, 171, 172, 175, 177, 178, 183, 189, 191, 202, 207, 209, 210, 211, 217, 221, 222, 224, 231, 241], [2, 6, 12, 18, 19, 20, 21, 22, 34, 35, 36, 37, 38, 39, 47, 48, 49, 50, 51, 61, 62, 65, 73, 78, 79, 80, 85, 86, 90, 91, 92, 93, 98, 99, 100, 101, 102, 103, 104, 105, 111, 112, 121, 122, 129, 134, 135, 141, 142, 143, 144, 148, 149, 150, 151, 152, 153, 154, 159, 161, 162, 163, 164, 165, 166, 167, 169, 170, 175, 178, 180, 191, 192, 193, 199, 205, 206, 207, 208, 209, 210, 212, 213, 217, 221, 222, 231, 241, 242], [3, 7, 13, 18, 23, 24, 27, 35, 40, 45, 47, 52, 53, 56, 61, 63, 65, 67, 68, 69, 78, 83, 92, 97, 98, 101, 102, 107, 109, 111, 113, 114, 121, 122, 124, 125, 129, 131, 132, 134, 135, 136, 162, 164, 165, 168, 170, 178, 180, 183, 189, 191, 192, 193, 195, 199, 202, 231], [4, 8, 14, 19, 23, 26, 28, 32, 36, 40, 46, 48, 52, 54, 57, 60, 61, 67, 68, 71, 72, 73, 74, 75, 79, 81, 84, 85, 92, 97, 99, 101, 103, 106, 107, 110, 112, 113, 115, 117, 119, 131, 132, 134, 135, 136, 141, 142, 143, 144, 145, 146, 147, 150, 152, 153, 155, 156, 161, 164, 166, 168, 169, 170, 171, 172, 175, 177, 189, 191, 192, 193, 195, 199, 202, 205, 206, 207, 208, 209, 211, 212, 214, 221, 222, 224, 231, 241, 242], [9, 15, 20, 27, 28, 29, 30, 37, 41, 42, 49, 53, 54, 55, 63, 67, 69, 71, 74, 76, 77, 78, 79, 80, 81, 82, 86, 94, 95, 96, 100, 102, 103, 104, 106, 107, 108, 114, 115, 121, 124, 125, 129, 131, 134, 136, 141, 145, 146, 147, 148, 149, 150, 151, 152, 154, 155, 160, 161, 162, 163, 164, 165, 166, 167, 168, 171, 177, 180, 183, 192, 195, 199, 202, 205, 206, 207, 208, 210, 211, 213, 214, 217, 221, 224, 241, 242], [10, 16, 21, 24, 26, 29, 31, 33, 38, 42, 43, 50, 55, 56, 57, 58, 62, 65, 68, 69, 73, 74, 75, 80, 82, 83, 84, 89, 90, 93, 94, 96, 104, 105, 108, 109, 110, 111, 112, 113, 114, 115, 117, 122, 125, 129, 132, 135, 136, 144, 146, 151, 152, 153, 154, 155, 156, 159, 160, 163, 165, 166, 167, 169, 170, 171, 172, 175, 177, 178, 180, 183, 189, 193, 195, 199, 202, 206, 208, 212, 213, 214, 217, 221, 222, 224, 231, 242], [11, 17, 22, 30, 31, 32, 39, 43, 44, 51, 58, 60, 62, 72, 75, 76, 77, 81, 82, 85, 86, 89, 91, 93, 95, 96, 105, 108, 117, 119, 142, 143, 144, 145, 146, 147, 148, 149, 150, 151, 156, 159, 160, 167, 172, 175, 177, 205, 207, 208, 209, 210, 211, 212, 213, 214, 217, 221, 222, 224, 241, 242]!Vessel: FarStar
] 

Rvl : [
!l : 2, 3
[1, 2, 3, 4, 5, 6, 7, 8, 9, 10, 11, 12, 13, 14, 15, 16, 17, 18, 19, 20, 21, 22, 23, 24, 26, 27, 28, 29, 30, 31, 32, 33, 34, 36, 37, 38, 39, 41, 42, 43, 44, 45, 46, 47, 48, 49, 50, 51, 53, 54, 55, 56, 57, 58, 60, 62, 63, 65, 67, 68, 69, 71, 72, 73, 74, 75, 76, 77, 78, 79, 80, 81, 82, 83, 84, 85, 86, 89, 90, 91, 93, 94, 95, 96, 99, 100, 103, 104, 105, 106, 108, 110, 112, 115, 117, 119, 141, 142, 143, 144, 145, 146, 147, 148, 149, 150, 151, 152, 153, 154, 155, 156, 159, 160, 163, 167, 210, 213, 217], [35, 40, 52, 61, 92, 97, 98, 101, 102, 107, 109, 111, 113, 114, 121, 122, 124, 125, 129, 131, 132, 134, 135, 136, 161, 162, 164, 165, 166, 168, 169, 170, 171, 172, 175, 177, 178, 180, 183, 189, 191, 192, 193, 195, 199, 202, 205, 206, 207, 208, 209, 211, 212, 214, 215, 216, 218, 219, 221, 222, 224, 231, 233, 236, 241, 242, 243]!Vessel: FarSeeker
[1, 2, 3, 4, 5, 6, 7, 8, 9, 10, 11, 12, 13, 14, 15, 16, 17, 18, 19, 20, 21, 22, 23, 24, 26, 27, 28, 29, 30, 31, 32, 33, 34, 36, 37, 38, 39, 41, 42, 43, 44, 45, 46, 47, 48, 49, 50, 51, 53, 54, 55, 56, 57, 58, 60, 62, 63, 65, 67, 68, 69, 71, 72, 73, 74, 75, 76, 77, 78, 79, 80, 81, 82, 83, 84, 85, 86, 89, 90, 91, 93, 94, 95, 96, 99, 100, 103, 104, 105, 106, 108, 110, 112, 115, 117, 119, 141, 142, 143, 144, 145, 146, 147, 148, 149, 150, 151, 152, 153, 154, 155, 156, 159, 160, 163, 167, 210, 213, 217], [35, 40, 52, 61, 92, 97, 98, 101, 102, 107, 109, 111, 113, 114, 121, 122, 124, 125, 129, 131, 132, 134, 135, 136, 161, 162, 164, 165, 166, 168, 169, 170, 171, 172, 175, 177, 178, 180, 183, 189, 191, 192, 193, 195, 199, 202, 205, 206, 207, 208, 209, 211, 212, 214, 215, 216, 218, 219, 221, 222, 224, 231, 233, 236, 241, 242, 243]!Vessel: FarSearcher
[1, 2, 3, 4, 5, 6, 7, 8, 9, 10, 11, 12, 13, 14, 15, 16, 17, 18, 19, 20, 21, 22, 23, 24, 26, 27, 28, 29, 30, 31, 32, 33, 34, 36, 37, 38, 39, 41, 42, 43, 44, 45, 46, 47, 48, 49, 50, 51, 53, 54, 55, 56, 57, 58, 60, 62, 63, 65, 67, 68, 69, 71, 72, 73, 74, 75, 76, 77, 78, 79, 80, 81, 82, 83, 84, 85, 86, 89, 90, 91, 93, 94, 95, 96, 99, 100, 103, 104, 105, 106, 108, 110, 112, 115, 117, 119, 141, 142, 143, 144, 145, 146, 147, 148, 149, 150, 151, 152, 153, 154, 155, 156, 159, 160, 163, 167, 210, 213, 217], [35, 40, 52, 61, 92, 97, 98, 101, 102, 107, 109, 111, 113, 114, 121, 122, 124, 125, 129, 131, 132, 134, 135, 136, 161, 162, 164, 165, 166, 168, 169, 170, 171, 172, 175, 177, 178, 180, 183, 189, 191, 192, 193, 195, 199, 202, 205, 206, 207, 208, 209, 211, 212, 214, 215, 221, 222, 224, 231, 233, 236, 241, 242]!Vessel: FarSymphony
[1, 2, 3, 4, 5, 6, 7, 8, 9, 10, 11, 12, 13, 14, 15, 16, 17, 18, 19, 20, 21, 22, 23, 24, 26, 27, 28, 29, 30, 31, 32, 33, 34, 36, 37, 38, 39, 41, 42, 43, 44, 45, 46, 47, 48, 49, 50, 51, 53, 54, 55, 56, 57, 58, 60, 62, 63, 65, 67, 68, 69, 71, 72, 73, 74, 75, 76, 77, 78, 79, 80, 81, 82, 83, 84, 85, 86, 89, 90, 91, 93, 94, 95, 96, 99, 100, 103, 104, 105, 106, 108, 110, 112, 115, 117, 119, 141, 142, 143, 144, 145, 146, 147, 148, 149, 150, 151, 152, 153, 154, 155, 156, 159, 160, 163, 167, 210, 213, 217], [35, 40, 52, 61, 92, 97, 98, 101, 102, 107, 109, 111, 113, 114, 121, 122, 124, 125, 129, 131, 132, 134, 135, 136, 161, 162, 164, 165, 166, 168, 169, 170, 171, 172, 175, 177, 178, 180, 183, 189, 191, 192, 193, 195, 199, 202, 205, 206, 207, 208, 209, 211, 212, 214, 215, 216, 218, 219, 221, 222, 224, 231, 233, 236, 241, 242, 243]!Vessel: HavilaForesight
[1, 2, 3, 4, 5, 6, 7, 8, 9, 10, 11, 12, 13, 14, 15, 16, 17, 18, 19, 20, 21, 22, 23, 24, 26, 27, 28, 29, 30, 31, 32, 33, 34, 36, 37, 38, 39, 41, 42, 43, 44, 45, 46, 47, 48, 49, 50, 51, 53, 54, 55, 56, 57, 58, 60, 62, 63, 65, 67, 68, 69, 71, 72, 73, 74, 75, 76, 77, 78, 79, 80, 81, 82, 83, 84, 85, 86, 89, 90, 91, 93, 94, 95, 96, 99, 100, 103, 104, 105, 106, 108, 110, 112, 115, 117, 119, 141, 142, 143, 144, 145, 146, 147, 148, 149, 150, 151, 152, 153, 154, 155, 156, 159, 160, 163, 167, 210, 213, 217], [35, 40, 52, 61, 92, 97, 98, 101, 102, 107, 109, 111, 113, 114, 121, 122, 124, 125, 129, 131, 132, 134, 135, 136, 161, 162, 164, 165, 166, 168, 169, 170, 171, 172, 175, 177, 178, 180, 183, 189, 191, 192, 193, 195, 199, 202, 205, 206, 207, 208, 209, 211, 212, 214, 221, 222, 224, 231, 241, 242]!Vessel: FarStar
] 

minF : 2
maxF : 6
Nf : [
!f : 2, 3, 4, 5, 6
[5, 6], [], [], [2, 3, 4, 7], [1, 8]
]

! Parameters
VoyageCost: [37970, 39085, 64838, 53931, 44429, 45544, 73722, 62814, 42817, 43726, 43120, 43120, 73722, 62814, 40394, 38879, 38273, 74837, 63929, 43932, 42418, 44235, 72716, 73019, 62111, 72110, 61202, 39691, 41509, 37570, 61505, 50186, 49580, 81296, 70389, 50392, 48877, 50695, 81599, 49277, 48574, 48877, 49580, 80181, 69274, 78872, 67965, 47968, 46453, 48271, 81599, 78569, 67662, 46150, 79478, 68571, 44029, 67965, 82714, 47568, 78569, 78169, 79987, 80896, 77867, 67662, 67965, 67262, 66959, 67262, 47968, 45544, 79684, 68777, 47265, 68777, 44841, 79478, 68571, 69080, 49083, 55337, 55337, 54731, 89174, 54028, 55034, 54428, 53725, 88059, 85332, 74425, 54428, 86750, 86144, 75237, 53725, 51604, 74122, 86447, 51301, 85938, 75031, 84629, 73722, 87356, 84326, 73419, 73722, 74425, 86144, 84629, 85029, 84326, 85441, 86447, 87356, 87562, 86047, 85744, 75237, 75540, 73116, 72413, 72813, 72110, 75237, 55543, 53119, 76352, 52416, 74534, 73722, 53725, 73419, 73722, 60487, 60184, 81696, 92604, 60184, 94022, 91901, 80993, 58876, 92907, 80181, 92507, 79878, 80181, 78872, 78569, 91089, 91901, 90786, 93816, 93210, 94022, 92507, 92204, 93319, 92204, 82811, 80993, 80387, 79684, 79575, 59578, 79272, 78872, 58876, 78569, 87453, 100481, 65335, 98360, 99778, 86144, 85332, 85029, 98966, 99778, 98663, 86847, 86144, 92604]
VoyageDuration: [2, 2, 2, 2, 2, 2, 2, 2, 2, 2, 2, 2, 2, 2, 2, 2, 2, 2, 2, 2, 2, 2, 2, 2, 2, 2, 2, 2, 2, 2, 2, 2, 2, 3, 2, 2, 2, 2, 3, 2, 2, 2, 2, 2, 2, 2, 2, 2, 2, 2, 3, 2, 2, 2, 2, 2, 2, 2, 3, 2, 2, 2, 2, 2, 2, 2, 2, 2, 2, 2, 2, 2, 2, 2, 2, 2, 2, 2, 2, 2, 2, 2, 2, 2, 3, 2, 2, 2, 2, 3, 3, 2, 2, 3, 3, 2, 2, 2, 2, 3, 2, 3, 2, 3, 2, 3, 3, 2, 2, 2, 3, 3, 3, 3, 3, 3, 3, 3, 3, 3, 2, 2, 2, 2, 2, 2, 2, 2, 2, 2, 2, 2, 2, 2, 2, 2, 2, 2, 3, 3, 2, 3, 3, 3, 2, 3, 3, 3, 3, 3, 3, 3, 3, 3, 3, 3, 3, 3, 3, 3, 3, 3, 3, 3, 3, 3, 3, 2, 3, 3, 2, 3, 3, 3, 2, 3, 3, 3, 3, 3, 3, 3, 3, 3, 3, 3]
TimeCharterCost: [120000, 125000, 130000, 110000, 104000]
RequiredVisits: [6, 5, 5, 5, 2, 2, 5, 6]
NumberOfDaysAvailable: [7, 7, 7, 7, 7]
DepotCapacity: [3, 3, 3, 3, 3, 3, 3]
