!Summary:
!Execution time: 0,55 seconds
!Total # voyages: 611 (124 unique)
!Number of installations (excluding depot): 7
!Number of time windows: 2
!Number of vessels: 5

!Min. # installations: 1
!Max. number of installations: 8
!Min. duration: 56
!Max. duration: 80

!Name: FarStar	 # voyages: 118
!Name: FarSearcher	 # voyages: 124
!Name: FarSymphony	 # voyages: 121
!Name: FarSeeker	 # voyages: 124
!Name: HavilaForesight	 # voyages: 124
!------------------------------------------------------------------------------------------------------------------------
nV : 5
nR : 124
nN : 7
nT : 7
minL : 2
maxL : 3

! Sets: 
Rv : [
[1, 2, 3, 4, 5, 6, 7, 8, 9, 10, 11, 12, 13, 14, 15, 16, 17, 18, 19, 20, 21, 22, 23, 24, 25, 26, 27, 28, 29, 30, 31, 32, 33, 34, 35, 36, 37, 38, 39, 40, 41, 42, 43, 44, 45, 46, 47, 48, 49, 50, 51, 52, 53, 54, 55, 56, 57, 58, 59, 60, 61, 62, 63, 64, 65, 66, 67, 68, 69, 70, 71, 72, 73, 74, 75, 76, 77, 78, 79, 80, 81, 82, 83, 84, 85, 86, 87, 88, 89, 90, 91, 92, 93, 94, 95, 96, 97, 98, 99, 100, 101, 102, 103, 104, 105, 106, 107, 108, 109, 110, 111, 112, 113, 114, 115, 116, 117, 118, 119, 120, 121, 122, 123, 124]!Vessel: FarSeeker
[1, 2, 3, 4, 5, 6, 7, 8, 9, 10, 11, 12, 13, 14, 15, 16, 17, 18, 19, 20, 21, 22, 23, 24, 25, 26, 27, 28, 29, 30, 31, 32, 33, 34, 35, 36, 37, 38, 39, 40, 41, 42, 43, 44, 45, 46, 47, 48, 49, 50, 51, 52, 53, 54, 55, 56, 57, 58, 59, 60, 61, 62, 63, 64, 65, 66, 67, 68, 69, 70, 71, 72, 73, 74, 75, 76, 77, 78, 79, 80, 81, 82, 83, 84, 85, 86, 87, 88, 89, 90, 91, 92, 93, 94, 95, 96, 97, 98, 99, 100, 101, 102, 103, 104, 105, 106, 107, 108, 109, 110, 111, 112, 113, 114, 115, 116, 117, 118, 119, 120, 121, 122, 123, 124]!Vessel: FarSearcher
[1, 2, 3, 4, 5, 6, 7, 8, 9, 10, 11, 12, 13, 14, 15, 16, 17, 18, 19, 20, 21, 22, 23, 24, 25, 26, 27, 28, 29, 30, 31, 32, 33, 34, 35, 36, 37, 38, 39, 40, 41, 42, 43, 44, 45, 46, 47, 48, 49, 50, 51, 52, 53, 54, 55, 56, 57, 58, 59, 60, 61, 62, 63, 64, 65, 66, 67, 68, 69, 70, 71, 72, 73, 74, 75, 76, 77, 78, 79, 80, 81, 82, 83, 84, 85, 86, 87, 88, 89, 90, 91, 92, 93, 94, 95, 96, 97, 98, 99, 100, 101, 102, 103, 104, 105, 106, 108, 109, 110, 111, 112, 113, 114, 115, 117, 118, 119, 120, 121, 122, 123]!Vessel: FarSymphony
[1, 2, 3, 4, 5, 6, 7, 8, 9, 10, 11, 12, 13, 14, 15, 16, 17, 18, 19, 20, 21, 22, 23, 24, 25, 26, 27, 28, 29, 30, 31, 32, 33, 34, 35, 36, 37, 38, 39, 40, 41, 42, 43, 44, 45, 46, 47, 48, 49, 50, 51, 52, 53, 54, 55, 56, 57, 58, 59, 60, 61, 62, 63, 64, 65, 66, 67, 68, 69, 70, 71, 72, 73, 74, 75, 76, 77, 78, 79, 80, 81, 82, 83, 84, 85, 86, 87, 88, 89, 90, 91, 92, 93, 94, 95, 96, 97, 98, 99, 100, 101, 102, 103, 104, 105, 106, 107, 108, 109, 110, 111, 112, 113, 114, 115, 116, 117, 118, 119, 120, 121, 122, 123, 124]!Vessel: HavilaForesight
[1, 2, 3, 4, 5, 6, 7, 8, 9, 10, 11, 12, 13, 14, 15, 16, 17, 18, 19, 20, 21, 22, 23, 24, 25, 26, 27, 28, 29, 30, 31, 32, 33, 34, 35, 36, 37, 38, 39, 40, 41, 42, 43, 44, 45, 46, 47, 48, 49, 50, 51, 52, 53, 54, 55, 56, 57, 58, 59, 60, 61, 62, 63, 64, 65, 66, 67, 68, 69, 70, 71, 72, 73, 74, 75, 76, 77, 78, 79, 80, 81, 82, 83, 84, 85, 86, 87, 88, 89, 90, 91, 92, 93, 94, 95, 96, 97, 98, 99, 100, 101, 102, 103, 104, 105, 106, 108, 109, 110, 111, 112, 113, 114, 115, 117, 118, 120, 122]!Vessel: FarStar
] 

Rvi : [
!i : 1, 2, 3, 4, 5, 6, 7
[1, 2, 4, 6, 9, 10, 13, 14, 17, 18, 19, 22, 23, 28, 29, 30, 31, 35, 36, 37, 42, 43, 44, 45, 50, 51, 52, 53, 58, 59, 60, 61, 66, 67, 68, 69, 74, 75, 76, 77, 82, 83, 84, 85, 89, 90, 91, 96, 97, 98, 99, 102, 103, 107, 108, 109, 112, 113, 116, 117, 119, 121, 123], [2, 7, 9, 11, 13, 15, 17, 20, 22, 24, 25, 28, 29, 32, 35, 38, 39, 42, 43, 46, 47, 50, 51, 54, 55, 58, 59, 62, 63, 66, 67, 70, 71, 74, 75, 78, 79, 82, 83, 86, 87, 89, 90, 92, 93, 96, 97, 100, 102, 104, 105, 107, 108, 110, 112, 114, 116, 118, 119, 120, 121, 124], [3, 4, 7, 9, 16, 18, 21, 23, 24, 26, 28, 30, 32, 33, 35, 36, 38, 42, 46, 48, 50, 52, 56, 60, 62, 64, 65, 66, 68, 69, 70, 72, 74, 76, 78, 79, 80, 82, 83, 84, 86, 89, 92, 94, 96, 98, 101, 103, 104, 106, 107, 109, 110, 111, 112, 113, 114, 116, 118, 119, 122, 123, 124], [5, 6, 11, 13, 16, 18, 24, 27, 28, 31, 34, 37, 39, 40, 43, 44, 47, 48, 51, 52, 54, 56, 58, 60, 62, 64, 66, 68, 70, 73, 74, 77, 78, 81, 82, 85, 87, 88, 90, 91, 93, 94, 97, 98, 100, 101, 102, 103, 104, 106, 107, 109, 110, 112, 114, 115, 116, 117, 120, 121, 122, 123, 124], [8, 10, 15, 17, 21, 23, 27, 31, 32, 35, 39, 41, 43, 45, 48, 49, 52, 53, 55, 59, 62, 63, 65, 66, 67, 69, 72, 73, 76, 77, 79, 81, 83, 85, 86, 87, 89, 90, 93, 94, 95, 97, 98, 99, 101, 103, 104, 105, 107, 108, 110, 111, 112, 113, 115, 117, 118, 119, 120, 121, 122, 123, 124], [12, 14, 20, 22, 26, 30, 34, 37, 38, 41, 42, 45, 47, 51, 55, 56, 57, 59, 60, 61, 65, 69, 70, 71, 73, 74, 75, 77, 79, 80, 83, 84, 87, 88, 90, 91, 92, 94, 95, 96, 98, 99, 100, 102, 104, 105, 106, 107, 108, 109, 111, 113, 114, 115, 116, 117, 118, 119, 120, 121, 122, 123, 124], [19, 25, 29, 33, 36, 40, 44, 46, 49, 50, 53, 54, 57, 58, 61, 63, 64, 67, 68, 71, 72, 75, 76, 78, 80, 81, 82, 84, 85, 86, 88, 89, 91, 92, 93, 95, 96, 97, 99, 100, 101, 102, 103, 105, 106, 108, 109, 110, 111, 112, 113, 114, 115, 116, 117, 118, 119, 120, 121, 122, 123, 124]!Vessel: FarSeeker
[1, 2, 4, 6, 9, 10, 13, 14, 17, 18, 19, 22, 23, 28, 29, 30, 31, 35, 36, 37, 42, 43, 44, 45, 50, 51, 52, 53, 58, 59, 60, 61, 66, 67, 68, 69, 74, 75, 76, 77, 82, 83, 84, 85, 89, 90, 91, 96, 97, 98, 99, 102, 103, 107, 108, 109, 112, 113, 116, 117, 119, 121, 123], [2, 7, 9, 11, 13, 15, 17, 20, 22, 24, 25, 28, 29, 32, 35, 38, 39, 42, 43, 46, 47, 50, 51, 54, 55, 58, 59, 62, 63, 66, 67, 70, 71, 74, 75, 78, 79, 82, 83, 86, 87, 89, 90, 92, 93, 96, 97, 100, 102, 104, 105, 107, 108, 110, 112, 114, 116, 118, 119, 120, 121, 124], [3, 4, 7, 9, 16, 18, 21, 23, 24, 26, 28, 30, 32, 33, 35, 36, 38, 42, 46, 48, 50, 52, 56, 60, 62, 64, 65, 66, 68, 69, 70, 72, 74, 76, 78, 79, 80, 82, 83, 84, 86, 89, 92, 94, 96, 98, 101, 103, 104, 106, 107, 109, 110, 111, 112, 113, 114, 116, 118, 119, 122, 123, 124], [5, 6, 11, 13, 16, 18, 24, 27, 28, 31, 34, 37, 39, 40, 43, 44, 47, 48, 51, 52, 54, 56, 58, 60, 62, 64, 66, 68, 70, 73, 74, 77, 78, 81, 82, 85, 87, 88, 90, 91, 93, 94, 97, 98, 100, 101, 102, 103, 104, 106, 107, 109, 110, 112, 114, 115, 116, 117, 120, 121, 122, 123, 124], [8, 10, 15, 17, 21, 23, 27, 31, 32, 35, 39, 41, 43, 45, 48, 49, 52, 53, 55, 59, 62, 63, 65, 66, 67, 69, 72, 73, 76, 77, 79, 81, 83, 85, 86, 87, 89, 90, 93, 94, 95, 97, 98, 99, 101, 103, 104, 105, 107, 108, 110, 111, 112, 113, 115, 117, 118, 119, 120, 121, 122, 123, 124], [12, 14, 20, 22, 26, 30, 34, 37, 38, 41, 42, 45, 47, 51, 55, 56, 57, 59, 60, 61, 65, 69, 70, 71, 73, 74, 75, 77, 79, 80, 83, 84, 87, 88, 90, 91, 92, 94, 95, 96, 98, 99, 100, 102, 104, 105, 106, 107, 108, 109, 111, 113, 114, 115, 116, 117, 118, 119, 120, 121, 122, 123, 124], [19, 25, 29, 33, 36, 40, 44, 46, 49, 50, 53, 54, 57, 58, 61, 63, 64, 67, 68, 71, 72, 75, 76, 78, 80, 81, 82, 84, 85, 86, 88, 89, 91, 92, 93, 95, 96, 97, 99, 100, 101, 102, 103, 105, 106, 108, 109, 110, 111, 112, 113, 114, 115, 116, 117, 118, 119, 120, 121, 122, 123, 124]!Vessel: FarSearcher
[1, 2, 4, 6, 9, 10, 13, 14, 17, 18, 19, 22, 23, 28, 29, 30, 31, 35, 36, 37, 42, 43, 44, 45, 50, 51, 52, 53, 58, 59, 60, 61, 66, 67, 68, 69, 74, 75, 76, 77, 82, 83, 84, 85, 89, 90, 91, 96, 97, 98, 99, 102, 103, 108, 109, 112, 113, 117, 119, 121, 123], [2, 7, 9, 11, 13, 15, 17, 20, 22, 24, 25, 28, 29, 32, 35, 38, 39, 42, 43, 46, 47, 50, 51, 54, 55, 58, 59, 62, 63, 66, 67, 70, 71, 74, 75, 78, 79, 82, 83, 86, 87, 89, 90, 92, 93, 96, 97, 100, 102, 104, 105, 108, 110, 112, 114, 118, 119, 120, 121], [3, 4, 7, 9, 16, 18, 21, 23, 24, 26, 28, 30, 32, 33, 35, 36, 38, 42, 46, 48, 50, 52, 56, 60, 62, 64, 65, 66, 68, 69, 70, 72, 74, 76, 78, 79, 80, 82, 83, 84, 86, 89, 92, 94, 96, 98, 101, 103, 104, 106, 109, 110, 111, 112, 113, 114, 118, 119, 122, 123], [5, 6, 11, 13, 16, 18, 24, 27, 28, 31, 34, 37, 39, 40, 43, 44, 47, 48, 51, 52, 54, 56, 58, 60, 62, 64, 66, 68, 70, 73, 74, 77, 78, 81, 82, 85, 87, 88, 90, 91, 93, 94, 97, 98, 100, 101, 102, 103, 104, 106, 109, 110, 112, 114, 115, 117, 120, 121, 122, 123], [8, 10, 15, 17, 21, 23, 27, 31, 32, 35, 39, 41, 43, 45, 48, 49, 52, 53, 55, 59, 62, 63, 65, 66, 67, 69, 72, 73, 76, 77, 79, 81, 83, 85, 86, 87, 89, 90, 93, 94, 95, 97, 98, 99, 101, 103, 104, 105, 108, 110, 111, 112, 113, 115, 117, 118, 119, 120, 121, 122, 123], [12, 14, 20, 22, 26, 30, 34, 37, 38, 41, 42, 45, 47, 51, 55, 56, 57, 59, 60, 61, 65, 69, 70, 71, 73, 74, 75, 77, 79, 80, 83, 84, 87, 88, 90, 91, 92, 94, 95, 96, 98, 99, 100, 102, 104, 105, 106, 108, 109, 111, 113, 114, 115, 117, 118, 119, 120, 121, 122, 123], [19, 25, 29, 33, 36, 40, 44, 46, 49, 50, 53, 54, 57, 58, 61, 63, 64, 67, 68, 71, 72, 75, 76, 78, 80, 81, 82, 84, 85, 86, 88, 89, 91, 92, 93, 95, 96, 97, 99, 100, 101, 102, 103, 105, 106, 108, 109, 110, 111, 112, 113, 114, 115, 117, 118, 119, 120, 121, 122, 123]!Vessel: FarSymphony
[1, 2, 4, 6, 9, 10, 13, 14, 17, 18, 19, 22, 23, 28, 29, 30, 31, 35, 36, 37, 42, 43, 44, 45, 50, 51, 52, 53, 58, 59, 60, 61, 66, 67, 68, 69, 74, 75, 76, 77, 82, 83, 84, 85, 89, 90, 91, 96, 97, 98, 99, 102, 103, 107, 108, 109, 112, 113, 116, 117, 119, 121, 123], [2, 7, 9, 11, 13, 15, 17, 20, 22, 24, 25, 28, 29, 32, 35, 38, 39, 42, 43, 46, 47, 50, 51, 54, 55, 58, 59, 62, 63, 66, 67, 70, 71, 74, 75, 78, 79, 82, 83, 86, 87, 89, 90, 92, 93, 96, 97, 100, 102, 104, 105, 107, 108, 110, 112, 114, 116, 118, 119, 120, 121, 124], [3, 4, 7, 9, 16, 18, 21, 23, 24, 26, 28, 30, 32, 33, 35, 36, 38, 42, 46, 48, 50, 52, 56, 60, 62, 64, 65, 66, 68, 69, 70, 72, 74, 76, 78, 79, 80, 82, 83, 84, 86, 89, 92, 94, 96, 98, 101, 103, 104, 106, 107, 109, 110, 111, 112, 113, 114, 116, 118, 119, 122, 123, 124], [5, 6, 11, 13, 16, 18, 24, 27, 28, 31, 34, 37, 39, 40, 43, 44, 47, 48, 51, 52, 54, 56, 58, 60, 62, 64, 66, 68, 70, 73, 74, 77, 78, 81, 82, 85, 87, 88, 90, 91, 93, 94, 97, 98, 100, 101, 102, 103, 104, 106, 107, 109, 110, 112, 114, 115, 116, 117, 120, 121, 122, 123, 124], [8, 10, 15, 17, 21, 23, 27, 31, 32, 35, 39, 41, 43, 45, 48, 49, 52, 53, 55, 59, 62, 63, 65, 66, 67, 69, 72, 73, 76, 77, 79, 81, 83, 85, 86, 87, 89, 90, 93, 94, 95, 97, 98, 99, 101, 103, 104, 105, 107, 108, 110, 111, 112, 113, 115, 117, 118, 119, 120, 121, 122, 123, 124], [12, 14, 20, 22, 26, 30, 34, 37, 38, 41, 42, 45, 47, 51, 55, 56, 57, 59, 60, 61, 65, 69, 70, 71, 73, 74, 75, 77, 79, 80, 83, 84, 87, 88, 90, 91, 92, 94, 95, 96, 98, 99, 100, 102, 104, 105, 106, 107, 108, 109, 111, 113, 114, 115, 116, 117, 118, 119, 120, 121, 122, 123, 124], [19, 25, 29, 33, 36, 40, 44, 46, 49, 50, 53, 54, 57, 58, 61, 63, 64, 67, 68, 71, 72, 75, 76, 78, 80, 81, 82, 84, 85, 86, 88, 89, 91, 92, 93, 95, 96, 97, 99, 100, 101, 102, 103, 105, 106, 108, 109, 110, 111, 112, 113, 114, 115, 116, 117, 118, 119, 120, 121, 122, 123, 124]!Vessel: HavilaForesight
[1, 2, 4, 6, 9, 10, 13, 14, 17, 18, 19, 22, 23, 28, 29, 30, 31, 35, 36, 37, 42, 43, 44, 45, 50, 51, 52, 53, 58, 59, 60, 61, 66, 67, 68, 69, 74, 75, 76, 77, 82, 83, 84, 85, 89, 90, 91, 96, 97, 98, 99, 102, 103, 108, 109, 112, 113, 117], [2, 7, 9, 11, 13, 15, 17, 20, 22, 24, 25, 28, 29, 32, 35, 38, 39, 42, 43, 46, 47, 50, 51, 54, 55, 58, 59, 62, 63, 66, 67, 70, 71, 74, 75, 78, 79, 82, 83, 86, 87, 89, 90, 92, 93, 96, 97, 100, 102, 104, 105, 108, 110, 112, 114, 118, 120], [3, 4, 7, 9, 16, 18, 21, 23, 24, 26, 28, 30, 32, 33, 35, 36, 38, 42, 46, 48, 50, 52, 56, 60, 62, 64, 65, 66, 68, 69, 70, 72, 74, 76, 78, 79, 80, 82, 83, 84, 86, 89, 92, 94, 96, 98, 101, 103, 104, 106, 109, 110, 111, 112, 113, 114, 118, 122], [5, 6, 11, 13, 16, 18, 24, 27, 28, 31, 34, 37, 39, 40, 43, 44, 47, 48, 51, 52, 54, 56, 58, 60, 62, 64, 66, 68, 70, 73, 74, 77, 78, 81, 82, 85, 87, 88, 90, 91, 93, 94, 97, 98, 100, 101, 102, 103, 104, 106, 109, 110, 112, 114, 115, 117, 120, 122], [8, 10, 15, 17, 21, 23, 27, 31, 32, 35, 39, 41, 43, 45, 48, 49, 52, 53, 55, 59, 62, 63, 65, 66, 67, 69, 72, 73, 76, 77, 79, 81, 83, 85, 86, 87, 89, 90, 93, 94, 95, 97, 98, 99, 101, 103, 104, 105, 108, 110, 111, 112, 113, 115, 117, 118, 120, 122], [12, 14, 20, 22, 26, 30, 34, 37, 38, 41, 42, 45, 47, 51, 55, 56, 57, 59, 60, 61, 65, 69, 70, 71, 73, 74, 75, 77, 79, 80, 83, 84, 87, 88, 90, 91, 92, 94, 95, 96, 98, 99, 100, 102, 104, 105, 106, 108, 109, 111, 113, 114, 115, 117, 118, 120, 122], [19, 25, 29, 33, 36, 40, 44, 46, 49, 50, 53, 54, 57, 58, 61, 63, 64, 67, 68, 71, 72, 75, 76, 78, 80, 81, 82, 84, 85, 86, 88, 89, 91, 92, 93, 95, 96, 97, 99, 100, 101, 102, 103, 105, 106, 108, 109, 110, 111, 112, 113, 114, 115, 117, 118, 120, 122]!Vessel: FarStar
] 

Rvl : [
!l : 2, 3
[1, 2, 3, 4, 5, 6, 7, 8, 9, 10, 11, 12, 13, 14, 15, 16, 17, 19, 20, 21, 22, 23, 24, 25, 26, 27, 29, 30, 32, 33, 35, 36, 38, 40, 42, 44, 46, 49, 50, 53, 54, 57, 61, 63, 64, 67, 71, 72, 75, 76, 80, 81, 84, 86, 92, 96], [18, 28, 31, 34, 37, 39, 41, 43, 45, 47, 48, 51, 52, 55, 56, 58, 59, 60, 62, 65, 66, 68, 69, 70, 73, 74, 77, 78, 79, 82, 83, 85, 87, 88, 89, 90, 91, 93, 94, 95, 97, 98, 99, 100, 101, 102, 103, 104, 105, 106, 107, 108, 109, 110, 111, 112, 113, 114, 115, 116, 117, 118, 119, 120, 121, 122, 123, 124]!Vessel: FarSeeker
[1, 2, 3, 4, 5, 6, 7, 8, 9, 10, 11, 12, 13, 14, 15, 16, 17, 19, 20, 21, 22, 23, 24, 25, 26, 27, 29, 30, 32, 33, 35, 36, 38, 40, 42, 44, 46, 49, 50, 53, 54, 57, 61, 63, 64, 67, 71, 72, 75, 76, 80, 81, 84, 86, 92, 96], [18, 28, 31, 34, 37, 39, 41, 43, 45, 47, 48, 51, 52, 55, 56, 58, 59, 60, 62, 65, 66, 68, 69, 70, 73, 74, 77, 78, 79, 82, 83, 85, 87, 88, 89, 90, 91, 93, 94, 95, 97, 98, 99, 100, 101, 102, 103, 104, 105, 106, 107, 108, 109, 110, 111, 112, 113, 114, 115, 116, 117, 118, 119, 120, 121, 122, 123, 124]!Vessel: FarSearcher
[1, 2, 3, 4, 5, 6, 7, 8, 9, 10, 11, 12, 13, 14, 15, 16, 17, 19, 20, 21, 22, 23, 24, 25, 26, 27, 29, 30, 32, 33, 35, 36, 38, 40, 42, 44, 46, 49, 50, 53, 54, 57, 61, 63, 64, 67, 71, 72, 75, 76, 80, 81, 84, 86, 92, 96], [18, 28, 31, 34, 37, 39, 41, 43, 45, 47, 48, 51, 52, 55, 56, 58, 59, 60, 62, 65, 66, 68, 69, 70, 73, 74, 77, 78, 79, 82, 83, 85, 87, 88, 89, 90, 91, 93, 94, 95, 97, 98, 99, 100, 101, 102, 103, 104, 105, 106, 108, 109, 110, 111, 112, 113, 114, 115, 117, 118, 119, 120, 121, 122, 123]!Vessel: FarSymphony
[1, 2, 3, 4, 5, 6, 7, 8, 9, 10, 11, 12, 13, 14, 15, 16, 17, 19, 20, 21, 22, 23, 24, 25, 26, 27, 29, 30, 32, 33, 35, 36, 38, 40, 42, 44, 46, 49, 50, 53, 54, 57, 61, 63, 64, 67, 71, 72, 75, 76, 80, 81, 84, 86, 92, 96], [18, 28, 31, 34, 37, 39, 41, 43, 45, 47, 48, 51, 52, 55, 56, 58, 59, 60, 62, 65, 66, 68, 69, 70, 73, 74, 77, 78, 79, 82, 83, 85, 87, 88, 89, 90, 91, 93, 94, 95, 97, 98, 99, 100, 101, 102, 103, 104, 105, 106, 107, 108, 109, 110, 111, 112, 113, 114, 115, 116, 117, 118, 119, 120, 121, 122, 123, 124]!Vessel: HavilaForesight
[1, 2, 3, 4, 5, 6, 7, 8, 9, 10, 11, 12, 13, 14, 15, 16, 17, 19, 20, 21, 22, 23, 24, 25, 26, 27, 29, 30, 32, 33, 35, 36, 38, 40, 42, 44, 46, 49, 50, 53, 54, 57, 61, 63, 64, 67, 71, 72, 75, 76, 80, 81, 84, 86, 92, 96], [18, 28, 31, 34, 37, 39, 41, 43, 45, 47, 48, 51, 52, 55, 56, 58, 59, 60, 62, 65, 66, 68, 69, 70, 73, 74, 77, 78, 79, 82, 83, 85, 87, 88, 89, 90, 91, 93, 94, 95, 97, 98, 99, 100, 101, 102, 103, 104, 105, 106, 108, 109, 110, 111, 112, 113, 114, 115, 117, 118, 120, 122]!Vessel: FarStar
] 

minF : 2
maxF : 6
Nf : [
!f : 2, 3, 4, 5, 6
[5, 6], [], [], [2, 3, 4, 7], [1]
]

! Parameters
VoyageCost: [37970, 44429, 39085, 45544, 64838, 73722, 43120, 59991, 49580, 62814, 73722, 44841, 80181, 47265, 62814, 74837, 69274, 81296, 43726, 46053, 63929, 49277, 70389, 78872, 38879, 47265, 72716, 85332, 50186, 50392, 81599, 67965, 42418, 83017, 76848, 48877, 85441, 47968, 81599, 73019, 81805, 54428, 88059, 79478, 84629, 46453, 84229, 82714, 62414, 55337, 87453, 89174, 68571, 79478, 84629, 85441, 46053, 85938, 88471, 88568, 48574, 86750, 68571, 78169, 85744, 93210, 77454, 84629, 88471, 86144, 47265, 67262, 90895, 92604, 55034, 76146, 92107, 84629, 87259, 47265, 80896, 91089, 88471, 53725, 87356, 76146, 93319, 84229, 82605, 95330, 86750, 53725, 87356, 92107, 84229, 60184, 93816, 94022, 88471, 85441, 86047, 91901, 92507, 94022, 88471, 85441, 100481, 89683, 91901, 92507, 87259, 98966, 88471, 91901, 93319, 98360, 94627, 89683, 90895, 94627, 99984, 93319, 99778, 99778]
VoyageDuration: [2, 2, 2, 2, 2, 2, 2, 2, 2, 2, 2, 2, 2, 2, 2, 2, 2, 3, 2, 2, 2, 2, 2, 2, 2, 2, 2, 3, 2, 2, 3, 2, 2, 3, 2, 2, 3, 2, 3, 2, 3, 2, 3, 2, 3, 2, 3, 3, 2, 2, 3, 3, 2, 2, 3, 3, 2, 3, 3, 3, 2, 3, 2, 2, 3, 3, 2, 3, 3, 3, 2, 2, 3, 3, 2, 2, 3, 3, 3, 2, 2, 3, 3, 2, 3, 2, 3, 3, 3, 3, 3, 2, 3, 3, 3, 2, 3, 3, 3, 3, 3, 3, 3, 3, 3, 3, 3, 3, 3, 3, 3, 3, 3, 3, 3, 3, 3, 3, 3, 3, 3, 3, 3, 3]
TimeCharterCost: [120000, 125000, 130000, 110000, 104000]
RequiredVisits: [6, 5, 5, 5, 2, 2, 5]
NumberOfDaysAvailable: [7, 7, 7, 7, 7]
DepotCapacity: [3, 3, 3, 3, 3, 3, 3]
