!Summary:
!Execution time: 1,47 seconds
!Total # voyages: 2345 (491 unique)
!Number of installations (excluding depot): 9
!Number of time windows: 0
!Number of vessels: 5

!Min. # installations: 1
!Max. number of installations: 8
!Min. duration: 56
!Max. duration: 80

!Name: FarSeeker	 # voyages: 491
!Name: HavilaForesight	 # voyages: 482
!Name: FarStar	 # voyages: 427
!Name: FarSearcher	 # voyages: 491
!Name: FarSymphony	 # voyages: 454
!------------------------------------------------------------------------------------------------------------------------
nV : 5
nR : 491
nN : 9
nT : 7
minL : 2
maxL : 3

! Sets: 
Rv : [
[1, 2, 3, 4, 5, 6, 7, 8, 9, 10, 11, 12, 13, 14, 15, 16, 17, 18, 19, 20, 21, 22, 23, 24, 25, 26, 27, 28, 29, 30, 31, 32, 33, 34, 35, 36, 37, 38, 39, 40, 41, 42, 43, 44, 45, 46, 47, 48, 49, 50, 51, 52, 53, 54, 55, 56, 57, 58, 59, 60, 61, 62, 63, 64, 65, 66, 67, 68, 69, 70, 71, 72, 73, 74, 75, 76, 77, 78, 79, 80, 81, 82, 83, 84, 85, 86, 87, 88, 89, 90, 91, 92, 93, 94, 95, 96, 97, 98, 99, 100, 101, 102, 103, 104, 105, 106, 107, 108, 109, 110, 111, 112, 113, 114, 115, 116, 117, 118, 119, 120, 121, 122, 123, 124, 125, 126, 127, 128, 129, 130, 131, 132, 133, 134, 135, 136, 137, 138, 139, 140, 141, 142, 143, 144, 145, 146, 147, 148, 149, 150, 151, 152, 153, 154, 155, 156, 157, 158, 159, 160, 161, 162, 163, 164, 165, 166, 167, 168, 169, 170, 171, 172, 173, 174, 175, 176, 177, 178, 179, 180, 181, 182, 183, 184, 185, 186, 187, 188, 189, 190, 191, 192, 193, 194, 195, 196, 197, 198, 199, 200, 201, 202, 203, 204, 205, 206, 207, 208, 209, 210, 211, 212, 213, 214, 215, 216, 217, 218, 219, 220, 221, 222, 223, 224, 225, 226, 227, 228, 229, 230, 231, 232, 233, 234, 235, 236, 237, 238, 239, 240, 241, 242, 243, 244, 245, 246, 247, 248, 249, 250, 251, 252, 253, 254, 255, 256, 257, 258, 259, 260, 261, 262, 263, 264, 265, 266, 267, 268, 269, 270, 271, 272, 273, 274, 275, 276, 277, 278, 279, 280, 281, 282, 283, 284, 285, 286, 287, 288, 289, 290, 291, 292, 293, 294, 295, 296, 297, 298, 299, 300, 301, 302, 303, 304, 305, 306, 307, 308, 309, 310, 311, 312, 313, 314, 315, 316, 317, 318, 319, 320, 321, 322, 323, 324, 325, 326, 327, 328, 329, 330, 331, 332, 333, 334, 335, 336, 337, 338, 339, 340, 341, 342, 343, 344, 345, 346, 347, 348, 349, 350, 351, 352, 353, 354, 355, 356, 357, 358, 359, 360, 361, 362, 363, 364, 365, 366, 367, 368, 369, 370, 371, 372, 373, 374, 375, 376, 377, 378, 379, 380, 381, 382, 383, 384, 385, 386, 387, 388, 389, 390, 391, 392, 393, 394, 395, 396, 397, 398, 399, 400, 401, 402, 403, 404, 405, 406, 407, 408, 409, 410, 411, 412, 413, 414, 415, 416, 417, 418, 419, 420, 421, 422, 423, 424, 425, 426, 427, 428, 429, 430, 431, 432, 433, 434, 435, 436, 437, 438, 439, 440, 441, 442, 443, 444, 445, 446, 447, 448, 449, 450, 451, 452, 453, 454, 455, 456, 457, 458, 459, 460, 461, 462, 463, 464, 465, 466, 467, 468, 469, 470, 471, 472, 473, 474, 475, 476, 477, 478, 479, 480, 481, 482, 483, 484, 485, 486, 487, 488, 489, 490, 491]!Vessel: FarSeeker
[1, 2, 3, 4, 5, 6, 7, 8, 9, 10, 11, 12, 13, 14, 15, 16, 17, 18, 19, 20, 21, 22, 23, 24, 25, 26, 27, 28, 29, 30, 31, 32, 33, 34, 35, 36, 37, 38, 39, 40, 41, 42, 43, 44, 45, 46, 47, 48, 49, 50, 51, 52, 53, 54, 55, 56, 57, 58, 59, 60, 61, 62, 63, 64, 65, 66, 67, 68, 69, 70, 71, 72, 73, 74, 75, 76, 77, 78, 79, 80, 81, 82, 83, 84, 85, 86, 87, 88, 89, 90, 91, 92, 93, 94, 95, 96, 97, 98, 99, 100, 101, 102, 103, 104, 105, 106, 107, 108, 109, 110, 111, 112, 113, 114, 115, 116, 117, 118, 119, 120, 121, 122, 123, 124, 125, 126, 127, 128, 129, 130, 131, 132, 133, 134, 135, 136, 137, 138, 139, 140, 141, 142, 143, 144, 145, 146, 147, 148, 149, 150, 151, 152, 153, 154, 155, 156, 157, 158, 159, 160, 161, 162, 163, 164, 165, 166, 167, 168, 169, 170, 171, 172, 173, 174, 175, 176, 177, 178, 179, 180, 181, 182, 183, 184, 185, 186, 187, 188, 189, 190, 191, 192, 193, 194, 195, 196, 197, 198, 199, 200, 201, 202, 203, 204, 205, 206, 207, 208, 209, 210, 211, 212, 213, 214, 215, 216, 217, 218, 219, 220, 221, 222, 223, 224, 225, 226, 227, 228, 229, 230, 231, 232, 233, 234, 235, 236, 237, 238, 239, 240, 241, 242, 243, 244, 245, 246, 247, 248, 249, 250, 251, 252, 253, 254, 255, 256, 257, 258, 259, 260, 261, 262, 263, 264, 265, 266, 267, 268, 269, 270, 271, 272, 273, 274, 275, 276, 277, 278, 279, 280, 281, 282, 283, 284, 285, 286, 287, 288, 289, 290, 291, 292, 293, 294, 295, 296, 297, 298, 299, 300, 301, 302, 303, 304, 305, 306, 307, 308, 309, 310, 311, 312, 313, 314, 315, 316, 317, 318, 319, 320, 321, 322, 323, 324, 325, 326, 327, 328, 329, 330, 331, 332, 333, 334, 335, 336, 337, 338, 339, 340, 341, 342, 343, 344, 345, 346, 347, 348, 349, 350, 351, 352, 353, 354, 355, 356, 357, 358, 359, 360, 361, 362, 363, 364, 365, 366, 367, 368, 369, 370, 371, 372, 373, 374, 375, 376, 377, 378, 379, 380, 381, 382, 383, 384, 385, 386, 387, 388, 389, 390, 391, 392, 393, 394, 395, 396, 397, 398, 399, 400, 401, 402, 403, 404, 405, 406, 407, 408, 409, 410, 411, 412, 413, 414, 415, 416, 417, 418, 419, 420, 421, 422, 423, 424, 425, 426, 427, 428, 429, 430, 431, 432, 433, 434, 435, 436, 437, 438, 439, 440, 441, 442, 443, 444, 445, 446, 447, 448, 449, 450, 451, 452, 453, 454, 455, 456, 457, 458, 459, 460, 461, 462, 463, 464, 465, 466, 467, 468, 469, 470, 471, 472, 473, 474, 475, 476, 477, 478, 479, 480, 481, 482, 483, 484, 485, 486, 487, 488, 489, 490, 491]!Vessel: FarSearcher
[1, 2, 3, 4, 5, 6, 7, 8, 9, 10, 11, 12, 13, 14, 15, 16, 17, 18, 19, 20, 21, 22, 23, 24, 25, 26, 27, 28, 29, 30, 31, 32, 33, 34, 35, 36, 37, 38, 39, 40, 41, 42, 43, 44, 45, 46, 47, 48, 49, 50, 51, 52, 53, 54, 55, 56, 57, 58, 59, 60, 61, 62, 63, 64, 65, 66, 67, 68, 69, 70, 71, 72, 73, 74, 75, 76, 77, 78, 79, 80, 81, 82, 83, 84, 85, 86, 87, 88, 89, 90, 91, 92, 93, 94, 95, 96, 97, 98, 99, 100, 101, 102, 103, 104, 105, 106, 107, 108, 109, 110, 111, 112, 113, 114, 115, 116, 117, 118, 119, 120, 121, 122, 123, 124, 125, 126, 127, 128, 129, 130, 131, 132, 133, 134, 135, 136, 137, 138, 139, 140, 141, 142, 143, 144, 145, 146, 147, 148, 149, 150, 151, 152, 153, 154, 155, 156, 157, 158, 159, 160, 161, 162, 163, 164, 165, 166, 167, 168, 169, 170, 171, 172, 173, 174, 175, 176, 177, 178, 179, 180, 181, 182, 183, 184, 185, 186, 187, 188, 189, 190, 191, 192, 193, 194, 195, 196, 197, 198, 199, 200, 201, 202, 203, 204, 205, 206, 207, 208, 210, 211, 212, 213, 214, 215, 216, 217, 218, 219, 220, 221, 222, 223, 224, 225, 226, 227, 228, 229, 230, 231, 232, 233, 234, 235, 236, 237, 238, 239, 240, 241, 242, 243, 244, 245, 246, 247, 248, 249, 250, 251, 252, 253, 254, 255, 257, 258, 259, 260, 261, 262, 263, 264, 265, 266, 267, 268, 269, 270, 271, 272, 273, 274, 275, 276, 277, 278, 279, 280, 281, 282, 283, 284, 285, 286, 287, 288, 289, 290, 291, 292, 293, 294, 295, 296, 297, 299, 300, 301, 302, 303, 304, 305, 306, 307, 308, 309, 310, 311, 312, 313, 314, 315, 316, 317, 318, 319, 320, 321, 322, 323, 324, 326, 327, 328, 329, 330, 331, 332, 333, 334, 335, 336, 337, 338, 339, 340, 341, 342, 343, 344, 345, 346, 347, 348, 350, 351, 352, 353, 354, 355, 356, 357, 359, 360, 361, 362, 363, 364, 365, 366, 367, 369, 371, 372, 373, 374, 375, 376, 377, 378, 379, 381, 383, 384, 385, 386, 388, 389, 390, 391, 392, 393, 394, 395, 396, 397, 398, 400, 401, 402, 403, 404, 405, 406, 407, 408, 409, 410, 411, 412, 413, 415, 416, 417, 418, 419, 420, 421, 422, 423, 424, 425, 426, 428, 430, 431, 432, 433, 435, 436, 437, 438, 439, 440, 441, 444, 445, 446, 447, 449, 450, 451, 453, 455, 457, 458, 459, 460, 462, 463, 465, 466, 467, 468, 470, 472, 473, 474, 476, 478, 479, 482, 483, 487]!Vessel: FarSymphony
[1, 2, 3, 4, 5, 6, 7, 8, 9, 10, 11, 12, 13, 14, 15, 16, 17, 18, 19, 20, 21, 22, 23, 24, 25, 26, 27, 28, 29, 30, 31, 32, 33, 34, 35, 36, 37, 38, 39, 40, 41, 42, 43, 44, 45, 46, 47, 48, 49, 50, 51, 52, 53, 54, 55, 56, 57, 58, 59, 60, 61, 62, 63, 64, 65, 66, 67, 68, 69, 70, 71, 72, 73, 74, 75, 76, 77, 78, 79, 80, 81, 82, 83, 84, 85, 86, 87, 88, 89, 90, 91, 92, 93, 94, 95, 96, 97, 98, 99, 100, 101, 102, 103, 104, 105, 106, 107, 108, 109, 110, 111, 112, 113, 114, 115, 116, 117, 118, 119, 120, 121, 122, 123, 124, 125, 126, 127, 128, 129, 130, 131, 132, 133, 134, 135, 136, 137, 138, 139, 140, 141, 142, 143, 144, 145, 146, 147, 148, 149, 150, 151, 152, 153, 154, 155, 156, 157, 158, 159, 160, 161, 162, 163, 164, 165, 166, 167, 168, 169, 170, 171, 172, 173, 174, 175, 176, 177, 178, 179, 180, 181, 182, 183, 184, 185, 186, 187, 188, 189, 190, 191, 192, 193, 194, 195, 196, 197, 198, 199, 200, 201, 202, 203, 204, 205, 206, 207, 208, 209, 210, 211, 212, 213, 214, 215, 216, 217, 218, 219, 220, 221, 222, 223, 224, 225, 226, 227, 228, 229, 230, 231, 232, 233, 234, 235, 236, 237, 238, 239, 240, 241, 242, 243, 244, 245, 246, 247, 248, 249, 250, 251, 252, 253, 254, 255, 256, 257, 258, 259, 260, 261, 262, 263, 264, 265, 266, 267, 268, 269, 270, 271, 272, 273, 274, 275, 276, 277, 278, 279, 280, 281, 282, 283, 284, 285, 286, 287, 288, 289, 290, 291, 292, 293, 294, 295, 296, 297, 298, 299, 300, 301, 302, 303, 304, 305, 306, 307, 308, 309, 310, 311, 312, 313, 314, 315, 316, 317, 318, 319, 320, 321, 322, 323, 324, 325, 326, 327, 328, 329, 330, 331, 332, 333, 334, 335, 336, 337, 338, 339, 340, 341, 342, 343, 344, 345, 346, 347, 348, 349, 350, 351, 352, 353, 354, 355, 356, 357, 358, 359, 360, 361, 362, 363, 364, 365, 366, 367, 368, 369, 370, 371, 372, 373, 374, 375, 376, 377, 378, 379, 380, 381, 383, 384, 385, 386, 387, 388, 389, 390, 391, 392, 393, 394, 395, 396, 397, 398, 399, 400, 401, 402, 403, 404, 405, 406, 407, 408, 409, 410, 411, 412, 413, 414, 415, 416, 417, 418, 419, 420, 421, 422, 423, 424, 425, 426, 427, 428, 429, 430, 431, 432, 433, 434, 435, 436, 437, 438, 439, 440, 441, 442, 444, 445, 446, 447, 448, 449, 450, 451, 452, 453, 455, 456, 457, 458, 459, 460, 462, 463, 464, 465, 466, 467, 468, 469, 470, 472, 473, 474, 475, 476, 478, 479, 480, 482, 483, 484, 485, 487, 488, 489, 490]!Vessel: HavilaForesight
[1, 2, 3, 4, 5, 6, 7, 8, 9, 10, 11, 12, 13, 14, 15, 16, 17, 18, 19, 20, 21, 22, 23, 24, 25, 26, 27, 28, 29, 30, 31, 32, 33, 34, 35, 36, 37, 38, 39, 40, 41, 42, 43, 44, 45, 46, 47, 48, 49, 50, 51, 52, 53, 54, 55, 56, 57, 58, 59, 60, 61, 62, 63, 64, 65, 66, 67, 68, 69, 70, 71, 72, 73, 74, 75, 76, 77, 78, 79, 80, 81, 82, 83, 84, 85, 86, 87, 88, 89, 90, 91, 92, 93, 94, 95, 96, 97, 98, 99, 100, 101, 102, 103, 104, 105, 106, 107, 108, 109, 110, 111, 112, 113, 114, 115, 116, 117, 118, 119, 120, 121, 122, 123, 124, 125, 126, 127, 128, 129, 130, 131, 132, 133, 134, 135, 136, 137, 138, 139, 140, 141, 142, 143, 144, 145, 146, 147, 148, 149, 150, 151, 152, 153, 154, 155, 156, 157, 158, 159, 160, 161, 162, 163, 164, 165, 166, 167, 168, 169, 170, 171, 172, 173, 174, 175, 176, 177, 178, 179, 180, 181, 182, 183, 184, 185, 186, 187, 188, 189, 190, 191, 192, 193, 194, 195, 196, 197, 198, 199, 200, 201, 202, 203, 204, 205, 206, 207, 208, 210, 211, 212, 213, 214, 215, 216, 217, 218, 219, 220, 221, 222, 223, 224, 225, 226, 227, 228, 229, 230, 231, 232, 233, 234, 235, 236, 237, 238, 239, 240, 241, 242, 243, 244, 245, 246, 247, 248, 249, 250, 251, 252, 253, 254, 255, 257, 258, 259, 260, 261, 262, 263, 264, 265, 266, 267, 268, 269, 270, 271, 272, 273, 274, 275, 276, 277, 278, 279, 280, 281, 282, 283, 284, 285, 286, 287, 288, 291, 293, 294, 295, 296, 297, 299, 300, 301, 302, 303, 304, 305, 306, 307, 308, 309, 310, 311, 312, 313, 314, 315, 316, 317, 319, 320, 321, 322, 323, 324, 326, 327, 328, 329, 330, 331, 332, 334, 335, 336, 337, 338, 339, 340, 341, 342, 343, 345, 346, 347, 348, 350, 351, 352, 353, 354, 355, 356, 357, 359, 360, 361, 362, 363, 364, 365, 366, 367, 369, 371, 372, 373, 374, 375, 376, 377, 379, 381, 384, 385, 386, 388, 389, 390, 391, 392, 393, 394, 395, 396, 397, 398, 400, 401, 402, 403, 404, 405, 407, 409, 411, 412, 413, 416, 417, 418, 419, 420, 422, 423, 425, 426, 428, 430, 432, 433, 435, 436, 439, 444, 445, 446, 449, 450, 451, 453, 455, 457, 458, 459, 462, 463, 466, 468, 470, 472, 474, 476, 478, 482]!Vessel: FarStar
] 

Rvi : [
!i : 1, 2, 3, 4, 5, 6, 7, 8, 9
[1, 2, 4, 6, 9, 10, 12, 13, 16, 17, 18, 21, 22, 23, 29, 30, 31, 32, 33, 38, 39, 40, 42, 48, 49, 52, 54, 56, 58, 61, 65, 67, 68, 70, 71, 74, 75, 76, 79, 80, 86, 87, 88, 89, 90, 93, 95, 96, 98, 101, 106, 107, 108, 109, 110, 115, 116, 117, 118, 124, 125, 126, 127, 128, 129, 132, 139, 140, 142, 143, 144, 146, 147, 148, 153, 154, 159, 161, 163, 164, 165, 167, 169, 172, 173, 174, 177, 179, 180, 184, 185, 186, 187, 190, 192, 193, 197, 201, 202, 207, 208, 209, 210, 211, 214, 215, 218, 220, 225, 226, 228, 230, 233, 234, 235, 237, 238, 239, 243, 244, 247, 250, 252, 253, 254, 255, 256, 257, 258, 262, 263, 264, 265, 270, 275, 277, 278, 280, 283, 284, 285, 288, 289, 291, 292, 298, 299, 300, 301, 303, 304, 307, 308, 310, 311, 312, 318, 320, 321, 322, 323, 325, 326, 327, 332, 333, 337, 342, 343, 344, 345, 347, 348, 352, 353, 354, 355, 358, 363, 367, 368, 369, 370, 371, 372, 373, 374, 381, 382, 383, 384, 387, 388, 389, 390, 392, 399, 400, 401, 403, 404, 406, 407, 410, 414, 415, 417, 418, 420, 421, 422, 424, 429, 431, 433, 435, 437, 440, 441, 442, 443, 444, 450, 452, 453, 454, 455, 457, 461, 462, 463, 469, 470, 471, 472, 475, 476, 480, 481, 484, 485, 488], [2, 7, 9, 11, 12, 14, 16, 19, 21, 24, 25, 29, 30, 34, 35, 39, 40, 43, 44, 45, 48, 49, 50, 51, 52, 60, 61, 65, 69, 72, 73, 74, 75, 78, 79, 82, 83, 88, 89, 90, 91, 92, 98, 99, 100, 107, 110, 112, 113, 115, 117, 120, 121, 124, 131, 132, 133, 135, 137, 138, 139, 140, 142, 143, 144, 146, 149, 151, 152, 153, 157, 162, 164, 167, 168, 169, 171, 172, 173, 175, 176, 182, 184, 185, 190, 194, 195, 197, 198, 199, 200, 201, 204, 209, 212, 213, 214, 215, 216, 218, 221, 222, 225, 228, 229, 230, 231, 233, 235, 237, 241, 244, 246, 248, 251, 253, 254, 256, 259, 260, 261, 262, 263, 265, 268, 269, 273, 275, 278, 279, 286, 288, 289, 290, 291, 292, 293, 296, 297, 298, 300, 305, 309, 310, 311, 312, 313, 314, 316, 318, 321, 322, 324, 325, 326, 328, 331, 332, 335, 336, 338, 342, 343, 347, 349, 350, 354, 355, 357, 358, 359, 360, 365, 370, 371, 372, 374, 375, 376, 377, 378, 380, 381, 382, 383, 385, 387, 391, 392, 395, 397, 398, 400, 404, 406, 408, 410, 411, 413, 414, 415, 416, 417, 420, 425, 426, 427, 429, 430, 431, 433, 434, 436, 438, 442, 443, 444, 447, 448, 451, 453, 454, 459, 460, 461, 462, 464, 465, 466, 469, 470, 473, 475, 477, 478, 480, 482, 484, 486, 489, 490], [3, 4, 7, 9, 15, 17, 20, 22, 24, 26, 29, 31, 34, 36, 38, 39, 43, 46, 48, 50, 54, 57, 59, 61, 62, 67, 68, 72, 75, 77, 81, 82, 83, 86, 88, 90, 91, 94, 95, 101, 104, 108, 110, 111, 112, 114, 116, 120, 122, 124, 125, 126, 127, 132, 135, 136, 138, 141, 142, 143, 145, 148, 150, 151, 155, 157, 161, 162, 163, 164, 169, 170, 171, 172, 174, 180, 182, 183, 184, 187, 188, 191, 193, 194, 195, 196, 199, 201, 206, 208, 209, 211, 212, 214, 220, 221, 223, 225, 227, 229, 230, 236, 237, 238, 239, 240, 245, 246, 248, 250, 253, 255, 256, 257, 259, 260, 262, 264, 266, 267, 269, 274, 276, 280, 282, 283, 285, 289, 290, 291, 292, 293, 294, 296, 298, 301, 303, 306, 307, 309, 310, 311, 313, 314, 315, 319, 320, 321, 322, 325, 328, 333, 334, 335, 337, 338, 339, 341, 342, 343, 344, 345, 349, 351, 354, 357, 359, 361, 363, 364, 365, 368, 369, 370, 374, 378, 379, 380, 382, 383, 386, 388, 390, 391, 394, 396, 397, 399, 400, 401, 402, 404, 407, 408, 409, 413, 414, 415, 416, 421, 423, 424, 425, 427, 428, 429, 431, 432, 434, 435, 437, 438, 443, 446, 447, 449, 450, 451, 452, 453, 454, 455, 456, 459, 462, 464, 465, 467, 469, 471, 474, 476, 477, 479, 481, 482, 483, 484, 485, 486, 489, 491], [5, 6, 11, 12, 15, 17, 24, 27, 29, 32, 37, 42, 44, 47, 49, 51, 53, 56, 59, 60, 62, 63, 65, 67, 70, 73, 74, 81, 82, 86, 87, 89, 90, 91, 92, 101, 102, 104, 106, 110, 114, 116, 117, 119, 120, 123, 124, 127, 129, 133, 134, 138, 143, 146, 147, 152, 154, 155, 158, 160, 162, 163, 165, 167, 168, 169, 175, 177, 178, 181, 183, 185, 187, 189, 191, 192, 196, 197, 199, 200, 202, 204, 206, 208, 209, 211, 213, 218, 221, 222, 224, 226, 227, 228, 229, 235, 236, 237, 238, 239, 240, 241, 242, 244, 246, 247, 253, 255, 256, 257, 259, 263, 266, 268, 269, 270, 271, 279, 280, 284, 287, 288, 290, 291, 292, 293, 294, 295, 298, 299, 302, 303, 308, 309, 310, 315, 316, 317, 318, 322, 323, 326, 327, 329, 330, 331, 333, 334, 335, 336, 341, 343, 344, 347, 349, 350, 352, 353, 356, 358, 360, 361, 362, 364, 368, 369, 371, 372, 373, 375, 376, 378, 379, 380, 381, 382, 385, 386, 387, 388, 389, 390, 391, 396, 399, 402, 404, 405, 406, 407, 408, 411, 413, 414, 415, 416, 417, 419, 421, 422, 423, 427, 430, 431, 435, 438, 439, 440, 441, 442, 443, 445, 446, 448, 451, 452, 453, 456, 457, 458, 460, 461, 463, 464, 466, 467, 470, 471, 473, 474, 475, 476, 477, 479, 481, 482, 484, 486, 487, 488, 490, 491], [8, 10, 14, 16, 20, 22, 27, 32, 34, 39, 41, 44, 49, 55, 58, 59, 66, 67, 69, 71, 77, 78, 79, 80, 82, 84, 90, 94, 95, 96, 98, 99, 102, 106, 107, 108, 111, 112, 113, 119, 123, 126, 129, 132, 133, 135, 139, 141, 142, 146, 152, 154, 155, 156, 157, 158, 161, 163, 166, 167, 168, 171, 172, 177, 179, 183, 184, 186, 187, 191, 197, 198, 199, 203, 204, 205, 207, 208, 209, 210, 215, 216, 219, 221, 223, 227, 228, 229, 231, 233, 237, 238, 242, 243, 245, 249, 250, 251, 253, 254, 258, 259, 260, 264, 265, 267, 270, 271, 273, 274, 275, 279, 282, 283, 284, 285, 287, 289, 291, 295, 296, 297, 299, 300, 307, 308, 311, 313, 314, 315, 316, 317, 318, 319, 320, 321, 325, 326, 327, 329, 331, 333, 334, 336, 338, 340, 341, 342, 344, 346, 347, 348, 349, 350, 352, 357, 358, 361, 366, 367, 368, 369, 371, 374, 375, 377, 378, 379, 380, 381, 382, 384, 388, 391, 392, 393, 394, 395, 396, 398, 401, 403, 404, 405, 407, 409, 410, 413, 415, 416, 419, 420, 422, 424, 425, 426, 428, 429, 430, 431, 432, 433, 434, 437, 439, 440, 441, 442, 445, 446, 447, 448, 450, 452, 454, 456, 457, 459, 460, 461, 462, 464, 466, 467, 468, 470, 471, 472, 474, 476, 477, 478, 480, 482, 483, 484, 485, 487, 488, 489, 490, 491], [13, 19, 21, 26, 31, 37, 41, 42, 43, 48, 51, 58, 62, 64, 65, 69, 76, 77, 79, 85, 86, 91, 93, 95, 100, 102, 103, 106, 109, 110, 112, 115, 121, 122, 125, 132, 133, 134, 136, 137, 140, 144, 145, 146, 147, 148, 151, 155, 156, 160, 163, 164, 165, 166, 174, 175, 179, 181, 182, 185, 186, 192, 194, 196, 198, 199, 200, 201, 203, 206, 209, 210, 211, 214, 215, 216, 217, 218, 222, 223, 232, 233, 234, 239, 240, 242, 244, 245, 246, 250, 251, 252, 255, 256, 260, 261, 264, 265, 267, 269, 270, 271, 272, 276, 277, 278, 279, 283, 284, 286, 289, 290, 292, 295, 296, 298, 301, 302, 305, 306, 308, 311, 312, 314, 315, 316, 318, 323, 325, 326, 328, 330, 331, 332, 333, 334, 337, 339, 340, 344, 345, 346, 348, 349, 353, 354, 356, 358, 359, 360, 361, 364, 365, 366, 367, 368, 370, 372, 373, 376, 377, 378, 380, 382, 383, 384, 385, 386, 387, 390, 392, 394, 395, 398, 399, 401, 402, 405, 406, 408, 409, 410, 412, 414, 418, 419, 420, 421, 422, 424, 425, 427, 428, 429, 430, 434, 436, 437, 438, 439, 440, 441, 442, 443, 444, 446, 447, 448, 449, 452, 454, 455, 456, 458, 460, 461, 463, 464, 465, 467, 468, 469, 471, 472, 473, 475, 477, 478, 479, 480, 481, 483, 485, 486, 487, 488, 489, 490, 491], [18, 25, 30, 36, 38, 47, 50, 55, 56, 60, 61, 64, 71, 74, 76, 78, 81, 94, 97, 98, 100, 101, 105, 108, 115, 118, 119, 120, 122, 124, 125, 128, 129, 131, 134, 135, 142, 147, 149, 150, 151, 152, 153, 156, 164, 167, 170, 173, 175, 178, 179, 180, 183, 185, 187, 189, 193, 195, 196, 198, 202, 205, 207, 211, 212, 213, 215, 217, 219, 221, 223, 225, 226, 230, 231, 232, 234, 235, 236, 237, 241, 242, 243, 246, 250, 252, 254, 256, 257, 260, 261, 263, 266, 270, 273, 274, 275, 276, 278, 279, 280, 281, 282, 285, 286, 287, 289, 293, 299, 301, 302, 304, 306, 307, 309, 310, 312, 313, 315, 317, 318, 321, 322, 323, 324, 327, 328, 330, 333, 336, 337, 338, 340, 341, 342, 346, 347, 348, 349, 350, 351, 353, 354, 355, 359, 360, 362, 363, 364, 367, 369, 370, 371, 372, 376, 377, 379, 386, 387, 388, 389, 390, 391, 392, 393, 394, 395, 397, 399, 400, 401, 403, 404, 405, 408, 409, 410, 411, 412, 413, 414, 415, 417, 418, 419, 422, 423, 424, 425, 426, 427, 429, 430, 432, 433, 434, 435, 436, 440, 442, 444, 445, 446, 448, 449, 450, 451, 452, 453, 455, 456, 457, 458, 459, 462, 463, 464, 465, 466, 468, 469, 470, 472, 473, 474, 475, 476, 478, 479, 480, 481, 482, 483, 484, 485, 486, 487, 488, 489, 490, 491], [23, 35, 40, 46, 53, 54, 66, 70, 72, 73, 75, 80, 85, 89, 93, 97, 99, 104, 107, 111, 116, 118, 121, 123, 126, 130, 131, 136, 138, 140, 143, 148, 150, 153, 154, 157, 159, 160, 165, 166, 168, 172, 176, 178, 180, 182, 186, 188, 190, 191, 195, 197, 200, 201, 202, 205, 206, 207, 208, 213, 216, 217, 218, 220, 224, 225, 229, 231, 233, 234, 235, 236, 239, 245, 247, 248, 249, 253, 254, 257, 258, 261, 262, 264, 268, 269, 271, 272, 274, 276, 277, 278, 281, 284, 285, 287, 288, 292, 293, 294, 296, 297, 299, 300, 301, 302, 303, 304, 305, 310, 311, 313, 316, 319, 320, 321, 323, 324, 326, 328, 329, 332, 334, 335, 336, 339, 340, 341, 343, 344, 345, 347, 348, 351, 352, 354, 355, 356, 357, 360, 362, 363, 364, 365, 366, 369, 372, 373, 374, 375, 377, 378, 381, 382, 383, 384, 385, 389, 390, 391, 392, 393, 394, 396, 397, 398, 400, 401, 402, 403, 404, 405, 406, 407, 408, 411, 412, 414, 416, 417, 418, 420, 421, 422, 423, 425, 426, 428, 429, 430, 431, 432, 433, 435, 436, 437, 438, 439, 441, 442, 443, 444, 445, 446, 447, 449, 450, 451, 452, 453, 454, 455, 457, 458, 459, 460, 461, 462, 463, 464, 465, 466, 467, 468, 469, 470, 471, 472, 473, 474, 475, 476, 477, 478, 479, 480, 481, 482, 483, 484, 485, 486, 487, 488, 489, 490, 491], [28, 33, 45, 52, 57, 63, 68, 83, 84, 87, 88, 92, 96, 103, 105, 109, 113, 114, 117, 127, 128, 130, 137, 139, 141, 144, 145, 149, 158, 159, 161, 162, 169, 170, 171, 173, 174, 176, 177, 181, 184, 188, 189, 190, 192, 193, 194, 203, 204, 210, 212, 214, 219, 220, 222, 224, 226, 227, 228, 230, 232, 238, 240, 241, 243, 244, 247, 248, 249, 251, 252, 255, 258, 259, 262, 263, 265, 266, 267, 268, 272, 273, 275, 277, 280, 281, 282, 283, 286, 288, 290, 291, 294, 295, 297, 298, 300, 303, 304, 305, 306, 307, 308, 309, 312, 314, 317, 319, 320, 322, 324, 325, 327, 329, 330, 331, 332, 335, 337, 338, 339, 342, 343, 345, 346, 350, 351, 352, 353, 355, 356, 357, 358, 359, 361, 362, 363, 365, 366, 367, 368, 370, 371, 373, 374, 375, 376, 379, 380, 381, 383, 384, 385, 386, 387, 388, 389, 393, 395, 396, 397, 398, 399, 400, 402, 403, 406, 407, 409, 410, 411, 412, 413, 415, 416, 417, 418, 419, 420, 421, 423, 424, 426, 427, 428, 431, 432, 433, 434, 435, 436, 437, 438, 439, 440, 441, 443, 444, 445, 447, 448, 449, 450, 451, 453, 454, 455, 456, 457, 458, 459, 460, 461, 462, 463, 465, 466, 467, 468, 469, 470, 471, 472, 473, 474, 475, 476, 477, 478, 479, 480, 481, 482, 483, 484, 485, 486, 487, 488, 489, 490, 491]!Vessel: FarSeeker
[1, 2, 4, 6, 9, 10, 12, 13, 16, 17, 18, 21, 22, 23, 29, 30, 31, 32, 33, 38, 39, 40, 42, 48, 49, 52, 54, 56, 58, 61, 65, 67, 68, 70, 71, 74, 75, 76, 79, 80, 86, 87, 88, 89, 90, 93, 95, 96, 98, 101, 106, 107, 108, 109, 110, 115, 116, 117, 118, 124, 125, 126, 127, 128, 129, 132, 139, 140, 142, 143, 144, 146, 147, 148, 153, 154, 159, 161, 163, 164, 165, 167, 169, 172, 173, 174, 177, 179, 180, 184, 185, 186, 187, 190, 192, 193, 197, 201, 202, 207, 208, 209, 210, 211, 214, 215, 218, 220, 225, 226, 228, 230, 233, 234, 235, 237, 238, 239, 243, 244, 247, 250, 252, 253, 254, 255, 256, 257, 258, 262, 263, 264, 265, 270, 275, 277, 278, 280, 283, 284, 285, 288, 289, 291, 292, 298, 299, 300, 301, 303, 304, 307, 308, 310, 311, 312, 318, 320, 321, 322, 323, 325, 326, 327, 332, 333, 337, 342, 343, 344, 345, 347, 348, 352, 353, 354, 355, 358, 363, 367, 368, 369, 370, 371, 372, 373, 374, 381, 382, 383, 384, 387, 388, 389, 390, 392, 399, 400, 401, 403, 404, 406, 407, 410, 414, 415, 417, 418, 420, 421, 422, 424, 429, 431, 433, 435, 437, 440, 441, 442, 443, 444, 450, 452, 453, 454, 455, 457, 461, 462, 463, 469, 470, 471, 472, 475, 476, 480, 481, 484, 485, 488], [2, 7, 9, 11, 12, 14, 16, 19, 21, 24, 25, 29, 30, 34, 35, 39, 40, 43, 44, 45, 48, 49, 50, 51, 52, 60, 61, 65, 69, 72, 73, 74, 75, 78, 79, 82, 83, 88, 89, 90, 91, 92, 98, 99, 100, 107, 110, 112, 113, 115, 117, 120, 121, 124, 131, 132, 133, 135, 137, 138, 139, 140, 142, 143, 144, 146, 149, 151, 152, 153, 157, 162, 164, 167, 168, 169, 171, 172, 173, 175, 176, 182, 184, 185, 190, 194, 195, 197, 198, 199, 200, 201, 204, 209, 212, 213, 214, 215, 216, 218, 221, 222, 225, 228, 229, 230, 231, 233, 235, 237, 241, 244, 246, 248, 251, 253, 254, 256, 259, 260, 261, 262, 263, 265, 268, 269, 273, 275, 278, 279, 286, 288, 289, 290, 291, 292, 293, 296, 297, 298, 300, 305, 309, 310, 311, 312, 313, 314, 316, 318, 321, 322, 324, 325, 326, 328, 331, 332, 335, 336, 338, 342, 343, 347, 349, 350, 354, 355, 357, 358, 359, 360, 365, 370, 371, 372, 374, 375, 376, 377, 378, 380, 381, 382, 383, 385, 387, 391, 392, 395, 397, 398, 400, 404, 406, 408, 410, 411, 413, 414, 415, 416, 417, 420, 425, 426, 427, 429, 430, 431, 433, 434, 436, 438, 442, 443, 444, 447, 448, 451, 453, 454, 459, 460, 461, 462, 464, 465, 466, 469, 470, 473, 475, 477, 478, 480, 482, 484, 486, 489, 490], [3, 4, 7, 9, 15, 17, 20, 22, 24, 26, 29, 31, 34, 36, 38, 39, 43, 46, 48, 50, 54, 57, 59, 61, 62, 67, 68, 72, 75, 77, 81, 82, 83, 86, 88, 90, 91, 94, 95, 101, 104, 108, 110, 111, 112, 114, 116, 120, 122, 124, 125, 126, 127, 132, 135, 136, 138, 141, 142, 143, 145, 148, 150, 151, 155, 157, 161, 162, 163, 164, 169, 170, 171, 172, 174, 180, 182, 183, 184, 187, 188, 191, 193, 194, 195, 196, 199, 201, 206, 208, 209, 211, 212, 214, 220, 221, 223, 225, 227, 229, 230, 236, 237, 238, 239, 240, 245, 246, 248, 250, 253, 255, 256, 257, 259, 260, 262, 264, 266, 267, 269, 274, 276, 280, 282, 283, 285, 289, 290, 291, 292, 293, 294, 296, 298, 301, 303, 306, 307, 309, 310, 311, 313, 314, 315, 319, 320, 321, 322, 325, 328, 333, 334, 335, 337, 338, 339, 341, 342, 343, 344, 345, 349, 351, 354, 357, 359, 361, 363, 364, 365, 368, 369, 370, 374, 378, 379, 380, 382, 383, 386, 388, 390, 391, 394, 396, 397, 399, 400, 401, 402, 404, 407, 408, 409, 413, 414, 415, 416, 421, 423, 424, 425, 427, 428, 429, 431, 432, 434, 435, 437, 438, 443, 446, 447, 449, 450, 451, 452, 453, 454, 455, 456, 459, 462, 464, 465, 467, 469, 471, 474, 476, 477, 479, 481, 482, 483, 484, 485, 486, 489, 491], [5, 6, 11, 12, 15, 17, 24, 27, 29, 32, 37, 42, 44, 47, 49, 51, 53, 56, 59, 60, 62, 63, 65, 67, 70, 73, 74, 81, 82, 86, 87, 89, 90, 91, 92, 101, 102, 104, 106, 110, 114, 116, 117, 119, 120, 123, 124, 127, 129, 133, 134, 138, 143, 146, 147, 152, 154, 155, 158, 160, 162, 163, 165, 167, 168, 169, 175, 177, 178, 181, 183, 185, 187, 189, 191, 192, 196, 197, 199, 200, 202, 204, 206, 208, 209, 211, 213, 218, 221, 222, 224, 226, 227, 228, 229, 235, 236, 237, 238, 239, 240, 241, 242, 244, 246, 247, 253, 255, 256, 257, 259, 263, 266, 268, 269, 270, 271, 279, 280, 284, 287, 288, 290, 291, 292, 293, 294, 295, 298, 299, 302, 303, 308, 309, 310, 315, 316, 317, 318, 322, 323, 326, 327, 329, 330, 331, 333, 334, 335, 336, 341, 343, 344, 347, 349, 350, 352, 353, 356, 358, 360, 361, 362, 364, 368, 369, 371, 372, 373, 375, 376, 378, 379, 380, 381, 382, 385, 386, 387, 388, 389, 390, 391, 396, 399, 402, 404, 405, 406, 407, 408, 411, 413, 414, 415, 416, 417, 419, 421, 422, 423, 427, 430, 431, 435, 438, 439, 440, 441, 442, 443, 445, 446, 448, 451, 452, 453, 456, 457, 458, 460, 461, 463, 464, 466, 467, 470, 471, 473, 474, 475, 476, 477, 479, 481, 482, 484, 486, 487, 488, 490, 491], [8, 10, 14, 16, 20, 22, 27, 32, 34, 39, 41, 44, 49, 55, 58, 59, 66, 67, 69, 71, 77, 78, 79, 80, 82, 84, 90, 94, 95, 96, 98, 99, 102, 106, 107, 108, 111, 112, 113, 119, 123, 126, 129, 132, 133, 135, 139, 141, 142, 146, 152, 154, 155, 156, 157, 158, 161, 163, 166, 167, 168, 171, 172, 177, 179, 183, 184, 186, 187, 191, 197, 198, 199, 203, 204, 205, 207, 208, 209, 210, 215, 216, 219, 221, 223, 227, 228, 229, 231, 233, 237, 238, 242, 243, 245, 249, 250, 251, 253, 254, 258, 259, 260, 264, 265, 267, 270, 271, 273, 274, 275, 279, 282, 283, 284, 285, 287, 289, 291, 295, 296, 297, 299, 300, 307, 308, 311, 313, 314, 315, 316, 317, 318, 319, 320, 321, 325, 326, 327, 329, 331, 333, 334, 336, 338, 340, 341, 342, 344, 346, 347, 348, 349, 350, 352, 357, 358, 361, 366, 367, 368, 369, 371, 374, 375, 377, 378, 379, 380, 381, 382, 384, 388, 391, 392, 393, 394, 395, 396, 398, 401, 403, 404, 405, 407, 409, 410, 413, 415, 416, 419, 420, 422, 424, 425, 426, 428, 429, 430, 431, 432, 433, 434, 437, 439, 440, 441, 442, 445, 446, 447, 448, 450, 452, 454, 456, 457, 459, 460, 461, 462, 464, 466, 467, 468, 470, 471, 472, 474, 476, 477, 478, 480, 482, 483, 484, 485, 487, 488, 489, 490, 491], [13, 19, 21, 26, 31, 37, 41, 42, 43, 48, 51, 58, 62, 64, 65, 69, 76, 77, 79, 85, 86, 91, 93, 95, 100, 102, 103, 106, 109, 110, 112, 115, 121, 122, 125, 132, 133, 134, 136, 137, 140, 144, 145, 146, 147, 148, 151, 155, 156, 160, 163, 164, 165, 166, 174, 175, 179, 181, 182, 185, 186, 192, 194, 196, 198, 199, 200, 201, 203, 206, 209, 210, 211, 214, 215, 216, 217, 218, 222, 223, 232, 233, 234, 239, 240, 242, 244, 245, 246, 250, 251, 252, 255, 256, 260, 261, 264, 265, 267, 269, 270, 271, 272, 276, 277, 278, 279, 283, 284, 286, 289, 290, 292, 295, 296, 298, 301, 302, 305, 306, 308, 311, 312, 314, 315, 316, 318, 323, 325, 326, 328, 330, 331, 332, 333, 334, 337, 339, 340, 344, 345, 346, 348, 349, 353, 354, 356, 358, 359, 360, 361, 364, 365, 366, 367, 368, 370, 372, 373, 376, 377, 378, 380, 382, 383, 384, 385, 386, 387, 390, 392, 394, 395, 398, 399, 401, 402, 405, 406, 408, 409, 410, 412, 414, 418, 419, 420, 421, 422, 424, 425, 427, 428, 429, 430, 434, 436, 437, 438, 439, 440, 441, 442, 443, 444, 446, 447, 448, 449, 452, 454, 455, 456, 458, 460, 461, 463, 464, 465, 467, 468, 469, 471, 472, 473, 475, 477, 478, 479, 480, 481, 483, 485, 486, 487, 488, 489, 490, 491], [18, 25, 30, 36, 38, 47, 50, 55, 56, 60, 61, 64, 71, 74, 76, 78, 81, 94, 97, 98, 100, 101, 105, 108, 115, 118, 119, 120, 122, 124, 125, 128, 129, 131, 134, 135, 142, 147, 149, 150, 151, 152, 153, 156, 164, 167, 170, 173, 175, 178, 179, 180, 183, 185, 187, 189, 193, 195, 196, 198, 202, 205, 207, 211, 212, 213, 215, 217, 219, 221, 223, 225, 226, 230, 231, 232, 234, 235, 236, 237, 241, 242, 243, 246, 250, 252, 254, 256, 257, 260, 261, 263, 266, 270, 273, 274, 275, 276, 278, 279, 280, 281, 282, 285, 286, 287, 289, 293, 299, 301, 302, 304, 306, 307, 309, 310, 312, 313, 315, 317, 318, 321, 322, 323, 324, 327, 328, 330, 333, 336, 337, 338, 340, 341, 342, 346, 347, 348, 349, 350, 351, 353, 354, 355, 359, 360, 362, 363, 364, 367, 369, 370, 371, 372, 376, 377, 379, 386, 387, 388, 389, 390, 391, 392, 393, 394, 395, 397, 399, 400, 401, 403, 404, 405, 408, 409, 410, 411, 412, 413, 414, 415, 417, 418, 419, 422, 423, 424, 425, 426, 427, 429, 430, 432, 433, 434, 435, 436, 440, 442, 444, 445, 446, 448, 449, 450, 451, 452, 453, 455, 456, 457, 458, 459, 462, 463, 464, 465, 466, 468, 469, 470, 472, 473, 474, 475, 476, 478, 479, 480, 481, 482, 483, 484, 485, 486, 487, 488, 489, 490, 491], [23, 35, 40, 46, 53, 54, 66, 70, 72, 73, 75, 80, 85, 89, 93, 97, 99, 104, 107, 111, 116, 118, 121, 123, 126, 130, 131, 136, 138, 140, 143, 148, 150, 153, 154, 157, 159, 160, 165, 166, 168, 172, 176, 178, 180, 182, 186, 188, 190, 191, 195, 197, 200, 201, 202, 205, 206, 207, 208, 213, 216, 217, 218, 220, 224, 225, 229, 231, 233, 234, 235, 236, 239, 245, 247, 248, 249, 253, 254, 257, 258, 261, 262, 264, 268, 269, 271, 272, 274, 276, 277, 278, 281, 284, 285, 287, 288, 292, 293, 294, 296, 297, 299, 300, 301, 302, 303, 304, 305, 310, 311, 313, 316, 319, 320, 321, 323, 324, 326, 328, 329, 332, 334, 335, 336, 339, 340, 341, 343, 344, 345, 347, 348, 351, 352, 354, 355, 356, 357, 360, 362, 363, 364, 365, 366, 369, 372, 373, 374, 375, 377, 378, 381, 382, 383, 384, 385, 389, 390, 391, 392, 393, 394, 396, 397, 398, 400, 401, 402, 403, 404, 405, 406, 407, 408, 411, 412, 414, 416, 417, 418, 420, 421, 422, 423, 425, 426, 428, 429, 430, 431, 432, 433, 435, 436, 437, 438, 439, 441, 442, 443, 444, 445, 446, 447, 449, 450, 451, 452, 453, 454, 455, 457, 458, 459, 460, 461, 462, 463, 464, 465, 466, 467, 468, 469, 470, 471, 472, 473, 474, 475, 476, 477, 478, 479, 480, 481, 482, 483, 484, 485, 486, 487, 488, 489, 490, 491], [28, 33, 45, 52, 57, 63, 68, 83, 84, 87, 88, 92, 96, 103, 105, 109, 113, 114, 117, 127, 128, 130, 137, 139, 141, 144, 145, 149, 158, 159, 161, 162, 169, 170, 171, 173, 174, 176, 177, 181, 184, 188, 189, 190, 192, 193, 194, 203, 204, 210, 212, 214, 219, 220, 222, 224, 226, 227, 228, 230, 232, 238, 240, 241, 243, 244, 247, 248, 249, 251, 252, 255, 258, 259, 262, 263, 265, 266, 267, 268, 272, 273, 275, 277, 280, 281, 282, 283, 286, 288, 290, 291, 294, 295, 297, 298, 300, 303, 304, 305, 306, 307, 308, 309, 312, 314, 317, 319, 320, 322, 324, 325, 327, 329, 330, 331, 332, 335, 337, 338, 339, 342, 343, 345, 346, 350, 351, 352, 353, 355, 356, 357, 358, 359, 361, 362, 363, 365, 366, 367, 368, 370, 371, 373, 374, 375, 376, 379, 380, 381, 383, 384, 385, 386, 387, 388, 389, 393, 395, 396, 397, 398, 399, 400, 402, 403, 406, 407, 409, 410, 411, 412, 413, 415, 416, 417, 418, 419, 420, 421, 423, 424, 426, 427, 428, 431, 432, 433, 434, 435, 436, 437, 438, 439, 440, 441, 443, 444, 445, 447, 448, 449, 450, 451, 453, 454, 455, 456, 457, 458, 459, 460, 461, 462, 463, 465, 466, 467, 468, 469, 470, 471, 472, 473, 474, 475, 476, 477, 478, 479, 480, 481, 482, 483, 484, 485, 486, 487, 488, 489, 490, 491]!Vessel: FarSearcher
[1, 2, 4, 6, 9, 10, 12, 13, 16, 17, 18, 21, 22, 23, 29, 30, 31, 32, 33, 38, 39, 40, 42, 48, 49, 52, 54, 56, 58, 61, 65, 67, 68, 70, 71, 74, 75, 76, 79, 80, 86, 87, 88, 89, 90, 93, 95, 96, 98, 101, 106, 107, 108, 109, 110, 115, 116, 117, 118, 124, 125, 126, 127, 128, 129, 132, 139, 140, 142, 143, 144, 146, 147, 148, 153, 154, 159, 161, 163, 164, 165, 167, 169, 172, 173, 174, 177, 179, 180, 184, 185, 186, 187, 190, 192, 193, 197, 201, 202, 207, 208, 210, 211, 214, 215, 218, 220, 225, 226, 228, 230, 233, 234, 235, 237, 238, 239, 243, 244, 247, 250, 252, 253, 254, 255, 257, 258, 262, 263, 264, 265, 270, 275, 277, 278, 280, 283, 284, 285, 288, 289, 291, 292, 299, 300, 301, 303, 304, 307, 308, 310, 311, 312, 318, 320, 321, 322, 323, 326, 327, 332, 333, 337, 342, 343, 344, 345, 347, 348, 352, 353, 354, 355, 363, 367, 369, 371, 372, 373, 374, 381, 383, 384, 388, 389, 390, 392, 400, 401, 403, 404, 406, 407, 410, 415, 417, 418, 420, 421, 422, 424, 431, 433, 435, 437, 440, 441, 444, 450, 453, 455, 457, 462, 463, 470, 472, 476], [2, 7, 9, 11, 12, 14, 16, 19, 21, 24, 25, 29, 30, 34, 35, 39, 40, 43, 44, 45, 48, 49, 50, 51, 52, 60, 61, 65, 69, 72, 73, 74, 75, 78, 79, 82, 83, 88, 89, 90, 91, 92, 98, 99, 100, 107, 110, 112, 113, 115, 117, 120, 121, 124, 131, 132, 133, 135, 137, 138, 139, 140, 142, 143, 144, 146, 149, 151, 152, 153, 157, 162, 164, 167, 168, 169, 171, 172, 173, 175, 176, 182, 184, 185, 190, 194, 195, 197, 198, 199, 200, 201, 204, 212, 213, 214, 215, 216, 218, 221, 222, 225, 228, 229, 230, 231, 233, 235, 237, 241, 244, 246, 248, 251, 253, 254, 259, 260, 261, 262, 263, 265, 268, 269, 273, 275, 278, 279, 286, 288, 289, 290, 291, 292, 293, 296, 297, 300, 305, 309, 310, 311, 312, 313, 314, 316, 318, 321, 322, 324, 326, 328, 331, 332, 335, 336, 338, 342, 343, 347, 350, 354, 355, 357, 359, 360, 365, 371, 372, 374, 375, 376, 377, 378, 381, 383, 385, 391, 392, 395, 397, 398, 400, 404, 406, 408, 410, 411, 413, 415, 416, 417, 420, 425, 426, 430, 431, 433, 436, 438, 444, 447, 451, 453, 459, 460, 462, 465, 466, 470, 473, 478, 482], [3, 4, 7, 9, 15, 17, 20, 22, 24, 26, 29, 31, 34, 36, 38, 39, 43, 46, 48, 50, 54, 57, 59, 61, 62, 67, 68, 72, 75, 77, 81, 82, 83, 86, 88, 90, 91, 94, 95, 101, 104, 108, 110, 111, 112, 114, 116, 120, 122, 124, 125, 126, 127, 132, 135, 136, 138, 141, 142, 143, 145, 148, 150, 151, 155, 157, 161, 162, 163, 164, 169, 170, 171, 172, 174, 180, 182, 183, 184, 187, 188, 191, 193, 194, 195, 196, 199, 201, 206, 208, 211, 212, 214, 220, 221, 223, 225, 227, 229, 230, 236, 237, 238, 239, 240, 245, 246, 248, 250, 253, 255, 257, 259, 260, 262, 264, 266, 267, 269, 274, 276, 280, 282, 283, 285, 289, 290, 291, 292, 293, 294, 296, 301, 303, 306, 307, 309, 310, 311, 313, 314, 315, 319, 320, 321, 322, 328, 333, 334, 335, 337, 338, 339, 341, 342, 343, 344, 345, 351, 354, 357, 359, 361, 363, 364, 365, 369, 374, 378, 379, 383, 386, 388, 390, 391, 394, 396, 397, 400, 401, 402, 404, 407, 408, 409, 413, 415, 416, 421, 423, 424, 425, 428, 431, 432, 435, 437, 438, 446, 447, 449, 450, 451, 453, 455, 459, 462, 465, 467, 474, 476, 479, 482, 483], [5, 6, 11, 12, 15, 17, 24, 27, 29, 32, 37, 42, 44, 47, 49, 51, 53, 56, 59, 60, 62, 63, 65, 67, 70, 73, 74, 81, 82, 86, 87, 89, 90, 91, 92, 101, 102, 104, 106, 110, 114, 116, 117, 119, 120, 123, 124, 127, 129, 133, 134, 138, 143, 146, 147, 152, 154, 155, 158, 160, 162, 163, 165, 167, 168, 169, 175, 177, 178, 181, 183, 185, 187, 189, 191, 192, 196, 197, 199, 200, 202, 204, 206, 208, 211, 213, 218, 221, 222, 224, 226, 227, 228, 229, 235, 236, 237, 238, 239, 240, 241, 242, 244, 246, 247, 253, 255, 257, 259, 263, 266, 268, 269, 270, 271, 279, 280, 284, 287, 288, 290, 291, 292, 293, 294, 295, 299, 302, 303, 308, 309, 310, 315, 316, 317, 318, 322, 323, 326, 327, 329, 330, 331, 333, 334, 335, 336, 341, 343, 344, 347, 350, 352, 353, 356, 360, 361, 362, 364, 369, 371, 372, 373, 375, 376, 378, 379, 381, 385, 386, 388, 389, 390, 391, 396, 402, 404, 405, 406, 407, 408, 411, 413, 415, 416, 417, 419, 421, 422, 423, 430, 431, 435, 438, 439, 440, 441, 445, 446, 451, 453, 457, 458, 460, 463, 466, 467, 470, 473, 474, 476, 479, 482, 487], [8, 10, 14, 16, 20, 22, 27, 32, 34, 39, 41, 44, 49, 55, 58, 59, 66, 67, 69, 71, 77, 78, 79, 80, 82, 84, 90, 94, 95, 96, 98, 99, 102, 106, 107, 108, 111, 112, 113, 119, 123, 126, 129, 132, 133, 135, 139, 141, 142, 146, 152, 154, 155, 156, 157, 158, 161, 163, 166, 167, 168, 171, 172, 177, 179, 183, 184, 186, 187, 191, 197, 198, 199, 203, 204, 205, 207, 208, 210, 215, 216, 219, 221, 223, 227, 228, 229, 231, 233, 237, 238, 242, 243, 245, 249, 250, 251, 253, 254, 258, 259, 260, 264, 265, 267, 270, 271, 273, 274, 275, 279, 282, 283, 284, 285, 287, 289, 291, 295, 296, 297, 299, 300, 307, 308, 311, 313, 314, 315, 316, 317, 318, 319, 320, 321, 326, 327, 329, 331, 333, 334, 336, 338, 340, 341, 342, 344, 346, 347, 348, 350, 352, 357, 361, 366, 367, 369, 371, 374, 375, 377, 378, 379, 381, 384, 388, 391, 392, 393, 394, 395, 396, 398, 401, 403, 404, 405, 407, 409, 410, 413, 415, 416, 419, 420, 422, 424, 425, 426, 428, 430, 431, 432, 433, 437, 439, 440, 441, 445, 446, 447, 450, 457, 459, 460, 462, 466, 467, 468, 470, 472, 474, 476, 478, 482, 483, 487], [13, 19, 21, 26, 31, 37, 41, 42, 43, 48, 51, 58, 62, 64, 65, 69, 76, 77, 79, 85, 86, 91, 93, 95, 100, 102, 103, 106, 109, 110, 112, 115, 121, 122, 125, 132, 133, 134, 136, 137, 140, 144, 145, 146, 147, 148, 151, 155, 156, 160, 163, 164, 165, 166, 174, 175, 179, 181, 182, 185, 186, 192, 194, 196, 198, 199, 200, 201, 203, 206, 210, 211, 214, 215, 216, 217, 218, 222, 223, 232, 233, 234, 239, 240, 242, 244, 245, 246, 250, 251, 252, 255, 260, 261, 264, 265, 267, 269, 270, 271, 272, 276, 277, 278, 279, 283, 284, 286, 289, 290, 292, 295, 296, 301, 302, 305, 306, 308, 311, 312, 314, 315, 316, 318, 323, 326, 328, 330, 331, 332, 333, 334, 337, 339, 340, 344, 345, 346, 348, 353, 354, 356, 359, 360, 361, 364, 365, 366, 367, 372, 373, 376, 377, 378, 383, 384, 385, 386, 390, 392, 394, 395, 398, 401, 402, 405, 406, 408, 409, 410, 412, 418, 419, 420, 421, 422, 424, 425, 428, 430, 436, 437, 438, 439, 440, 441, 444, 446, 447, 449, 455, 458, 460, 463, 465, 467, 468, 472, 473, 478, 479, 483, 487], [18, 25, 30, 36, 38, 47, 50, 55, 56, 60, 61, 64, 71, 74, 76, 78, 81, 94, 97, 98, 100, 101, 105, 108, 115, 118, 119, 120, 122, 124, 125, 128, 129, 131, 134, 135, 142, 147, 149, 150, 151, 152, 153, 156, 164, 167, 170, 173, 175, 178, 179, 180, 183, 185, 187, 189, 193, 195, 196, 198, 202, 205, 207, 211, 212, 213, 215, 217, 219, 221, 223, 225, 226, 230, 231, 232, 234, 235, 236, 237, 241, 242, 243, 246, 250, 252, 254, 257, 260, 261, 263, 266, 270, 273, 274, 275, 276, 278, 279, 280, 281, 282, 285, 286, 287, 289, 293, 299, 301, 302, 304, 306, 307, 309, 310, 312, 313, 315, 317, 318, 321, 322, 323, 324, 327, 328, 330, 333, 336, 337, 338, 340, 341, 342, 346, 347, 348, 350, 351, 353, 354, 355, 359, 360, 362, 363, 364, 367, 369, 371, 372, 376, 377, 379, 386, 388, 389, 390, 391, 392, 393, 394, 395, 397, 400, 401, 403, 404, 405, 408, 409, 410, 411, 412, 413, 415, 417, 418, 419, 422, 423, 424, 425, 426, 430, 432, 433, 435, 436, 440, 444, 445, 446, 449, 450, 451, 453, 455, 457, 458, 459, 462, 463, 465, 466, 468, 470, 472, 473, 474, 476, 478, 479, 482, 483, 487], [23, 35, 40, 46, 53, 54, 66, 70, 72, 73, 75, 80, 85, 89, 93, 97, 99, 104, 107, 111, 116, 118, 121, 123, 126, 130, 131, 136, 138, 140, 143, 148, 150, 153, 154, 157, 159, 160, 165, 166, 168, 172, 176, 178, 180, 182, 186, 188, 190, 191, 195, 197, 200, 201, 202, 205, 206, 207, 208, 213, 216, 217, 218, 220, 224, 225, 229, 231, 233, 234, 235, 236, 239, 245, 247, 248, 249, 253, 254, 257, 258, 261, 262, 264, 268, 269, 271, 272, 274, 276, 277, 278, 281, 284, 285, 287, 288, 292, 293, 294, 296, 297, 299, 300, 301, 302, 303, 304, 305, 310, 311, 313, 316, 319, 320, 321, 323, 324, 326, 328, 329, 332, 334, 335, 336, 339, 340, 341, 343, 344, 345, 347, 348, 351, 352, 354, 355, 356, 357, 360, 362, 363, 364, 365, 366, 369, 372, 373, 374, 375, 377, 378, 381, 383, 384, 385, 389, 390, 391, 392, 393, 394, 396, 397, 398, 400, 401, 402, 403, 404, 405, 406, 407, 408, 411, 412, 416, 417, 418, 420, 421, 422, 423, 425, 426, 428, 430, 431, 432, 433, 435, 436, 437, 438, 439, 441, 444, 445, 446, 447, 449, 450, 451, 453, 455, 457, 458, 459, 460, 462, 463, 465, 466, 467, 468, 470, 472, 473, 474, 476, 478, 479, 482, 483, 487], [28, 33, 45, 52, 57, 63, 68, 83, 84, 87, 88, 92, 96, 103, 105, 109, 113, 114, 117, 127, 128, 130, 137, 139, 141, 144, 145, 149, 158, 159, 161, 162, 169, 170, 171, 173, 174, 176, 177, 181, 184, 188, 189, 190, 192, 193, 194, 203, 204, 210, 212, 214, 219, 220, 222, 224, 226, 227, 228, 230, 232, 238, 240, 241, 243, 244, 247, 248, 249, 251, 252, 255, 258, 259, 262, 263, 265, 266, 267, 268, 272, 273, 275, 277, 280, 281, 282, 283, 286, 288, 290, 291, 294, 295, 297, 300, 303, 304, 305, 306, 307, 308, 309, 312, 314, 317, 319, 320, 322, 324, 327, 329, 330, 331, 332, 335, 337, 338, 339, 342, 343, 345, 346, 350, 351, 352, 353, 355, 356, 357, 359, 361, 362, 363, 365, 366, 367, 371, 373, 374, 375, 376, 379, 381, 383, 384, 385, 386, 388, 389, 393, 395, 396, 397, 398, 400, 402, 403, 406, 407, 409, 410, 411, 412, 413, 415, 416, 417, 418, 419, 420, 421, 423, 424, 426, 428, 431, 432, 433, 435, 436, 437, 438, 439, 440, 441, 444, 445, 447, 449, 450, 451, 453, 455, 457, 458, 459, 460, 462, 463, 465, 466, 467, 468, 470, 472, 473, 474, 476, 478, 479, 482, 483, 487]!Vessel: FarSymphony
[1, 2, 4, 6, 9, 10, 12, 13, 16, 17, 18, 21, 22, 23, 29, 30, 31, 32, 33, 38, 39, 40, 42, 48, 49, 52, 54, 56, 58, 61, 65, 67, 68, 70, 71, 74, 75, 76, 79, 80, 86, 87, 88, 89, 90, 93, 95, 96, 98, 101, 106, 107, 108, 109, 110, 115, 116, 117, 118, 124, 125, 126, 127, 128, 129, 132, 139, 140, 142, 143, 144, 146, 147, 148, 153, 154, 159, 161, 163, 164, 165, 167, 169, 172, 173, 174, 177, 179, 180, 184, 185, 186, 187, 190, 192, 193, 197, 201, 202, 207, 208, 209, 210, 211, 214, 215, 218, 220, 225, 226, 228, 230, 233, 234, 235, 237, 238, 239, 243, 244, 247, 250, 252, 253, 254, 255, 256, 257, 258, 262, 263, 264, 265, 270, 275, 277, 278, 280, 283, 284, 285, 288, 289, 291, 292, 298, 299, 300, 301, 303, 304, 307, 308, 310, 311, 312, 318, 320, 321, 322, 323, 325, 326, 327, 332, 333, 337, 342, 343, 344, 345, 347, 348, 352, 353, 354, 355, 358, 363, 367, 368, 369, 370, 371, 372, 373, 374, 381, 383, 384, 387, 388, 389, 390, 392, 399, 400, 401, 403, 404, 406, 407, 410, 414, 415, 417, 418, 420, 421, 422, 424, 429, 431, 433, 435, 437, 440, 441, 442, 444, 450, 452, 453, 455, 457, 462, 463, 469, 470, 472, 475, 476, 480, 484, 485, 488], [2, 7, 9, 11, 12, 14, 16, 19, 21, 24, 25, 29, 30, 34, 35, 39, 40, 43, 44, 45, 48, 49, 50, 51, 52, 60, 61, 65, 69, 72, 73, 74, 75, 78, 79, 82, 83, 88, 89, 90, 91, 92, 98, 99, 100, 107, 110, 112, 113, 115, 117, 120, 121, 124, 131, 132, 133, 135, 137, 138, 139, 140, 142, 143, 144, 146, 149, 151, 152, 153, 157, 162, 164, 167, 168, 169, 171, 172, 173, 175, 176, 182, 184, 185, 190, 194, 195, 197, 198, 199, 200, 201, 204, 209, 212, 213, 214, 215, 216, 218, 221, 222, 225, 228, 229, 230, 231, 233, 235, 237, 241, 244, 246, 248, 251, 253, 254, 256, 259, 260, 261, 262, 263, 265, 268, 269, 273, 275, 278, 279, 286, 288, 289, 290, 291, 292, 293, 296, 297, 298, 300, 305, 309, 310, 311, 312, 313, 314, 316, 318, 321, 322, 324, 325, 326, 328, 331, 332, 335, 336, 338, 342, 343, 347, 349, 350, 354, 355, 357, 358, 359, 360, 365, 370, 371, 372, 374, 375, 376, 377, 378, 380, 381, 383, 385, 387, 391, 392, 395, 397, 398, 400, 404, 406, 408, 410, 411, 413, 414, 415, 416, 417, 420, 425, 426, 427, 429, 430, 431, 433, 434, 436, 438, 442, 444, 447, 448, 451, 453, 459, 460, 462, 464, 465, 466, 469, 470, 473, 475, 478, 480, 482, 484, 489, 490], [3, 4, 7, 9, 15, 17, 20, 22, 24, 26, 29, 31, 34, 36, 38, 39, 43, 46, 48, 50, 54, 57, 59, 61, 62, 67, 68, 72, 75, 77, 81, 82, 83, 86, 88, 90, 91, 94, 95, 101, 104, 108, 110, 111, 112, 114, 116, 120, 122, 124, 125, 126, 127, 132, 135, 136, 138, 141, 142, 143, 145, 148, 150, 151, 155, 157, 161, 162, 163, 164, 169, 170, 171, 172, 174, 180, 182, 183, 184, 187, 188, 191, 193, 194, 195, 196, 199, 201, 206, 208, 209, 211, 212, 214, 220, 221, 223, 225, 227, 229, 230, 236, 237, 238, 239, 240, 245, 246, 248, 250, 253, 255, 256, 257, 259, 260, 262, 264, 266, 267, 269, 274, 276, 280, 282, 283, 285, 289, 290, 291, 292, 293, 294, 296, 298, 301, 303, 306, 307, 309, 310, 311, 313, 314, 315, 319, 320, 321, 322, 325, 328, 333, 334, 335, 337, 338, 339, 341, 342, 343, 344, 345, 349, 351, 354, 357, 359, 361, 363, 364, 365, 368, 369, 370, 374, 378, 379, 380, 383, 386, 388, 390, 391, 394, 396, 397, 399, 400, 401, 402, 404, 407, 408, 409, 413, 414, 415, 416, 421, 423, 424, 425, 427, 428, 429, 431, 432, 434, 435, 437, 438, 446, 447, 449, 450, 451, 452, 453, 455, 456, 459, 462, 464, 465, 467, 469, 474, 476, 479, 482, 483, 484, 485, 489], [5, 6, 11, 12, 15, 17, 24, 27, 29, 32, 37, 42, 44, 47, 49, 51, 53, 56, 59, 60, 62, 63, 65, 67, 70, 73, 74, 81, 82, 86, 87, 89, 90, 91, 92, 101, 102, 104, 106, 110, 114, 116, 117, 119, 120, 123, 124, 127, 129, 133, 134, 138, 143, 146, 147, 152, 154, 155, 158, 160, 162, 163, 165, 167, 168, 169, 175, 177, 178, 181, 183, 185, 187, 189, 191, 192, 196, 197, 199, 200, 202, 204, 206, 208, 209, 211, 213, 218, 221, 222, 224, 226, 227, 228, 229, 235, 236, 237, 238, 239, 240, 241, 242, 244, 246, 247, 253, 255, 256, 257, 259, 263, 266, 268, 269, 270, 271, 279, 280, 284, 287, 288, 290, 291, 292, 293, 294, 295, 298, 299, 302, 303, 308, 309, 310, 315, 316, 317, 318, 322, 323, 326, 327, 329, 330, 331, 333, 334, 335, 336, 341, 343, 344, 347, 349, 350, 352, 353, 356, 358, 360, 361, 362, 364, 368, 369, 371, 372, 373, 375, 376, 378, 379, 380, 381, 385, 386, 387, 388, 389, 390, 391, 396, 399, 402, 404, 405, 406, 407, 408, 411, 413, 414, 415, 416, 417, 419, 421, 422, 423, 427, 430, 431, 435, 438, 439, 440, 441, 442, 445, 446, 448, 451, 452, 453, 456, 457, 458, 460, 463, 464, 466, 467, 470, 473, 474, 475, 476, 479, 482, 484, 487, 488, 490], [8, 10, 14, 16, 20, 22, 27, 32, 34, 39, 41, 44, 49, 55, 58, 59, 66, 67, 69, 71, 77, 78, 79, 80, 82, 84, 90, 94, 95, 96, 98, 99, 102, 106, 107, 108, 111, 112, 113, 119, 123, 126, 129, 132, 133, 135, 139, 141, 142, 146, 152, 154, 155, 156, 157, 158, 161, 163, 166, 167, 168, 171, 172, 177, 179, 183, 184, 186, 187, 191, 197, 198, 199, 203, 204, 205, 207, 208, 209, 210, 215, 216, 219, 221, 223, 227, 228, 229, 231, 233, 237, 238, 242, 243, 245, 249, 250, 251, 253, 254, 258, 259, 260, 264, 265, 267, 270, 271, 273, 274, 275, 279, 282, 283, 284, 285, 287, 289, 291, 295, 296, 297, 299, 300, 307, 308, 311, 313, 314, 315, 316, 317, 318, 319, 320, 321, 325, 326, 327, 329, 331, 333, 334, 336, 338, 340, 341, 342, 344, 346, 347, 348, 349, 350, 352, 357, 358, 361, 366, 367, 368, 369, 371, 374, 375, 377, 378, 379, 380, 381, 384, 388, 391, 392, 393, 394, 395, 396, 398, 401, 403, 404, 405, 407, 409, 410, 413, 415, 416, 419, 420, 422, 424, 425, 426, 428, 429, 430, 431, 432, 433, 434, 437, 439, 440, 441, 442, 445, 446, 447, 448, 450, 452, 456, 457, 459, 460, 462, 464, 466, 467, 468, 470, 472, 474, 476, 478, 480, 482, 483, 484, 485, 487, 488, 489, 490], [13, 19, 21, 26, 31, 37, 41, 42, 43, 48, 51, 58, 62, 64, 65, 69, 76, 77, 79, 85, 86, 91, 93, 95, 100, 102, 103, 106, 109, 110, 112, 115, 121, 122, 125, 132, 133, 134, 136, 137, 140, 144, 145, 146, 147, 148, 151, 155, 156, 160, 163, 164, 165, 166, 174, 175, 179, 181, 182, 185, 186, 192, 194, 196, 198, 199, 200, 201, 203, 206, 209, 210, 211, 214, 215, 216, 217, 218, 222, 223, 232, 233, 234, 239, 240, 242, 244, 245, 246, 250, 251, 252, 255, 256, 260, 261, 264, 265, 267, 269, 270, 271, 272, 276, 277, 278, 279, 283, 284, 286, 289, 290, 292, 295, 296, 298, 301, 302, 305, 306, 308, 311, 312, 314, 315, 316, 318, 323, 325, 326, 328, 330, 331, 332, 333, 334, 337, 339, 340, 344, 345, 346, 348, 349, 353, 354, 356, 358, 359, 360, 361, 364, 365, 366, 367, 368, 370, 372, 373, 376, 377, 378, 380, 383, 384, 385, 386, 387, 390, 392, 394, 395, 398, 399, 401, 402, 405, 406, 408, 409, 410, 412, 414, 418, 419, 420, 421, 422, 424, 425, 427, 428, 429, 430, 434, 436, 437, 438, 439, 440, 441, 442, 444, 446, 447, 448, 449, 452, 455, 456, 458, 460, 463, 464, 465, 467, 468, 469, 472, 473, 475, 478, 479, 480, 483, 485, 487, 488, 489, 490], [18, 25, 30, 36, 38, 47, 50, 55, 56, 60, 61, 64, 71, 74, 76, 78, 81, 94, 97, 98, 100, 101, 105, 108, 115, 118, 119, 120, 122, 124, 125, 128, 129, 131, 134, 135, 142, 147, 149, 150, 151, 152, 153, 156, 164, 167, 170, 173, 175, 178, 179, 180, 183, 185, 187, 189, 193, 195, 196, 198, 202, 205, 207, 211, 212, 213, 215, 217, 219, 221, 223, 225, 226, 230, 231, 232, 234, 235, 236, 237, 241, 242, 243, 246, 250, 252, 254, 256, 257, 260, 261, 263, 266, 270, 273, 274, 275, 276, 278, 279, 280, 281, 282, 285, 286, 287, 289, 293, 299, 301, 302, 304, 306, 307, 309, 310, 312, 313, 315, 317, 318, 321, 322, 323, 324, 327, 328, 330, 333, 336, 337, 338, 340, 341, 342, 346, 347, 348, 349, 350, 351, 353, 354, 355, 359, 360, 362, 363, 364, 367, 369, 370, 371, 372, 376, 377, 379, 386, 387, 388, 389, 390, 391, 392, 393, 394, 395, 397, 399, 400, 401, 403, 404, 405, 408, 409, 410, 411, 412, 413, 414, 415, 417, 418, 419, 422, 423, 424, 425, 426, 427, 429, 430, 432, 433, 434, 435, 436, 440, 442, 444, 445, 446, 448, 449, 450, 451, 452, 453, 455, 456, 457, 458, 459, 462, 463, 464, 465, 466, 468, 469, 470, 472, 473, 474, 475, 476, 478, 479, 480, 482, 483, 484, 485, 487, 488, 489, 490], [23, 35, 40, 46, 53, 54, 66, 70, 72, 73, 75, 80, 85, 89, 93, 97, 99, 104, 107, 111, 116, 118, 121, 123, 126, 130, 131, 136, 138, 140, 143, 148, 150, 153, 154, 157, 159, 160, 165, 166, 168, 172, 176, 178, 180, 182, 186, 188, 190, 191, 195, 197, 200, 201, 202, 205, 206, 207, 208, 213, 216, 217, 218, 220, 224, 225, 229, 231, 233, 234, 235, 236, 239, 245, 247, 248, 249, 253, 254, 257, 258, 261, 262, 264, 268, 269, 271, 272, 274, 276, 277, 278, 281, 284, 285, 287, 288, 292, 293, 294, 296, 297, 299, 300, 301, 302, 303, 304, 305, 310, 311, 313, 316, 319, 320, 321, 323, 324, 326, 328, 329, 332, 334, 335, 336, 339, 340, 341, 343, 344, 345, 347, 348, 351, 352, 354, 355, 356, 357, 360, 362, 363, 364, 365, 366, 369, 372, 373, 374, 375, 377, 378, 381, 383, 384, 385, 389, 390, 391, 392, 393, 394, 396, 397, 398, 400, 401, 402, 403, 404, 405, 406, 407, 408, 411, 412, 414, 416, 417, 418, 420, 421, 422, 423, 425, 426, 428, 429, 430, 431, 432, 433, 435, 436, 437, 438, 439, 441, 442, 444, 445, 446, 447, 449, 450, 451, 452, 453, 455, 457, 458, 459, 460, 462, 463, 464, 465, 466, 467, 468, 469, 470, 472, 473, 474, 475, 476, 478, 479, 480, 482, 483, 484, 485, 487, 488, 489, 490], [28, 33, 45, 52, 57, 63, 68, 83, 84, 87, 88, 92, 96, 103, 105, 109, 113, 114, 117, 127, 128, 130, 137, 139, 141, 144, 145, 149, 158, 159, 161, 162, 169, 170, 171, 173, 174, 176, 177, 181, 184, 188, 189, 190, 192, 193, 194, 203, 204, 210, 212, 214, 219, 220, 222, 224, 226, 227, 228, 230, 232, 238, 240, 241, 243, 244, 247, 248, 249, 251, 252, 255, 258, 259, 262, 263, 265, 266, 267, 268, 272, 273, 275, 277, 280, 281, 282, 283, 286, 288, 290, 291, 294, 295, 297, 298, 300, 303, 304, 305, 306, 307, 308, 309, 312, 314, 317, 319, 320, 322, 324, 325, 327, 329, 330, 331, 332, 335, 337, 338, 339, 342, 343, 345, 346, 350, 351, 352, 353, 355, 356, 357, 358, 359, 361, 362, 363, 365, 366, 367, 368, 370, 371, 373, 374, 375, 376, 379, 380, 381, 383, 384, 385, 386, 387, 388, 389, 393, 395, 396, 397, 398, 399, 400, 402, 403, 406, 407, 409, 410, 411, 412, 413, 415, 416, 417, 418, 419, 420, 421, 423, 424, 426, 427, 428, 431, 432, 433, 434, 435, 436, 437, 438, 439, 440, 441, 444, 445, 447, 448, 449, 450, 451, 453, 455, 456, 457, 458, 459, 460, 462, 463, 465, 466, 467, 468, 469, 470, 472, 473, 474, 475, 476, 478, 479, 480, 482, 483, 484, 485, 487, 488, 489, 490]!Vessel: HavilaForesight
[1, 2, 4, 6, 9, 10, 12, 13, 16, 17, 18, 21, 22, 23, 29, 30, 31, 32, 33, 38, 39, 40, 42, 48, 49, 52, 54, 56, 58, 61, 65, 67, 68, 70, 71, 74, 75, 76, 79, 80, 86, 87, 88, 89, 90, 93, 95, 96, 98, 101, 106, 107, 108, 109, 110, 115, 116, 117, 118, 124, 125, 126, 127, 128, 129, 132, 139, 140, 142, 143, 144, 146, 147, 148, 153, 154, 159, 161, 163, 164, 165, 167, 169, 172, 173, 174, 177, 179, 180, 184, 185, 186, 187, 190, 192, 193, 197, 201, 202, 207, 208, 210, 211, 214, 215, 218, 220, 225, 226, 228, 230, 233, 234, 235, 237, 238, 239, 243, 244, 247, 250, 252, 253, 254, 255, 257, 258, 262, 263, 264, 265, 270, 275, 277, 278, 280, 283, 284, 285, 288, 291, 299, 300, 301, 303, 304, 307, 308, 310, 311, 312, 320, 321, 322, 323, 326, 327, 332, 337, 342, 343, 345, 347, 348, 352, 353, 354, 355, 363, 367, 369, 371, 372, 373, 374, 381, 384, 388, 389, 390, 392, 400, 401, 403, 404, 407, 417, 418, 420, 422, 433, 435, 444, 450, 453, 455, 457, 462, 463, 470, 472, 476], [2, 7, 9, 11, 12, 14, 16, 19, 21, 24, 25, 29, 30, 34, 35, 39, 40, 43, 44, 45, 48, 49, 50, 51, 52, 60, 61, 65, 69, 72, 73, 74, 75, 78, 79, 82, 83, 88, 89, 90, 91, 92, 98, 99, 100, 107, 110, 112, 113, 115, 117, 120, 121, 124, 131, 132, 133, 135, 137, 138, 139, 140, 142, 143, 144, 146, 149, 151, 152, 153, 157, 162, 164, 167, 168, 169, 171, 172, 173, 175, 176, 182, 184, 185, 190, 194, 195, 197, 198, 199, 200, 201, 204, 212, 213, 214, 215, 216, 218, 221, 222, 225, 228, 229, 230, 231, 233, 235, 237, 241, 244, 246, 248, 251, 253, 254, 259, 260, 261, 262, 263, 265, 268, 269, 273, 275, 278, 279, 286, 288, 291, 293, 296, 297, 300, 305, 309, 310, 311, 312, 313, 314, 316, 321, 322, 324, 326, 328, 331, 332, 335, 336, 338, 342, 343, 347, 350, 354, 355, 357, 359, 360, 365, 371, 372, 374, 375, 376, 377, 381, 385, 391, 392, 395, 397, 398, 400, 404, 411, 413, 416, 417, 420, 425, 426, 430, 433, 436, 444, 451, 453, 459, 462, 466, 470, 478, 482], [3, 4, 7, 9, 15, 17, 20, 22, 24, 26, 29, 31, 34, 36, 38, 39, 43, 46, 48, 50, 54, 57, 59, 61, 62, 67, 68, 72, 75, 77, 81, 82, 83, 86, 88, 90, 91, 94, 95, 101, 104, 108, 110, 111, 112, 114, 116, 120, 122, 124, 125, 126, 127, 132, 135, 136, 138, 141, 142, 143, 145, 148, 150, 151, 155, 157, 161, 162, 163, 164, 169, 170, 171, 172, 174, 180, 182, 183, 184, 187, 188, 191, 193, 194, 195, 196, 199, 201, 206, 208, 211, 212, 214, 220, 221, 223, 225, 227, 229, 230, 236, 237, 238, 239, 240, 245, 246, 248, 250, 253, 255, 257, 259, 260, 262, 264, 266, 267, 269, 274, 276, 280, 282, 283, 285, 291, 293, 294, 296, 301, 303, 306, 307, 309, 310, 311, 313, 314, 315, 319, 320, 321, 322, 328, 334, 335, 337, 338, 339, 341, 342, 343, 345, 351, 354, 357, 359, 361, 363, 364, 365, 369, 374, 379, 386, 388, 390, 391, 394, 396, 397, 400, 401, 402, 404, 407, 409, 413, 416, 423, 425, 428, 432, 435, 446, 449, 450, 451, 453, 455, 459, 462, 474, 476, 482], [5, 6, 11, 12, 15, 17, 24, 27, 29, 32, 37, 42, 44, 47, 49, 51, 53, 56, 59, 60, 62, 63, 65, 67, 70, 73, 74, 81, 82, 86, 87, 89, 90, 91, 92, 101, 102, 104, 106, 110, 114, 116, 117, 119, 120, 123, 124, 127, 129, 133, 134, 138, 143, 146, 147, 152, 154, 155, 158, 160, 162, 163, 165, 167, 168, 169, 175, 177, 178, 181, 183, 185, 187, 189, 191, 192, 196, 197, 199, 200, 202, 204, 206, 208, 211, 213, 218, 221, 222, 224, 226, 227, 228, 229, 235, 236, 237, 238, 239, 240, 241, 242, 244, 246, 247, 253, 255, 257, 259, 263, 266, 268, 269, 270, 271, 279, 280, 284, 287, 288, 291, 293, 294, 295, 299, 302, 303, 308, 309, 310, 315, 316, 317, 322, 323, 326, 327, 329, 330, 331, 334, 335, 336, 341, 343, 347, 350, 352, 353, 356, 360, 361, 362, 364, 369, 371, 372, 373, 375, 376, 379, 381, 385, 386, 388, 389, 390, 391, 396, 402, 404, 405, 407, 411, 413, 416, 417, 419, 422, 423, 430, 435, 439, 445, 446, 451, 453, 457, 458, 463, 466, 470, 474, 476, 482], [8, 10, 14, 16, 20, 22, 27, 32, 34, 39, 41, 44, 49, 55, 58, 59, 66, 67, 69, 71, 77, 78, 79, 80, 82, 84, 90, 94, 95, 96, 98, 99, 102, 106, 107, 108, 111, 112, 113, 119, 123, 126, 129, 132, 133, 135, 139, 141, 142, 146, 152, 154, 155, 156, 157, 158, 161, 163, 166, 167, 168, 171, 172, 177, 179, 183, 184, 186, 187, 191, 197, 198, 199, 203, 204, 205, 207, 208, 210, 215, 216, 219, 221, 223, 227, 228, 229, 231, 233, 237, 238, 242, 243, 245, 249, 250, 251, 253, 254, 258, 259, 260, 264, 265, 267, 270, 271, 273, 274, 275, 279, 282, 283, 284, 285, 287, 291, 295, 296, 297, 299, 300, 307, 308, 311, 313, 314, 315, 316, 317, 319, 320, 321, 326, 327, 329, 331, 334, 336, 338, 340, 341, 342, 346, 347, 348, 350, 352, 357, 361, 366, 367, 369, 371, 374, 375, 377, 379, 381, 384, 388, 391, 392, 393, 394, 395, 396, 398, 401, 403, 404, 405, 407, 409, 413, 416, 419, 420, 422, 425, 426, 428, 430, 432, 433, 439, 445, 446, 450, 457, 459, 462, 466, 468, 470, 472, 474, 476, 478, 482], [13, 19, 21, 26, 31, 37, 41, 42, 43, 48, 51, 58, 62, 64, 65, 69, 76, 77, 79, 85, 86, 91, 93, 95, 100, 102, 103, 106, 109, 110, 112, 115, 121, 122, 125, 132, 133, 134, 136, 137, 140, 144, 145, 146, 147, 148, 151, 155, 156, 160, 163, 164, 165, 166, 174, 175, 179, 181, 182, 185, 186, 192, 194, 196, 198, 199, 200, 201, 203, 206, 210, 211, 214, 215, 216, 217, 218, 222, 223, 232, 233, 234, 239, 240, 242, 244, 245, 246, 250, 251, 252, 255, 260, 261, 264, 265, 267, 269, 270, 271, 272, 276, 277, 278, 279, 283, 284, 286, 295, 296, 301, 302, 305, 306, 308, 311, 312, 314, 315, 316, 323, 326, 328, 330, 331, 332, 334, 337, 339, 340, 345, 346, 348, 353, 354, 356, 359, 360, 361, 364, 365, 366, 367, 372, 373, 376, 377, 384, 385, 386, 390, 392, 394, 395, 398, 401, 402, 405, 409, 412, 418, 419, 420, 422, 425, 428, 430, 436, 439, 444, 446, 449, 455, 458, 463, 468, 472, 478], [18, 25, 30, 36, 38, 47, 50, 55, 56, 60, 61, 64, 71, 74, 76, 78, 81, 94, 97, 98, 100, 101, 105, 108, 115, 118, 119, 120, 122, 124, 125, 128, 129, 131, 134, 135, 142, 147, 149, 150, 151, 152, 153, 156, 164, 167, 170, 173, 175, 178, 179, 180, 183, 185, 187, 189, 193, 195, 196, 198, 202, 205, 207, 211, 212, 213, 215, 217, 219, 221, 223, 225, 226, 230, 231, 232, 234, 235, 236, 237, 241, 242, 243, 246, 250, 252, 254, 257, 260, 261, 263, 266, 270, 273, 274, 275, 276, 278, 279, 280, 281, 282, 285, 286, 287, 293, 299, 301, 302, 304, 306, 307, 309, 310, 312, 313, 315, 317, 321, 322, 323, 324, 327, 328, 330, 336, 337, 338, 340, 341, 342, 346, 347, 348, 350, 351, 353, 354, 355, 359, 360, 362, 363, 364, 367, 369, 371, 372, 376, 377, 379, 386, 388, 389, 390, 391, 392, 393, 394, 395, 397, 400, 401, 403, 404, 405, 409, 411, 412, 413, 417, 418, 419, 422, 423, 425, 426, 430, 432, 433, 435, 436, 444, 445, 446, 449, 450, 451, 453, 455, 457, 458, 459, 462, 463, 466, 468, 470, 472, 474, 476, 478, 482], [23, 35, 40, 46, 53, 54, 66, 70, 72, 73, 75, 80, 85, 89, 93, 97, 99, 104, 107, 111, 116, 118, 121, 123, 126, 130, 131, 136, 138, 140, 143, 148, 150, 153, 154, 157, 159, 160, 165, 166, 168, 172, 176, 178, 180, 182, 186, 188, 190, 191, 195, 197, 200, 201, 202, 205, 206, 207, 208, 213, 216, 217, 218, 220, 224, 225, 229, 231, 233, 234, 235, 236, 239, 245, 247, 248, 249, 253, 254, 257, 258, 261, 262, 264, 268, 269, 271, 272, 274, 276, 277, 278, 281, 284, 285, 287, 288, 293, 294, 296, 297, 299, 300, 301, 302, 303, 304, 305, 310, 311, 313, 316, 319, 320, 321, 323, 324, 326, 328, 329, 332, 334, 335, 336, 339, 340, 341, 343, 345, 347, 348, 351, 352, 354, 355, 356, 357, 360, 362, 363, 364, 365, 366, 369, 372, 373, 374, 375, 377, 381, 384, 385, 389, 390, 391, 392, 393, 394, 396, 397, 398, 400, 401, 402, 403, 404, 405, 407, 411, 412, 416, 417, 418, 420, 422, 423, 425, 426, 428, 430, 432, 433, 435, 436, 439, 444, 445, 446, 449, 450, 451, 453, 455, 457, 458, 459, 462, 463, 466, 468, 470, 472, 474, 476, 478, 482], [28, 33, 45, 52, 57, 63, 68, 83, 84, 87, 88, 92, 96, 103, 105, 109, 113, 114, 117, 127, 128, 130, 137, 139, 141, 144, 145, 149, 158, 159, 161, 162, 169, 170, 171, 173, 174, 176, 177, 181, 184, 188, 189, 190, 192, 193, 194, 203, 204, 210, 212, 214, 219, 220, 222, 224, 226, 227, 228, 230, 232, 238, 240, 241, 243, 244, 247, 248, 249, 251, 252, 255, 258, 259, 262, 263, 265, 266, 267, 268, 272, 273, 275, 277, 280, 281, 282, 283, 286, 288, 291, 294, 295, 297, 300, 303, 304, 305, 306, 307, 308, 309, 312, 314, 317, 319, 320, 322, 324, 327, 329, 330, 331, 332, 335, 337, 338, 339, 342, 343, 345, 346, 350, 351, 352, 353, 355, 356, 357, 359, 361, 362, 363, 365, 366, 367, 371, 373, 374, 375, 376, 379, 381, 384, 385, 386, 388, 389, 393, 395, 396, 397, 398, 400, 402, 403, 407, 409, 411, 412, 413, 416, 417, 418, 419, 420, 423, 426, 428, 432, 433, 435, 436, 439, 444, 445, 449, 450, 451, 453, 455, 457, 458, 459, 462, 463, 466, 468, 470, 472, 474, 476, 478, 482]!Vessel: FarStar
] 

Rvl : [
!l : 2, 3
[1, 2, 3, 4, 5, 6, 7, 8, 9, 10, 11, 12, 13, 14, 15, 16, 18, 19, 20, 21, 22, 23, 24, 25, 26, 27, 28, 30, 31, 33, 34, 35, 36, 37, 38, 39, 40, 41, 42, 43, 45, 46, 47, 48, 50, 51, 52, 53, 54, 55, 56, 57, 58, 60, 61, 62, 63, 64, 66, 68, 69, 70, 71, 72, 73, 75, 76, 77, 78, 79, 80, 81, 83, 84, 85, 88, 93, 94, 95, 96, 97, 98, 99, 100, 102, 103, 104, 105, 107, 108, 109, 111, 112, 113, 115, 118, 119, 121, 122, 123, 125, 126, 128, 130, 131, 134, 135, 136, 137, 140, 141, 144, 145, 148, 149, 150, 151, 153, 156, 157, 159, 160, 164, 166, 170, 173, 174, 176, 178, 179, 180, 182, 186, 188, 190, 193, 194, 195, 198, 201, 203, 205, 207, 212, 214, 216, 217, 219, 220, 223, 225, 230, 231, 232, 234, 245, 248, 249, 252, 261, 262, 272, 274, 276, 277, 278, 281, 286, 301, 304, 305, 306, 312, 324, 328, 332, 337, 339, 340, 345, 351, 354, 355, 359, 363, 365, 393, 397, 400, 412, 418, 436, 444, 449], [17, 29, 32, 44, 49, 59, 65, 67, 74, 82, 86, 87, 89, 90, 91, 92, 101, 106, 110, 114, 116, 117, 120, 124, 127, 129, 132, 133, 138, 139, 142, 143, 146, 147, 152, 154, 155, 158, 161, 162, 163, 165, 167, 168, 169, 171, 172, 175, 177, 181, 183, 184, 185, 187, 189, 191, 192, 196, 197, 199, 200, 202, 204, 206, 208, 209, 210, 211, 213, 215, 218, 221, 222, 224, 226, 227, 228, 229, 233, 235, 236, 237, 238, 239, 240, 241, 242, 243, 244, 246, 247, 250, 251, 253, 254, 255, 256, 257, 258, 259, 260, 263, 264, 265, 266, 267, 268, 269, 270, 271, 273, 275, 279, 280, 282, 283, 284, 285, 287, 288, 289, 290, 291, 292, 293, 294, 295, 296, 297, 298, 299, 300, 302, 303, 307, 308, 309, 310, 311, 313, 314, 315, 316, 317, 318, 319, 320, 321, 322, 323, 325, 326, 327, 329, 330, 331, 333, 334, 335, 336, 338, 341, 342, 343, 344, 346, 347, 348, 349, 350, 352, 353, 356, 357, 358, 360, 361, 362, 364, 366, 367, 368, 369, 370, 371, 372, 373, 374, 375, 376, 377, 378, 379, 380, 381, 382, 383, 384, 385, 386, 387, 388, 389, 390, 391, 392, 394, 395, 396, 398, 399, 401, 402, 403, 404, 405, 406, 407, 408, 409, 410, 411, 413, 414, 415, 416, 417, 419, 420, 421, 422, 423, 424, 425, 426, 427, 428, 429, 430, 431, 432, 433, 434, 435, 437, 438, 439, 440, 441, 442, 443, 445, 446, 447, 448, 450, 451, 452, 453, 454, 455, 456, 457, 458, 459, 460, 461, 462, 463, 464, 465, 466, 467, 468, 469, 470, 471, 472, 473, 474, 475, 476, 477, 478, 479, 480, 481, 482, 483, 484, 485, 486, 487, 488, 489, 490, 491]!Vessel: FarSeeker
[1, 2, 3, 4, 5, 6, 7, 8, 9, 10, 11, 12, 13, 14, 15, 16, 18, 19, 20, 21, 22, 23, 24, 25, 26, 27, 28, 30, 31, 33, 34, 35, 36, 37, 38, 39, 40, 41, 42, 43, 45, 46, 47, 48, 50, 51, 52, 53, 54, 55, 56, 57, 58, 60, 61, 62, 63, 64, 66, 68, 69, 70, 71, 72, 73, 75, 76, 77, 78, 79, 80, 81, 83, 84, 85, 88, 93, 94, 95, 96, 97, 98, 99, 100, 102, 103, 104, 105, 107, 108, 109, 111, 112, 113, 115, 118, 119, 121, 122, 123, 125, 126, 128, 130, 131, 134, 135, 136, 137, 140, 141, 144, 145, 148, 149, 150, 151, 153, 156, 157, 159, 160, 164, 166, 170, 173, 174, 176, 178, 179, 180, 182, 186, 188, 190, 193, 194, 195, 198, 201, 203, 205, 207, 212, 214, 216, 217, 219, 220, 223, 225, 230, 231, 232, 234, 245, 248, 249, 252, 261, 262, 272, 274, 276, 277, 278, 281, 286, 301, 304, 305, 306, 312, 324, 328, 332, 337, 339, 340, 345, 351, 354, 355, 359, 363, 365, 393, 397, 400, 412, 418, 436, 444, 449], [17, 29, 32, 44, 49, 59, 65, 67, 74, 82, 86, 87, 89, 90, 91, 92, 101, 106, 110, 114, 116, 117, 120, 124, 127, 129, 132, 133, 138, 139, 142, 143, 146, 147, 152, 154, 155, 158, 161, 162, 163, 165, 167, 168, 169, 171, 172, 175, 177, 181, 183, 184, 185, 187, 189, 191, 192, 196, 197, 199, 200, 202, 204, 206, 208, 209, 210, 211, 213, 215, 218, 221, 222, 224, 226, 227, 228, 229, 233, 235, 236, 237, 238, 239, 240, 241, 242, 243, 244, 246, 247, 250, 251, 253, 254, 255, 256, 257, 258, 259, 260, 263, 264, 265, 266, 267, 268, 269, 270, 271, 273, 275, 279, 280, 282, 283, 284, 285, 287, 288, 289, 290, 291, 292, 293, 294, 295, 296, 297, 298, 299, 300, 302, 303, 307, 308, 309, 310, 311, 313, 314, 315, 316, 317, 318, 319, 320, 321, 322, 323, 325, 326, 327, 329, 330, 331, 333, 334, 335, 336, 338, 341, 342, 343, 344, 346, 347, 348, 349, 350, 352, 353, 356, 357, 358, 360, 361, 362, 364, 366, 367, 368, 369, 370, 371, 372, 373, 374, 375, 376, 377, 378, 379, 380, 381, 382, 383, 384, 385, 386, 387, 388, 389, 390, 391, 392, 394, 395, 396, 398, 399, 401, 402, 403, 404, 405, 406, 407, 408, 409, 410, 411, 413, 414, 415, 416, 417, 419, 420, 421, 422, 423, 424, 425, 426, 427, 428, 429, 430, 431, 432, 433, 434, 435, 437, 438, 439, 440, 441, 442, 443, 445, 446, 447, 448, 450, 451, 452, 453, 454, 455, 456, 457, 458, 459, 460, 461, 462, 463, 464, 465, 466, 467, 468, 469, 470, 471, 472, 473, 474, 475, 476, 477, 478, 479, 480, 481, 482, 483, 484, 485, 486, 487, 488, 489, 490, 491]!Vessel: FarSearcher
[1, 2, 3, 4, 5, 6, 7, 8, 9, 10, 11, 12, 13, 14, 15, 16, 18, 19, 20, 21, 22, 23, 24, 25, 26, 27, 28, 30, 31, 33, 34, 35, 36, 37, 38, 39, 40, 41, 42, 43, 45, 46, 47, 48, 50, 51, 52, 53, 54, 55, 56, 57, 58, 60, 61, 62, 63, 64, 66, 68, 69, 70, 71, 72, 73, 75, 76, 77, 78, 79, 80, 81, 83, 84, 85, 88, 93, 94, 95, 96, 97, 98, 99, 100, 102, 103, 104, 105, 107, 108, 109, 111, 112, 113, 115, 118, 119, 121, 122, 123, 125, 126, 128, 130, 131, 134, 135, 136, 137, 140, 141, 144, 145, 148, 149, 150, 151, 153, 156, 157, 159, 160, 164, 166, 170, 173, 174, 176, 178, 179, 180, 182, 186, 188, 190, 193, 194, 195, 198, 201, 203, 205, 207, 212, 214, 216, 217, 219, 220, 223, 225, 230, 231, 232, 234, 245, 248, 249, 252, 261, 262, 272, 274, 276, 277, 278, 281, 286, 301, 304, 305, 306, 312, 324, 328, 332, 337, 339, 340, 345, 351, 354, 355, 359, 363, 365, 393, 397, 400, 412, 418, 436, 444, 449], [17, 29, 32, 44, 49, 59, 65, 67, 74, 82, 86, 87, 89, 90, 91, 92, 101, 106, 110, 114, 116, 117, 120, 124, 127, 129, 132, 133, 138, 139, 142, 143, 146, 147, 152, 154, 155, 158, 161, 162, 163, 165, 167, 168, 169, 171, 172, 175, 177, 181, 183, 184, 185, 187, 189, 191, 192, 196, 197, 199, 200, 202, 204, 206, 208, 210, 211, 213, 215, 218, 221, 222, 224, 226, 227, 228, 229, 233, 235, 236, 237, 238, 239, 240, 241, 242, 243, 244, 246, 247, 250, 251, 253, 254, 255, 257, 258, 259, 260, 263, 264, 265, 266, 267, 268, 269, 270, 271, 273, 275, 279, 280, 282, 283, 284, 285, 287, 288, 289, 290, 291, 292, 293, 294, 295, 296, 297, 299, 300, 302, 303, 307, 308, 309, 310, 311, 313, 314, 315, 316, 317, 318, 319, 320, 321, 322, 323, 326, 327, 329, 330, 331, 333, 334, 335, 336, 338, 341, 342, 343, 344, 346, 347, 348, 350, 352, 353, 356, 357, 360, 361, 362, 364, 366, 367, 369, 371, 372, 373, 374, 375, 376, 377, 378, 379, 381, 383, 384, 385, 386, 388, 389, 390, 391, 392, 394, 395, 396, 398, 401, 402, 403, 404, 405, 406, 407, 408, 409, 410, 411, 413, 415, 416, 417, 419, 420, 421, 422, 423, 424, 425, 426, 428, 430, 431, 432, 433, 435, 437, 438, 439, 440, 441, 445, 446, 447, 450, 451, 453, 455, 457, 458, 459, 460, 462, 463, 465, 466, 467, 468, 470, 472, 473, 474, 476, 478, 479, 482, 483, 487]!Vessel: FarSymphony
[1, 2, 3, 4, 5, 6, 7, 8, 9, 10, 11, 12, 13, 14, 15, 16, 18, 19, 20, 21, 22, 23, 24, 25, 26, 27, 28, 30, 31, 33, 34, 35, 36, 37, 38, 39, 40, 41, 42, 43, 45, 46, 47, 48, 50, 51, 52, 53, 54, 55, 56, 57, 58, 60, 61, 62, 63, 64, 66, 68, 69, 70, 71, 72, 73, 75, 76, 77, 78, 79, 80, 81, 83, 84, 85, 88, 93, 94, 95, 96, 97, 98, 99, 100, 102, 103, 104, 105, 107, 108, 109, 111, 112, 113, 115, 118, 119, 121, 122, 123, 125, 126, 128, 130, 131, 134, 135, 136, 137, 140, 141, 144, 145, 148, 149, 150, 151, 153, 156, 157, 159, 160, 164, 166, 170, 173, 174, 176, 178, 179, 180, 182, 186, 188, 190, 193, 194, 195, 198, 201, 203, 205, 207, 212, 214, 216, 217, 219, 220, 223, 225, 230, 231, 232, 234, 245, 248, 249, 252, 261, 262, 272, 274, 276, 277, 278, 281, 286, 301, 304, 305, 306, 312, 324, 328, 332, 337, 339, 340, 345, 351, 354, 355, 359, 363, 365, 393, 397, 400, 412, 418, 436, 444, 449], [17, 29, 32, 44, 49, 59, 65, 67, 74, 82, 86, 87, 89, 90, 91, 92, 101, 106, 110, 114, 116, 117, 120, 124, 127, 129, 132, 133, 138, 139, 142, 143, 146, 147, 152, 154, 155, 158, 161, 162, 163, 165, 167, 168, 169, 171, 172, 175, 177, 181, 183, 184, 185, 187, 189, 191, 192, 196, 197, 199, 200, 202, 204, 206, 208, 209, 210, 211, 213, 215, 218, 221, 222, 224, 226, 227, 228, 229, 233, 235, 236, 237, 238, 239, 240, 241, 242, 243, 244, 246, 247, 250, 251, 253, 254, 255, 256, 257, 258, 259, 260, 263, 264, 265, 266, 267, 268, 269, 270, 271, 273, 275, 279, 280, 282, 283, 284, 285, 287, 288, 289, 290, 291, 292, 293, 294, 295, 296, 297, 298, 299, 300, 302, 303, 307, 308, 309, 310, 311, 313, 314, 315, 316, 317, 318, 319, 320, 321, 322, 323, 325, 326, 327, 329, 330, 331, 333, 334, 335, 336, 338, 341, 342, 343, 344, 346, 347, 348, 349, 350, 352, 353, 356, 357, 358, 360, 361, 362, 364, 366, 367, 368, 369, 370, 371, 372, 373, 374, 375, 376, 377, 378, 379, 380, 381, 383, 384, 385, 386, 387, 388, 389, 390, 391, 392, 394, 395, 396, 398, 399, 401, 402, 403, 404, 405, 406, 407, 408, 409, 410, 411, 413, 414, 415, 416, 417, 419, 420, 421, 422, 423, 424, 425, 426, 427, 428, 429, 430, 431, 432, 433, 434, 435, 437, 438, 439, 440, 441, 442, 445, 446, 447, 448, 450, 451, 452, 453, 455, 456, 457, 458, 459, 460, 462, 463, 464, 465, 466, 467, 468, 469, 470, 472, 473, 474, 475, 476, 478, 479, 480, 482, 483, 484, 485, 487, 488, 489, 490]!Vessel: HavilaForesight
[1, 2, 3, 4, 5, 6, 7, 8, 9, 10, 11, 12, 13, 14, 15, 16, 18, 19, 20, 21, 22, 23, 24, 25, 26, 27, 28, 30, 31, 33, 34, 35, 36, 37, 38, 39, 40, 41, 42, 43, 45, 46, 47, 48, 50, 51, 52, 53, 54, 55, 56, 57, 58, 60, 61, 62, 63, 64, 66, 68, 69, 70, 71, 72, 73, 75, 76, 77, 78, 79, 80, 81, 83, 84, 85, 88, 93, 94, 95, 96, 97, 98, 99, 100, 102, 103, 104, 105, 107, 108, 109, 111, 112, 113, 115, 118, 119, 121, 122, 123, 125, 126, 128, 130, 131, 134, 135, 136, 137, 140, 141, 144, 145, 148, 149, 150, 151, 153, 156, 157, 159, 160, 164, 166, 170, 173, 174, 176, 178, 179, 180, 182, 186, 188, 190, 193, 194, 195, 198, 201, 203, 205, 207, 212, 214, 216, 217, 219, 220, 223, 225, 230, 231, 232, 234, 245, 248, 249, 252, 261, 262, 272, 274, 276, 277, 278, 281, 286, 301, 304, 305, 306, 312, 324, 328, 332, 337, 339, 340, 345, 351, 354, 355, 359, 363, 365, 393, 397, 400, 412, 418, 436, 444, 449], [17, 29, 32, 44, 49, 59, 65, 67, 74, 82, 86, 87, 89, 90, 91, 92, 101, 106, 110, 114, 116, 117, 120, 124, 127, 129, 132, 133, 138, 139, 142, 143, 146, 147, 152, 154, 155, 158, 161, 162, 163, 165, 167, 168, 169, 171, 172, 175, 177, 181, 183, 184, 185, 187, 189, 191, 192, 196, 197, 199, 200, 202, 204, 206, 208, 210, 211, 213, 215, 218, 221, 222, 224, 226, 227, 228, 229, 233, 235, 236, 237, 238, 239, 240, 241, 242, 243, 244, 246, 247, 250, 251, 253, 254, 255, 257, 258, 259, 260, 263, 264, 265, 266, 267, 268, 269, 270, 271, 273, 275, 279, 280, 282, 283, 284, 285, 287, 288, 291, 293, 294, 295, 296, 297, 299, 300, 302, 303, 307, 308, 309, 310, 311, 313, 314, 315, 316, 317, 319, 320, 321, 322, 323, 326, 327, 329, 330, 331, 334, 335, 336, 338, 341, 342, 343, 346, 347, 348, 350, 352, 353, 356, 357, 360, 361, 362, 364, 366, 367, 369, 371, 372, 373, 374, 375, 376, 377, 379, 381, 384, 385, 386, 388, 389, 390, 391, 392, 394, 395, 396, 398, 401, 402, 403, 404, 405, 407, 409, 411, 413, 416, 417, 419, 420, 422, 423, 425, 426, 428, 430, 432, 433, 435, 439, 445, 446, 450, 451, 453, 455, 457, 458, 459, 462, 463, 466, 468, 470, 472, 474, 476, 478, 482]!Vessel: FarStar
] 

minF : 2
maxF : 6
Nf : [
!f : 2, 3, 4, 5, 6
[5, 6], [], [], [2, 3, 4, 7], [1, 8, 9]
]

! Parameters
VoyageCost: [37970, 44429, 39085, 45544, 64838, 73722, 43120, 53931, 49580, 62814, 73722, 80181, 42817, 62814, 74837, 69274, 81296, 43726, 40394, 63929, 49277, 70389, 43120, 78872, 38879, 43932, 72716, 37570, 85332, 50186, 50392, 81599, 46453, 67965, 38273, 42418, 72110, 48877, 74425, 49580, 61202, 78569, 47968, 81599, 44029, 44235, 73019, 54428, 88059, 46453, 78569, 52913, 72413, 50695, 62111, 79478, 47568, 67662, 82714, 79478, 55337, 79684, 75746, 39691, 85029, 61505, 89174, 54028, 67662, 78872, 68571, 48271, 78872, 85938, 54731, 48574, 68777, 68571, 74122, 67965, 78169, 86750, 51604, 64838, 41509, 86144, 82205, 58064, 85332, 93210, 86144, 82205, 47968, 67262, 75237, 71298, 37570, 75031, 67965, 46150, 84629, 79987, 44841, 79987, 43326, 86447, 74425, 73722, 51301, 92604, 69080, 75237, 71298, 83320, 55034, 86447, 88665, 48877, 80896, 84629, 45544, 47265, 80290, 91089, 53725, 75540, 89780, 52210, 87356, 45144, 44029, 81696, 86447, 77867, 73722, 49083, 51301, 84023, 77757, 54428, 72413, 80181, 90483, 57761, 52416, 92907, 84326, 55543, 49786, 47568, 53725, 87356, 55337, 86750, 87562, 66959, 73116, 83623, 51604, 79684, 78872, 89780, 94022, 60184, 86144, 68777, 93816, 86750, 96239, 50901, 78872, 79575, 58670, 58876, 84326, 49180, 90083, 78169, 73419, 54028, 83017, 53119, 86047, 85332, 90786, 75237, 92507, 52719, 81502, 58064, 87865, 89477, 57361, 58876, 51604, 85441, 93210, 73419, 94022, 83720, 59578, 84629, 72110, 90083, 67262, 87259, 73722, 94325, 100481, 78569, 91901, 57361, 84629, 65335, 79878, 72813, 44841, 90180, 70595, 59179, 92507, 89477, 74534, 83320, 60487, 87962, 91198, 96542, 91901, 63820, 73722, 50598, 79272, 53725, 91089, 83320, 98966, 97657, 93719, 90592, 87962, 85744, 77055, 95936, 76352, 91901, 89780, 56755, 72413, 80993, 78569, 57058, 98360, 80181, 97051, 98360, 89780, 78872, 97657, 80993, 51301, 63214, 94421, 82811, 85029, 89077, 79684, 87356, 91295, 92204, 87562, 52416, 77055, 72413, 83514, 52416, 58876, 60184, 92204, 95536, 48477, 78169, 86144, 94022, 78872, 57058, 86047, 93816, 87453, 97051, 104117, 97754, 89780, 90895, 90895, 80387, 76449, 103511, 92507, 82908, 58876, 83017, 97354, 57361, 56452, 58173, 84629, 97354, 95536, 96239, 86847, 63517, 78872, 86144, 93319, 91598, 89380, 98663, 79987, 86447, 85332, 101996, 89477, 54937, 92604, 98057, 95839, 58876, 91198, 88774, 97354, 62911, 99778, 95137, 94930, 92507, 64632, 84629, 59991, 72110, 91198, 91089, 101390, 101596, 66450, 77867, 98966, 78569, 99778, 95839, 56052, 97657, 95233, 65335, 63820, 90592, 84023, 103814, 64632, 89477, 98469, 86653, 62511, 90592, 64026, 79684, 84326, 104929, 97657, 71092, 102299, 95936, 97051, 90483, 95233, 95233, 78569, 99172, 96954, 104929, 101693, 105632, 70486, 86144, 94627, 96348, 101693, 103414, 93113, 97051, 97657, 85029, 75746, 79684, 84326, 98772, 62511, 83720, 102808, 68971, 86144, 98166, 82205, 104117, 90895, 101087, 105232, 97051, 85441, 90786, 93113, 55749, 103414, 103511, 109874, 102808, 99572, 62208, 96651, 90180, 104626, 97354, 94228, 91901, 86144, 82205, 102808, 87259, 92604, 97354, 109268, 83320, 88665, 91901, 100687, 62208, 93719, 102202, 98469, 103111, 104929, 103814, 108662, 68668, 94531, 98469, 91295, 103111, 63323, 89780, 100687, 104929, 107147, 97754, 69783, 104226, 100990, 93925, 89780, 102505, 108965, 96239, 100384, 104929, 69783, 100990, 106044, 83017, 76243, 107450, 112503, 89477, 100384, 102105, 106844, 108565, 110080, 89477, 101499, 95936, 107959, 108565, 90592, 115024, 97051, 107959, 101802, 108262, 97051, 108262, 109377]
VoyageDuration: [2, 2, 2, 2, 2, 2, 2, 2, 2, 2, 2, 2, 2, 2, 2, 2, 3, 2, 2, 2, 2, 2, 2, 2, 2, 2, 2, 2, 3, 2, 2, 3, 2, 2, 2, 2, 2, 2, 2, 2, 2, 2, 2, 3, 2, 2, 2, 2, 3, 2, 2, 2, 2, 2, 2, 2, 2, 2, 3, 2, 2, 2, 2, 2, 3, 2, 3, 2, 2, 2, 2, 2, 2, 3, 2, 2, 2, 2, 2, 2, 2, 3, 2, 2, 2, 3, 3, 2, 3, 3, 3, 3, 2, 2, 2, 2, 2, 2, 2, 2, 3, 2, 2, 2, 2, 3, 2, 2, 2, 3, 2, 2, 2, 3, 2, 3, 3, 2, 2, 3, 2, 2, 2, 3, 2, 2, 3, 2, 3, 2, 2, 3, 3, 2, 2, 2, 2, 3, 3, 2, 2, 3, 3, 2, 2, 3, 3, 2, 2, 2, 2, 3, 2, 3, 3, 2, 2, 3, 2, 2, 3, 3, 3, 2, 3, 2, 3, 3, 3, 2, 3, 3, 2, 2, 3, 2, 3, 2, 2, 2, 3, 2, 3, 3, 3, 2, 3, 2, 3, 2, 3, 3, 2, 2, 2, 3, 3, 2, 3, 3, 2, 3, 2, 3, 2, 3, 2, 3, 3, 3, 3, 2, 3, 2, 3, 2, 2, 3, 2, 2, 3, 3, 2, 3, 2, 3, 3, 3, 3, 2, 2, 2, 3, 2, 3, 3, 3, 3, 3, 3, 3, 3, 3, 3, 2, 3, 3, 2, 2, 3, 3, 2, 3, 3, 3, 3, 3, 3, 3, 3, 2, 2, 3, 3, 3, 3, 3, 3, 3, 3, 3, 2, 3, 2, 3, 2, 2, 2, 3, 3, 2, 3, 3, 3, 3, 2, 3, 3, 3, 3, 3, 3, 3, 3, 3, 3, 3, 3, 3, 3, 2, 3, 3, 2, 2, 2, 3, 3, 3, 3, 3, 2, 3, 3, 3, 3, 3, 3, 3, 3, 3, 3, 3, 2, 3, 3, 3, 2, 3, 3, 3, 2, 3, 3, 3, 3, 2, 3, 2, 2, 3, 3, 3, 3, 2, 3, 3, 3, 3, 3, 2, 3, 3, 2, 2, 3, 3, 3, 2, 3, 3, 3, 2, 3, 2, 3, 3, 3, 3, 3, 3, 3, 3, 3, 3, 3, 3, 3, 3, 3, 3, 3, 3, 3, 3, 3, 3, 3, 3, 3, 3, 3, 2, 3, 3, 3, 2, 3, 3, 2, 3, 3, 3, 3, 3, 3, 3, 3, 3, 3, 3, 2, 3, 3, 3, 3, 3, 2, 3, 3, 3, 3, 3, 3, 3, 3, 3, 3, 3, 3, 3, 3, 3, 3, 3, 2, 3, 3, 3, 3, 3, 3, 3, 2, 3, 3, 3, 3, 2, 3, 3, 3, 3, 3, 3, 3, 3, 3, 3, 3, 3, 3, 3, 3, 3, 3, 3, 3, 3, 3, 3, 3, 3, 3, 3, 3, 3, 3, 3, 3, 3, 3, 3, 3, 3, 3, 3, 3, 3, 3, 3]
TimeCharterCost: [120000, 125000, 130000, 110000, 104000]
RequiredVisits: [6, 5, 5, 5, 2, 2, 5, 6, 6]
NumberOfDaysAvailable: [7, 7, 7, 7, 7]
DepotCapacity: [3, 3, 3, 3, 3, 3, 3]
