!Summary:
!Execution time: 0,40 seconds
!Total # voyages: 303 (61 unique)
!Number of installations (excluding depot): 6
!Number of time windows: 0
!Number of vessels: 5

!Min. # installations: 1
!Max. number of installations: 8
!Min. duration: 56
!Max. duration: 80

!Name: FarStar	 # voyages: 60
!Name: FarSearcher	 # voyages: 61
!Name: FarSymphony	 # voyages: 60
!Name: FarSeeker	 # voyages: 61
!Name: HavilaForesight	 # voyages: 61
!------------------------------------------------------------------------------------------------------------------------
nV : 5
nR : 61
nN : 6
nT : 7
minL : 2
maxL : 3

! Sets: 
Rv : [
[1, 2, 3, 4, 5, 6, 7, 8, 9, 10, 11, 12, 13, 14, 15, 16, 17, 18, 19, 20, 21, 22, 23, 24, 25, 26, 27, 28, 29, 30, 31, 32, 33, 34, 35, 36, 37, 38, 39, 40, 41, 42, 43, 44, 45, 46, 47, 48, 49, 50, 51, 52, 53, 54, 55, 56, 57, 58, 59, 60, 61]!Vessel: FarSeeker
[1, 2, 3, 4, 5, 6, 7, 8, 9, 10, 11, 12, 13, 14, 15, 16, 17, 18, 19, 20, 21, 22, 23, 24, 25, 26, 27, 28, 29, 30, 31, 32, 33, 34, 35, 36, 37, 38, 39, 40, 41, 42, 43, 44, 45, 46, 47, 48, 49, 50, 51, 52, 53, 54, 55, 56, 57, 58, 59, 60, 61]!Vessel: FarSearcher
[1, 2, 3, 4, 5, 6, 7, 8, 9, 10, 11, 12, 13, 14, 15, 16, 17, 18, 19, 20, 21, 22, 23, 24, 25, 26, 27, 28, 29, 30, 31, 32, 33, 34, 35, 36, 37, 38, 39, 40, 41, 42, 43, 44, 45, 46, 47, 48, 49, 50, 51, 52, 53, 54, 55, 56, 57, 58, 59, 60]!Vessel: FarSymphony
[1, 2, 3, 4, 5, 6, 7, 8, 9, 10, 11, 12, 13, 14, 15, 16, 17, 18, 19, 20, 21, 22, 23, 24, 25, 26, 27, 28, 29, 30, 31, 32, 33, 34, 35, 36, 37, 38, 39, 40, 41, 42, 43, 44, 45, 46, 47, 48, 49, 50, 51, 52, 53, 54, 55, 56, 57, 58, 59, 60, 61]!Vessel: HavilaForesight
[1, 2, 3, 4, 5, 6, 7, 8, 9, 10, 11, 12, 13, 14, 15, 16, 17, 18, 19, 20, 21, 22, 23, 24, 25, 26, 27, 28, 29, 30, 31, 32, 33, 34, 35, 36, 37, 38, 39, 40, 41, 42, 43, 44, 45, 46, 47, 48, 49, 50, 51, 52, 53, 54, 55, 56, 57, 58, 59, 60]!Vessel: FarStar
] 

Rvi : [
!i : 1, 2, 3, 4, 5, 6
[1, 2, 4, 6, 9, 10, 12, 13, 16, 17, 20, 21, 25, 26, 27, 30, 31, 35, 36, 37, 40, 41, 44, 45, 48, 49, 52, 53, 55, 57, 59, 61], [2, 7, 9, 11, 12, 14, 16, 18, 20, 22, 25, 28, 30, 32, 33, 35, 36, 38, 40, 42, 44, 46, 48, 50, 52, 54, 55, 56, 57, 60, 61], [3, 4, 7, 9, 15, 17, 19, 21, 22, 23, 25, 26, 28, 30, 32, 35, 39, 41, 43, 45, 46, 47, 48, 49, 50, 52, 54, 55, 58, 59, 60, 61], [5, 6, 11, 12, 15, 17, 22, 24, 25, 27, 29, 31, 33, 36, 38, 39, 40, 41, 43, 45, 46, 48, 50, 51, 52, 53, 56, 57, 58, 59, 60, 61], [8, 10, 14, 16, 19, 21, 24, 27, 28, 30, 33, 34, 36, 37, 39, 41, 42, 44, 46, 47, 48, 49, 51, 53, 54, 55, 56, 57, 58, 59, 60, 61], [13, 18, 20, 23, 26, 29, 31, 32, 34, 35, 37, 38, 40, 42, 43, 44, 45, 47, 49, 50, 51, 52, 53, 54, 55, 56, 57, 58, 59, 60, 61]!Vessel: FarSeeker
[1, 2, 4, 6, 9, 10, 12, 13, 16, 17, 20, 21, 25, 26, 27, 30, 31, 35, 36, 37, 40, 41, 44, 45, 48, 49, 52, 53, 55, 57, 59, 61], [2, 7, 9, 11, 12, 14, 16, 18, 20, 22, 25, 28, 30, 32, 33, 35, 36, 38, 40, 42, 44, 46, 48, 50, 52, 54, 55, 56, 57, 60, 61], [3, 4, 7, 9, 15, 17, 19, 21, 22, 23, 25, 26, 28, 30, 32, 35, 39, 41, 43, 45, 46, 47, 48, 49, 50, 52, 54, 55, 58, 59, 60, 61], [5, 6, 11, 12, 15, 17, 22, 24, 25, 27, 29, 31, 33, 36, 38, 39, 40, 41, 43, 45, 46, 48, 50, 51, 52, 53, 56, 57, 58, 59, 60, 61], [8, 10, 14, 16, 19, 21, 24, 27, 28, 30, 33, 34, 36, 37, 39, 41, 42, 44, 46, 47, 48, 49, 51, 53, 54, 55, 56, 57, 58, 59, 60, 61], [13, 18, 20, 23, 26, 29, 31, 32, 34, 35, 37, 38, 40, 42, 43, 44, 45, 47, 49, 50, 51, 52, 53, 54, 55, 56, 57, 58, 59, 60, 61]!Vessel: FarSearcher
[1, 2, 4, 6, 9, 10, 12, 13, 16, 17, 20, 21, 25, 26, 27, 30, 31, 35, 36, 37, 40, 41, 44, 45, 48, 49, 52, 53, 55, 57, 59], [2, 7, 9, 11, 12, 14, 16, 18, 20, 22, 25, 28, 30, 32, 33, 35, 36, 38, 40, 42, 44, 46, 48, 50, 52, 54, 55, 56, 57, 60], [3, 4, 7, 9, 15, 17, 19, 21, 22, 23, 25, 26, 28, 30, 32, 35, 39, 41, 43, 45, 46, 47, 48, 49, 50, 52, 54, 55, 58, 59, 60], [5, 6, 11, 12, 15, 17, 22, 24, 25, 27, 29, 31, 33, 36, 38, 39, 40, 41, 43, 45, 46, 48, 50, 51, 52, 53, 56, 57, 58, 59, 60], [8, 10, 14, 16, 19, 21, 24, 27, 28, 30, 33, 34, 36, 37, 39, 41, 42, 44, 46, 47, 48, 49, 51, 53, 54, 55, 56, 57, 58, 59, 60], [13, 18, 20, 23, 26, 29, 31, 32, 34, 35, 37, 38, 40, 42, 43, 44, 45, 47, 49, 50, 51, 52, 53, 54, 55, 56, 57, 58, 59, 60]!Vessel: FarSymphony
[1, 2, 4, 6, 9, 10, 12, 13, 16, 17, 20, 21, 25, 26, 27, 30, 31, 35, 36, 37, 40, 41, 44, 45, 48, 49, 52, 53, 55, 57, 59, 61], [2, 7, 9, 11, 12, 14, 16, 18, 20, 22, 25, 28, 30, 32, 33, 35, 36, 38, 40, 42, 44, 46, 48, 50, 52, 54, 55, 56, 57, 60, 61], [3, 4, 7, 9, 15, 17, 19, 21, 22, 23, 25, 26, 28, 30, 32, 35, 39, 41, 43, 45, 46, 47, 48, 49, 50, 52, 54, 55, 58, 59, 60, 61], [5, 6, 11, 12, 15, 17, 22, 24, 25, 27, 29, 31, 33, 36, 38, 39, 40, 41, 43, 45, 46, 48, 50, 51, 52, 53, 56, 57, 58, 59, 60, 61], [8, 10, 14, 16, 19, 21, 24, 27, 28, 30, 33, 34, 36, 37, 39, 41, 42, 44, 46, 47, 48, 49, 51, 53, 54, 55, 56, 57, 58, 59, 60, 61], [13, 18, 20, 23, 26, 29, 31, 32, 34, 35, 37, 38, 40, 42, 43, 44, 45, 47, 49, 50, 51, 52, 53, 54, 55, 56, 57, 58, 59, 60, 61]!Vessel: HavilaForesight
[1, 2, 4, 6, 9, 10, 12, 13, 16, 17, 20, 21, 25, 26, 27, 30, 31, 35, 36, 37, 40, 41, 44, 45, 48, 49, 52, 53, 55, 57, 59], [2, 7, 9, 11, 12, 14, 16, 18, 20, 22, 25, 28, 30, 32, 33, 35, 36, 38, 40, 42, 44, 46, 48, 50, 52, 54, 55, 56, 57, 60], [3, 4, 7, 9, 15, 17, 19, 21, 22, 23, 25, 26, 28, 30, 32, 35, 39, 41, 43, 45, 46, 47, 48, 49, 50, 52, 54, 55, 58, 59, 60], [5, 6, 11, 12, 15, 17, 22, 24, 25, 27, 29, 31, 33, 36, 38, 39, 40, 41, 43, 45, 46, 48, 50, 51, 52, 53, 56, 57, 58, 59, 60], [8, 10, 14, 16, 19, 21, 24, 27, 28, 30, 33, 34, 36, 37, 39, 41, 42, 44, 46, 47, 48, 49, 51, 53, 54, 55, 56, 57, 58, 59, 60], [13, 18, 20, 23, 26, 29, 31, 32, 34, 35, 37, 38, 40, 42, 43, 44, 45, 47, 49, 50, 51, 52, 53, 54, 55, 56, 57, 58, 59, 60]!Vessel: FarStar
] 

Rvl : [
!l : 2, 3
[1, 2, 3, 4, 5, 6, 7, 8, 9, 10, 11, 12, 13, 14, 15, 16, 18, 19, 20, 21, 22, 23, 24, 26, 28, 29, 30, 31, 32, 34, 35, 37, 38, 42, 43, 44, 47, 49, 51, 54], [17, 25, 27, 33, 36, 39, 40, 41, 45, 46, 48, 50, 52, 53, 55, 56, 57, 58, 59, 60, 61]!Vessel: FarSeeker
[1, 2, 3, 4, 5, 6, 7, 8, 9, 10, 11, 12, 13, 14, 15, 16, 18, 19, 20, 21, 22, 23, 24, 26, 28, 29, 30, 31, 32, 34, 35, 37, 38, 42, 43, 44, 47, 49, 51, 54], [17, 25, 27, 33, 36, 39, 40, 41, 45, 46, 48, 50, 52, 53, 55, 56, 57, 58, 59, 60, 61]!Vessel: FarSearcher
[1, 2, 3, 4, 5, 6, 7, 8, 9, 10, 11, 12, 13, 14, 15, 16, 18, 19, 20, 21, 22, 23, 24, 26, 28, 29, 30, 31, 32, 34, 35, 37, 38, 42, 43, 44, 47, 49, 51, 54], [17, 25, 27, 33, 36, 39, 40, 41, 45, 46, 48, 50, 52, 53, 55, 56, 57, 58, 59, 60]!Vessel: FarSymphony
[1, 2, 3, 4, 5, 6, 7, 8, 9, 10, 11, 12, 13, 14, 15, 16, 18, 19, 20, 21, 22, 23, 24, 26, 28, 29, 30, 31, 32, 34, 35, 37, 38, 42, 43, 44, 47, 49, 51, 54], [17, 25, 27, 33, 36, 39, 40, 41, 45, 46, 48, 50, 52, 53, 55, 56, 57, 58, 59, 60, 61]!Vessel: HavilaForesight
[1, 2, 3, 4, 5, 6, 7, 8, 9, 10, 11, 12, 13, 14, 15, 16, 18, 19, 20, 21, 22, 23, 24, 26, 28, 29, 30, 31, 32, 34, 35, 37, 38, 42, 43, 44, 47, 49, 51, 54], [17, 25, 27, 33, 36, 39, 40, 41, 45, 46, 48, 50, 52, 53, 55, 56, 57, 58, 59, 60]!Vessel: FarStar
] 

minF : 2
maxF : 6
Nf : [
!f : 2, 3, 4, 5, 6
[5, 6], [], [], [2, 3, 4], [0, 1]
]

! Parameters
VoyageCost: [37970, 44429, 39085, 45544, 64838, 73722, 43120, 53931, 49580, 62814, 73722, 80181, 42817, 62814, 74837, 69274, 81296, 40394, 63929, 49277, 70389, 78872, 43932, 72716, 85332, 50392, 81599, 67965, 72110, 74425, 78569, 47968, 81599, 61202, 54428, 88059, 67662, 78569, 82714, 85029, 89174, 67662, 79684, 74122, 86144, 86750, 68777, 93210, 75237, 86144, 79987, 92604, 86447, 75237, 81696, 86447, 92907, 87562, 94022, 94022, 100481]
VoyageDuration: [2, 2, 2, 2, 2, 2, 2, 2, 2, 2, 2, 2, 2, 2, 2, 2, 3, 2, 2, 2, 2, 2, 2, 2, 3, 2, 3, 2, 2, 2, 2, 2, 3, 2, 2, 3, 2, 2, 3, 3, 3, 2, 2, 2, 3, 3, 2, 3, 2, 3, 2, 3, 3, 2, 3, 3, 3, 3, 3, 3, 3]
TimeCharterCost: [120000, 125000, 130000, 110000, 104000]
RequiredVisits: [6, 5, 5, 5, 2, 2]
NumberOfDaysAvailable: [7, 7, 7, 7, 7]
DepotCapacity: [3, 3, 3, 3, 3, 3, 3]
