!Summary:
!Execution time: 0,36 seconds
!Total # voyages: 150 (30 unique)
!Number of installations (excluding depot): 5
!Number of time windows: 0
!Number of vessels: 5

!Min. # installations: 1
!Max. number of installations: 8
!Min. duration: 56
!Max. duration: 80

!Name: FarStar	 # voyages: 30
!Name: FarSearcher	 # voyages: 30
!Name: FarSymphony	 # voyages: 30
!Name: FarSeeker	 # voyages: 30
!Name: HavilaForesight	 # voyages: 30
!------------------------------------------------------------------------------------------------------------------------
nV : 5
nR : 30
nN : 5
nT : 7
minL : 2
maxL : 3

! Sets: 
Rv : [
[1, 2, 3, 4, 5, 6, 7, 8, 9, 10, 11, 12, 13, 14, 15, 16, 17, 18, 19, 20, 21, 22, 23, 24, 25, 26, 27, 28, 29, 30]!Vessel: FarSeeker
[1, 2, 3, 4, 5, 6, 7, 8, 9, 10, 11, 12, 13, 14, 15, 16, 17, 18, 19, 20, 21, 22, 23, 24, 25, 26, 27, 28, 29, 30]!Vessel: FarSearcher
[1, 2, 3, 4, 5, 6, 7, 8, 9, 10, 11, 12, 13, 14, 15, 16, 17, 18, 19, 20, 21, 22, 23, 24, 25, 26, 27, 28, 29, 30]!Vessel: FarSymphony
[1, 2, 3, 4, 5, 6, 7, 8, 9, 10, 11, 12, 13, 14, 15, 16, 17, 18, 19, 20, 21, 22, 23, 24, 25, 26, 27, 28, 29, 30]!Vessel: HavilaForesight
[1, 2, 3, 4, 5, 6, 7, 8, 9, 10, 11, 12, 13, 14, 15, 16, 17, 18, 19, 20, 21, 22, 23, 24, 25, 26, 27, 28, 29, 30]!Vessel: FarStar
] 

Rvi : [
!i : 1, 2, 3, 4, 5
[1, 2, 4, 6, 9, 10, 12, 15, 16, 18, 21, 22, 24, 26, 28, 30], [2, 7, 9, 11, 12, 13, 15, 19, 21, 23, 24, 25, 26, 29, 30], [3, 4, 7, 9, 14, 16, 17, 18, 19, 21, 23, 24, 27, 28, 29, 30], [5, 6, 11, 12, 14, 16, 19, 20, 21, 22, 25, 26, 27, 28, 29, 30], [8, 10, 13, 15, 17, 18, 20, 22, 23, 24, 25, 26, 27, 28, 29, 30]!Vessel: FarSeeker
[1, 2, 4, 6, 9, 10, 12, 15, 16, 18, 21, 22, 24, 26, 28, 30], [2, 7, 9, 11, 12, 13, 15, 19, 21, 23, 24, 25, 26, 29, 30], [3, 4, 7, 9, 14, 16, 17, 18, 19, 21, 23, 24, 27, 28, 29, 30], [5, 6, 11, 12, 14, 16, 19, 20, 21, 22, 25, 26, 27, 28, 29, 30], [8, 10, 13, 15, 17, 18, 20, 22, 23, 24, 25, 26, 27, 28, 29, 30]!Vessel: FarSearcher
[1, 2, 4, 6, 9, 10, 12, 15, 16, 18, 21, 22, 24, 26, 28, 30], [2, 7, 9, 11, 12, 13, 15, 19, 21, 23, 24, 25, 26, 29, 30], [3, 4, 7, 9, 14, 16, 17, 18, 19, 21, 23, 24, 27, 28, 29, 30], [5, 6, 11, 12, 14, 16, 19, 20, 21, 22, 25, 26, 27, 28, 29, 30], [8, 10, 13, 15, 17, 18, 20, 22, 23, 24, 25, 26, 27, 28, 29, 30]!Vessel: FarSymphony
[1, 2, 4, 6, 9, 10, 12, 15, 16, 18, 21, 22, 24, 26, 28, 30], [2, 7, 9, 11, 12, 13, 15, 19, 21, 23, 24, 25, 26, 29, 30], [3, 4, 7, 9, 14, 16, 17, 18, 19, 21, 23, 24, 27, 28, 29, 30], [5, 6, 11, 12, 14, 16, 19, 20, 21, 22, 25, 26, 27, 28, 29, 30], [8, 10, 13, 15, 17, 18, 20, 22, 23, 24, 25, 26, 27, 28, 29, 30]!Vessel: HavilaForesight
[1, 2, 4, 6, 9, 10, 12, 15, 16, 18, 21, 22, 24, 26, 28, 30], [2, 7, 9, 11, 12, 13, 15, 19, 21, 23, 24, 25, 26, 29, 30], [3, 4, 7, 9, 14, 16, 17, 18, 19, 21, 23, 24, 27, 28, 29, 30], [5, 6, 11, 12, 14, 16, 19, 20, 21, 22, 25, 26, 27, 28, 29, 30], [8, 10, 13, 15, 17, 18, 20, 22, 23, 24, 25, 26, 27, 28, 29, 30]!Vessel: FarStar
] 

Rvl : [
!l : 2, 3
[1, 2, 3, 4, 5, 6, 7, 8, 9, 10, 11, 12, 13, 14, 15, 17, 18, 19, 20, 23, 24], [16, 21, 22, 25, 26, 27, 28, 29, 30]!Vessel: FarSeeker
[1, 2, 3, 4, 5, 6, 7, 8, 9, 10, 11, 12, 13, 14, 15, 17, 18, 19, 20, 23, 24], [16, 21, 22, 25, 26, 27, 28, 29, 30]!Vessel: FarSearcher
[1, 2, 3, 4, 5, 6, 7, 8, 9, 10, 11, 12, 13, 14, 15, 17, 18, 19, 20, 23, 24], [16, 21, 22, 25, 26, 27, 28, 29, 30]!Vessel: FarSymphony
[1, 2, 3, 4, 5, 6, 7, 8, 9, 10, 11, 12, 13, 14, 15, 17, 18, 19, 20, 23, 24], [16, 21, 22, 25, 26, 27, 28, 29, 30]!Vessel: HavilaForesight
[1, 2, 3, 4, 5, 6, 7, 8, 9, 10, 11, 12, 13, 14, 15, 17, 18, 19, 20, 23, 24], [16, 21, 22, 25, 26, 27, 28, 29, 30]!Vessel: FarStar
] 

minF : 2
maxF : 6
Nf : [
!f : 2, 3, 4, 5, 6
[5], [], [], [0, 2, 3, 4], [1]
]

! Parameters
VoyageCost: [37970, 44429, 39085, 45544, 64838, 73722, 43120, 53931, 49580, 62814, 73722, 80181, 62814, 74837, 69274, 81296, 63929, 70389, 78872, 72716, 85332, 81599, 67965, 74425, 81599, 88059, 82714, 89174, 86750, 93210]
VoyageDuration: [2, 2, 2, 2, 2, 2, 2, 2, 2, 2, 2, 2, 2, 2, 2, 3, 2, 2, 2, 2, 3, 3, 2, 2, 3, 3, 3, 3, 3, 3]
TimeCharterCost: [120000, 125000, 130000, 110000, 104000]
RequiredVisits: [6, 5, 5, 5, 2]
NumberOfDaysAvailable: [7, 7, 7, 7, 7]
DepotCapacity: [3, 3, 3, 3, 3, 3, 3]
