!Summary:
!Execution time: 0,82 seconds
!Total # voyages: 1219 (249 unique)
!Number of installations (excluding depot): 8
!Number of time windows: 0
!Number of vessels: 5

!Min. # installations: 1
!Max. number of installations: 8
!Min. duration: 56
!Max. duration: 80

!Name: HavilaForesight	 # voyages: 248
!Name: FarSymphony	 # voyages: 240
!Name: FarSeeker	 # voyages: 249
!Name: FarSearcher	 # voyages: 249
!Name: FarStar	 # voyages: 233
!------------------------------------------------------------------------------------------------------------------------
nV : 5
nR : 249
nN : 8
nT : 7
minL : 2
maxL : 3

! Sets: 
Rv : [
[1, 2, 3, 4, 5, 6, 7, 8, 9, 10, 11, 12, 13, 14, 15, 16, 17, 18, 19, 20, 21, 22, 23, 24, 25, 26, 27, 28, 29, 30, 31, 32, 33, 34, 35, 36, 37, 38, 39, 40, 41, 42, 43, 44, 45, 46, 47, 48, 49, 50, 51, 52, 53, 54, 55, 56, 57, 58, 59, 60, 61, 62, 63, 64, 65, 66, 67, 68, 69, 70, 71, 72, 73, 74, 75, 76, 77, 78, 79, 80, 81, 82, 83, 84, 85, 86, 87, 88, 89, 90, 91, 92, 93, 94, 95, 96, 97, 98, 99, 100, 101, 102, 103, 104, 105, 106, 107, 108, 109, 110, 111, 112, 113, 114, 115, 116, 117, 118, 119, 120, 121, 122, 123, 124, 125, 126, 127, 128, 129, 130, 131, 132, 133, 134, 135, 136, 137, 138, 139, 140, 141, 142, 143, 144, 145, 146, 147, 148, 149, 150, 151, 152, 153, 154, 155, 156, 157, 158, 159, 160, 161, 162, 163, 164, 165, 166, 167, 168, 169, 170, 171, 172, 173, 174, 175, 176, 177, 178, 179, 180, 181, 182, 183, 184, 185, 186, 187, 188, 189, 190, 191, 192, 193, 194, 195, 196, 197, 198, 199, 200, 201, 202, 203, 204, 205, 206, 207, 208, 209, 210, 211, 212, 213, 214, 215, 216, 217, 218, 219, 220, 221, 222, 223, 224, 225, 226, 227, 228, 229, 230, 231, 232, 233, 234, 235, 236, 237, 238, 239, 240, 241, 242, 243, 244, 245, 246, 247, 248, 249]!Vessel: FarSeeker
[1, 2, 3, 4, 5, 6, 7, 8, 9, 10, 11, 12, 13, 14, 15, 16, 17, 18, 19, 20, 21, 22, 23, 24, 25, 26, 27, 28, 29, 30, 31, 32, 33, 34, 35, 36, 37, 38, 39, 40, 41, 42, 43, 44, 45, 46, 47, 48, 49, 50, 51, 52, 53, 54, 55, 56, 57, 58, 59, 60, 61, 62, 63, 64, 65, 66, 67, 68, 69, 70, 71, 72, 73, 74, 75, 76, 77, 78, 79, 80, 81, 82, 83, 84, 85, 86, 87, 88, 89, 90, 91, 92, 93, 94, 95, 96, 97, 98, 99, 100, 101, 102, 103, 104, 105, 106, 107, 108, 109, 110, 111, 112, 113, 114, 115, 116, 117, 118, 119, 120, 121, 122, 123, 124, 125, 126, 127, 128, 129, 130, 131, 132, 133, 134, 135, 136, 137, 138, 139, 140, 141, 142, 143, 144, 145, 146, 147, 148, 149, 150, 151, 152, 153, 154, 155, 156, 157, 158, 159, 160, 161, 162, 163, 164, 165, 166, 167, 168, 169, 170, 171, 172, 173, 174, 175, 176, 177, 178, 179, 180, 181, 182, 183, 184, 185, 186, 187, 188, 189, 190, 191, 192, 193, 194, 195, 196, 197, 198, 199, 200, 201, 202, 203, 204, 205, 206, 207, 208, 209, 210, 211, 212, 213, 214, 215, 216, 217, 218, 219, 220, 221, 222, 223, 224, 225, 226, 227, 228, 229, 230, 231, 232, 233, 234, 235, 236, 237, 238, 239, 240, 241, 242, 243, 244, 245, 246, 247, 248, 249]!Vessel: FarSearcher
[1, 2, 3, 4, 5, 6, 7, 8, 9, 10, 11, 12, 13, 14, 15, 16, 17, 18, 19, 20, 21, 22, 23, 24, 25, 26, 27, 28, 29, 30, 31, 32, 33, 34, 35, 36, 37, 38, 39, 40, 41, 42, 43, 44, 45, 46, 47, 48, 49, 50, 51, 52, 53, 54, 55, 56, 57, 58, 59, 60, 61, 62, 63, 64, 65, 66, 67, 68, 69, 70, 71, 72, 73, 74, 75, 76, 77, 78, 79, 80, 81, 82, 83, 84, 85, 86, 87, 88, 89, 90, 91, 92, 93, 94, 95, 96, 97, 98, 99, 100, 101, 102, 103, 104, 105, 106, 107, 108, 109, 110, 111, 112, 113, 114, 115, 116, 117, 118, 119, 120, 121, 122, 123, 124, 125, 126, 127, 128, 129, 130, 131, 132, 133, 134, 135, 136, 137, 138, 139, 140, 141, 142, 143, 144, 145, 146, 147, 148, 149, 150, 151, 152, 153, 154, 155, 156, 157, 159, 160, 161, 162, 163, 164, 165, 166, 167, 168, 169, 170, 171, 172, 173, 174, 175, 176, 177, 178, 179, 180, 181, 182, 183, 185, 186, 187, 188, 189, 190, 191, 192, 193, 194, 195, 196, 197, 198, 199, 200, 201, 202, 203, 204, 205, 206, 207, 208, 209, 210, 211, 212, 213, 214, 215, 216, 217, 218, 219, 220, 221, 222, 223, 225, 226, 227, 228, 229, 230, 231, 233, 234, 235, 236, 237, 238, 239, 240, 242, 243, 245, 247]!Vessel: FarSymphony
[1, 2, 3, 4, 5, 6, 7, 8, 9, 10, 11, 12, 13, 14, 15, 16, 17, 18, 19, 20, 21, 22, 23, 24, 25, 26, 27, 28, 29, 30, 31, 32, 33, 34, 35, 36, 37, 38, 39, 40, 41, 42, 43, 44, 45, 46, 47, 48, 49, 50, 51, 52, 53, 54, 55, 56, 57, 58, 59, 60, 61, 62, 63, 64, 65, 66, 67, 68, 69, 70, 71, 72, 73, 74, 75, 76, 77, 78, 79, 80, 81, 82, 83, 84, 85, 86, 87, 88, 89, 90, 91, 92, 93, 94, 95, 96, 97, 98, 99, 100, 101, 102, 103, 104, 105, 106, 107, 108, 109, 110, 111, 112, 113, 114, 115, 116, 117, 118, 119, 120, 121, 122, 123, 124, 125, 126, 127, 128, 129, 130, 131, 132, 133, 134, 135, 136, 137, 138, 139, 140, 141, 142, 143, 144, 145, 146, 147, 148, 149, 150, 151, 152, 153, 154, 155, 156, 157, 158, 159, 160, 161, 162, 163, 164, 165, 166, 167, 168, 169, 170, 171, 172, 173, 174, 175, 176, 177, 178, 179, 180, 181, 182, 183, 184, 185, 186, 187, 188, 189, 190, 191, 192, 193, 194, 195, 196, 197, 198, 199, 200, 201, 202, 203, 204, 205, 206, 207, 208, 209, 210, 211, 212, 213, 214, 215, 216, 217, 218, 219, 220, 221, 222, 223, 224, 225, 226, 227, 228, 229, 230, 231, 233, 234, 235, 236, 237, 238, 239, 240, 241, 242, 243, 244, 245, 246, 247, 248, 249]!Vessel: HavilaForesight
[1, 2, 3, 4, 5, 6, 7, 8, 9, 10, 11, 12, 13, 14, 15, 16, 17, 18, 19, 20, 21, 22, 23, 24, 25, 26, 27, 28, 29, 30, 31, 32, 33, 34, 35, 36, 37, 38, 39, 40, 41, 42, 43, 44, 45, 46, 47, 48, 49, 50, 51, 52, 53, 54, 55, 56, 57, 58, 59, 60, 61, 62, 63, 64, 65, 66, 67, 68, 69, 70, 71, 72, 73, 74, 75, 76, 77, 78, 79, 80, 81, 82, 83, 84, 85, 86, 87, 88, 89, 90, 91, 92, 93, 94, 95, 96, 97, 98, 99, 100, 101, 102, 103, 104, 105, 106, 107, 108, 109, 110, 111, 112, 113, 114, 115, 116, 117, 118, 119, 120, 121, 122, 123, 124, 125, 126, 127, 128, 129, 130, 131, 132, 133, 134, 135, 136, 137, 138, 139, 140, 141, 142, 143, 144, 145, 146, 147, 148, 149, 150, 151, 152, 153, 154, 155, 156, 157, 159, 160, 161, 162, 163, 164, 165, 166, 167, 168, 169, 170, 171, 172, 173, 174, 175, 176, 177, 178, 179, 180, 181, 182, 183, 185, 186, 187, 188, 189, 190, 191, 192, 195, 196, 197, 198, 199, 200, 201, 202, 203, 204, 206, 207, 208, 209, 210, 211, 212, 213, 215, 216, 217, 218, 219, 220, 221, 223, 225, 226, 227, 228, 230, 231, 233, 234, 235, 236, 237, 238, 240, 242, 243, 245, 247]!Vessel: FarStar
] 

Rvi : [
!i : 1, 2, 3, 4, 5, 6, 7, 8
[1, 2, 4, 6, 9, 10, 12, 13, 16, 17, 18, 21, 22, 23, 28, 29, 30, 31, 36, 37, 38, 39, 46, 47, 48, 49, 50, 55, 56, 57, 58, 61, 66, 67, 68, 71, 72, 75, 78, 79, 83, 85, 86, 88, 91, 92, 93, 95, 98, 99, 100, 104, 105, 107, 108, 109, 110, 117, 118, 120, 121, 122, 127, 129, 131, 132, 134, 135, 136, 140, 141, 145, 148, 149, 150, 152, 154, 157, 158, 159, 161, 163, 166, 167, 170, 171, 172, 173, 177, 180, 182, 183, 184, 185, 188, 189, 193, 194, 196, 197, 198, 203, 204, 205, 206, 207, 212, 213, 214, 215, 220, 221, 222, 223, 227, 228, 232, 233, 234, 237, 238, 241, 242, 244, 246, 248], [2, 7, 9, 11, 12, 14, 16, 19, 21, 24, 25, 28, 29, 32, 33, 37, 38, 40, 41, 45, 46, 47, 52, 56, 57, 62, 64, 65, 66, 67, 69, 71, 73, 77, 78, 80, 82, 83, 85, 89, 91, 92, 93, 96, 97, 101, 104, 105, 106, 107, 112, 113, 114, 118, 119, 120, 121, 122, 125, 128, 132, 134, 135, 137, 138, 139, 144, 145, 146, 148, 149, 151, 155, 157, 158, 159, 160, 161, 164, 165, 171, 172, 173, 174, 175, 176, 182, 183, 184, 186, 191, 192, 193, 194, 196, 199, 200, 202, 203, 204, 205, 208, 209, 212, 213, 216, 217, 220, 221, 224, 225, 227, 229, 230, 232, 233, 235, 237, 239, 241, 243, 244, 245, 246, 249], [3, 4, 7, 9, 15, 17, 20, 22, 24, 26, 28, 30, 32, 34, 36, 37, 40, 42, 46, 48, 52, 54, 55, 56, 59, 62, 67, 68, 70, 74, 77, 78, 82, 86, 87, 88, 90, 93, 94, 95, 96, 97, 98, 102, 104, 105, 108, 109, 112, 114, 115, 118, 120, 124, 125, 127, 128, 130, 132, 134, 136, 137, 140, 142, 145, 146, 147, 150, 151, 156, 158, 161, 162, 163, 164, 166, 168, 170, 171, 175, 176, 177, 178, 181, 183, 184, 185, 187, 188, 191, 192, 193, 194, 195, 197, 199, 200, 203, 204, 206, 208, 210, 212, 214, 216, 218, 220, 222, 224, 226, 228, 229, 231, 232, 234, 235, 236, 237, 238, 239, 241, 243, 244, 247, 248, 249], [5, 6, 11, 12, 15, 17, 24, 27, 28, 31, 35, 39, 41, 43, 45, 47, 49, 53, 54, 55, 57, 58, 59, 64, 68, 70, 71, 73, 77, 78, 81, 82, 83, 86, 90, 93, 95, 96, 100, 103, 105, 110, 111, 112, 113, 116, 117, 118, 119, 121, 123, 129, 130, 135, 136, 138, 139, 141, 142, 143, 144, 147, 148, 149, 150, 151, 152, 156, 157, 158, 162, 163, 164, 165, 166, 171, 172, 175, 176, 177, 179, 181, 183, 184, 185, 189, 190, 191, 193, 198, 199, 201, 202, 204, 205, 207, 209, 210, 211, 213, 214, 215, 217, 218, 221, 222, 224, 225, 226, 227, 228, 229, 231, 232, 234, 235, 237, 239, 240, 241, 242, 245, 246, 247, 248, 249], [8, 10, 14, 16, 20, 22, 27, 31, 32, 37, 41, 44, 47, 50, 51, 54, 55, 60, 61, 65, 66, 69, 72, 74, 77, 78, 81, 85, 87, 88, 89, 92, 94, 97, 98, 100, 103, 104, 108, 110, 113, 114, 116, 117, 119, 120, 121, 125, 126, 130, 131, 132, 133, 135, 136, 138, 142, 148, 150, 151, 153, 154, 155, 156, 158, 159, 160, 163, 164, 167, 168, 170, 171, 173, 174, 175, 178, 179, 182, 183, 187, 188, 189, 190, 192, 194, 197, 198, 200, 201, 202, 203, 205, 207, 208, 209, 210, 212, 213, 214, 217, 218, 219, 221, 222, 223, 224, 226, 228, 229, 230, 232, 233, 235, 236, 237, 238, 240, 242, 243, 244, 245, 246, 247, 248, 249], [13, 19, 21, 26, 30, 35, 39, 40, 44, 45, 46, 50, 57, 59, 63, 65, 66, 68, 74, 75, 76, 79, 80, 81, 82, 88, 91, 93, 97, 100, 101, 102, 104, 107, 109, 111, 113, 115, 121, 123, 126, 127, 128, 129, 130, 131, 133, 134, 136, 137, 139, 141, 144, 145, 147, 149, 151, 154, 155, 157, 158, 159, 160, 162, 166, 168, 169, 170, 173, 176, 177, 178, 179, 180, 184, 186, 188, 189, 190, 191, 192, 193, 194, 195, 196, 198, 200, 202, 203, 205, 206, 209, 210, 211, 213, 214, 215, 216, 218, 219, 220, 222, 223, 224, 225, 227, 229, 230, 231, 232, 233, 234, 236, 238, 239, 240, 241, 242, 243, 244, 245, 246, 247, 248, 249], [18, 25, 29, 34, 36, 43, 49, 51, 52, 56, 61, 63, 64, 69, 70, 71, 75, 80, 84, 85, 86, 87, 91, 96, 98, 99, 102, 103, 105, 106, 109, 110, 111, 114, 119, 120, 122, 124, 126, 128, 129, 131, 134, 135, 139, 140, 142, 143, 146, 147, 149, 150, 152, 153, 155, 159, 161, 164, 165, 166, 167, 168, 169, 170, 171, 172, 174, 176, 179, 180, 181, 182, 184, 185, 186, 187, 189, 192, 194, 195, 196, 197, 199, 201, 202, 204, 205, 206, 207, 208, 210, 211, 212, 214, 215, 216, 217, 219, 220, 221, 223, 224, 225, 226, 227, 228, 230, 231, 233, 234, 235, 236, 237, 238, 239, 240, 241, 242, 243, 244, 245, 246, 247, 248, 249], [23, 33, 38, 42, 48, 53, 58, 60, 62, 67, 72, 73, 76, 79, 83, 84, 89, 90, 92, 94, 95, 99, 101, 106, 107, 108, 112, 115, 116, 117, 118, 122, 123, 124, 125, 127, 132, 133, 137, 138, 140, 141, 143, 144, 145, 146, 148, 152, 153, 154, 156, 157, 160, 161, 162, 163, 165, 167, 169, 172, 173, 174, 175, 177, 178, 180, 181, 182, 183, 185, 186, 187, 188, 190, 191, 193, 195, 196, 197, 198, 199, 200, 201, 203, 204, 206, 207, 208, 209, 211, 212, 213, 215, 216, 217, 218, 219, 220, 221, 222, 223, 225, 226, 227, 228, 229, 230, 231, 232, 233, 234, 235, 236, 237, 238, 239, 240, 241, 242, 243, 244, 245, 246, 247, 248, 249]!Vessel: FarSeeker
[1, 2, 4, 6, 9, 10, 12, 13, 16, 17, 18, 21, 22, 23, 28, 29, 30, 31, 36, 37, 38, 39, 46, 47, 48, 49, 50, 55, 56, 57, 58, 61, 66, 67, 68, 71, 72, 75, 78, 79, 83, 85, 86, 88, 91, 92, 93, 95, 98, 99, 100, 104, 105, 107, 108, 109, 110, 117, 118, 120, 121, 122, 127, 129, 131, 132, 134, 135, 136, 140, 141, 145, 148, 149, 150, 152, 154, 157, 158, 159, 161, 163, 166, 167, 170, 171, 172, 173, 177, 180, 182, 183, 184, 185, 188, 189, 193, 194, 196, 197, 198, 203, 204, 205, 206, 207, 212, 213, 214, 215, 220, 221, 222, 223, 227, 228, 232, 233, 234, 237, 238, 241, 242, 244, 246, 248], [2, 7, 9, 11, 12, 14, 16, 19, 21, 24, 25, 28, 29, 32, 33, 37, 38, 40, 41, 45, 46, 47, 52, 56, 57, 62, 64, 65, 66, 67, 69, 71, 73, 77, 78, 80, 82, 83, 85, 89, 91, 92, 93, 96, 97, 101, 104, 105, 106, 107, 112, 113, 114, 118, 119, 120, 121, 122, 125, 128, 132, 134, 135, 137, 138, 139, 144, 145, 146, 148, 149, 151, 155, 157, 158, 159, 160, 161, 164, 165, 171, 172, 173, 174, 175, 176, 182, 183, 184, 186, 191, 192, 193, 194, 196, 199, 200, 202, 203, 204, 205, 208, 209, 212, 213, 216, 217, 220, 221, 224, 225, 227, 229, 230, 232, 233, 235, 237, 239, 241, 243, 244, 245, 246, 249], [3, 4, 7, 9, 15, 17, 20, 22, 24, 26, 28, 30, 32, 34, 36, 37, 40, 42, 46, 48, 52, 54, 55, 56, 59, 62, 67, 68, 70, 74, 77, 78, 82, 86, 87, 88, 90, 93, 94, 95, 96, 97, 98, 102, 104, 105, 108, 109, 112, 114, 115, 118, 120, 124, 125, 127, 128, 130, 132, 134, 136, 137, 140, 142, 145, 146, 147, 150, 151, 156, 158, 161, 162, 163, 164, 166, 168, 170, 171, 175, 176, 177, 178, 181, 183, 184, 185, 187, 188, 191, 192, 193, 194, 195, 197, 199, 200, 203, 204, 206, 208, 210, 212, 214, 216, 218, 220, 222, 224, 226, 228, 229, 231, 232, 234, 235, 236, 237, 238, 239, 241, 243, 244, 247, 248, 249], [5, 6, 11, 12, 15, 17, 24, 27, 28, 31, 35, 39, 41, 43, 45, 47, 49, 53, 54, 55, 57, 58, 59, 64, 68, 70, 71, 73, 77, 78, 81, 82, 83, 86, 90, 93, 95, 96, 100, 103, 105, 110, 111, 112, 113, 116, 117, 118, 119, 121, 123, 129, 130, 135, 136, 138, 139, 141, 142, 143, 144, 147, 148, 149, 150, 151, 152, 156, 157, 158, 162, 163, 164, 165, 166, 171, 172, 175, 176, 177, 179, 181, 183, 184, 185, 189, 190, 191, 193, 198, 199, 201, 202, 204, 205, 207, 209, 210, 211, 213, 214, 215, 217, 218, 221, 222, 224, 225, 226, 227, 228, 229, 231, 232, 234, 235, 237, 239, 240, 241, 242, 245, 246, 247, 248, 249], [8, 10, 14, 16, 20, 22, 27, 31, 32, 37, 41, 44, 47, 50, 51, 54, 55, 60, 61, 65, 66, 69, 72, 74, 77, 78, 81, 85, 87, 88, 89, 92, 94, 97, 98, 100, 103, 104, 108, 110, 113, 114, 116, 117, 119, 120, 121, 125, 126, 130, 131, 132, 133, 135, 136, 138, 142, 148, 150, 151, 153, 154, 155, 156, 158, 159, 160, 163, 164, 167, 168, 170, 171, 173, 174, 175, 178, 179, 182, 183, 187, 188, 189, 190, 192, 194, 197, 198, 200, 201, 202, 203, 205, 207, 208, 209, 210, 212, 213, 214, 217, 218, 219, 221, 222, 223, 224, 226, 228, 229, 230, 232, 233, 235, 236, 237, 238, 240, 242, 243, 244, 245, 246, 247, 248, 249], [13, 19, 21, 26, 30, 35, 39, 40, 44, 45, 46, 50, 57, 59, 63, 65, 66, 68, 74, 75, 76, 79, 80, 81, 82, 88, 91, 93, 97, 100, 101, 102, 104, 107, 109, 111, 113, 115, 121, 123, 126, 127, 128, 129, 130, 131, 133, 134, 136, 137, 139, 141, 144, 145, 147, 149, 151, 154, 155, 157, 158, 159, 160, 162, 166, 168, 169, 170, 173, 176, 177, 178, 179, 180, 184, 186, 188, 189, 190, 191, 192, 193, 194, 195, 196, 198, 200, 202, 203, 205, 206, 209, 210, 211, 213, 214, 215, 216, 218, 219, 220, 222, 223, 224, 225, 227, 229, 230, 231, 232, 233, 234, 236, 238, 239, 240, 241, 242, 243, 244, 245, 246, 247, 248, 249], [18, 25, 29, 34, 36, 43, 49, 51, 52, 56, 61, 63, 64, 69, 70, 71, 75, 80, 84, 85, 86, 87, 91, 96, 98, 99, 102, 103, 105, 106, 109, 110, 111, 114, 119, 120, 122, 124, 126, 128, 129, 131, 134, 135, 139, 140, 142, 143, 146, 147, 149, 150, 152, 153, 155, 159, 161, 164, 165, 166, 167, 168, 169, 170, 171, 172, 174, 176, 179, 180, 181, 182, 184, 185, 186, 187, 189, 192, 194, 195, 196, 197, 199, 201, 202, 204, 205, 206, 207, 208, 210, 211, 212, 214, 215, 216, 217, 219, 220, 221, 223, 224, 225, 226, 227, 228, 230, 231, 233, 234, 235, 236, 237, 238, 239, 240, 241, 242, 243, 244, 245, 246, 247, 248, 249], [23, 33, 38, 42, 48, 53, 58, 60, 62, 67, 72, 73, 76, 79, 83, 84, 89, 90, 92, 94, 95, 99, 101, 106, 107, 108, 112, 115, 116, 117, 118, 122, 123, 124, 125, 127, 132, 133, 137, 138, 140, 141, 143, 144, 145, 146, 148, 152, 153, 154, 156, 157, 160, 161, 162, 163, 165, 167, 169, 172, 173, 174, 175, 177, 178, 180, 181, 182, 183, 185, 186, 187, 188, 190, 191, 193, 195, 196, 197, 198, 199, 200, 201, 203, 204, 206, 207, 208, 209, 211, 212, 213, 215, 216, 217, 218, 219, 220, 221, 222, 223, 225, 226, 227, 228, 229, 230, 231, 232, 233, 234, 235, 236, 237, 238, 239, 240, 241, 242, 243, 244, 245, 246, 247, 248, 249]!Vessel: FarSearcher
[1, 2, 4, 6, 9, 10, 12, 13, 16, 17, 18, 21, 22, 23, 28, 29, 30, 31, 36, 37, 38, 39, 46, 47, 48, 49, 50, 55, 56, 57, 58, 61, 66, 67, 68, 71, 72, 75, 78, 79, 83, 85, 86, 88, 91, 92, 93, 95, 98, 99, 100, 104, 105, 107, 108, 109, 110, 117, 118, 120, 121, 122, 127, 129, 131, 132, 134, 135, 136, 140, 141, 145, 148, 149, 150, 152, 154, 157, 159, 161, 163, 166, 167, 170, 171, 172, 173, 177, 180, 182, 183, 185, 188, 189, 193, 194, 196, 197, 198, 203, 204, 205, 206, 207, 212, 213, 214, 215, 220, 221, 222, 223, 227, 228, 233, 234, 237, 238, 242], [2, 7, 9, 11, 12, 14, 16, 19, 21, 24, 25, 28, 29, 32, 33, 37, 38, 40, 41, 45, 46, 47, 52, 56, 57, 62, 64, 65, 66, 67, 69, 71, 73, 77, 78, 80, 82, 83, 85, 89, 91, 92, 93, 96, 97, 101, 104, 105, 106, 107, 112, 113, 114, 118, 119, 120, 121, 122, 125, 128, 132, 134, 135, 137, 138, 139, 144, 145, 146, 148, 149, 151, 155, 157, 159, 160, 161, 164, 165, 171, 172, 173, 174, 175, 176, 182, 183, 186, 191, 192, 193, 194, 196, 199, 200, 202, 203, 204, 205, 208, 209, 212, 213, 216, 217, 220, 221, 225, 227, 229, 230, 233, 235, 237, 239, 243, 245], [3, 4, 7, 9, 15, 17, 20, 22, 24, 26, 28, 30, 32, 34, 36, 37, 40, 42, 46, 48, 52, 54, 55, 56, 59, 62, 67, 68, 70, 74, 77, 78, 82, 86, 87, 88, 90, 93, 94, 95, 96, 97, 98, 102, 104, 105, 108, 109, 112, 114, 115, 118, 120, 124, 125, 127, 128, 130, 132, 134, 136, 137, 140, 142, 145, 146, 147, 150, 151, 156, 161, 162, 163, 164, 166, 168, 170, 171, 175, 176, 177, 178, 181, 183, 185, 187, 188, 191, 192, 193, 194, 195, 197, 199, 200, 203, 204, 206, 208, 210, 212, 214, 216, 218, 220, 222, 226, 228, 229, 231, 234, 235, 236, 237, 238, 239, 243, 247], [5, 6, 11, 12, 15, 17, 24, 27, 28, 31, 35, 39, 41, 43, 45, 47, 49, 53, 54, 55, 57, 58, 59, 64, 68, 70, 71, 73, 77, 78, 81, 82, 83, 86, 90, 93, 95, 96, 100, 103, 105, 110, 111, 112, 113, 116, 117, 118, 119, 121, 123, 129, 130, 135, 136, 138, 139, 141, 142, 143, 144, 147, 148, 149, 150, 151, 152, 156, 157, 162, 163, 164, 165, 166, 171, 172, 175, 176, 177, 179, 181, 183, 185, 189, 190, 191, 193, 198, 199, 201, 202, 204, 205, 207, 209, 210, 211, 213, 214, 215, 217, 218, 221, 222, 225, 226, 227, 228, 229, 231, 234, 235, 237, 239, 240, 242, 245, 247], [8, 10, 14, 16, 20, 22, 27, 31, 32, 37, 41, 44, 47, 50, 51, 54, 55, 60, 61, 65, 66, 69, 72, 74, 77, 78, 81, 85, 87, 88, 89, 92, 94, 97, 98, 100, 103, 104, 108, 110, 113, 114, 116, 117, 119, 120, 121, 125, 126, 130, 131, 132, 133, 135, 136, 138, 142, 148, 150, 151, 153, 154, 155, 156, 159, 160, 163, 164, 167, 168, 170, 171, 173, 174, 175, 178, 179, 182, 183, 187, 188, 189, 190, 192, 194, 197, 198, 200, 201, 202, 203, 205, 207, 208, 209, 210, 212, 213, 214, 217, 218, 219, 221, 222, 223, 226, 228, 229, 230, 233, 235, 236, 237, 238, 240, 242, 243, 245, 247], [13, 19, 21, 26, 30, 35, 39, 40, 44, 45, 46, 50, 57, 59, 63, 65, 66, 68, 74, 75, 76, 79, 80, 81, 82, 88, 91, 93, 97, 100, 101, 102, 104, 107, 109, 111, 113, 115, 121, 123, 126, 127, 128, 129, 130, 131, 133, 134, 136, 137, 139, 141, 144, 145, 147, 149, 151, 154, 155, 157, 159, 160, 162, 166, 168, 169, 170, 173, 176, 177, 178, 179, 180, 186, 188, 189, 190, 191, 192, 193, 194, 195, 196, 198, 200, 202, 203, 205, 206, 209, 210, 211, 213, 214, 215, 216, 218, 219, 220, 222, 223, 225, 227, 229, 230, 231, 233, 234, 236, 238, 239, 240, 242, 243, 245, 247], [18, 25, 29, 34, 36, 43, 49, 51, 52, 56, 61, 63, 64, 69, 70, 71, 75, 80, 84, 85, 86, 87, 91, 96, 98, 99, 102, 103, 105, 106, 109, 110, 111, 114, 119, 120, 122, 124, 126, 128, 129, 131, 134, 135, 139, 140, 142, 143, 146, 147, 149, 150, 152, 153, 155, 159, 161, 164, 165, 166, 167, 168, 169, 170, 171, 172, 174, 176, 179, 180, 181, 182, 185, 186, 187, 189, 192, 194, 195, 196, 197, 199, 201, 202, 204, 205, 206, 207, 208, 210, 211, 212, 214, 215, 216, 217, 219, 220, 221, 223, 225, 226, 227, 228, 230, 231, 233, 234, 235, 236, 237, 238, 239, 240, 242, 243, 245, 247], [23, 33, 38, 42, 48, 53, 58, 60, 62, 67, 72, 73, 76, 79, 83, 84, 89, 90, 92, 94, 95, 99, 101, 106, 107, 108, 112, 115, 116, 117, 118, 122, 123, 124, 125, 127, 132, 133, 137, 138, 140, 141, 143, 144, 145, 146, 148, 152, 153, 154, 156, 157, 160, 161, 162, 163, 165, 167, 169, 172, 173, 174, 175, 177, 178, 180, 181, 182, 183, 185, 186, 187, 188, 190, 191, 193, 195, 196, 197, 198, 199, 200, 201, 203, 204, 206, 207, 208, 209, 211, 212, 213, 215, 216, 217, 218, 219, 220, 221, 222, 223, 225, 226, 227, 228, 229, 230, 231, 233, 234, 235, 236, 237, 238, 239, 240, 242, 243, 245, 247]!Vessel: FarSymphony
[1, 2, 4, 6, 9, 10, 12, 13, 16, 17, 18, 21, 22, 23, 28, 29, 30, 31, 36, 37, 38, 39, 46, 47, 48, 49, 50, 55, 56, 57, 58, 61, 66, 67, 68, 71, 72, 75, 78, 79, 83, 85, 86, 88, 91, 92, 93, 95, 98, 99, 100, 104, 105, 107, 108, 109, 110, 117, 118, 120, 121, 122, 127, 129, 131, 132, 134, 135, 136, 140, 141, 145, 148, 149, 150, 152, 154, 157, 158, 159, 161, 163, 166, 167, 170, 171, 172, 173, 177, 180, 182, 183, 184, 185, 188, 189, 193, 194, 196, 197, 198, 203, 204, 205, 206, 207, 212, 213, 214, 215, 220, 221, 222, 223, 227, 228, 233, 234, 237, 238, 241, 242, 244, 246, 248], [2, 7, 9, 11, 12, 14, 16, 19, 21, 24, 25, 28, 29, 32, 33, 37, 38, 40, 41, 45, 46, 47, 52, 56, 57, 62, 64, 65, 66, 67, 69, 71, 73, 77, 78, 80, 82, 83, 85, 89, 91, 92, 93, 96, 97, 101, 104, 105, 106, 107, 112, 113, 114, 118, 119, 120, 121, 122, 125, 128, 132, 134, 135, 137, 138, 139, 144, 145, 146, 148, 149, 151, 155, 157, 158, 159, 160, 161, 164, 165, 171, 172, 173, 174, 175, 176, 182, 183, 184, 186, 191, 192, 193, 194, 196, 199, 200, 202, 203, 204, 205, 208, 209, 212, 213, 216, 217, 220, 221, 224, 225, 227, 229, 230, 233, 235, 237, 239, 241, 243, 244, 245, 246, 249], [3, 4, 7, 9, 15, 17, 20, 22, 24, 26, 28, 30, 32, 34, 36, 37, 40, 42, 46, 48, 52, 54, 55, 56, 59, 62, 67, 68, 70, 74, 77, 78, 82, 86, 87, 88, 90, 93, 94, 95, 96, 97, 98, 102, 104, 105, 108, 109, 112, 114, 115, 118, 120, 124, 125, 127, 128, 130, 132, 134, 136, 137, 140, 142, 145, 146, 147, 150, 151, 156, 158, 161, 162, 163, 164, 166, 168, 170, 171, 175, 176, 177, 178, 181, 183, 184, 185, 187, 188, 191, 192, 193, 194, 195, 197, 199, 200, 203, 204, 206, 208, 210, 212, 214, 216, 218, 220, 222, 224, 226, 228, 229, 231, 234, 235, 236, 237, 238, 239, 241, 243, 244, 247, 248, 249], [5, 6, 11, 12, 15, 17, 24, 27, 28, 31, 35, 39, 41, 43, 45, 47, 49, 53, 54, 55, 57, 58, 59, 64, 68, 70, 71, 73, 77, 78, 81, 82, 83, 86, 90, 93, 95, 96, 100, 103, 105, 110, 111, 112, 113, 116, 117, 118, 119, 121, 123, 129, 130, 135, 136, 138, 139, 141, 142, 143, 144, 147, 148, 149, 150, 151, 152, 156, 157, 158, 162, 163, 164, 165, 166, 171, 172, 175, 176, 177, 179, 181, 183, 184, 185, 189, 190, 191, 193, 198, 199, 201, 202, 204, 205, 207, 209, 210, 211, 213, 214, 215, 217, 218, 221, 222, 224, 225, 226, 227, 228, 229, 231, 234, 235, 237, 239, 240, 241, 242, 245, 246, 247, 248, 249], [8, 10, 14, 16, 20, 22, 27, 31, 32, 37, 41, 44, 47, 50, 51, 54, 55, 60, 61, 65, 66, 69, 72, 74, 77, 78, 81, 85, 87, 88, 89, 92, 94, 97, 98, 100, 103, 104, 108, 110, 113, 114, 116, 117, 119, 120, 121, 125, 126, 130, 131, 132, 133, 135, 136, 138, 142, 148, 150, 151, 153, 154, 155, 156, 158, 159, 160, 163, 164, 167, 168, 170, 171, 173, 174, 175, 178, 179, 182, 183, 187, 188, 189, 190, 192, 194, 197, 198, 200, 201, 202, 203, 205, 207, 208, 209, 210, 212, 213, 214, 217, 218, 219, 221, 222, 223, 224, 226, 228, 229, 230, 233, 235, 236, 237, 238, 240, 242, 243, 244, 245, 246, 247, 248, 249], [13, 19, 21, 26, 30, 35, 39, 40, 44, 45, 46, 50, 57, 59, 63, 65, 66, 68, 74, 75, 76, 79, 80, 81, 82, 88, 91, 93, 97, 100, 101, 102, 104, 107, 109, 111, 113, 115, 121, 123, 126, 127, 128, 129, 130, 131, 133, 134, 136, 137, 139, 141, 144, 145, 147, 149, 151, 154, 155, 157, 158, 159, 160, 162, 166, 168, 169, 170, 173, 176, 177, 178, 179, 180, 184, 186, 188, 189, 190, 191, 192, 193, 194, 195, 196, 198, 200, 202, 203, 205, 206, 209, 210, 211, 213, 214, 215, 216, 218, 219, 220, 222, 223, 224, 225, 227, 229, 230, 231, 233, 234, 236, 238, 239, 240, 241, 242, 243, 244, 245, 246, 247, 248, 249], [18, 25, 29, 34, 36, 43, 49, 51, 52, 56, 61, 63, 64, 69, 70, 71, 75, 80, 84, 85, 86, 87, 91, 96, 98, 99, 102, 103, 105, 106, 109, 110, 111, 114, 119, 120, 122, 124, 126, 128, 129, 131, 134, 135, 139, 140, 142, 143, 146, 147, 149, 150, 152, 153, 155, 159, 161, 164, 165, 166, 167, 168, 169, 170, 171, 172, 174, 176, 179, 180, 181, 182, 184, 185, 186, 187, 189, 192, 194, 195, 196, 197, 199, 201, 202, 204, 205, 206, 207, 208, 210, 211, 212, 214, 215, 216, 217, 219, 220, 221, 223, 224, 225, 226, 227, 228, 230, 231, 233, 234, 235, 236, 237, 238, 239, 240, 241, 242, 243, 244, 245, 246, 247, 248, 249], [23, 33, 38, 42, 48, 53, 58, 60, 62, 67, 72, 73, 76, 79, 83, 84, 89, 90, 92, 94, 95, 99, 101, 106, 107, 108, 112, 115, 116, 117, 118, 122, 123, 124, 125, 127, 132, 133, 137, 138, 140, 141, 143, 144, 145, 146, 148, 152, 153, 154, 156, 157, 160, 161, 162, 163, 165, 167, 169, 172, 173, 174, 175, 177, 178, 180, 181, 182, 183, 185, 186, 187, 188, 190, 191, 193, 195, 196, 197, 198, 199, 200, 201, 203, 204, 206, 207, 208, 209, 211, 212, 213, 215, 216, 217, 218, 219, 220, 221, 222, 223, 225, 226, 227, 228, 229, 230, 231, 233, 234, 235, 236, 237, 238, 239, 240, 241, 242, 243, 244, 245, 246, 247, 248, 249]!Vessel: HavilaForesight
[1, 2, 4, 6, 9, 10, 12, 13, 16, 17, 18, 21, 22, 23, 28, 29, 30, 31, 36, 37, 38, 39, 46, 47, 48, 49, 50, 55, 56, 57, 58, 61, 66, 67, 68, 71, 72, 75, 78, 79, 83, 85, 86, 88, 91, 92, 93, 95, 98, 99, 100, 104, 105, 107, 108, 109, 110, 117, 118, 120, 121, 122, 127, 129, 131, 132, 134, 135, 136, 140, 141, 145, 148, 149, 150, 152, 154, 157, 159, 161, 163, 166, 167, 170, 171, 172, 173, 177, 180, 182, 183, 185, 188, 189, 196, 197, 198, 203, 204, 206, 207, 212, 213, 215, 220, 221, 223, 227, 228, 233, 234, 237, 238, 242], [2, 7, 9, 11, 12, 14, 16, 19, 21, 24, 25, 28, 29, 32, 33, 37, 38, 40, 41, 45, 46, 47, 52, 56, 57, 62, 64, 65, 66, 67, 69, 71, 73, 77, 78, 80, 82, 83, 85, 89, 91, 92, 93, 96, 97, 101, 104, 105, 106, 107, 112, 113, 114, 118, 119, 120, 121, 122, 125, 128, 132, 134, 135, 137, 138, 139, 144, 145, 146, 148, 149, 151, 155, 157, 159, 160, 161, 164, 165, 171, 172, 173, 174, 175, 176, 182, 183, 186, 191, 192, 196, 199, 200, 202, 203, 204, 208, 209, 212, 213, 216, 217, 220, 221, 225, 227, 230, 233, 235, 237, 243, 245], [3, 4, 7, 9, 15, 17, 20, 22, 24, 26, 28, 30, 32, 34, 36, 37, 40, 42, 46, 48, 52, 54, 55, 56, 59, 62, 67, 68, 70, 74, 77, 78, 82, 86, 87, 88, 90, 93, 94, 95, 96, 97, 98, 102, 104, 105, 108, 109, 112, 114, 115, 118, 120, 124, 125, 127, 128, 130, 132, 134, 136, 137, 140, 142, 145, 146, 147, 150, 151, 156, 161, 162, 163, 164, 166, 168, 170, 171, 175, 176, 177, 178, 181, 183, 185, 187, 188, 191, 192, 195, 197, 199, 200, 203, 204, 206, 208, 210, 212, 216, 218, 220, 226, 228, 231, 234, 235, 236, 237, 238, 243, 247], [5, 6, 11, 12, 15, 17, 24, 27, 28, 31, 35, 39, 41, 43, 45, 47, 49, 53, 54, 55, 57, 58, 59, 64, 68, 70, 71, 73, 77, 78, 81, 82, 83, 86, 90, 93, 95, 96, 100, 103, 105, 110, 111, 112, 113, 116, 117, 118, 119, 121, 123, 129, 130, 135, 136, 138, 139, 141, 142, 143, 144, 147, 148, 149, 150, 151, 152, 156, 157, 162, 163, 164, 165, 166, 171, 172, 175, 176, 177, 179, 181, 183, 185, 189, 190, 191, 198, 199, 201, 202, 204, 207, 209, 210, 211, 213, 215, 217, 218, 221, 225, 226, 227, 228, 231, 234, 235, 237, 240, 242, 245, 247], [8, 10, 14, 16, 20, 22, 27, 31, 32, 37, 41, 44, 47, 50, 51, 54, 55, 60, 61, 65, 66, 69, 72, 74, 77, 78, 81, 85, 87, 88, 89, 92, 94, 97, 98, 100, 103, 104, 108, 110, 113, 114, 116, 117, 119, 120, 121, 125, 126, 130, 131, 132, 133, 135, 136, 138, 142, 148, 150, 151, 153, 154, 155, 156, 159, 160, 163, 164, 167, 168, 170, 171, 173, 174, 175, 178, 179, 182, 183, 187, 188, 189, 190, 192, 197, 198, 200, 201, 202, 203, 207, 208, 209, 210, 212, 213, 217, 218, 219, 221, 223, 226, 228, 230, 233, 235, 236, 237, 238, 240, 242, 243, 245, 247], [13, 19, 21, 26, 30, 35, 39, 40, 44, 45, 46, 50, 57, 59, 63, 65, 66, 68, 74, 75, 76, 79, 80, 81, 82, 88, 91, 93, 97, 100, 101, 102, 104, 107, 109, 111, 113, 115, 121, 123, 126, 127, 128, 129, 130, 131, 133, 134, 136, 137, 139, 141, 144, 145, 147, 149, 151, 154, 155, 157, 159, 160, 162, 166, 168, 169, 170, 173, 176, 177, 178, 179, 180, 186, 188, 189, 190, 191, 192, 195, 196, 198, 200, 202, 203, 206, 209, 210, 211, 213, 215, 216, 218, 219, 220, 223, 225, 227, 230, 231, 233, 234, 236, 238, 240, 242, 243, 245, 247], [18, 25, 29, 34, 36, 43, 49, 51, 52, 56, 61, 63, 64, 69, 70, 71, 75, 80, 84, 85, 86, 87, 91, 96, 98, 99, 102, 103, 105, 106, 109, 110, 111, 114, 119, 120, 122, 124, 126, 128, 129, 131, 134, 135, 139, 140, 142, 143, 146, 147, 149, 150, 152, 153, 155, 159, 161, 164, 165, 166, 167, 168, 169, 170, 171, 172, 174, 176, 179, 180, 181, 182, 185, 186, 187, 189, 192, 195, 196, 197, 199, 201, 202, 204, 206, 207, 208, 210, 211, 212, 215, 216, 217, 219, 220, 221, 223, 225, 226, 227, 228, 230, 231, 233, 234, 235, 236, 237, 238, 240, 242, 243, 245, 247], [23, 33, 38, 42, 48, 53, 58, 60, 62, 67, 72, 73, 76, 79, 83, 84, 89, 90, 92, 94, 95, 99, 101, 106, 107, 108, 112, 115, 116, 117, 118, 122, 123, 124, 125, 127, 132, 133, 137, 138, 140, 141, 143, 144, 145, 146, 148, 152, 153, 154, 156, 157, 160, 161, 162, 163, 165, 167, 169, 172, 173, 174, 175, 177, 178, 180, 181, 182, 183, 185, 186, 187, 188, 190, 191, 195, 196, 197, 198, 199, 200, 201, 203, 204, 206, 207, 208, 209, 211, 212, 213, 215, 216, 217, 218, 219, 220, 221, 223, 225, 226, 227, 228, 230, 231, 233, 234, 235, 236, 237, 238, 240, 242, 243, 245, 247]!Vessel: FarStar
] 

Rvl : [
!l : 2, 3
[1, 2, 3, 4, 5, 6, 7, 8, 9, 10, 11, 12, 13, 14, 15, 16, 18, 19, 20, 21, 22, 23, 24, 25, 26, 27, 29, 30, 32, 33, 34, 35, 36, 37, 38, 39, 40, 42, 43, 44, 45, 46, 48, 49, 50, 51, 52, 53, 56, 58, 59, 60, 61, 62, 63, 64, 65, 66, 67, 69, 70, 72, 73, 74, 75, 76, 79, 80, 81, 84, 85, 87, 88, 89, 90, 91, 92, 94, 97, 98, 99, 101, 102, 103, 106, 107, 108, 109, 111, 114, 115, 116, 122, 123, 124, 125, 126, 127, 128, 131, 133, 134, 137, 140, 143, 145, 146, 153, 154, 155, 160, 161, 167, 168, 169, 174, 178, 180, 186, 187, 195, 196, 206, 216, 219, 220], [17, 28, 31, 41, 47, 54, 55, 57, 68, 71, 77, 78, 82, 83, 86, 93, 95, 96, 100, 104, 105, 110, 112, 113, 117, 118, 119, 120, 121, 129, 130, 132, 135, 136, 138, 139, 141, 142, 144, 147, 148, 149, 150, 151, 152, 156, 157, 158, 159, 162, 163, 164, 165, 166, 170, 171, 172, 173, 175, 176, 177, 179, 181, 182, 183, 184, 185, 188, 189, 190, 191, 192, 193, 194, 197, 198, 199, 200, 201, 202, 203, 204, 205, 207, 208, 209, 210, 211, 212, 213, 214, 215, 217, 218, 221, 222, 223, 224, 225, 226, 227, 228, 229, 230, 231, 232, 233, 234, 235, 236, 237, 238, 239, 240, 241, 242, 243, 244, 245, 246, 247, 248, 249]!Vessel: FarSeeker
[1, 2, 3, 4, 5, 6, 7, 8, 9, 10, 11, 12, 13, 14, 15, 16, 18, 19, 20, 21, 22, 23, 24, 25, 26, 27, 29, 30, 32, 33, 34, 35, 36, 37, 38, 39, 40, 42, 43, 44, 45, 46, 48, 49, 50, 51, 52, 53, 56, 58, 59, 60, 61, 62, 63, 64, 65, 66, 67, 69, 70, 72, 73, 74, 75, 76, 79, 80, 81, 84, 85, 87, 88, 89, 90, 91, 92, 94, 97, 98, 99, 101, 102, 103, 106, 107, 108, 109, 111, 114, 115, 116, 122, 123, 124, 125, 126, 127, 128, 131, 133, 134, 137, 140, 143, 145, 146, 153, 154, 155, 160, 161, 167, 168, 169, 174, 178, 180, 186, 187, 195, 196, 206, 216, 219, 220], [17, 28, 31, 41, 47, 54, 55, 57, 68, 71, 77, 78, 82, 83, 86, 93, 95, 96, 100, 104, 105, 110, 112, 113, 117, 118, 119, 120, 121, 129, 130, 132, 135, 136, 138, 139, 141, 142, 144, 147, 148, 149, 150, 151, 152, 156, 157, 158, 159, 162, 163, 164, 165, 166, 170, 171, 172, 173, 175, 176, 177, 179, 181, 182, 183, 184, 185, 188, 189, 190, 191, 192, 193, 194, 197, 198, 199, 200, 201, 202, 203, 204, 205, 207, 208, 209, 210, 211, 212, 213, 214, 215, 217, 218, 221, 222, 223, 224, 225, 226, 227, 228, 229, 230, 231, 232, 233, 234, 235, 236, 237, 238, 239, 240, 241, 242, 243, 244, 245, 246, 247, 248, 249]!Vessel: FarSearcher
[1, 2, 3, 4, 5, 6, 7, 8, 9, 10, 11, 12, 13, 14, 15, 16, 18, 19, 20, 21, 22, 23, 24, 25, 26, 27, 29, 30, 32, 33, 34, 35, 36, 37, 38, 39, 40, 42, 43, 44, 45, 46, 48, 49, 50, 51, 52, 53, 56, 58, 59, 60, 61, 62, 63, 64, 65, 66, 67, 69, 70, 72, 73, 74, 75, 76, 79, 80, 81, 84, 85, 87, 88, 89, 90, 91, 92, 94, 97, 98, 99, 101, 102, 103, 106, 107, 108, 109, 111, 114, 115, 116, 122, 123, 124, 125, 126, 127, 128, 131, 133, 134, 137, 140, 143, 145, 146, 153, 154, 155, 160, 161, 167, 168, 169, 174, 178, 180, 186, 187, 195, 196, 206, 216, 219, 220], [17, 28, 31, 41, 47, 54, 55, 57, 68, 71, 77, 78, 82, 83, 86, 93, 95, 96, 100, 104, 105, 110, 112, 113, 117, 118, 119, 120, 121, 129, 130, 132, 135, 136, 138, 139, 141, 142, 144, 147, 148, 149, 150, 151, 152, 156, 157, 159, 162, 163, 164, 165, 166, 170, 171, 172, 173, 175, 176, 177, 179, 181, 182, 183, 185, 188, 189, 190, 191, 192, 193, 194, 197, 198, 199, 200, 201, 202, 203, 204, 205, 207, 208, 209, 210, 211, 212, 213, 214, 215, 217, 218, 221, 222, 223, 225, 226, 227, 228, 229, 230, 231, 233, 234, 235, 236, 237, 238, 239, 240, 242, 243, 245, 247]!Vessel: FarSymphony
[1, 2, 3, 4, 5, 6, 7, 8, 9, 10, 11, 12, 13, 14, 15, 16, 18, 19, 20, 21, 22, 23, 24, 25, 26, 27, 29, 30, 32, 33, 34, 35, 36, 37, 38, 39, 40, 42, 43, 44, 45, 46, 48, 49, 50, 51, 52, 53, 56, 58, 59, 60, 61, 62, 63, 64, 65, 66, 67, 69, 70, 72, 73, 74, 75, 76, 79, 80, 81, 84, 85, 87, 88, 89, 90, 91, 92, 94, 97, 98, 99, 101, 102, 103, 106, 107, 108, 109, 111, 114, 115, 116, 122, 123, 124, 125, 126, 127, 128, 131, 133, 134, 137, 140, 143, 145, 146, 153, 154, 155, 160, 161, 167, 168, 169, 174, 178, 180, 186, 187, 195, 196, 206, 216, 219, 220], [17, 28, 31, 41, 47, 54, 55, 57, 68, 71, 77, 78, 82, 83, 86, 93, 95, 96, 100, 104, 105, 110, 112, 113, 117, 118, 119, 120, 121, 129, 130, 132, 135, 136, 138, 139, 141, 142, 144, 147, 148, 149, 150, 151, 152, 156, 157, 158, 159, 162, 163, 164, 165, 166, 170, 171, 172, 173, 175, 176, 177, 179, 181, 182, 183, 184, 185, 188, 189, 190, 191, 192, 193, 194, 197, 198, 199, 200, 201, 202, 203, 204, 205, 207, 208, 209, 210, 211, 212, 213, 214, 215, 217, 218, 221, 222, 223, 224, 225, 226, 227, 228, 229, 230, 231, 233, 234, 235, 236, 237, 238, 239, 240, 241, 242, 243, 244, 245, 246, 247, 248, 249]!Vessel: HavilaForesight
[1, 2, 3, 4, 5, 6, 7, 8, 9, 10, 11, 12, 13, 14, 15, 16, 18, 19, 20, 21, 22, 23, 24, 25, 26, 27, 29, 30, 32, 33, 34, 35, 36, 37, 38, 39, 40, 42, 43, 44, 45, 46, 48, 49, 50, 51, 52, 53, 56, 58, 59, 60, 61, 62, 63, 64, 65, 66, 67, 69, 70, 72, 73, 74, 75, 76, 79, 80, 81, 84, 85, 87, 88, 89, 90, 91, 92, 94, 97, 98, 99, 101, 102, 103, 106, 107, 108, 109, 111, 114, 115, 116, 122, 123, 124, 125, 126, 127, 128, 131, 133, 134, 137, 140, 143, 145, 146, 153, 154, 155, 160, 161, 167, 168, 169, 174, 178, 180, 186, 187, 195, 196, 206, 216, 219, 220], [17, 28, 31, 41, 47, 54, 55, 57, 68, 71, 77, 78, 82, 83, 86, 93, 95, 96, 100, 104, 105, 110, 112, 113, 117, 118, 119, 120, 121, 129, 130, 132, 135, 136, 138, 139, 141, 142, 144, 147, 148, 149, 150, 151, 152, 156, 157, 159, 162, 163, 164, 165, 166, 170, 171, 172, 173, 175, 176, 177, 179, 181, 182, 183, 185, 188, 189, 190, 191, 192, 197, 198, 199, 200, 201, 202, 203, 204, 207, 208, 209, 210, 211, 212, 213, 215, 217, 218, 221, 223, 225, 226, 227, 228, 230, 231, 233, 234, 235, 236, 237, 238, 240, 242, 243, 245, 247]!Vessel: FarStar
] 

minF : 2
maxF : 6
Nf : [
!f : 2, 3, 4, 5, 6
[5, 6], [], [], [2, 3, 4, 7], [1, 8]
]

! Parameters
VoyageCost: [37970, 44429, 39085, 45544, 64838, 73722, 43120, 53931, 49580, 62814, 73722, 80181, 42817, 62814, 74837, 69274, 81296, 43726, 40394, 63929, 49277, 70389, 43120, 78872, 38879, 43932, 72716, 85332, 50186, 50392, 81599, 67965, 38273, 42418, 72110, 48877, 74425, 49580, 78569, 47968, 81599, 44235, 73019, 61202, 78569, 54428, 88059, 50695, 79478, 67662, 62111, 46453, 72413, 82714, 89174, 55337, 85029, 78872, 79684, 61505, 68571, 48271, 39691, 79478, 67662, 74122, 54731, 86144, 68571, 78169, 85938, 67965, 78872, 68777, 48574, 41509, 86750, 93210, 47968, 46150, 79987, 86144, 85332, 37570, 75031, 84629, 67262, 75237, 67965, 79987, 55034, 74425, 92604, 69080, 86447, 84629, 75237, 73722, 48877, 86447, 45544, 47265, 80896, 81696, 91089, 44029, 54428, 75540, 53725, 87356, 77867, 84023, 86447, 73722, 49083, 80290, 86750, 90483, 87356, 80181, 92907, 55337, 79684, 47568, 73116, 66959, 55543, 53725, 84326, 87562, 73419, 79575, 68777, 60184, 93816, 94022, 53119, 86750, 84326, 54028, 86144, 86047, 78169, 83720, 59578, 51604, 85441, 93210, 90786, 92507, 94022, 84629, 67262, 75237, 73419, 87865, 90180, 100481, 79878, 72813, 60487, 87259, 94325, 92507, 84629, 91901, 73722, 74534, 44841, 80993, 98966, 91089, 79272, 73722, 91901, 91901, 93719, 76352, 85744, 53725, 83320, 80181, 98360, 98360, 89780, 51301, 72413, 82811, 92204, 87562, 91295, 80993, 97754, 87453, 52416, 60184, 78872, 94022, 89780, 80387, 86047, 92204, 86847, 96239, 98663, 58876, 92507, 78872, 91598, 93319, 83017, 85332, 98057, 99778, 89477, 58876, 92507, 95137, 72110, 65335, 98966, 101596, 78569, 99778, 89477, 91198, 95936, 97657, 99172, 78569, 90592, 105632, 85029, 97051, 97657, 79684, 104117, 86144, 97051, 90895, 103511, 97354, 86144, 92604, 97354, 103814, 98469, 104929, 104929]
VoyageDuration: [2, 2, 2, 2, 2, 2, 2, 2, 2, 2, 2, 2, 2, 2, 2, 2, 3, 2, 2, 2, 2, 2, 2, 2, 2, 2, 2, 3, 2, 2, 3, 2, 2, 2, 2, 2, 2, 2, 2, 2, 3, 2, 2, 2, 2, 2, 3, 2, 2, 2, 2, 2, 2, 3, 3, 2, 3, 2, 2, 2, 2, 2, 2, 2, 2, 2, 2, 3, 2, 2, 3, 2, 2, 2, 2, 2, 3, 3, 2, 2, 2, 3, 3, 2, 2, 3, 2, 2, 2, 2, 2, 2, 3, 2, 3, 3, 2, 2, 2, 3, 2, 2, 2, 3, 3, 2, 2, 2, 2, 3, 2, 3, 3, 2, 2, 2, 3, 3, 3, 3, 3, 2, 2, 2, 2, 2, 2, 2, 3, 3, 2, 3, 2, 2, 3, 3, 2, 3, 3, 2, 3, 3, 2, 3, 2, 2, 3, 3, 3, 3, 3, 3, 2, 2, 2, 3, 3, 3, 3, 2, 2, 3, 3, 3, 3, 3, 2, 2, 2, 3, 3, 3, 3, 2, 3, 3, 3, 2, 3, 2, 3, 3, 3, 3, 3, 2, 2, 3, 3, 3, 3, 3, 3, 3, 2, 2, 3, 3, 3, 3, 3, 3, 3, 3, 3, 2, 3, 3, 3, 3, 3, 3, 3, 3, 3, 2, 3, 3, 2, 2, 3, 3, 3, 3, 3, 3, 3, 3, 3, 3, 3, 3, 3, 3, 3, 3, 3, 3, 3, 3, 3, 3, 3, 3, 3, 3, 3, 3, 3]
TimeCharterCost: [120000, 125000, 130000, 110000, 104000]
RequiredVisits: [6, 5, 5, 5, 2, 2, 5, 6]
NumberOfDaysAvailable: [7, 7, 7, 7, 7]
DepotCapacity: [3, 3, 3, 3, 3, 3, 3]
