!Summary:
!Execution time: 0,40 seconds
!Total # voyages: 308 (62 unique)
!Number of installations (excluding depot): 6
!Number of time windows: 2
!Number of vessels: 5

!Min. # installations: 1
!Max. number of installations: 8
!Min. duration: 56
!Max. duration: 80

!Name: FarStar	 # voyages: 61
!Name: HavilaForesight	 # voyages: 62
!Name: FarSearcher	 # voyages: 62
!Name: FarSeeker	 # voyages: 62
!Name: FarSymphony	 # voyages: 61
!------------------------------------------------------------------------------------------------------------------------
nV : 5
nR : 62
nN : 6
nT : 7
minL : 2
maxL : 3

! Sets: 
Rv : [
[1, 2, 3, 4, 5, 6, 7, 8, 9, 10, 11, 12, 13, 14, 15, 16, 17, 18, 19, 20, 21, 22, 23, 24, 25, 26, 27, 28, 29, 30, 31, 32, 33, 34, 35, 36, 37, 38, 39, 40, 41, 42, 43, 44, 45, 46, 47, 48, 49, 50, 51, 52, 53, 54, 55, 56, 57, 58, 59, 60, 61, 62]!Vessel: FarSeeker
[1, 2, 3, 4, 5, 6, 7, 8, 9, 10, 11, 12, 13, 14, 15, 16, 17, 18, 19, 20, 21, 22, 23, 24, 25, 26, 27, 28, 29, 30, 31, 32, 33, 34, 35, 36, 37, 38, 39, 40, 41, 42, 43, 44, 45, 46, 47, 48, 49, 50, 51, 52, 53, 54, 55, 56, 57, 58, 59, 60, 61, 62]!Vessel: FarSearcher
[1, 2, 3, 4, 5, 6, 7, 8, 9, 10, 11, 12, 13, 14, 15, 16, 17, 18, 19, 20, 21, 22, 23, 24, 25, 26, 27, 28, 29, 30, 31, 32, 33, 34, 35, 36, 37, 38, 39, 40, 41, 42, 43, 44, 45, 46, 47, 48, 49, 50, 51, 52, 53, 54, 55, 56, 57, 58, 59, 60, 61]!Vessel: FarSymphony
[1, 2, 3, 4, 5, 6, 7, 8, 9, 10, 11, 12, 13, 14, 15, 16, 17, 18, 19, 20, 21, 22, 23, 24, 25, 26, 27, 28, 29, 30, 31, 32, 33, 34, 35, 36, 37, 38, 39, 40, 41, 42, 43, 44, 45, 46, 47, 48, 49, 50, 51, 52, 53, 54, 55, 56, 57, 58, 59, 60, 61, 62]!Vessel: HavilaForesight
[1, 2, 3, 4, 5, 6, 7, 8, 9, 10, 11, 12, 13, 14, 15, 16, 17, 18, 19, 20, 21, 22, 23, 24, 25, 26, 27, 28, 29, 30, 31, 32, 33, 34, 35, 36, 37, 38, 39, 40, 41, 42, 43, 44, 45, 46, 47, 48, 49, 50, 51, 52, 53, 54, 55, 56, 57, 58, 59, 60, 61]!Vessel: FarStar
] 

Rvi : [
!i : 1, 2, 3, 4, 5, 6
[1, 2, 4, 6, 9, 10, 13, 14, 17, 18, 21, 22, 26, 27, 28, 31, 32, 36, 37, 38, 41, 42, 45, 46, 49, 50, 53, 54, 56, 58, 60, 62], [2, 7, 9, 11, 13, 15, 17, 19, 21, 23, 26, 29, 31, 33, 34, 36, 37, 39, 41, 43, 45, 47, 49, 51, 53, 55, 56, 57, 58, 61, 62], [3, 4, 7, 9, 16, 18, 20, 22, 23, 24, 26, 27, 29, 31, 33, 36, 40, 42, 44, 46, 47, 48, 49, 50, 51, 53, 55, 56, 59, 60, 61, 62], [5, 6, 11, 13, 16, 18, 23, 25, 26, 28, 30, 32, 34, 37, 39, 40, 41, 42, 44, 46, 47, 49, 51, 52, 53, 54, 57, 58, 59, 60, 61, 62], [8, 10, 15, 17, 20, 22, 25, 28, 29, 31, 34, 35, 37, 38, 40, 42, 43, 45, 47, 48, 49, 50, 52, 54, 55, 56, 57, 58, 59, 60, 61, 62], [12, 14, 19, 21, 24, 27, 30, 32, 33, 35, 36, 38, 39, 41, 43, 44, 45, 46, 48, 50, 51, 52, 53, 54, 55, 56, 57, 58, 59, 60, 61, 62]!Vessel: FarSeeker
[1, 2, 4, 6, 9, 10, 13, 14, 17, 18, 21, 22, 26, 27, 28, 31, 32, 36, 37, 38, 41, 42, 45, 46, 49, 50, 53, 54, 56, 58, 60, 62], [2, 7, 9, 11, 13, 15, 17, 19, 21, 23, 26, 29, 31, 33, 34, 36, 37, 39, 41, 43, 45, 47, 49, 51, 53, 55, 56, 57, 58, 61, 62], [3, 4, 7, 9, 16, 18, 20, 22, 23, 24, 26, 27, 29, 31, 33, 36, 40, 42, 44, 46, 47, 48, 49, 50, 51, 53, 55, 56, 59, 60, 61, 62], [5, 6, 11, 13, 16, 18, 23, 25, 26, 28, 30, 32, 34, 37, 39, 40, 41, 42, 44, 46, 47, 49, 51, 52, 53, 54, 57, 58, 59, 60, 61, 62], [8, 10, 15, 17, 20, 22, 25, 28, 29, 31, 34, 35, 37, 38, 40, 42, 43, 45, 47, 48, 49, 50, 52, 54, 55, 56, 57, 58, 59, 60, 61, 62], [12, 14, 19, 21, 24, 27, 30, 32, 33, 35, 36, 38, 39, 41, 43, 44, 45, 46, 48, 50, 51, 52, 53, 54, 55, 56, 57, 58, 59, 60, 61, 62]!Vessel: FarSearcher
[1, 2, 4, 6, 9, 10, 13, 14, 17, 18, 21, 22, 26, 27, 28, 31, 32, 36, 37, 38, 41, 42, 45, 46, 49, 50, 53, 54, 56, 58, 60], [2, 7, 9, 11, 13, 15, 17, 19, 21, 23, 26, 29, 31, 33, 34, 36, 37, 39, 41, 43, 45, 47, 49, 51, 53, 55, 56, 57, 58, 61], [3, 4, 7, 9, 16, 18, 20, 22, 23, 24, 26, 27, 29, 31, 33, 36, 40, 42, 44, 46, 47, 48, 49, 50, 51, 53, 55, 56, 59, 60, 61], [5, 6, 11, 13, 16, 18, 23, 25, 26, 28, 30, 32, 34, 37, 39, 40, 41, 42, 44, 46, 47, 49, 51, 52, 53, 54, 57, 58, 59, 60, 61], [8, 10, 15, 17, 20, 22, 25, 28, 29, 31, 34, 35, 37, 38, 40, 42, 43, 45, 47, 48, 49, 50, 52, 54, 55, 56, 57, 58, 59, 60, 61], [12, 14, 19, 21, 24, 27, 30, 32, 33, 35, 36, 38, 39, 41, 43, 44, 45, 46, 48, 50, 51, 52, 53, 54, 55, 56, 57, 58, 59, 60, 61]!Vessel: FarSymphony
[1, 2, 4, 6, 9, 10, 13, 14, 17, 18, 21, 22, 26, 27, 28, 31, 32, 36, 37, 38, 41, 42, 45, 46, 49, 50, 53, 54, 56, 58, 60, 62], [2, 7, 9, 11, 13, 15, 17, 19, 21, 23, 26, 29, 31, 33, 34, 36, 37, 39, 41, 43, 45, 47, 49, 51, 53, 55, 56, 57, 58, 61, 62], [3, 4, 7, 9, 16, 18, 20, 22, 23, 24, 26, 27, 29, 31, 33, 36, 40, 42, 44, 46, 47, 48, 49, 50, 51, 53, 55, 56, 59, 60, 61, 62], [5, 6, 11, 13, 16, 18, 23, 25, 26, 28, 30, 32, 34, 37, 39, 40, 41, 42, 44, 46, 47, 49, 51, 52, 53, 54, 57, 58, 59, 60, 61, 62], [8, 10, 15, 17, 20, 22, 25, 28, 29, 31, 34, 35, 37, 38, 40, 42, 43, 45, 47, 48, 49, 50, 52, 54, 55, 56, 57, 58, 59, 60, 61, 62], [12, 14, 19, 21, 24, 27, 30, 32, 33, 35, 36, 38, 39, 41, 43, 44, 45, 46, 48, 50, 51, 52, 53, 54, 55, 56, 57, 58, 59, 60, 61, 62]!Vessel: HavilaForesight
[1, 2, 4, 6, 9, 10, 13, 14, 17, 18, 21, 22, 26, 27, 28, 31, 32, 36, 37, 38, 41, 42, 45, 46, 49, 50, 53, 54, 56, 58, 60], [2, 7, 9, 11, 13, 15, 17, 19, 21, 23, 26, 29, 31, 33, 34, 36, 37, 39, 41, 43, 45, 47, 49, 51, 53, 55, 56, 57, 58, 61], [3, 4, 7, 9, 16, 18, 20, 22, 23, 24, 26, 27, 29, 31, 33, 36, 40, 42, 44, 46, 47, 48, 49, 50, 51, 53, 55, 56, 59, 60, 61], [5, 6, 11, 13, 16, 18, 23, 25, 26, 28, 30, 32, 34, 37, 39, 40, 41, 42, 44, 46, 47, 49, 51, 52, 53, 54, 57, 58, 59, 60, 61], [8, 10, 15, 17, 20, 22, 25, 28, 29, 31, 34, 35, 37, 38, 40, 42, 43, 45, 47, 48, 49, 50, 52, 54, 55, 56, 57, 58, 59, 60, 61], [12, 14, 19, 21, 24, 27, 30, 32, 33, 35, 36, 38, 39, 41, 43, 44, 45, 46, 48, 50, 51, 52, 53, 54, 55, 56, 57, 58, 59, 60, 61]!Vessel: FarStar
] 

Rvl : [
!l : 2, 3
[1, 2, 3, 4, 5, 6, 7, 8, 9, 10, 11, 12, 13, 14, 15, 16, 17, 19, 20, 21, 22, 23, 24, 25, 27, 29, 30, 31, 32, 33, 35, 36, 38, 39, 43, 45, 48, 55], [18, 26, 28, 34, 37, 40, 41, 42, 44, 46, 47, 49, 50, 51, 52, 53, 54, 56, 57, 58, 59, 60, 61, 62]!Vessel: FarSeeker
[1, 2, 3, 4, 5, 6, 7, 8, 9, 10, 11, 12, 13, 14, 15, 16, 17, 19, 20, 21, 22, 23, 24, 25, 27, 29, 30, 31, 32, 33, 35, 36, 38, 39, 43, 45, 48, 55], [18, 26, 28, 34, 37, 40, 41, 42, 44, 46, 47, 49, 50, 51, 52, 53, 54, 56, 57, 58, 59, 60, 61, 62]!Vessel: FarSearcher
[1, 2, 3, 4, 5, 6, 7, 8, 9, 10, 11, 12, 13, 14, 15, 16, 17, 19, 20, 21, 22, 23, 24, 25, 27, 29, 30, 31, 32, 33, 35, 36, 38, 39, 43, 45, 48, 55], [18, 26, 28, 34, 37, 40, 41, 42, 44, 46, 47, 49, 50, 51, 52, 53, 54, 56, 57, 58, 59, 60, 61]!Vessel: FarSymphony
[1, 2, 3, 4, 5, 6, 7, 8, 9, 10, 11, 12, 13, 14, 15, 16, 17, 19, 20, 21, 22, 23, 24, 25, 27, 29, 30, 31, 32, 33, 35, 36, 38, 39, 43, 45, 48, 55], [18, 26, 28, 34, 37, 40, 41, 42, 44, 46, 47, 49, 50, 51, 52, 53, 54, 56, 57, 58, 59, 60, 61, 62]!Vessel: HavilaForesight
[1, 2, 3, 4, 5, 6, 7, 8, 9, 10, 11, 12, 13, 14, 15, 16, 17, 19, 20, 21, 22, 23, 24, 25, 27, 29, 30, 31, 32, 33, 35, 36, 38, 39, 43, 45, 48, 55], [18, 26, 28, 34, 37, 40, 41, 42, 44, 46, 47, 49, 50, 51, 52, 53, 54, 56, 57, 58, 59, 60, 61]!Vessel: FarStar
] 

minF : 2
maxF : 6
Nf : [
!f : 2, 3, 4, 5, 6
[5, 6], [], [], [2, 3, 4], [1]
]

! Parameters
VoyageCost: [37970, 44429, 39085, 45544, 64838, 73722, 43120, 59991, 49580, 62814, 73722, 42418, 80181, 47265, 62814, 74837, 69274, 81296, 46053, 63929, 49277, 70389, 78872, 47265, 72716, 85332, 50392, 81599, 67965, 72110, 74425, 80993, 47968, 81599, 67262, 54428, 88059, 70086, 78569, 82714, 87453, 89174, 70086, 82108, 76545, 88568, 86750, 71201, 93210, 77660, 86144, 88471, 92604, 92107, 75237, 84120, 92107, 95330, 92107, 94022, 94022, 100481]
VoyageDuration: [2, 2, 2, 2, 2, 2, 2, 2, 2, 2, 2, 2, 2, 2, 2, 2, 2, 3, 2, 2, 2, 2, 2, 2, 2, 3, 2, 3, 2, 2, 2, 2, 2, 3, 2, 2, 3, 2, 2, 3, 3, 3, 2, 3, 2, 3, 3, 2, 3, 3, 3, 3, 3, 3, 2, 3, 3, 3, 3, 3, 3, 3]
TimeCharterCost: [120000, 125000, 130000, 110000, 104000]
RequiredVisits: [6, 5, 5, 5, 2, 2]
NumberOfDaysAvailable: [7, 7, 7, 7, 7]
DepotCapacity: [3, 3, 3, 3, 3, 3, 3]
