!Summary:
!Execution time: 0,84 seconds
!Total # voyages: 1224 (250 unique)
!Number of installations (excluding depot): 8
!Number of time windows: 2
!Number of vessels: 5

!Min. # installations: 1
!Max. number of installations: 8
!Min. duration: 56
!Max. duration: 80

!Name: HavilaForesight	 # voyages: 249
!Name: FarSymphony	 # voyages: 241
!Name: FarSeeker	 # voyages: 250
!Name: FarSearcher	 # voyages: 250
!Name: FarStar	 # voyages: 234
!------------------------------------------------------------------------------------------------------------------------
nV : 5
nR : 250
nN : 8
nT : 7
minL : 2
maxL : 3

! Sets: 
Rv : [
[1, 2, 3, 4, 5, 6, 7, 8, 9, 10, 11, 12, 13, 14, 15, 16, 17, 18, 19, 20, 21, 22, 23, 24, 25, 26, 27, 28, 29, 30, 31, 32, 33, 34, 35, 36, 37, 38, 39, 40, 41, 42, 43, 44, 45, 46, 47, 48, 49, 50, 51, 52, 53, 54, 55, 56, 57, 58, 59, 60, 61, 62, 63, 64, 65, 66, 67, 68, 69, 70, 71, 72, 73, 74, 75, 76, 77, 78, 79, 80, 81, 82, 83, 84, 85, 86, 87, 88, 89, 90, 91, 92, 93, 94, 95, 96, 97, 98, 99, 100, 101, 102, 103, 104, 105, 106, 107, 108, 109, 110, 111, 112, 113, 114, 115, 116, 117, 118, 119, 120, 121, 122, 123, 124, 125, 126, 127, 128, 129, 130, 131, 132, 133, 134, 135, 136, 137, 138, 139, 140, 141, 142, 143, 144, 145, 146, 147, 148, 149, 150, 151, 152, 153, 154, 155, 156, 157, 158, 159, 160, 161, 162, 163, 164, 165, 166, 167, 168, 169, 170, 171, 172, 173, 174, 175, 176, 177, 178, 179, 180, 181, 182, 183, 184, 185, 186, 187, 188, 189, 190, 191, 192, 193, 194, 195, 196, 197, 198, 199, 200, 201, 202, 203, 204, 205, 206, 207, 208, 209, 210, 211, 212, 213, 214, 215, 216, 217, 218, 219, 220, 221, 222, 223, 224, 225, 226, 227, 228, 229, 230, 231, 232, 233, 234, 235, 236, 237, 238, 239, 240, 241, 242, 243, 244, 245, 246, 247, 248, 249, 250]!Vessel: FarSeeker
[1, 2, 3, 4, 5, 6, 7, 8, 9, 10, 11, 12, 13, 14, 15, 16, 17, 18, 19, 20, 21, 22, 23, 24, 25, 26, 27, 28, 29, 30, 31, 32, 33, 34, 35, 36, 37, 38, 39, 40, 41, 42, 43, 44, 45, 46, 47, 48, 49, 50, 51, 52, 53, 54, 55, 56, 57, 58, 59, 60, 61, 62, 63, 64, 65, 66, 67, 68, 69, 70, 71, 72, 73, 74, 75, 76, 77, 78, 79, 80, 81, 82, 83, 84, 85, 86, 87, 88, 89, 90, 91, 92, 93, 94, 95, 96, 97, 98, 99, 100, 101, 102, 103, 104, 105, 106, 107, 108, 109, 110, 111, 112, 113, 114, 115, 116, 117, 118, 119, 120, 121, 122, 123, 124, 125, 126, 127, 128, 129, 130, 131, 132, 133, 134, 135, 136, 137, 138, 139, 140, 141, 142, 143, 144, 145, 146, 147, 148, 149, 150, 151, 152, 153, 154, 155, 156, 157, 158, 159, 160, 161, 162, 163, 164, 165, 166, 167, 168, 169, 170, 171, 172, 173, 174, 175, 176, 177, 178, 179, 180, 181, 182, 183, 184, 185, 186, 187, 188, 189, 190, 191, 192, 193, 194, 195, 196, 197, 198, 199, 200, 201, 202, 203, 204, 205, 206, 207, 208, 209, 210, 211, 212, 213, 214, 215, 216, 217, 218, 219, 220, 221, 222, 223, 224, 225, 226, 227, 228, 229, 230, 231, 232, 233, 234, 235, 236, 237, 238, 239, 240, 241, 242, 243, 244, 245, 246, 247, 248, 249, 250]!Vessel: FarSearcher
[1, 2, 3, 4, 5, 6, 7, 8, 9, 10, 11, 12, 13, 14, 15, 16, 17, 18, 19, 20, 21, 22, 23, 24, 25, 26, 27, 28, 29, 30, 31, 32, 33, 34, 35, 36, 37, 38, 39, 40, 41, 42, 43, 44, 45, 46, 47, 48, 49, 50, 51, 52, 53, 54, 55, 56, 57, 58, 59, 60, 61, 62, 63, 64, 65, 66, 67, 68, 69, 70, 71, 72, 73, 74, 75, 76, 77, 78, 79, 80, 81, 82, 83, 84, 85, 86, 87, 88, 89, 90, 91, 92, 93, 94, 95, 96, 97, 98, 99, 100, 101, 102, 103, 104, 105, 106, 107, 108, 109, 110, 111, 112, 113, 114, 115, 116, 117, 118, 119, 120, 121, 122, 123, 124, 125, 126, 127, 128, 129, 130, 131, 132, 133, 134, 135, 136, 137, 138, 139, 140, 141, 142, 143, 144, 145, 146, 147, 148, 149, 150, 151, 152, 153, 154, 155, 156, 157, 158, 160, 161, 162, 163, 164, 165, 166, 167, 168, 169, 170, 171, 172, 173, 174, 175, 176, 177, 178, 179, 180, 181, 182, 183, 184, 186, 187, 188, 189, 190, 191, 192, 193, 194, 195, 196, 197, 198, 199, 200, 201, 202, 203, 204, 205, 206, 207, 208, 209, 210, 211, 212, 213, 214, 215, 216, 217, 218, 219, 220, 221, 222, 223, 224, 226, 227, 228, 229, 230, 231, 232, 234, 235, 236, 237, 238, 239, 240, 241, 243, 244, 246, 248]!Vessel: FarSymphony
[1, 2, 3, 4, 5, 6, 7, 8, 9, 10, 11, 12, 13, 14, 15, 16, 17, 18, 19, 20, 21, 22, 23, 24, 25, 26, 27, 28, 29, 30, 31, 32, 33, 34, 35, 36, 37, 38, 39, 40, 41, 42, 43, 44, 45, 46, 47, 48, 49, 50, 51, 52, 53, 54, 55, 56, 57, 58, 59, 60, 61, 62, 63, 64, 65, 66, 67, 68, 69, 70, 71, 72, 73, 74, 75, 76, 77, 78, 79, 80, 81, 82, 83, 84, 85, 86, 87, 88, 89, 90, 91, 92, 93, 94, 95, 96, 97, 98, 99, 100, 101, 102, 103, 104, 105, 106, 107, 108, 109, 110, 111, 112, 113, 114, 115, 116, 117, 118, 119, 120, 121, 122, 123, 124, 125, 126, 127, 128, 129, 130, 131, 132, 133, 134, 135, 136, 137, 138, 139, 140, 141, 142, 143, 144, 145, 146, 147, 148, 149, 150, 151, 152, 153, 154, 155, 156, 157, 158, 159, 160, 161, 162, 163, 164, 165, 166, 167, 168, 169, 170, 171, 172, 173, 174, 175, 176, 177, 178, 179, 180, 181, 182, 183, 184, 185, 186, 187, 188, 189, 190, 191, 192, 193, 194, 195, 196, 197, 198, 199, 200, 201, 202, 203, 204, 205, 206, 207, 208, 209, 210, 211, 212, 213, 214, 215, 216, 217, 218, 219, 220, 221, 222, 223, 224, 225, 226, 227, 228, 229, 230, 231, 232, 234, 235, 236, 237, 238, 239, 240, 241, 242, 243, 244, 245, 246, 247, 248, 249, 250]!Vessel: HavilaForesight
[1, 2, 3, 4, 5, 6, 7, 8, 9, 10, 11, 12, 13, 14, 15, 16, 17, 18, 19, 20, 21, 22, 23, 24, 25, 26, 27, 28, 29, 30, 31, 32, 33, 34, 35, 36, 37, 38, 39, 40, 41, 42, 43, 44, 45, 46, 47, 48, 49, 50, 51, 52, 53, 54, 55, 56, 57, 58, 59, 60, 61, 62, 63, 64, 65, 66, 67, 68, 69, 70, 71, 72, 73, 74, 75, 76, 77, 78, 79, 80, 81, 82, 83, 84, 85, 86, 87, 88, 89, 90, 91, 92, 93, 94, 95, 96, 97, 98, 99, 100, 101, 102, 103, 104, 105, 106, 107, 108, 109, 110, 111, 112, 113, 114, 115, 116, 117, 118, 119, 120, 121, 122, 123, 124, 125, 126, 127, 128, 129, 130, 131, 132, 133, 134, 135, 136, 137, 138, 139, 140, 141, 142, 143, 144, 145, 146, 147, 148, 149, 150, 151, 152, 153, 154, 155, 156, 157, 158, 160, 161, 162, 163, 164, 165, 166, 167, 168, 169, 170, 171, 172, 173, 174, 175, 176, 177, 178, 179, 180, 181, 182, 183, 184, 186, 187, 188, 189, 190, 191, 192, 193, 196, 197, 198, 199, 200, 201, 202, 203, 204, 205, 207, 208, 209, 210, 211, 212, 213, 214, 216, 217, 218, 219, 220, 221, 222, 224, 226, 227, 228, 229, 231, 232, 234, 235, 236, 237, 238, 239, 241, 243, 244, 246, 248]!Vessel: FarStar
] 

Rvi : [
!i : 1, 2, 3, 4, 5, 6, 7, 8
[1, 2, 4, 6, 9, 10, 13, 14, 17, 18, 19, 22, 23, 24, 29, 30, 31, 32, 37, 38, 39, 40, 47, 48, 49, 50, 51, 56, 57, 58, 59, 62, 67, 68, 69, 72, 73, 76, 79, 80, 84, 86, 87, 89, 92, 93, 94, 96, 99, 100, 101, 105, 106, 108, 109, 110, 111, 118, 119, 121, 122, 123, 128, 130, 132, 133, 135, 136, 137, 141, 142, 146, 149, 150, 151, 153, 155, 158, 159, 160, 162, 164, 167, 168, 171, 172, 173, 174, 178, 181, 183, 184, 185, 186, 189, 190, 194, 195, 197, 198, 199, 204, 205, 206, 207, 208, 213, 214, 215, 216, 221, 222, 223, 224, 228, 229, 233, 234, 235, 238, 239, 242, 243, 245, 247, 249], [2, 7, 9, 11, 13, 15, 17, 20, 22, 25, 26, 29, 30, 33, 34, 38, 39, 41, 42, 46, 47, 48, 53, 57, 58, 63, 65, 66, 67, 68, 70, 72, 74, 78, 79, 81, 83, 84, 86, 90, 92, 93, 94, 97, 98, 102, 105, 106, 107, 108, 113, 114, 115, 119, 120, 121, 122, 123, 126, 129, 133, 135, 136, 138, 139, 140, 145, 146, 147, 149, 150, 152, 156, 158, 159, 160, 161, 162, 165, 166, 172, 173, 174, 175, 176, 177, 183, 184, 185, 187, 192, 193, 194, 195, 197, 200, 201, 203, 204, 205, 206, 209, 210, 213, 214, 217, 218, 221, 222, 225, 226, 228, 230, 231, 233, 234, 236, 238, 240, 242, 244, 245, 246, 247, 250], [3, 4, 7, 9, 16, 18, 21, 23, 25, 27, 29, 31, 33, 35, 37, 38, 41, 43, 47, 49, 53, 55, 56, 57, 60, 63, 68, 69, 71, 75, 78, 79, 83, 87, 88, 89, 91, 94, 95, 96, 97, 98, 99, 103, 105, 106, 109, 110, 113, 115, 116, 119, 121, 125, 126, 128, 129, 131, 133, 135, 137, 138, 141, 143, 146, 147, 148, 151, 152, 157, 159, 162, 163, 164, 165, 167, 169, 171, 172, 176, 177, 178, 179, 182, 184, 185, 186, 188, 189, 192, 193, 194, 195, 196, 198, 200, 201, 204, 205, 207, 209, 211, 213, 215, 217, 219, 221, 223, 225, 227, 229, 230, 232, 233, 235, 236, 237, 238, 239, 240, 242, 244, 245, 248, 249, 250], [5, 6, 11, 13, 16, 18, 25, 28, 29, 32, 36, 40, 42, 44, 46, 48, 50, 54, 55, 56, 58, 59, 60, 65, 69, 71, 72, 74, 78, 79, 82, 83, 84, 87, 91, 94, 96, 97, 101, 104, 106, 111, 112, 113, 114, 117, 118, 119, 120, 122, 124, 130, 131, 136, 137, 139, 140, 142, 143, 144, 145, 148, 149, 150, 151, 152, 153, 157, 158, 159, 163, 164, 165, 166, 167, 172, 173, 176, 177, 178, 180, 182, 184, 185, 186, 190, 191, 192, 194, 199, 200, 202, 203, 205, 206, 208, 210, 211, 212, 214, 215, 216, 218, 219, 222, 223, 225, 226, 227, 228, 229, 230, 232, 233, 235, 236, 238, 240, 241, 242, 243, 246, 247, 248, 249, 250], [8, 10, 15, 17, 21, 23, 28, 32, 33, 38, 42, 45, 48, 51, 52, 55, 56, 61, 62, 66, 67, 70, 73, 75, 78, 79, 82, 86, 88, 89, 90, 93, 95, 98, 99, 101, 104, 105, 109, 111, 114, 115, 117, 118, 120, 121, 122, 126, 127, 131, 132, 133, 134, 136, 137, 139, 143, 149, 151, 152, 154, 155, 156, 157, 159, 160, 161, 164, 165, 168, 169, 171, 172, 174, 175, 176, 179, 180, 183, 184, 188, 189, 190, 191, 193, 195, 198, 199, 201, 202, 203, 204, 206, 208, 209, 210, 211, 213, 214, 215, 218, 219, 220, 222, 223, 224, 225, 227, 229, 230, 231, 233, 234, 236, 237, 238, 239, 241, 243, 244, 245, 246, 247, 248, 249, 250], [12, 14, 20, 22, 27, 31, 36, 40, 41, 45, 46, 47, 51, 58, 60, 64, 66, 67, 69, 75, 76, 77, 80, 81, 82, 83, 89, 92, 94, 98, 101, 102, 103, 105, 108, 110, 112, 114, 116, 122, 124, 127, 128, 129, 130, 131, 132, 134, 135, 137, 138, 140, 142, 145, 146, 148, 150, 152, 155, 156, 158, 159, 160, 161, 163, 167, 169, 170, 171, 174, 177, 178, 179, 180, 181, 185, 187, 189, 190, 191, 192, 193, 194, 195, 196, 197, 199, 201, 203, 204, 206, 207, 210, 211, 212, 214, 215, 216, 217, 219, 220, 221, 223, 224, 225, 226, 228, 230, 231, 232, 233, 234, 235, 237, 239, 240, 241, 242, 243, 244, 245, 246, 247, 248, 249, 250], [19, 26, 30, 35, 37, 44, 50, 52, 53, 57, 62, 64, 65, 70, 71, 72, 76, 81, 85, 86, 87, 88, 92, 97, 99, 100, 103, 104, 106, 107, 110, 111, 112, 115, 120, 121, 123, 125, 127, 129, 130, 132, 135, 136, 140, 141, 143, 144, 147, 148, 150, 151, 153, 154, 156, 160, 162, 165, 166, 167, 168, 169, 170, 171, 172, 173, 175, 177, 180, 181, 182, 183, 185, 186, 187, 188, 190, 193, 195, 196, 197, 198, 200, 202, 203, 205, 206, 207, 208, 209, 211, 212, 213, 215, 216, 217, 218, 220, 221, 222, 224, 225, 226, 227, 228, 229, 231, 232, 234, 235, 236, 237, 238, 239, 240, 241, 242, 243, 244, 245, 246, 247, 248, 249, 250], [24, 34, 39, 43, 49, 54, 59, 61, 63, 68, 73, 74, 77, 80, 84, 85, 90, 91, 93, 95, 96, 100, 102, 107, 108, 109, 113, 116, 117, 118, 119, 123, 124, 125, 126, 128, 133, 134, 138, 139, 141, 142, 144, 145, 146, 147, 149, 153, 154, 155, 157, 158, 161, 162, 163, 164, 166, 168, 170, 173, 174, 175, 176, 178, 179, 181, 182, 183, 184, 186, 187, 188, 189, 191, 192, 194, 196, 197, 198, 199, 200, 201, 202, 204, 205, 207, 208, 209, 210, 212, 213, 214, 216, 217, 218, 219, 220, 221, 222, 223, 224, 226, 227, 228, 229, 230, 231, 232, 233, 234, 235, 236, 237, 238, 239, 240, 241, 242, 243, 244, 245, 246, 247, 248, 249, 250]!Vessel: FarSeeker
[1, 2, 4, 6, 9, 10, 13, 14, 17, 18, 19, 22, 23, 24, 29, 30, 31, 32, 37, 38, 39, 40, 47, 48, 49, 50, 51, 56, 57, 58, 59, 62, 67, 68, 69, 72, 73, 76, 79, 80, 84, 86, 87, 89, 92, 93, 94, 96, 99, 100, 101, 105, 106, 108, 109, 110, 111, 118, 119, 121, 122, 123, 128, 130, 132, 133, 135, 136, 137, 141, 142, 146, 149, 150, 151, 153, 155, 158, 159, 160, 162, 164, 167, 168, 171, 172, 173, 174, 178, 181, 183, 184, 185, 186, 189, 190, 194, 195, 197, 198, 199, 204, 205, 206, 207, 208, 213, 214, 215, 216, 221, 222, 223, 224, 228, 229, 233, 234, 235, 238, 239, 242, 243, 245, 247, 249], [2, 7, 9, 11, 13, 15, 17, 20, 22, 25, 26, 29, 30, 33, 34, 38, 39, 41, 42, 46, 47, 48, 53, 57, 58, 63, 65, 66, 67, 68, 70, 72, 74, 78, 79, 81, 83, 84, 86, 90, 92, 93, 94, 97, 98, 102, 105, 106, 107, 108, 113, 114, 115, 119, 120, 121, 122, 123, 126, 129, 133, 135, 136, 138, 139, 140, 145, 146, 147, 149, 150, 152, 156, 158, 159, 160, 161, 162, 165, 166, 172, 173, 174, 175, 176, 177, 183, 184, 185, 187, 192, 193, 194, 195, 197, 200, 201, 203, 204, 205, 206, 209, 210, 213, 214, 217, 218, 221, 222, 225, 226, 228, 230, 231, 233, 234, 236, 238, 240, 242, 244, 245, 246, 247, 250], [3, 4, 7, 9, 16, 18, 21, 23, 25, 27, 29, 31, 33, 35, 37, 38, 41, 43, 47, 49, 53, 55, 56, 57, 60, 63, 68, 69, 71, 75, 78, 79, 83, 87, 88, 89, 91, 94, 95, 96, 97, 98, 99, 103, 105, 106, 109, 110, 113, 115, 116, 119, 121, 125, 126, 128, 129, 131, 133, 135, 137, 138, 141, 143, 146, 147, 148, 151, 152, 157, 159, 162, 163, 164, 165, 167, 169, 171, 172, 176, 177, 178, 179, 182, 184, 185, 186, 188, 189, 192, 193, 194, 195, 196, 198, 200, 201, 204, 205, 207, 209, 211, 213, 215, 217, 219, 221, 223, 225, 227, 229, 230, 232, 233, 235, 236, 237, 238, 239, 240, 242, 244, 245, 248, 249, 250], [5, 6, 11, 13, 16, 18, 25, 28, 29, 32, 36, 40, 42, 44, 46, 48, 50, 54, 55, 56, 58, 59, 60, 65, 69, 71, 72, 74, 78, 79, 82, 83, 84, 87, 91, 94, 96, 97, 101, 104, 106, 111, 112, 113, 114, 117, 118, 119, 120, 122, 124, 130, 131, 136, 137, 139, 140, 142, 143, 144, 145, 148, 149, 150, 151, 152, 153, 157, 158, 159, 163, 164, 165, 166, 167, 172, 173, 176, 177, 178, 180, 182, 184, 185, 186, 190, 191, 192, 194, 199, 200, 202, 203, 205, 206, 208, 210, 211, 212, 214, 215, 216, 218, 219, 222, 223, 225, 226, 227, 228, 229, 230, 232, 233, 235, 236, 238, 240, 241, 242, 243, 246, 247, 248, 249, 250], [8, 10, 15, 17, 21, 23, 28, 32, 33, 38, 42, 45, 48, 51, 52, 55, 56, 61, 62, 66, 67, 70, 73, 75, 78, 79, 82, 86, 88, 89, 90, 93, 95, 98, 99, 101, 104, 105, 109, 111, 114, 115, 117, 118, 120, 121, 122, 126, 127, 131, 132, 133, 134, 136, 137, 139, 143, 149, 151, 152, 154, 155, 156, 157, 159, 160, 161, 164, 165, 168, 169, 171, 172, 174, 175, 176, 179, 180, 183, 184, 188, 189, 190, 191, 193, 195, 198, 199, 201, 202, 203, 204, 206, 208, 209, 210, 211, 213, 214, 215, 218, 219, 220, 222, 223, 224, 225, 227, 229, 230, 231, 233, 234, 236, 237, 238, 239, 241, 243, 244, 245, 246, 247, 248, 249, 250], [12, 14, 20, 22, 27, 31, 36, 40, 41, 45, 46, 47, 51, 58, 60, 64, 66, 67, 69, 75, 76, 77, 80, 81, 82, 83, 89, 92, 94, 98, 101, 102, 103, 105, 108, 110, 112, 114, 116, 122, 124, 127, 128, 129, 130, 131, 132, 134, 135, 137, 138, 140, 142, 145, 146, 148, 150, 152, 155, 156, 158, 159, 160, 161, 163, 167, 169, 170, 171, 174, 177, 178, 179, 180, 181, 185, 187, 189, 190, 191, 192, 193, 194, 195, 196, 197, 199, 201, 203, 204, 206, 207, 210, 211, 212, 214, 215, 216, 217, 219, 220, 221, 223, 224, 225, 226, 228, 230, 231, 232, 233, 234, 235, 237, 239, 240, 241, 242, 243, 244, 245, 246, 247, 248, 249, 250], [19, 26, 30, 35, 37, 44, 50, 52, 53, 57, 62, 64, 65, 70, 71, 72, 76, 81, 85, 86, 87, 88, 92, 97, 99, 100, 103, 104, 106, 107, 110, 111, 112, 115, 120, 121, 123, 125, 127, 129, 130, 132, 135, 136, 140, 141, 143, 144, 147, 148, 150, 151, 153, 154, 156, 160, 162, 165, 166, 167, 168, 169, 170, 171, 172, 173, 175, 177, 180, 181, 182, 183, 185, 186, 187, 188, 190, 193, 195, 196, 197, 198, 200, 202, 203, 205, 206, 207, 208, 209, 211, 212, 213, 215, 216, 217, 218, 220, 221, 222, 224, 225, 226, 227, 228, 229, 231, 232, 234, 235, 236, 237, 238, 239, 240, 241, 242, 243, 244, 245, 246, 247, 248, 249, 250], [24, 34, 39, 43, 49, 54, 59, 61, 63, 68, 73, 74, 77, 80, 84, 85, 90, 91, 93, 95, 96, 100, 102, 107, 108, 109, 113, 116, 117, 118, 119, 123, 124, 125, 126, 128, 133, 134, 138, 139, 141, 142, 144, 145, 146, 147, 149, 153, 154, 155, 157, 158, 161, 162, 163, 164, 166, 168, 170, 173, 174, 175, 176, 178, 179, 181, 182, 183, 184, 186, 187, 188, 189, 191, 192, 194, 196, 197, 198, 199, 200, 201, 202, 204, 205, 207, 208, 209, 210, 212, 213, 214, 216, 217, 218, 219, 220, 221, 222, 223, 224, 226, 227, 228, 229, 230, 231, 232, 233, 234, 235, 236, 237, 238, 239, 240, 241, 242, 243, 244, 245, 246, 247, 248, 249, 250]!Vessel: FarSearcher
[1, 2, 4, 6, 9, 10, 13, 14, 17, 18, 19, 22, 23, 24, 29, 30, 31, 32, 37, 38, 39, 40, 47, 48, 49, 50, 51, 56, 57, 58, 59, 62, 67, 68, 69, 72, 73, 76, 79, 80, 84, 86, 87, 89, 92, 93, 94, 96, 99, 100, 101, 105, 106, 108, 109, 110, 111, 118, 119, 121, 122, 123, 128, 130, 132, 133, 135, 136, 137, 141, 142, 146, 149, 150, 151, 153, 155, 158, 160, 162, 164, 167, 168, 171, 172, 173, 174, 178, 181, 183, 184, 186, 189, 190, 194, 195, 197, 198, 199, 204, 205, 206, 207, 208, 213, 214, 215, 216, 221, 222, 223, 224, 228, 229, 234, 235, 238, 239, 243], [2, 7, 9, 11, 13, 15, 17, 20, 22, 25, 26, 29, 30, 33, 34, 38, 39, 41, 42, 46, 47, 48, 53, 57, 58, 63, 65, 66, 67, 68, 70, 72, 74, 78, 79, 81, 83, 84, 86, 90, 92, 93, 94, 97, 98, 102, 105, 106, 107, 108, 113, 114, 115, 119, 120, 121, 122, 123, 126, 129, 133, 135, 136, 138, 139, 140, 145, 146, 147, 149, 150, 152, 156, 158, 160, 161, 162, 165, 166, 172, 173, 174, 175, 176, 177, 183, 184, 187, 192, 193, 194, 195, 197, 200, 201, 203, 204, 205, 206, 209, 210, 213, 214, 217, 218, 221, 222, 226, 228, 230, 231, 234, 236, 238, 240, 244, 246], [3, 4, 7, 9, 16, 18, 21, 23, 25, 27, 29, 31, 33, 35, 37, 38, 41, 43, 47, 49, 53, 55, 56, 57, 60, 63, 68, 69, 71, 75, 78, 79, 83, 87, 88, 89, 91, 94, 95, 96, 97, 98, 99, 103, 105, 106, 109, 110, 113, 115, 116, 119, 121, 125, 126, 128, 129, 131, 133, 135, 137, 138, 141, 143, 146, 147, 148, 151, 152, 157, 162, 163, 164, 165, 167, 169, 171, 172, 176, 177, 178, 179, 182, 184, 186, 188, 189, 192, 193, 194, 195, 196, 198, 200, 201, 204, 205, 207, 209, 211, 213, 215, 217, 219, 221, 223, 227, 229, 230, 232, 235, 236, 237, 238, 239, 240, 244, 248], [5, 6, 11, 13, 16, 18, 25, 28, 29, 32, 36, 40, 42, 44, 46, 48, 50, 54, 55, 56, 58, 59, 60, 65, 69, 71, 72, 74, 78, 79, 82, 83, 84, 87, 91, 94, 96, 97, 101, 104, 106, 111, 112, 113, 114, 117, 118, 119, 120, 122, 124, 130, 131, 136, 137, 139, 140, 142, 143, 144, 145, 148, 149, 150, 151, 152, 153, 157, 158, 163, 164, 165, 166, 167, 172, 173, 176, 177, 178, 180, 182, 184, 186, 190, 191, 192, 194, 199, 200, 202, 203, 205, 206, 208, 210, 211, 212, 214, 215, 216, 218, 219, 222, 223, 226, 227, 228, 229, 230, 232, 235, 236, 238, 240, 241, 243, 246, 248], [8, 10, 15, 17, 21, 23, 28, 32, 33, 38, 42, 45, 48, 51, 52, 55, 56, 61, 62, 66, 67, 70, 73, 75, 78, 79, 82, 86, 88, 89, 90, 93, 95, 98, 99, 101, 104, 105, 109, 111, 114, 115, 117, 118, 120, 121, 122, 126, 127, 131, 132, 133, 134, 136, 137, 139, 143, 149, 151, 152, 154, 155, 156, 157, 160, 161, 164, 165, 168, 169, 171, 172, 174, 175, 176, 179, 180, 183, 184, 188, 189, 190, 191, 193, 195, 198, 199, 201, 202, 203, 204, 206, 208, 209, 210, 211, 213, 214, 215, 218, 219, 220, 222, 223, 224, 227, 229, 230, 231, 234, 236, 237, 238, 239, 241, 243, 244, 246, 248], [12, 14, 20, 22, 27, 31, 36, 40, 41, 45, 46, 47, 51, 58, 60, 64, 66, 67, 69, 75, 76, 77, 80, 81, 82, 83, 89, 92, 94, 98, 101, 102, 103, 105, 108, 110, 112, 114, 116, 122, 124, 127, 128, 129, 130, 131, 132, 134, 135, 137, 138, 140, 142, 145, 146, 148, 150, 152, 155, 156, 158, 160, 161, 163, 167, 169, 170, 171, 174, 177, 178, 179, 180, 181, 187, 189, 190, 191, 192, 193, 194, 195, 196, 197, 199, 201, 203, 204, 206, 207, 210, 211, 212, 214, 215, 216, 217, 219, 220, 221, 223, 224, 226, 228, 230, 231, 232, 234, 235, 237, 239, 240, 241, 243, 244, 246, 248], [19, 26, 30, 35, 37, 44, 50, 52, 53, 57, 62, 64, 65, 70, 71, 72, 76, 81, 85, 86, 87, 88, 92, 97, 99, 100, 103, 104, 106, 107, 110, 111, 112, 115, 120, 121, 123, 125, 127, 129, 130, 132, 135, 136, 140, 141, 143, 144, 147, 148, 150, 151, 153, 154, 156, 160, 162, 165, 166, 167, 168, 169, 170, 171, 172, 173, 175, 177, 180, 181, 182, 183, 186, 187, 188, 190, 193, 195, 196, 197, 198, 200, 202, 203, 205, 206, 207, 208, 209, 211, 212, 213, 215, 216, 217, 218, 220, 221, 222, 224, 226, 227, 228, 229, 231, 232, 234, 235, 236, 237, 238, 239, 240, 241, 243, 244, 246, 248], [24, 34, 39, 43, 49, 54, 59, 61, 63, 68, 73, 74, 77, 80, 84, 85, 90, 91, 93, 95, 96, 100, 102, 107, 108, 109, 113, 116, 117, 118, 119, 123, 124, 125, 126, 128, 133, 134, 138, 139, 141, 142, 144, 145, 146, 147, 149, 153, 154, 155, 157, 158, 161, 162, 163, 164, 166, 168, 170, 173, 174, 175, 176, 178, 179, 181, 182, 183, 184, 186, 187, 188, 189, 191, 192, 194, 196, 197, 198, 199, 200, 201, 202, 204, 205, 207, 208, 209, 210, 212, 213, 214, 216, 217, 218, 219, 220, 221, 222, 223, 224, 226, 227, 228, 229, 230, 231, 232, 234, 235, 236, 237, 238, 239, 240, 241, 243, 244, 246, 248]!Vessel: FarSymphony
[1, 2, 4, 6, 9, 10, 13, 14, 17, 18, 19, 22, 23, 24, 29, 30, 31, 32, 37, 38, 39, 40, 47, 48, 49, 50, 51, 56, 57, 58, 59, 62, 67, 68, 69, 72, 73, 76, 79, 80, 84, 86, 87, 89, 92, 93, 94, 96, 99, 100, 101, 105, 106, 108, 109, 110, 111, 118, 119, 121, 122, 123, 128, 130, 132, 133, 135, 136, 137, 141, 142, 146, 149, 150, 151, 153, 155, 158, 159, 160, 162, 164, 167, 168, 171, 172, 173, 174, 178, 181, 183, 184, 185, 186, 189, 190, 194, 195, 197, 198, 199, 204, 205, 206, 207, 208, 213, 214, 215, 216, 221, 222, 223, 224, 228, 229, 234, 235, 238, 239, 242, 243, 245, 247, 249], [2, 7, 9, 11, 13, 15, 17, 20, 22, 25, 26, 29, 30, 33, 34, 38, 39, 41, 42, 46, 47, 48, 53, 57, 58, 63, 65, 66, 67, 68, 70, 72, 74, 78, 79, 81, 83, 84, 86, 90, 92, 93, 94, 97, 98, 102, 105, 106, 107, 108, 113, 114, 115, 119, 120, 121, 122, 123, 126, 129, 133, 135, 136, 138, 139, 140, 145, 146, 147, 149, 150, 152, 156, 158, 159, 160, 161, 162, 165, 166, 172, 173, 174, 175, 176, 177, 183, 184, 185, 187, 192, 193, 194, 195, 197, 200, 201, 203, 204, 205, 206, 209, 210, 213, 214, 217, 218, 221, 222, 225, 226, 228, 230, 231, 234, 236, 238, 240, 242, 244, 245, 246, 247, 250], [3, 4, 7, 9, 16, 18, 21, 23, 25, 27, 29, 31, 33, 35, 37, 38, 41, 43, 47, 49, 53, 55, 56, 57, 60, 63, 68, 69, 71, 75, 78, 79, 83, 87, 88, 89, 91, 94, 95, 96, 97, 98, 99, 103, 105, 106, 109, 110, 113, 115, 116, 119, 121, 125, 126, 128, 129, 131, 133, 135, 137, 138, 141, 143, 146, 147, 148, 151, 152, 157, 159, 162, 163, 164, 165, 167, 169, 171, 172, 176, 177, 178, 179, 182, 184, 185, 186, 188, 189, 192, 193, 194, 195, 196, 198, 200, 201, 204, 205, 207, 209, 211, 213, 215, 217, 219, 221, 223, 225, 227, 229, 230, 232, 235, 236, 237, 238, 239, 240, 242, 244, 245, 248, 249, 250], [5, 6, 11, 13, 16, 18, 25, 28, 29, 32, 36, 40, 42, 44, 46, 48, 50, 54, 55, 56, 58, 59, 60, 65, 69, 71, 72, 74, 78, 79, 82, 83, 84, 87, 91, 94, 96, 97, 101, 104, 106, 111, 112, 113, 114, 117, 118, 119, 120, 122, 124, 130, 131, 136, 137, 139, 140, 142, 143, 144, 145, 148, 149, 150, 151, 152, 153, 157, 158, 159, 163, 164, 165, 166, 167, 172, 173, 176, 177, 178, 180, 182, 184, 185, 186, 190, 191, 192, 194, 199, 200, 202, 203, 205, 206, 208, 210, 211, 212, 214, 215, 216, 218, 219, 222, 223, 225, 226, 227, 228, 229, 230, 232, 235, 236, 238, 240, 241, 242, 243, 246, 247, 248, 249, 250], [8, 10, 15, 17, 21, 23, 28, 32, 33, 38, 42, 45, 48, 51, 52, 55, 56, 61, 62, 66, 67, 70, 73, 75, 78, 79, 82, 86, 88, 89, 90, 93, 95, 98, 99, 101, 104, 105, 109, 111, 114, 115, 117, 118, 120, 121, 122, 126, 127, 131, 132, 133, 134, 136, 137, 139, 143, 149, 151, 152, 154, 155, 156, 157, 159, 160, 161, 164, 165, 168, 169, 171, 172, 174, 175, 176, 179, 180, 183, 184, 188, 189, 190, 191, 193, 195, 198, 199, 201, 202, 203, 204, 206, 208, 209, 210, 211, 213, 214, 215, 218, 219, 220, 222, 223, 224, 225, 227, 229, 230, 231, 234, 236, 237, 238, 239, 241, 243, 244, 245, 246, 247, 248, 249, 250], [12, 14, 20, 22, 27, 31, 36, 40, 41, 45, 46, 47, 51, 58, 60, 64, 66, 67, 69, 75, 76, 77, 80, 81, 82, 83, 89, 92, 94, 98, 101, 102, 103, 105, 108, 110, 112, 114, 116, 122, 124, 127, 128, 129, 130, 131, 132, 134, 135, 137, 138, 140, 142, 145, 146, 148, 150, 152, 155, 156, 158, 159, 160, 161, 163, 167, 169, 170, 171, 174, 177, 178, 179, 180, 181, 185, 187, 189, 190, 191, 192, 193, 194, 195, 196, 197, 199, 201, 203, 204, 206, 207, 210, 211, 212, 214, 215, 216, 217, 219, 220, 221, 223, 224, 225, 226, 228, 230, 231, 232, 234, 235, 237, 239, 240, 241, 242, 243, 244, 245, 246, 247, 248, 249, 250], [19, 26, 30, 35, 37, 44, 50, 52, 53, 57, 62, 64, 65, 70, 71, 72, 76, 81, 85, 86, 87, 88, 92, 97, 99, 100, 103, 104, 106, 107, 110, 111, 112, 115, 120, 121, 123, 125, 127, 129, 130, 132, 135, 136, 140, 141, 143, 144, 147, 148, 150, 151, 153, 154, 156, 160, 162, 165, 166, 167, 168, 169, 170, 171, 172, 173, 175, 177, 180, 181, 182, 183, 185, 186, 187, 188, 190, 193, 195, 196, 197, 198, 200, 202, 203, 205, 206, 207, 208, 209, 211, 212, 213, 215, 216, 217, 218, 220, 221, 222, 224, 225, 226, 227, 228, 229, 231, 232, 234, 235, 236, 237, 238, 239, 240, 241, 242, 243, 244, 245, 246, 247, 248, 249, 250], [24, 34, 39, 43, 49, 54, 59, 61, 63, 68, 73, 74, 77, 80, 84, 85, 90, 91, 93, 95, 96, 100, 102, 107, 108, 109, 113, 116, 117, 118, 119, 123, 124, 125, 126, 128, 133, 134, 138, 139, 141, 142, 144, 145, 146, 147, 149, 153, 154, 155, 157, 158, 161, 162, 163, 164, 166, 168, 170, 173, 174, 175, 176, 178, 179, 181, 182, 183, 184, 186, 187, 188, 189, 191, 192, 194, 196, 197, 198, 199, 200, 201, 202, 204, 205, 207, 208, 209, 210, 212, 213, 214, 216, 217, 218, 219, 220, 221, 222, 223, 224, 226, 227, 228, 229, 230, 231, 232, 234, 235, 236, 237, 238, 239, 240, 241, 242, 243, 244, 245, 246, 247, 248, 249, 250]!Vessel: HavilaForesight
[1, 2, 4, 6, 9, 10, 13, 14, 17, 18, 19, 22, 23, 24, 29, 30, 31, 32, 37, 38, 39, 40, 47, 48, 49, 50, 51, 56, 57, 58, 59, 62, 67, 68, 69, 72, 73, 76, 79, 80, 84, 86, 87, 89, 92, 93, 94, 96, 99, 100, 101, 105, 106, 108, 109, 110, 111, 118, 119, 121, 122, 123, 128, 130, 132, 133, 135, 136, 137, 141, 142, 146, 149, 150, 151, 153, 155, 158, 160, 162, 164, 167, 168, 171, 172, 173, 174, 178, 181, 183, 184, 186, 189, 190, 197, 198, 199, 204, 205, 207, 208, 213, 214, 216, 221, 222, 224, 228, 229, 234, 235, 238, 239, 243], [2, 7, 9, 11, 13, 15, 17, 20, 22, 25, 26, 29, 30, 33, 34, 38, 39, 41, 42, 46, 47, 48, 53, 57, 58, 63, 65, 66, 67, 68, 70, 72, 74, 78, 79, 81, 83, 84, 86, 90, 92, 93, 94, 97, 98, 102, 105, 106, 107, 108, 113, 114, 115, 119, 120, 121, 122, 123, 126, 129, 133, 135, 136, 138, 139, 140, 145, 146, 147, 149, 150, 152, 156, 158, 160, 161, 162, 165, 166, 172, 173, 174, 175, 176, 177, 183, 184, 187, 192, 193, 197, 200, 201, 203, 204, 205, 209, 210, 213, 214, 217, 218, 221, 222, 226, 228, 231, 234, 236, 238, 244, 246], [3, 4, 7, 9, 16, 18, 21, 23, 25, 27, 29, 31, 33, 35, 37, 38, 41, 43, 47, 49, 53, 55, 56, 57, 60, 63, 68, 69, 71, 75, 78, 79, 83, 87, 88, 89, 91, 94, 95, 96, 97, 98, 99, 103, 105, 106, 109, 110, 113, 115, 116, 119, 121, 125, 126, 128, 129, 131, 133, 135, 137, 138, 141, 143, 146, 147, 148, 151, 152, 157, 162, 163, 164, 165, 167, 169, 171, 172, 176, 177, 178, 179, 182, 184, 186, 188, 189, 192, 193, 196, 198, 200, 201, 204, 205, 207, 209, 211, 213, 217, 219, 221, 227, 229, 232, 235, 236, 237, 238, 239, 244, 248], [5, 6, 11, 13, 16, 18, 25, 28, 29, 32, 36, 40, 42, 44, 46, 48, 50, 54, 55, 56, 58, 59, 60, 65, 69, 71, 72, 74, 78, 79, 82, 83, 84, 87, 91, 94, 96, 97, 101, 104, 106, 111, 112, 113, 114, 117, 118, 119, 120, 122, 124, 130, 131, 136, 137, 139, 140, 142, 143, 144, 145, 148, 149, 150, 151, 152, 153, 157, 158, 163, 164, 165, 166, 167, 172, 173, 176, 177, 178, 180, 182, 184, 186, 190, 191, 192, 199, 200, 202, 203, 205, 208, 210, 211, 212, 214, 216, 218, 219, 222, 226, 227, 228, 229, 232, 235, 236, 238, 241, 243, 246, 248], [8, 10, 15, 17, 21, 23, 28, 32, 33, 38, 42, 45, 48, 51, 52, 55, 56, 61, 62, 66, 67, 70, 73, 75, 78, 79, 82, 86, 88, 89, 90, 93, 95, 98, 99, 101, 104, 105, 109, 111, 114, 115, 117, 118, 120, 121, 122, 126, 127, 131, 132, 133, 134, 136, 137, 139, 143, 149, 151, 152, 154, 155, 156, 157, 160, 161, 164, 165, 168, 169, 171, 172, 174, 175, 176, 179, 180, 183, 184, 188, 189, 190, 191, 193, 198, 199, 201, 202, 203, 204, 208, 209, 210, 211, 213, 214, 218, 219, 220, 222, 224, 227, 229, 231, 234, 236, 237, 238, 239, 241, 243, 244, 246, 248], [12, 14, 20, 22, 27, 31, 36, 40, 41, 45, 46, 47, 51, 58, 60, 64, 66, 67, 69, 75, 76, 77, 80, 81, 82, 83, 89, 92, 94, 98, 101, 102, 103, 105, 108, 110, 112, 114, 116, 122, 124, 127, 128, 129, 130, 131, 132, 134, 135, 137, 138, 140, 142, 145, 146, 148, 150, 152, 155, 156, 158, 160, 161, 163, 167, 169, 170, 171, 174, 177, 178, 179, 180, 181, 187, 189, 190, 191, 192, 193, 196, 197, 199, 201, 203, 204, 207, 210, 211, 212, 214, 216, 217, 219, 220, 221, 224, 226, 228, 231, 232, 234, 235, 237, 239, 241, 243, 244, 246, 248], [19, 26, 30, 35, 37, 44, 50, 52, 53, 57, 62, 64, 65, 70, 71, 72, 76, 81, 85, 86, 87, 88, 92, 97, 99, 100, 103, 104, 106, 107, 110, 111, 112, 115, 120, 121, 123, 125, 127, 129, 130, 132, 135, 136, 140, 141, 143, 144, 147, 148, 150, 151, 153, 154, 156, 160, 162, 165, 166, 167, 168, 169, 170, 171, 172, 173, 175, 177, 180, 181, 182, 183, 186, 187, 188, 190, 193, 196, 197, 198, 200, 202, 203, 205, 207, 208, 209, 211, 212, 213, 216, 217, 218, 220, 221, 222, 224, 226, 227, 228, 229, 231, 232, 234, 235, 236, 237, 238, 239, 241, 243, 244, 246, 248], [24, 34, 39, 43, 49, 54, 59, 61, 63, 68, 73, 74, 77, 80, 84, 85, 90, 91, 93, 95, 96, 100, 102, 107, 108, 109, 113, 116, 117, 118, 119, 123, 124, 125, 126, 128, 133, 134, 138, 139, 141, 142, 144, 145, 146, 147, 149, 153, 154, 155, 157, 158, 161, 162, 163, 164, 166, 168, 170, 173, 174, 175, 176, 178, 179, 181, 182, 183, 184, 186, 187, 188, 189, 191, 192, 196, 197, 198, 199, 200, 201, 202, 204, 205, 207, 208, 209, 210, 212, 213, 214, 216, 217, 218, 219, 220, 221, 222, 224, 226, 227, 228, 229, 231, 232, 234, 235, 236, 237, 238, 239, 241, 243, 244, 246, 248]!Vessel: FarStar
] 

Rvl : [
!l : 2, 3
[1, 2, 3, 4, 5, 6, 7, 8, 9, 10, 11, 12, 13, 14, 15, 16, 17, 19, 20, 21, 22, 23, 24, 25, 26, 27, 28, 30, 31, 33, 34, 35, 37, 38, 39, 41, 43, 44, 47, 49, 50, 52, 53, 54, 57, 59, 61, 62, 63, 64, 65, 68, 70, 71, 73, 74, 76, 77, 80, 81, 85, 86, 88, 90, 91, 92, 93, 95, 99, 100, 102, 103, 104, 107, 108, 109, 110, 115, 116, 117, 123, 125, 126, 128, 129, 135, 138, 141, 144, 146, 147, 154, 162, 168, 170, 175, 181, 187, 188, 196, 197, 207, 217, 221], [18, 29, 32, 36, 40, 42, 45, 46, 48, 51, 55, 56, 58, 60, 66, 67, 69, 72, 75, 78, 79, 82, 83, 84, 87, 89, 94, 96, 97, 98, 101, 105, 106, 111, 112, 113, 114, 118, 119, 120, 121, 122, 124, 127, 130, 131, 132, 133, 134, 136, 137, 139, 140, 142, 143, 145, 148, 149, 150, 151, 152, 153, 155, 156, 157, 158, 159, 160, 161, 163, 164, 165, 166, 167, 169, 171, 172, 173, 174, 176, 177, 178, 179, 180, 182, 183, 184, 185, 186, 189, 190, 191, 192, 193, 194, 195, 198, 199, 200, 201, 202, 203, 204, 205, 206, 208, 209, 210, 211, 212, 213, 214, 215, 216, 218, 219, 220, 222, 223, 224, 225, 226, 227, 228, 229, 230, 231, 232, 233, 234, 235, 236, 237, 238, 239, 240, 241, 242, 243, 244, 245, 246, 247, 248, 249, 250]!Vessel: FarSeeker
[1, 2, 3, 4, 5, 6, 7, 8, 9, 10, 11, 12, 13, 14, 15, 16, 17, 19, 20, 21, 22, 23, 24, 25, 26, 27, 28, 30, 31, 33, 34, 35, 37, 38, 39, 41, 43, 44, 47, 49, 50, 52, 53, 54, 57, 59, 61, 62, 63, 64, 65, 68, 70, 71, 73, 74, 76, 77, 80, 81, 85, 86, 88, 90, 91, 92, 93, 95, 99, 100, 102, 103, 104, 107, 108, 109, 110, 115, 116, 117, 123, 125, 126, 128, 129, 135, 138, 141, 144, 146, 147, 154, 162, 168, 170, 175, 181, 187, 188, 196, 197, 207, 217, 221], [18, 29, 32, 36, 40, 42, 45, 46, 48, 51, 55, 56, 58, 60, 66, 67, 69, 72, 75, 78, 79, 82, 83, 84, 87, 89, 94, 96, 97, 98, 101, 105, 106, 111, 112, 113, 114, 118, 119, 120, 121, 122, 124, 127, 130, 131, 132, 133, 134, 136, 137, 139, 140, 142, 143, 145, 148, 149, 150, 151, 152, 153, 155, 156, 157, 158, 159, 160, 161, 163, 164, 165, 166, 167, 169, 171, 172, 173, 174, 176, 177, 178, 179, 180, 182, 183, 184, 185, 186, 189, 190, 191, 192, 193, 194, 195, 198, 199, 200, 201, 202, 203, 204, 205, 206, 208, 209, 210, 211, 212, 213, 214, 215, 216, 218, 219, 220, 222, 223, 224, 225, 226, 227, 228, 229, 230, 231, 232, 233, 234, 235, 236, 237, 238, 239, 240, 241, 242, 243, 244, 245, 246, 247, 248, 249, 250]!Vessel: FarSearcher
[1, 2, 3, 4, 5, 6, 7, 8, 9, 10, 11, 12, 13, 14, 15, 16, 17, 19, 20, 21, 22, 23, 24, 25, 26, 27, 28, 30, 31, 33, 34, 35, 37, 38, 39, 41, 43, 44, 47, 49, 50, 52, 53, 54, 57, 59, 61, 62, 63, 64, 65, 68, 70, 71, 73, 74, 76, 77, 80, 81, 85, 86, 88, 90, 91, 92, 93, 95, 99, 100, 102, 103, 104, 107, 108, 109, 110, 115, 116, 117, 123, 125, 126, 128, 129, 135, 138, 141, 144, 146, 147, 154, 162, 168, 170, 175, 181, 187, 188, 196, 197, 207, 217, 221], [18, 29, 32, 36, 40, 42, 45, 46, 48, 51, 55, 56, 58, 60, 66, 67, 69, 72, 75, 78, 79, 82, 83, 84, 87, 89, 94, 96, 97, 98, 101, 105, 106, 111, 112, 113, 114, 118, 119, 120, 121, 122, 124, 127, 130, 131, 132, 133, 134, 136, 137, 139, 140, 142, 143, 145, 148, 149, 150, 151, 152, 153, 155, 156, 157, 158, 160, 161, 163, 164, 165, 166, 167, 169, 171, 172, 173, 174, 176, 177, 178, 179, 180, 182, 183, 184, 186, 189, 190, 191, 192, 193, 194, 195, 198, 199, 200, 201, 202, 203, 204, 205, 206, 208, 209, 210, 211, 212, 213, 214, 215, 216, 218, 219, 220, 222, 223, 224, 226, 227, 228, 229, 230, 231, 232, 234, 235, 236, 237, 238, 239, 240, 241, 243, 244, 246, 248]!Vessel: FarSymphony
[1, 2, 3, 4, 5, 6, 7, 8, 9, 10, 11, 12, 13, 14, 15, 16, 17, 19, 20, 21, 22, 23, 24, 25, 26, 27, 28, 30, 31, 33, 34, 35, 37, 38, 39, 41, 43, 44, 47, 49, 50, 52, 53, 54, 57, 59, 61, 62, 63, 64, 65, 68, 70, 71, 73, 74, 76, 77, 80, 81, 85, 86, 88, 90, 91, 92, 93, 95, 99, 100, 102, 103, 104, 107, 108, 109, 110, 115, 116, 117, 123, 125, 126, 128, 129, 135, 138, 141, 144, 146, 147, 154, 162, 168, 170, 175, 181, 187, 188, 196, 197, 207, 217, 221], [18, 29, 32, 36, 40, 42, 45, 46, 48, 51, 55, 56, 58, 60, 66, 67, 69, 72, 75, 78, 79, 82, 83, 84, 87, 89, 94, 96, 97, 98, 101, 105, 106, 111, 112, 113, 114, 118, 119, 120, 121, 122, 124, 127, 130, 131, 132, 133, 134, 136, 137, 139, 140, 142, 143, 145, 148, 149, 150, 151, 152, 153, 155, 156, 157, 158, 159, 160, 161, 163, 164, 165, 166, 167, 169, 171, 172, 173, 174, 176, 177, 178, 179, 180, 182, 183, 184, 185, 186, 189, 190, 191, 192, 193, 194, 195, 198, 199, 200, 201, 202, 203, 204, 205, 206, 208, 209, 210, 211, 212, 213, 214, 215, 216, 218, 219, 220, 222, 223, 224, 225, 226, 227, 228, 229, 230, 231, 232, 234, 235, 236, 237, 238, 239, 240, 241, 242, 243, 244, 245, 246, 247, 248, 249, 250]!Vessel: HavilaForesight
[1, 2, 3, 4, 5, 6, 7, 8, 9, 10, 11, 12, 13, 14, 15, 16, 17, 19, 20, 21, 22, 23, 24, 25, 26, 27, 28, 30, 31, 33, 34, 35, 37, 38, 39, 41, 43, 44, 47, 49, 50, 52, 53, 54, 57, 59, 61, 62, 63, 64, 65, 68, 70, 71, 73, 74, 76, 77, 80, 81, 85, 86, 88, 90, 91, 92, 93, 95, 99, 100, 102, 103, 104, 107, 108, 109, 110, 115, 116, 117, 123, 125, 126, 128, 129, 135, 138, 141, 144, 146, 147, 154, 162, 168, 170, 175, 181, 187, 188, 196, 197, 207, 217, 221], [18, 29, 32, 36, 40, 42, 45, 46, 48, 51, 55, 56, 58, 60, 66, 67, 69, 72, 75, 78, 79, 82, 83, 84, 87, 89, 94, 96, 97, 98, 101, 105, 106, 111, 112, 113, 114, 118, 119, 120, 121, 122, 124, 127, 130, 131, 132, 133, 134, 136, 137, 139, 140, 142, 143, 145, 148, 149, 150, 151, 152, 153, 155, 156, 157, 158, 160, 161, 163, 164, 165, 166, 167, 169, 171, 172, 173, 174, 176, 177, 178, 179, 180, 182, 183, 184, 186, 189, 190, 191, 192, 193, 198, 199, 200, 201, 202, 203, 204, 205, 208, 209, 210, 211, 212, 213, 214, 216, 218, 219, 220, 222, 224, 226, 227, 228, 229, 231, 232, 234, 235, 236, 237, 238, 239, 241, 243, 244, 246, 248]!Vessel: FarStar
] 

minF : 2
maxF : 6
Nf : [
!f : 2, 3, 4, 5, 6
[5, 6], [], [], [2, 3, 4, 7], [1, 8]
]

! Parameters
VoyageCost: [37970, 44429, 39085, 45544, 64838, 73722, 43120, 59991, 49580, 62814, 73722, 44841, 80181, 47265, 62814, 74837, 69274, 81296, 43726, 46053, 63929, 49277, 70389, 43120, 78872, 38879, 47265, 72716, 85332, 50186, 50392, 81599, 67965, 38273, 42418, 83017, 48877, 76848, 49580, 85441, 47968, 81599, 44235, 73019, 81805, 84229, 54428, 88059, 50695, 79478, 84629, 62414, 46453, 72413, 82714, 89174, 55337, 87453, 78872, 85441, 62414, 68571, 48271, 46053, 79478, 84629, 88471, 54731, 88568, 68571, 78169, 85938, 67965, 78872, 85744, 48574, 47265, 86750, 93210, 48477, 47265, 90895, 86144, 85332, 37570, 77454, 84629, 67262, 88471, 67965, 79987, 55034, 76848, 92604, 69080, 86447, 84629, 87259, 76146, 48877, 92107, 47265, 47265, 80896, 88471, 91089, 44029, 54428, 77963, 53725, 87356, 84229, 84023, 93319, 76146, 49083, 80290, 86750, 90483, 87356, 82605, 95330, 55337, 85441, 47568, 75540, 84229, 55543, 53725, 86750, 92107, 88471, 81999, 84229, 60184, 93816, 94022, 53119, 86750, 85441, 54028, 86653, 86047, 78169, 85441, 62002, 51604, 85441, 93210, 91901, 92507, 94022, 84629, 67262, 88471, 88471, 87865, 91901, 100481, 89683, 88471, 60487, 87259, 94325, 92507, 84629, 91901, 73722, 87259, 47265, 88471, 98966, 91089, 89683, 73722, 91901, 91901, 93719, 88471, 93319, 53725, 83320, 82605, 98360, 98360, 89780, 51301, 72413, 89683, 94627, 93319, 91295, 89683, 97754, 90895, 52416, 60184, 81296, 94531, 89780, 89683, 86047, 94627, 90895, 96239, 99984, 58876, 92507, 81296, 94531, 93319, 85441, 87756, 99984, 99778, 91901, 58876, 92507, 95137, 88471, 65335, 98966, 101596, 89683, 99778, 89477, 91198, 95936, 97657, 99984, 89683, 90592, 105632, 90895, 97051, 97657, 88471, 104117, 89683, 97051, 94531, 103511, 99778, 90895, 95027, 99778, 103814, 98469, 104929, 104929]
VoyageDuration: [2, 2, 2, 2, 2, 2, 2, 2, 2, 2, 2, 2, 2, 2, 2, 2, 2, 3, 2, 2, 2, 2, 2, 2, 2, 2, 2, 2, 3, 2, 2, 3, 2, 2, 2, 3, 2, 2, 2, 3, 2, 3, 2, 2, 3, 3, 2, 3, 2, 2, 3, 2, 2, 2, 3, 3, 2, 3, 2, 3, 2, 2, 2, 2, 2, 3, 3, 2, 3, 2, 2, 3, 2, 2, 3, 2, 2, 3, 3, 2, 2, 3, 3, 3, 2, 2, 3, 2, 3, 2, 2, 2, 2, 3, 2, 3, 3, 3, 2, 2, 3, 2, 2, 2, 3, 3, 2, 2, 2, 2, 3, 3, 3, 3, 2, 2, 2, 3, 3, 3, 3, 3, 2, 3, 2, 2, 3, 2, 2, 3, 3, 3, 3, 3, 2, 3, 3, 2, 3, 3, 2, 3, 3, 2, 3, 2, 2, 3, 3, 3, 3, 3, 3, 2, 3, 3, 3, 3, 3, 3, 3, 2, 3, 3, 3, 3, 3, 2, 3, 2, 3, 3, 3, 3, 2, 3, 3, 3, 3, 3, 2, 3, 3, 3, 3, 3, 2, 2, 3, 3, 3, 3, 3, 3, 3, 2, 2, 3, 3, 3, 3, 3, 3, 3, 3, 3, 2, 3, 3, 3, 3, 3, 3, 3, 3, 3, 2, 3, 3, 3, 2, 3, 3, 3, 3, 3, 3, 3, 3, 3, 3, 3, 3, 3, 3, 3, 3, 3, 3, 3, 3, 3, 3, 3, 3, 3, 3, 3, 3, 3]
TimeCharterCost: [120000, 125000, 130000, 110000, 104000]
RequiredVisits: [6, 5, 5, 5, 2, 2, 5, 6]
NumberOfDaysAvailable: [7, 7, 7, 7, 7]
DepotCapacity: [3, 3, 3, 3, 3, 3, 3]
