!Summary:
!Execution time: 0,53 seconds
!Total # voyages: 606 (123 unique)
!Number of installations (excluding depot): 7
!Number of time windows: 0
!Number of vessels: 5

!Min. # installations: 1
!Max. number of installations: 8
!Min. duration: 56
!Max. duration: 80

!Name: FarStar	 # voyages: 117
!Name: FarSearcher	 # voyages: 123
!Name: FarSymphony	 # voyages: 120
!Name: FarSeeker	 # voyages: 123
!Name: HavilaForesight	 # voyages: 123
!------------------------------------------------------------------------------------------------------------------------
nV : 5
nR : 123
nN : 7
nT : 7
minL : 2
maxL : 3

! Sets: 
Rv : [
[1, 2, 3, 4, 5, 6, 7, 8, 9, 10, 11, 12, 13, 14, 15, 16, 17, 18, 19, 20, 21, 22, 23, 24, 25, 26, 27, 28, 29, 30, 31, 32, 33, 34, 35, 36, 37, 38, 39, 40, 41, 42, 43, 44, 45, 46, 47, 48, 49, 50, 51, 52, 53, 54, 55, 56, 57, 58, 59, 60, 61, 62, 63, 64, 65, 66, 67, 68, 69, 70, 71, 72, 73, 74, 75, 76, 77, 78, 79, 80, 81, 82, 83, 84, 85, 86, 87, 88, 89, 90, 91, 92, 93, 94, 95, 96, 97, 98, 99, 100, 101, 102, 103, 104, 105, 106, 107, 108, 109, 110, 111, 112, 113, 114, 115, 116, 117, 118, 119, 120, 121, 122, 123]!Vessel: FarSeeker
[1, 2, 3, 4, 5, 6, 7, 8, 9, 10, 11, 12, 13, 14, 15, 16, 17, 18, 19, 20, 21, 22, 23, 24, 25, 26, 27, 28, 29, 30, 31, 32, 33, 34, 35, 36, 37, 38, 39, 40, 41, 42, 43, 44, 45, 46, 47, 48, 49, 50, 51, 52, 53, 54, 55, 56, 57, 58, 59, 60, 61, 62, 63, 64, 65, 66, 67, 68, 69, 70, 71, 72, 73, 74, 75, 76, 77, 78, 79, 80, 81, 82, 83, 84, 85, 86, 87, 88, 89, 90, 91, 92, 93, 94, 95, 96, 97, 98, 99, 100, 101, 102, 103, 104, 105, 106, 107, 108, 109, 110, 111, 112, 113, 114, 115, 116, 117, 118, 119, 120, 121, 122, 123]!Vessel: FarSearcher
[1, 2, 3, 4, 5, 6, 7, 8, 9, 10, 11, 12, 13, 14, 15, 16, 17, 18, 19, 20, 21, 22, 23, 24, 25, 26, 27, 28, 29, 30, 31, 32, 33, 34, 35, 36, 37, 38, 39, 40, 41, 42, 43, 44, 45, 46, 47, 48, 49, 50, 51, 52, 53, 54, 55, 56, 57, 58, 59, 60, 61, 62, 63, 64, 65, 66, 67, 68, 69, 70, 71, 72, 73, 74, 75, 76, 77, 78, 79, 80, 81, 82, 83, 84, 85, 86, 87, 88, 89, 90, 91, 92, 93, 94, 95, 96, 97, 98, 99, 100, 101, 102, 103, 104, 105, 107, 108, 109, 110, 111, 112, 113, 114, 116, 117, 118, 119, 120, 121, 122]!Vessel: FarSymphony
[1, 2, 3, 4, 5, 6, 7, 8, 9, 10, 11, 12, 13, 14, 15, 16, 17, 18, 19, 20, 21, 22, 23, 24, 25, 26, 27, 28, 29, 30, 31, 32, 33, 34, 35, 36, 37, 38, 39, 40, 41, 42, 43, 44, 45, 46, 47, 48, 49, 50, 51, 52, 53, 54, 55, 56, 57, 58, 59, 60, 61, 62, 63, 64, 65, 66, 67, 68, 69, 70, 71, 72, 73, 74, 75, 76, 77, 78, 79, 80, 81, 82, 83, 84, 85, 86, 87, 88, 89, 90, 91, 92, 93, 94, 95, 96, 97, 98, 99, 100, 101, 102, 103, 104, 105, 106, 107, 108, 109, 110, 111, 112, 113, 114, 115, 116, 117, 118, 119, 120, 121, 122, 123]!Vessel: HavilaForesight
[1, 2, 3, 4, 5, 6, 7, 8, 9, 10, 11, 12, 13, 14, 15, 16, 17, 18, 19, 20, 21, 22, 23, 24, 25, 26, 27, 28, 29, 30, 31, 32, 33, 34, 35, 36, 37, 38, 39, 40, 41, 42, 43, 44, 45, 46, 47, 48, 49, 50, 51, 52, 53, 54, 55, 56, 57, 58, 59, 60, 61, 62, 63, 64, 65, 66, 67, 68, 69, 70, 71, 72, 73, 74, 75, 76, 77, 78, 79, 80, 81, 82, 83, 84, 85, 86, 87, 88, 89, 90, 91, 92, 93, 94, 95, 96, 97, 98, 99, 100, 101, 102, 103, 104, 105, 107, 108, 109, 110, 111, 112, 113, 114, 116, 117, 119, 121]!Vessel: FarStar
] 

Rvi : [
!i : 1, 2, 3, 4, 5, 6, 7
[1, 2, 4, 6, 9, 10, 12, 13, 16, 17, 18, 21, 22, 27, 28, 29, 30, 34, 35, 36, 41, 42, 43, 44, 49, 50, 51, 52, 57, 58, 59, 60, 65, 66, 67, 68, 73, 74, 75, 76, 81, 82, 83, 84, 88, 89, 90, 95, 96, 97, 98, 101, 102, 106, 107, 108, 111, 112, 115, 116, 118, 120, 122], [2, 7, 9, 11, 12, 14, 16, 19, 21, 23, 24, 27, 28, 31, 34, 37, 38, 41, 42, 45, 46, 49, 50, 53, 54, 57, 58, 61, 62, 65, 66, 69, 70, 73, 74, 77, 78, 81, 82, 85, 86, 88, 89, 91, 92, 95, 96, 99, 101, 103, 104, 106, 107, 109, 111, 113, 115, 117, 118, 119, 120, 123], [3, 4, 7, 9, 15, 17, 20, 22, 23, 25, 27, 29, 31, 32, 34, 35, 37, 41, 45, 47, 49, 51, 55, 59, 61, 63, 64, 65, 67, 68, 69, 71, 73, 75, 77, 78, 79, 81, 82, 83, 85, 88, 91, 93, 95, 97, 100, 102, 103, 105, 106, 108, 109, 110, 111, 112, 113, 115, 117, 118, 121, 122, 123], [5, 6, 11, 12, 15, 17, 23, 26, 27, 30, 33, 36, 38, 39, 42, 43, 46, 47, 50, 51, 53, 55, 57, 59, 61, 63, 65, 67, 69, 72, 73, 76, 77, 80, 81, 84, 86, 87, 89, 90, 92, 93, 96, 97, 99, 100, 101, 102, 103, 105, 106, 108, 109, 111, 113, 114, 115, 116, 119, 120, 121, 122, 123], [8, 10, 14, 16, 20, 22, 26, 30, 31, 34, 38, 40, 42, 44, 47, 48, 51, 52, 54, 58, 61, 62, 64, 65, 66, 68, 71, 72, 75, 76, 78, 80, 82, 84, 85, 86, 88, 89, 92, 93, 94, 96, 97, 98, 100, 102, 103, 104, 106, 107, 109, 110, 111, 112, 114, 116, 117, 118, 119, 120, 121, 122, 123], [13, 19, 21, 25, 29, 33, 36, 37, 40, 41, 44, 46, 50, 54, 55, 56, 58, 59, 60, 64, 68, 69, 70, 72, 73, 74, 76, 78, 79, 82, 83, 86, 87, 89, 90, 91, 93, 94, 95, 97, 98, 99, 101, 103, 104, 105, 106, 107, 108, 110, 112, 113, 114, 115, 116, 117, 118, 119, 120, 121, 122, 123], [18, 24, 28, 32, 35, 39, 43, 45, 48, 49, 52, 53, 56, 57, 60, 62, 63, 66, 67, 70, 71, 74, 75, 77, 79, 80, 81, 83, 84, 85, 87, 88, 90, 91, 92, 94, 95, 96, 98, 99, 100, 101, 102, 104, 105, 107, 108, 109, 110, 111, 112, 113, 114, 115, 116, 117, 118, 119, 120, 121, 122, 123]!Vessel: FarSeeker
[1, 2, 4, 6, 9, 10, 12, 13, 16, 17, 18, 21, 22, 27, 28, 29, 30, 34, 35, 36, 41, 42, 43, 44, 49, 50, 51, 52, 57, 58, 59, 60, 65, 66, 67, 68, 73, 74, 75, 76, 81, 82, 83, 84, 88, 89, 90, 95, 96, 97, 98, 101, 102, 106, 107, 108, 111, 112, 115, 116, 118, 120, 122], [2, 7, 9, 11, 12, 14, 16, 19, 21, 23, 24, 27, 28, 31, 34, 37, 38, 41, 42, 45, 46, 49, 50, 53, 54, 57, 58, 61, 62, 65, 66, 69, 70, 73, 74, 77, 78, 81, 82, 85, 86, 88, 89, 91, 92, 95, 96, 99, 101, 103, 104, 106, 107, 109, 111, 113, 115, 117, 118, 119, 120, 123], [3, 4, 7, 9, 15, 17, 20, 22, 23, 25, 27, 29, 31, 32, 34, 35, 37, 41, 45, 47, 49, 51, 55, 59, 61, 63, 64, 65, 67, 68, 69, 71, 73, 75, 77, 78, 79, 81, 82, 83, 85, 88, 91, 93, 95, 97, 100, 102, 103, 105, 106, 108, 109, 110, 111, 112, 113, 115, 117, 118, 121, 122, 123], [5, 6, 11, 12, 15, 17, 23, 26, 27, 30, 33, 36, 38, 39, 42, 43, 46, 47, 50, 51, 53, 55, 57, 59, 61, 63, 65, 67, 69, 72, 73, 76, 77, 80, 81, 84, 86, 87, 89, 90, 92, 93, 96, 97, 99, 100, 101, 102, 103, 105, 106, 108, 109, 111, 113, 114, 115, 116, 119, 120, 121, 122, 123], [8, 10, 14, 16, 20, 22, 26, 30, 31, 34, 38, 40, 42, 44, 47, 48, 51, 52, 54, 58, 61, 62, 64, 65, 66, 68, 71, 72, 75, 76, 78, 80, 82, 84, 85, 86, 88, 89, 92, 93, 94, 96, 97, 98, 100, 102, 103, 104, 106, 107, 109, 110, 111, 112, 114, 116, 117, 118, 119, 120, 121, 122, 123], [13, 19, 21, 25, 29, 33, 36, 37, 40, 41, 44, 46, 50, 54, 55, 56, 58, 59, 60, 64, 68, 69, 70, 72, 73, 74, 76, 78, 79, 82, 83, 86, 87, 89, 90, 91, 93, 94, 95, 97, 98, 99, 101, 103, 104, 105, 106, 107, 108, 110, 112, 113, 114, 115, 116, 117, 118, 119, 120, 121, 122, 123], [18, 24, 28, 32, 35, 39, 43, 45, 48, 49, 52, 53, 56, 57, 60, 62, 63, 66, 67, 70, 71, 74, 75, 77, 79, 80, 81, 83, 84, 85, 87, 88, 90, 91, 92, 94, 95, 96, 98, 99, 100, 101, 102, 104, 105, 107, 108, 109, 110, 111, 112, 113, 114, 115, 116, 117, 118, 119, 120, 121, 122, 123]!Vessel: FarSearcher
[1, 2, 4, 6, 9, 10, 12, 13, 16, 17, 18, 21, 22, 27, 28, 29, 30, 34, 35, 36, 41, 42, 43, 44, 49, 50, 51, 52, 57, 58, 59, 60, 65, 66, 67, 68, 73, 74, 75, 76, 81, 82, 83, 84, 88, 89, 90, 95, 96, 97, 98, 101, 102, 107, 108, 111, 112, 116, 118, 120, 122], [2, 7, 9, 11, 12, 14, 16, 19, 21, 23, 24, 27, 28, 31, 34, 37, 38, 41, 42, 45, 46, 49, 50, 53, 54, 57, 58, 61, 62, 65, 66, 69, 70, 73, 74, 77, 78, 81, 82, 85, 86, 88, 89, 91, 92, 95, 96, 99, 101, 103, 104, 107, 109, 111, 113, 117, 118, 119, 120], [3, 4, 7, 9, 15, 17, 20, 22, 23, 25, 27, 29, 31, 32, 34, 35, 37, 41, 45, 47, 49, 51, 55, 59, 61, 63, 64, 65, 67, 68, 69, 71, 73, 75, 77, 78, 79, 81, 82, 83, 85, 88, 91, 93, 95, 97, 100, 102, 103, 105, 108, 109, 110, 111, 112, 113, 117, 118, 121, 122], [5, 6, 11, 12, 15, 17, 23, 26, 27, 30, 33, 36, 38, 39, 42, 43, 46, 47, 50, 51, 53, 55, 57, 59, 61, 63, 65, 67, 69, 72, 73, 76, 77, 80, 81, 84, 86, 87, 89, 90, 92, 93, 96, 97, 99, 100, 101, 102, 103, 105, 108, 109, 111, 113, 114, 116, 119, 120, 121, 122], [8, 10, 14, 16, 20, 22, 26, 30, 31, 34, 38, 40, 42, 44, 47, 48, 51, 52, 54, 58, 61, 62, 64, 65, 66, 68, 71, 72, 75, 76, 78, 80, 82, 84, 85, 86, 88, 89, 92, 93, 94, 96, 97, 98, 100, 102, 103, 104, 107, 109, 110, 111, 112, 114, 116, 117, 118, 119, 120, 121, 122], [13, 19, 21, 25, 29, 33, 36, 37, 40, 41, 44, 46, 50, 54, 55, 56, 58, 59, 60, 64, 68, 69, 70, 72, 73, 74, 76, 78, 79, 82, 83, 86, 87, 89, 90, 91, 93, 94, 95, 97, 98, 99, 101, 103, 104, 105, 107, 108, 110, 112, 113, 114, 116, 117, 118, 119, 120, 121, 122], [18, 24, 28, 32, 35, 39, 43, 45, 48, 49, 52, 53, 56, 57, 60, 62, 63, 66, 67, 70, 71, 74, 75, 77, 79, 80, 81, 83, 84, 85, 87, 88, 90, 91, 92, 94, 95, 96, 98, 99, 100, 101, 102, 104, 105, 107, 108, 109, 110, 111, 112, 113, 114, 116, 117, 118, 119, 120, 121, 122]!Vessel: FarSymphony
[1, 2, 4, 6, 9, 10, 12, 13, 16, 17, 18, 21, 22, 27, 28, 29, 30, 34, 35, 36, 41, 42, 43, 44, 49, 50, 51, 52, 57, 58, 59, 60, 65, 66, 67, 68, 73, 74, 75, 76, 81, 82, 83, 84, 88, 89, 90, 95, 96, 97, 98, 101, 102, 106, 107, 108, 111, 112, 115, 116, 118, 120, 122], [2, 7, 9, 11, 12, 14, 16, 19, 21, 23, 24, 27, 28, 31, 34, 37, 38, 41, 42, 45, 46, 49, 50, 53, 54, 57, 58, 61, 62, 65, 66, 69, 70, 73, 74, 77, 78, 81, 82, 85, 86, 88, 89, 91, 92, 95, 96, 99, 101, 103, 104, 106, 107, 109, 111, 113, 115, 117, 118, 119, 120, 123], [3, 4, 7, 9, 15, 17, 20, 22, 23, 25, 27, 29, 31, 32, 34, 35, 37, 41, 45, 47, 49, 51, 55, 59, 61, 63, 64, 65, 67, 68, 69, 71, 73, 75, 77, 78, 79, 81, 82, 83, 85, 88, 91, 93, 95, 97, 100, 102, 103, 105, 106, 108, 109, 110, 111, 112, 113, 115, 117, 118, 121, 122, 123], [5, 6, 11, 12, 15, 17, 23, 26, 27, 30, 33, 36, 38, 39, 42, 43, 46, 47, 50, 51, 53, 55, 57, 59, 61, 63, 65, 67, 69, 72, 73, 76, 77, 80, 81, 84, 86, 87, 89, 90, 92, 93, 96, 97, 99, 100, 101, 102, 103, 105, 106, 108, 109, 111, 113, 114, 115, 116, 119, 120, 121, 122, 123], [8, 10, 14, 16, 20, 22, 26, 30, 31, 34, 38, 40, 42, 44, 47, 48, 51, 52, 54, 58, 61, 62, 64, 65, 66, 68, 71, 72, 75, 76, 78, 80, 82, 84, 85, 86, 88, 89, 92, 93, 94, 96, 97, 98, 100, 102, 103, 104, 106, 107, 109, 110, 111, 112, 114, 116, 117, 118, 119, 120, 121, 122, 123], [13, 19, 21, 25, 29, 33, 36, 37, 40, 41, 44, 46, 50, 54, 55, 56, 58, 59, 60, 64, 68, 69, 70, 72, 73, 74, 76, 78, 79, 82, 83, 86, 87, 89, 90, 91, 93, 94, 95, 97, 98, 99, 101, 103, 104, 105, 106, 107, 108, 110, 112, 113, 114, 115, 116, 117, 118, 119, 120, 121, 122, 123], [18, 24, 28, 32, 35, 39, 43, 45, 48, 49, 52, 53, 56, 57, 60, 62, 63, 66, 67, 70, 71, 74, 75, 77, 79, 80, 81, 83, 84, 85, 87, 88, 90, 91, 92, 94, 95, 96, 98, 99, 100, 101, 102, 104, 105, 107, 108, 109, 110, 111, 112, 113, 114, 115, 116, 117, 118, 119, 120, 121, 122, 123]!Vessel: HavilaForesight
[1, 2, 4, 6, 9, 10, 12, 13, 16, 17, 18, 21, 22, 27, 28, 29, 30, 34, 35, 36, 41, 42, 43, 44, 49, 50, 51, 52, 57, 58, 59, 60, 65, 66, 67, 68, 73, 74, 75, 76, 81, 82, 83, 84, 88, 89, 90, 95, 96, 97, 98, 101, 102, 107, 108, 111, 112, 116], [2, 7, 9, 11, 12, 14, 16, 19, 21, 23, 24, 27, 28, 31, 34, 37, 38, 41, 42, 45, 46, 49, 50, 53, 54, 57, 58, 61, 62, 65, 66, 69, 70, 73, 74, 77, 78, 81, 82, 85, 86, 88, 89, 91, 92, 95, 96, 99, 101, 103, 104, 107, 109, 111, 113, 117, 119], [3, 4, 7, 9, 15, 17, 20, 22, 23, 25, 27, 29, 31, 32, 34, 35, 37, 41, 45, 47, 49, 51, 55, 59, 61, 63, 64, 65, 67, 68, 69, 71, 73, 75, 77, 78, 79, 81, 82, 83, 85, 88, 91, 93, 95, 97, 100, 102, 103, 105, 108, 109, 110, 111, 112, 113, 117, 121], [5, 6, 11, 12, 15, 17, 23, 26, 27, 30, 33, 36, 38, 39, 42, 43, 46, 47, 50, 51, 53, 55, 57, 59, 61, 63, 65, 67, 69, 72, 73, 76, 77, 80, 81, 84, 86, 87, 89, 90, 92, 93, 96, 97, 99, 100, 101, 102, 103, 105, 108, 109, 111, 113, 114, 116, 119, 121], [8, 10, 14, 16, 20, 22, 26, 30, 31, 34, 38, 40, 42, 44, 47, 48, 51, 52, 54, 58, 61, 62, 64, 65, 66, 68, 71, 72, 75, 76, 78, 80, 82, 84, 85, 86, 88, 89, 92, 93, 94, 96, 97, 98, 100, 102, 103, 104, 107, 109, 110, 111, 112, 114, 116, 117, 119, 121], [13, 19, 21, 25, 29, 33, 36, 37, 40, 41, 44, 46, 50, 54, 55, 56, 58, 59, 60, 64, 68, 69, 70, 72, 73, 74, 76, 78, 79, 82, 83, 86, 87, 89, 90, 91, 93, 94, 95, 97, 98, 99, 101, 103, 104, 105, 107, 108, 110, 112, 113, 114, 116, 117, 119, 121], [18, 24, 28, 32, 35, 39, 43, 45, 48, 49, 52, 53, 56, 57, 60, 62, 63, 66, 67, 70, 71, 74, 75, 77, 79, 80, 81, 83, 84, 85, 87, 88, 90, 91, 92, 94, 95, 96, 98, 99, 100, 101, 102, 104, 105, 107, 108, 109, 110, 111, 112, 113, 114, 116, 117, 119, 121]!Vessel: FarStar
] 

Rvl : [
!l : 2, 3
[1, 2, 3, 4, 5, 6, 7, 8, 9, 10, 11, 12, 13, 14, 15, 16, 18, 19, 20, 21, 22, 23, 24, 25, 26, 28, 29, 31, 32, 33, 34, 35, 36, 37, 39, 40, 41, 43, 44, 45, 46, 48, 49, 52, 53, 54, 55, 56, 58, 60, 62, 63, 64, 66, 68, 70, 71, 72, 74, 75, 78, 79, 80, 83, 85, 87, 91, 94, 95, 98, 104, 110], [17, 27, 30, 38, 42, 47, 50, 51, 57, 59, 61, 65, 67, 69, 73, 76, 77, 81, 82, 84, 86, 88, 89, 90, 92, 93, 96, 97, 99, 100, 101, 102, 103, 105, 106, 107, 108, 109, 111, 112, 113, 114, 115, 116, 117, 118, 119, 120, 121, 122, 123]!Vessel: FarSeeker
[1, 2, 3, 4, 5, 6, 7, 8, 9, 10, 11, 12, 13, 14, 15, 16, 18, 19, 20, 21, 22, 23, 24, 25, 26, 28, 29, 31, 32, 33, 34, 35, 36, 37, 39, 40, 41, 43, 44, 45, 46, 48, 49, 52, 53, 54, 55, 56, 58, 60, 62, 63, 64, 66, 68, 70, 71, 72, 74, 75, 78, 79, 80, 83, 85, 87, 91, 94, 95, 98, 104, 110], [17, 27, 30, 38, 42, 47, 50, 51, 57, 59, 61, 65, 67, 69, 73, 76, 77, 81, 82, 84, 86, 88, 89, 90, 92, 93, 96, 97, 99, 100, 101, 102, 103, 105, 106, 107, 108, 109, 111, 112, 113, 114, 115, 116, 117, 118, 119, 120, 121, 122, 123]!Vessel: FarSearcher
[1, 2, 3, 4, 5, 6, 7, 8, 9, 10, 11, 12, 13, 14, 15, 16, 18, 19, 20, 21, 22, 23, 24, 25, 26, 28, 29, 31, 32, 33, 34, 35, 36, 37, 39, 40, 41, 43, 44, 45, 46, 48, 49, 52, 53, 54, 55, 56, 58, 60, 62, 63, 64, 66, 68, 70, 71, 72, 74, 75, 78, 79, 80, 83, 85, 87, 91, 94, 95, 98, 104, 110], [17, 27, 30, 38, 42, 47, 50, 51, 57, 59, 61, 65, 67, 69, 73, 76, 77, 81, 82, 84, 86, 88, 89, 90, 92, 93, 96, 97, 99, 100, 101, 102, 103, 105, 107, 108, 109, 111, 112, 113, 114, 116, 117, 118, 119, 120, 121, 122]!Vessel: FarSymphony
[1, 2, 3, 4, 5, 6, 7, 8, 9, 10, 11, 12, 13, 14, 15, 16, 18, 19, 20, 21, 22, 23, 24, 25, 26, 28, 29, 31, 32, 33, 34, 35, 36, 37, 39, 40, 41, 43, 44, 45, 46, 48, 49, 52, 53, 54, 55, 56, 58, 60, 62, 63, 64, 66, 68, 70, 71, 72, 74, 75, 78, 79, 80, 83, 85, 87, 91, 94, 95, 98, 104, 110], [17, 27, 30, 38, 42, 47, 50, 51, 57, 59, 61, 65, 67, 69, 73, 76, 77, 81, 82, 84, 86, 88, 89, 90, 92, 93, 96, 97, 99, 100, 101, 102, 103, 105, 106, 107, 108, 109, 111, 112, 113, 114, 115, 116, 117, 118, 119, 120, 121, 122, 123]!Vessel: HavilaForesight
[1, 2, 3, 4, 5, 6, 7, 8, 9, 10, 11, 12, 13, 14, 15, 16, 18, 19, 20, 21, 22, 23, 24, 25, 26, 28, 29, 31, 32, 33, 34, 35, 36, 37, 39, 40, 41, 43, 44, 45, 46, 48, 49, 52, 53, 54, 55, 56, 58, 60, 62, 63, 64, 66, 68, 70, 71, 72, 74, 75, 78, 79, 80, 83, 85, 87, 91, 94, 95, 98, 104, 110], [17, 27, 30, 38, 42, 47, 50, 51, 57, 59, 61, 65, 67, 69, 73, 76, 77, 81, 82, 84, 86, 88, 89, 90, 92, 93, 96, 97, 99, 100, 101, 102, 103, 105, 107, 108, 109, 111, 112, 113, 114, 116, 117, 119, 121]!Vessel: FarStar
] 

minF : 2
maxF : 6
Nf : [
!f : 2, 3, 4, 5, 6
[5, 6], [], [], [2, 3, 4, 7], [1]
]

! Parameters
VoyageCost: [37970, 44429, 39085, 45544, 64838, 73722, 43120, 53931, 49580, 62814, 73722, 80181, 42817, 62814, 74837, 69274, 81296, 43726, 40394, 63929, 49277, 70389, 78872, 38879, 43932, 72716, 85332, 50186, 50392, 81599, 67965, 42418, 72110, 74425, 48877, 78569, 47968, 81599, 73019, 61202, 54428, 88059, 79478, 67662, 46453, 78569, 82714, 62111, 55337, 85029, 89174, 68571, 79478, 67662, 79684, 39691, 85938, 74122, 86144, 48574, 86750, 68571, 78169, 68777, 93210, 75031, 84629, 75237, 86144, 46150, 67262, 79987, 92604, 55034, 73722, 86447, 84629, 75237, 47265, 80896, 91089, 81696, 53725, 87356, 73722, 86447, 77867, 80181, 92907, 84326, 53725, 87356, 87562, 66959, 60184, 93816, 94022, 73419, 84326, 86047, 90786, 92507, 94022, 73419, 85441, 100481, 79878, 91901, 92507, 74534, 98966, 80993, 91901, 85744, 98360, 92204, 80993, 87453, 92204, 98663, 93319, 99778, 99778]
VoyageDuration: [2, 2, 2, 2, 2, 2, 2, 2, 2, 2, 2, 2, 2, 2, 2, 2, 3, 2, 2, 2, 2, 2, 2, 2, 2, 2, 3, 2, 2, 3, 2, 2, 2, 2, 2, 2, 2, 3, 2, 2, 2, 3, 2, 2, 2, 2, 3, 2, 2, 3, 3, 2, 2, 2, 2, 2, 3, 2, 3, 2, 3, 2, 2, 2, 3, 2, 3, 2, 3, 2, 2, 2, 3, 2, 2, 3, 3, 2, 2, 2, 3, 3, 2, 3, 2, 3, 2, 3, 3, 3, 2, 3, 3, 2, 2, 3, 3, 2, 3, 3, 3, 3, 3, 2, 3, 3, 3, 3, 3, 2, 3, 3, 3, 3, 3, 3, 3, 3, 3, 3, 3, 3, 3]
TimeCharterCost: [120000, 125000, 130000, 110000, 104000]
RequiredVisits: [6, 5, 5, 5, 2, 2, 5]
NumberOfDaysAvailable: [7, 7, 7, 7, 7]
DepotCapacity: [3, 3, 3, 3, 3, 3, 3]
