!Summary:
!Execution time: 1,56 seconds
!Total # voyages: 2350 (492 unique)
!Number of installations (excluding depot): 9
!Number of time windows: 2
!Number of vessels: 5

!Min. # installations: 1
!Max. number of installations: 8
!Min. duration: 56
!Max. duration: 80

!Name: FarStar	 # voyages: 428
!Name: FarSeeker	 # voyages: 492
!Name: HavilaForesight	 # voyages: 483
!Name: FarSymphony	 # voyages: 455
!Name: FarSearcher	 # voyages: 492
!------------------------------------------------------------------------------------------------------------------------
nV : 5
nR : 492
nN : 9
nT : 7
minL : 2
maxL : 3

! Sets: 
Rv : [
[1, 2, 3, 4, 5, 6, 7, 8, 9, 10, 11, 12, 13, 14, 15, 16, 17, 18, 19, 20, 21, 22, 23, 24, 25, 26, 27, 28, 29, 30, 31, 32, 33, 34, 35, 36, 37, 38, 39, 40, 41, 42, 43, 44, 45, 46, 47, 48, 49, 50, 51, 52, 53, 54, 55, 56, 57, 58, 59, 60, 61, 62, 63, 64, 65, 66, 67, 68, 69, 70, 71, 72, 73, 74, 75, 76, 77, 78, 79, 80, 81, 82, 83, 84, 85, 86, 87, 88, 89, 90, 91, 92, 93, 94, 95, 96, 97, 98, 99, 100, 101, 102, 103, 104, 105, 106, 107, 108, 109, 110, 111, 112, 113, 114, 115, 116, 117, 118, 119, 120, 121, 122, 123, 124, 125, 126, 127, 128, 129, 130, 131, 132, 133, 134, 135, 136, 137, 138, 139, 140, 141, 142, 143, 144, 145, 146, 147, 148, 149, 150, 151, 152, 153, 154, 155, 156, 157, 158, 159, 160, 161, 162, 163, 164, 165, 166, 167, 168, 169, 170, 171, 172, 173, 174, 175, 176, 177, 178, 179, 180, 181, 182, 183, 184, 185, 186, 187, 188, 189, 190, 191, 192, 193, 194, 195, 196, 197, 198, 199, 200, 201, 202, 203, 204, 205, 206, 207, 208, 209, 210, 211, 212, 213, 214, 215, 216, 217, 218, 219, 220, 221, 222, 223, 224, 225, 226, 227, 228, 229, 230, 231, 232, 233, 234, 235, 236, 237, 238, 239, 240, 241, 242, 243, 244, 245, 246, 247, 248, 249, 250, 251, 252, 253, 254, 255, 256, 257, 258, 259, 260, 261, 262, 263, 264, 265, 266, 267, 268, 269, 270, 271, 272, 273, 274, 275, 276, 277, 278, 279, 280, 281, 282, 283, 284, 285, 286, 287, 288, 289, 290, 291, 292, 293, 294, 295, 296, 297, 298, 299, 300, 301, 302, 303, 304, 305, 306, 307, 308, 309, 310, 311, 312, 313, 314, 315, 316, 317, 318, 319, 320, 321, 322, 323, 324, 325, 326, 327, 328, 329, 330, 331, 332, 333, 334, 335, 336, 337, 338, 339, 340, 341, 342, 343, 344, 345, 346, 347, 348, 349, 350, 351, 352, 353, 354, 355, 356, 357, 358, 359, 360, 361, 362, 363, 364, 365, 366, 367, 368, 369, 370, 371, 372, 373, 374, 375, 376, 377, 378, 379, 380, 381, 382, 383, 384, 385, 386, 387, 388, 389, 390, 391, 392, 393, 394, 395, 396, 397, 398, 399, 400, 401, 402, 403, 404, 405, 406, 407, 408, 409, 410, 411, 412, 413, 414, 415, 416, 417, 418, 419, 420, 421, 422, 423, 424, 425, 426, 427, 428, 429, 430, 431, 432, 433, 434, 435, 436, 437, 438, 439, 440, 441, 442, 443, 444, 445, 446, 447, 448, 449, 450, 451, 452, 453, 454, 455, 456, 457, 458, 459, 460, 461, 462, 463, 464, 465, 466, 467, 468, 469, 470, 471, 472, 473, 474, 475, 476, 477, 478, 479, 480, 481, 482, 483, 484, 485, 486, 487, 488, 489, 490, 491, 492]!Vessel: FarSeeker
[1, 2, 3, 4, 5, 6, 7, 8, 9, 10, 11, 12, 13, 14, 15, 16, 17, 18, 19, 20, 21, 22, 23, 24, 25, 26, 27, 28, 29, 30, 31, 32, 33, 34, 35, 36, 37, 38, 39, 40, 41, 42, 43, 44, 45, 46, 47, 48, 49, 50, 51, 52, 53, 54, 55, 56, 57, 58, 59, 60, 61, 62, 63, 64, 65, 66, 67, 68, 69, 70, 71, 72, 73, 74, 75, 76, 77, 78, 79, 80, 81, 82, 83, 84, 85, 86, 87, 88, 89, 90, 91, 92, 93, 94, 95, 96, 97, 98, 99, 100, 101, 102, 103, 104, 105, 106, 107, 108, 109, 110, 111, 112, 113, 114, 115, 116, 117, 118, 119, 120, 121, 122, 123, 124, 125, 126, 127, 128, 129, 130, 131, 132, 133, 134, 135, 136, 137, 138, 139, 140, 141, 142, 143, 144, 145, 146, 147, 148, 149, 150, 151, 152, 153, 154, 155, 156, 157, 158, 159, 160, 161, 162, 163, 164, 165, 166, 167, 168, 169, 170, 171, 172, 173, 174, 175, 176, 177, 178, 179, 180, 181, 182, 183, 184, 185, 186, 187, 188, 189, 190, 191, 192, 193, 194, 195, 196, 197, 198, 199, 200, 201, 202, 203, 204, 205, 206, 207, 208, 209, 210, 211, 212, 213, 214, 215, 216, 217, 218, 219, 220, 221, 222, 223, 224, 225, 226, 227, 228, 229, 230, 231, 232, 233, 234, 235, 236, 237, 238, 239, 240, 241, 242, 243, 244, 245, 246, 247, 248, 249, 250, 251, 252, 253, 254, 255, 256, 257, 258, 259, 260, 261, 262, 263, 264, 265, 266, 267, 268, 269, 270, 271, 272, 273, 274, 275, 276, 277, 278, 279, 280, 281, 282, 283, 284, 285, 286, 287, 288, 289, 290, 291, 292, 293, 294, 295, 296, 297, 298, 299, 300, 301, 302, 303, 304, 305, 306, 307, 308, 309, 310, 311, 312, 313, 314, 315, 316, 317, 318, 319, 320, 321, 322, 323, 324, 325, 326, 327, 328, 329, 330, 331, 332, 333, 334, 335, 336, 337, 338, 339, 340, 341, 342, 343, 344, 345, 346, 347, 348, 349, 350, 351, 352, 353, 354, 355, 356, 357, 358, 359, 360, 361, 362, 363, 364, 365, 366, 367, 368, 369, 370, 371, 372, 373, 374, 375, 376, 377, 378, 379, 380, 381, 382, 383, 384, 385, 386, 387, 388, 389, 390, 391, 392, 393, 394, 395, 396, 397, 398, 399, 400, 401, 402, 403, 404, 405, 406, 407, 408, 409, 410, 411, 412, 413, 414, 415, 416, 417, 418, 419, 420, 421, 422, 423, 424, 425, 426, 427, 428, 429, 430, 431, 432, 433, 434, 435, 436, 437, 438, 439, 440, 441, 442, 443, 444, 445, 446, 447, 448, 449, 450, 451, 452, 453, 454, 455, 456, 457, 458, 459, 460, 461, 462, 463, 464, 465, 466, 467, 468, 469, 470, 471, 472, 473, 474, 475, 476, 477, 478, 479, 480, 481, 482, 483, 484, 485, 486, 487, 488, 489, 490, 491, 492]!Vessel: FarSearcher
[1, 2, 3, 4, 5, 6, 7, 8, 9, 10, 11, 12, 13, 14, 15, 16, 17, 18, 19, 20, 21, 22, 23, 24, 25, 26, 27, 28, 29, 30, 31, 32, 33, 34, 35, 36, 37, 38, 39, 40, 41, 42, 43, 44, 45, 46, 47, 48, 49, 50, 51, 52, 53, 54, 55, 56, 57, 58, 59, 60, 61, 62, 63, 64, 65, 66, 67, 68, 69, 70, 71, 72, 73, 74, 75, 76, 77, 78, 79, 80, 81, 82, 83, 84, 85, 86, 87, 88, 89, 90, 91, 92, 93, 94, 95, 96, 97, 98, 99, 100, 101, 102, 103, 104, 105, 106, 107, 108, 109, 110, 111, 112, 113, 114, 115, 116, 117, 118, 119, 120, 121, 122, 123, 124, 125, 126, 127, 128, 129, 130, 131, 132, 133, 134, 135, 136, 137, 138, 139, 140, 141, 142, 143, 144, 145, 146, 147, 148, 149, 150, 151, 152, 153, 154, 155, 156, 157, 158, 159, 160, 161, 162, 163, 164, 165, 166, 167, 168, 169, 170, 171, 172, 173, 174, 175, 176, 177, 178, 179, 180, 181, 182, 183, 184, 185, 186, 187, 188, 189, 190, 191, 192, 193, 194, 195, 196, 197, 198, 199, 200, 201, 202, 203, 204, 205, 206, 207, 208, 209, 211, 212, 213, 214, 215, 216, 217, 218, 219, 220, 221, 222, 223, 224, 225, 226, 227, 228, 229, 230, 231, 232, 233, 234, 235, 236, 237, 238, 239, 240, 241, 242, 243, 244, 245, 246, 247, 248, 249, 250, 251, 252, 253, 255, 256, 257, 258, 259, 260, 261, 262, 263, 264, 265, 266, 267, 268, 269, 270, 271, 272, 273, 274, 275, 276, 277, 278, 279, 280, 281, 282, 283, 284, 285, 286, 287, 288, 289, 290, 291, 292, 293, 294, 295, 296, 297, 298, 299, 300, 301, 302, 303, 304, 305, 306, 307, 308, 310, 311, 312, 313, 314, 315, 316, 317, 318, 319, 320, 321, 322, 323, 324, 325, 326, 327, 328, 329, 330, 331, 332, 333, 334, 336, 337, 338, 339, 340, 341, 342, 343, 344, 346, 347, 348, 349, 350, 352, 353, 354, 355, 356, 357, 358, 359, 360, 361, 362, 364, 365, 366, 367, 369, 370, 371, 372, 373, 374, 375, 376, 377, 378, 379, 380, 383, 384, 385, 386, 387, 388, 389, 390, 391, 393, 394, 395, 396, 397, 398, 399, 401, 402, 403, 404, 405, 406, 407, 408, 409, 410, 411, 412, 413, 414, 415, 416, 418, 419, 421, 422, 423, 424, 425, 426, 427, 428, 429, 430, 431, 432, 435, 436, 437, 438, 439, 440, 441, 442, 444, 445, 446, 448, 450, 451, 452, 453, 456, 457, 459, 460, 461, 462, 464, 466, 467, 468, 469, 471, 473, 474, 475, 477, 479, 480, 483, 484, 488]!Vessel: FarSymphony
[1, 2, 3, 4, 5, 6, 7, 8, 9, 10, 11, 12, 13, 14, 15, 16, 17, 18, 19, 20, 21, 22, 23, 24, 25, 26, 27, 28, 29, 30, 31, 32, 33, 34, 35, 36, 37, 38, 39, 40, 41, 42, 43, 44, 45, 46, 47, 48, 49, 50, 51, 52, 53, 54, 55, 56, 57, 58, 59, 60, 61, 62, 63, 64, 65, 66, 67, 68, 69, 70, 71, 72, 73, 74, 75, 76, 77, 78, 79, 80, 81, 82, 83, 84, 85, 86, 87, 88, 89, 90, 91, 92, 93, 94, 95, 96, 97, 98, 99, 100, 101, 102, 103, 104, 105, 106, 107, 108, 109, 110, 111, 112, 113, 114, 115, 116, 117, 118, 119, 120, 121, 122, 123, 124, 125, 126, 127, 128, 129, 130, 131, 132, 133, 134, 135, 136, 137, 138, 139, 140, 141, 142, 143, 144, 145, 146, 147, 148, 149, 150, 151, 152, 153, 154, 155, 156, 157, 158, 159, 160, 161, 162, 163, 164, 165, 166, 167, 168, 169, 170, 171, 172, 173, 174, 175, 176, 177, 178, 179, 180, 181, 182, 183, 184, 185, 186, 187, 188, 189, 190, 191, 192, 193, 194, 195, 196, 197, 198, 199, 200, 201, 202, 203, 204, 205, 206, 207, 208, 209, 210, 211, 212, 213, 214, 215, 216, 217, 218, 219, 220, 221, 222, 223, 224, 225, 226, 227, 228, 229, 230, 231, 232, 233, 234, 235, 236, 237, 238, 239, 240, 241, 242, 243, 244, 245, 246, 247, 248, 249, 250, 251, 252, 253, 254, 255, 256, 257, 258, 259, 260, 261, 262, 263, 264, 265, 266, 267, 268, 269, 270, 271, 272, 273, 274, 275, 276, 277, 278, 279, 280, 281, 282, 283, 284, 285, 286, 287, 288, 289, 290, 291, 292, 293, 294, 295, 296, 297, 298, 299, 300, 301, 302, 303, 304, 305, 306, 307, 308, 309, 310, 311, 312, 313, 314, 315, 316, 317, 318, 319, 320, 321, 322, 323, 324, 325, 326, 327, 328, 329, 330, 331, 332, 333, 334, 335, 336, 337, 338, 339, 340, 341, 342, 343, 344, 345, 346, 347, 348, 349, 350, 351, 352, 353, 354, 355, 356, 357, 358, 359, 360, 361, 362, 363, 364, 365, 366, 367, 368, 369, 370, 371, 372, 373, 374, 375, 376, 377, 378, 379, 380, 382, 383, 384, 385, 386, 387, 388, 389, 390, 391, 392, 393, 394, 395, 396, 397, 398, 399, 400, 401, 402, 403, 404, 405, 406, 407, 408, 409, 410, 411, 412, 413, 414, 415, 416, 417, 418, 419, 420, 421, 422, 423, 424, 425, 426, 427, 428, 429, 430, 431, 432, 433, 434, 435, 436, 437, 438, 439, 440, 441, 442, 443, 444, 445, 446, 448, 449, 450, 451, 452, 453, 455, 456, 457, 458, 459, 460, 461, 462, 464, 465, 466, 467, 468, 469, 470, 471, 473, 474, 475, 476, 477, 479, 480, 481, 483, 484, 485, 486, 488, 489, 490, 491]!Vessel: HavilaForesight
[1, 2, 3, 4, 5, 6, 7, 8, 9, 10, 11, 12, 13, 14, 15, 16, 17, 18, 19, 20, 21, 22, 23, 24, 25, 26, 27, 28, 29, 30, 31, 32, 33, 34, 35, 36, 37, 38, 39, 40, 41, 42, 43, 44, 45, 46, 47, 48, 49, 50, 51, 52, 53, 54, 55, 56, 57, 58, 59, 60, 61, 62, 63, 64, 65, 66, 67, 68, 69, 70, 71, 72, 73, 74, 75, 76, 77, 78, 79, 80, 81, 82, 83, 84, 85, 86, 87, 88, 89, 90, 91, 92, 93, 94, 95, 96, 97, 98, 99, 100, 101, 102, 103, 104, 105, 106, 107, 108, 109, 110, 111, 112, 113, 114, 115, 116, 117, 118, 119, 120, 121, 122, 123, 124, 125, 126, 127, 128, 129, 130, 131, 132, 133, 134, 135, 136, 137, 138, 139, 140, 141, 142, 143, 144, 145, 146, 147, 148, 149, 150, 151, 152, 153, 154, 155, 156, 157, 158, 159, 160, 161, 162, 163, 164, 165, 166, 167, 168, 169, 170, 171, 172, 173, 174, 175, 176, 177, 178, 179, 180, 181, 182, 183, 184, 185, 186, 187, 188, 189, 190, 191, 192, 193, 194, 195, 196, 197, 198, 199, 200, 201, 202, 203, 204, 205, 206, 207, 208, 209, 211, 212, 213, 214, 215, 216, 217, 218, 219, 220, 221, 222, 223, 224, 225, 226, 227, 228, 229, 230, 231, 232, 233, 234, 235, 236, 237, 238, 239, 240, 241, 242, 243, 244, 245, 246, 247, 248, 249, 250, 251, 252, 253, 255, 256, 257, 258, 259, 260, 261, 262, 263, 264, 265, 266, 267, 268, 269, 270, 271, 272, 273, 274, 275, 276, 279, 280, 281, 282, 283, 284, 285, 286, 287, 288, 289, 291, 292, 293, 294, 295, 296, 297, 298, 299, 300, 301, 302, 303, 304, 305, 306, 307, 308, 310, 311, 312, 313, 314, 315, 316, 318, 319, 320, 321, 322, 324, 325, 326, 327, 328, 329, 330, 331, 332, 333, 334, 336, 337, 338, 339, 340, 341, 342, 343, 344, 346, 348, 349, 350, 352, 353, 354, 355, 356, 357, 358, 359, 360, 361, 362, 364, 365, 366, 367, 369, 370, 371, 372, 373, 374, 375, 376, 377, 378, 380, 384, 385, 386, 387, 388, 389, 390, 391, 393, 394, 395, 396, 397, 398, 399, 401, 402, 404, 405, 406, 407, 408, 411, 412, 413, 414, 415, 418, 419, 421, 422, 423, 424, 426, 427, 429, 436, 437, 438, 439, 440, 441, 442, 446, 448, 450, 451, 452, 453, 456, 457, 459, 460, 462, 464, 467, 469, 471, 473, 475, 477, 479, 483]!Vessel: FarStar
] 

Rvi : [
!i : 1, 2, 3, 4, 5, 6, 7, 8, 9
[1, 2, 4, 6, 9, 10, 13, 14, 17, 18, 19, 22, 23, 24, 30, 31, 32, 33, 34, 39, 40, 42, 44, 50, 51, 55, 57, 58, 59, 65, 66, 67, 68, 69, 71, 75, 76, 79, 80, 81, 83, 88, 89, 90, 91, 95, 96, 99, 103, 104, 106, 107, 108, 110, 111, 112, 116, 117, 118, 125, 126, 127, 129, 130, 131, 133, 135, 136, 144, 145, 147, 149, 150, 151, 154, 156, 157, 158, 164, 165, 166, 170, 172, 173, 175, 176, 179, 182, 183, 186, 187, 188, 189, 193, 194, 195, 199, 201, 202, 207, 208, 209, 210, 211, 212, 213, 214, 215, 216, 217, 221, 230, 231, 232, 233, 236, 237, 238, 241, 246, 247, 248, 253, 254, 256, 258, 259, 260, 261, 262, 265, 268, 269, 273, 276, 277, 278, 280, 281, 284, 285, 286, 287, 288, 293, 300, 301, 302, 303, 306, 309, 310, 311, 312, 313, 315, 317, 321, 322, 323, 326, 327, 332, 333, 335, 336, 339, 343, 344, 347, 348, 349, 351, 354, 355, 359, 360, 361, 363, 364, 368, 370, 371, 372, 373, 374, 376, 381, 382, 383, 384, 387, 388, 389, 390, 391, 399, 400, 401, 402, 409, 410, 411, 413, 415, 416, 417, 418, 422, 423, 425, 428, 430, 431, 432, 433, 437, 438, 445, 447, 449, 451, 452, 453, 454, 455, 456, 457, 462, 463, 464, 470, 471, 472, 473, 476, 477, 481, 482, 485, 486, 489], [2, 7, 9, 11, 13, 15, 17, 20, 22, 25, 26, 30, 31, 35, 36, 39, 40, 45, 46, 47, 50, 51, 52, 55, 60, 62, 63, 66, 67, 70, 75, 76, 79, 82, 85, 86, 87, 90, 91, 92, 94, 98, 99, 103, 105, 107, 108, 110, 113, 116, 119, 122, 123, 129, 132, 133, 135, 136, 137, 139, 141, 142, 143, 144, 145, 146, 148, 152, 154, 156, 158, 161, 164, 165, 167, 171, 172, 173, 174, 181, 182, 184, 185, 186, 187, 188, 193, 196, 197, 198, 199, 204, 206, 209, 210, 211, 212, 214, 215, 218, 222, 225, 227, 228, 230, 231, 232, 233, 234, 237, 239, 242, 244, 245, 249, 253, 254, 255, 257, 258, 261, 263, 265, 267, 273, 274, 275, 276, 277, 278, 280, 282, 284, 287, 290, 291, 295, 296, 297, 299, 300, 302, 307, 309, 312, 315, 316, 317, 318, 319, 321, 322, 325, 331, 333, 334, 335, 337, 339, 340, 341, 342, 343, 344, 345, 351, 355, 356, 357, 358, 359, 361, 363, 364, 367, 372, 374, 375, 377, 379, 380, 381, 382, 383, 387, 388, 392, 393, 395, 397, 398, 399, 401, 403, 407, 409, 410, 412, 414, 415, 416, 417, 418, 419, 420, 424, 427, 431, 433, 434, 435, 436, 437, 441, 443, 444, 446, 447, 449, 451, 453, 454, 459, 461, 462, 463, 465, 466, 467, 470, 471, 474, 476, 478, 479, 481, 483, 485, 487, 490, 491], [3, 4, 7, 9, 16, 18, 21, 23, 25, 27, 31, 32, 35, 37, 40, 42, 45, 48, 49, 50, 56, 57, 60, 65, 66, 68, 70, 72, 75, 77, 78, 80, 86, 87, 89, 90, 91, 94, 96, 101, 102, 106, 110, 113, 114, 115, 118, 120, 122, 124, 125, 126, 130, 135, 136, 139, 140, 141, 144, 145, 146, 148, 149, 152, 153, 157, 159, 162, 165, 166, 167, 168, 173, 176, 177, 179, 182, 184, 186, 187, 191, 192, 194, 195, 196, 203, 204, 206, 207, 209, 210, 212, 216, 218, 219, 221, 222, 223, 224, 231, 237, 239, 240, 241, 242, 243, 244, 246, 248, 250, 253, 254, 257, 260, 266, 267, 268, 269, 271, 272, 273, 274, 277, 278, 280, 281, 283, 288, 290, 292, 293, 294, 296, 297, 299, 300, 306, 307, 308, 309, 310, 312, 313, 314, 319, 320, 323, 325, 328, 329, 332, 333, 334, 335, 336, 339, 340, 343, 345, 346, 347, 350, 354, 356, 357, 359, 361, 362, 363, 365, 368, 369, 370, 371, 372, 377, 379, 381, 383, 385, 386, 389, 391, 392, 395, 396, 398, 399, 400, 401, 402, 403, 404, 406, 407, 413, 416, 417, 419, 420, 421, 425, 427, 428, 429, 430, 431, 433, 434, 435, 438, 439, 442, 444, 446, 447, 448, 452, 453, 454, 455, 456, 458, 459, 462, 465, 466, 468, 470, 472, 475, 477, 478, 480, 482, 483, 484, 485, 486, 487, 490, 492], [5, 6, 11, 13, 16, 18, 25, 28, 31, 33, 38, 43, 44, 46, 52, 54, 55, 56, 58, 63, 64, 65, 67, 69, 72, 76, 77, 80, 82, 83, 86, 89, 90, 92, 93, 94, 99, 101, 108, 109, 110, 111, 113, 115, 118, 127, 128, 130, 132, 134, 136, 139, 143, 145, 147, 148, 150, 153, 155, 156, 163, 171, 172, 173, 175, 177, 178, 179, 180, 181, 183, 185, 189, 191, 192, 193, 195, 198, 199, 202, 205, 206, 207, 208, 210, 211, 214, 218, 221, 223, 224, 225, 228, 229, 230, 231, 232, 234, 235, 239, 243, 244, 246, 247, 248, 250, 253, 254, 256, 257, 264, 265, 268, 269, 272, 274, 275, 276, 278, 279, 280, 281, 282, 286, 289, 290, 294, 296, 299, 300, 301, 304, 305, 308, 309, 310, 311, 317, 318, 322, 323, 324, 326, 327, 328, 333, 334, 337, 338, 341, 342, 344, 345, 346, 347, 348, 351, 352, 358, 359, 360, 362, 364, 365, 368, 369, 371, 374, 375, 376, 378, 379, 380, 381, 382, 385, 386, 387, 389, 390, 391, 392, 397, 398, 400, 401, 403, 404, 407, 408, 409, 413, 414, 415, 416, 417, 419, 420, 423, 425, 426, 429, 431, 432, 435, 436, 438, 440, 442, 443, 445, 446, 447, 449, 450, 453, 455, 457, 458, 460, 461, 463, 464, 465, 467, 468, 471, 472, 474, 475, 476, 477, 478, 480, 482, 483, 485, 487, 488, 489, 491, 492], [8, 10, 15, 17, 21, 23, 28, 33, 35, 40, 41, 46, 53, 55, 56, 59, 61, 62, 65, 71, 74, 78, 79, 85, 86, 88, 90, 93, 96, 102, 103, 104, 105, 106, 107, 109, 111, 114, 122, 123, 124, 125, 127, 132, 133, 134, 135, 141, 143, 144, 146, 147, 153, 156, 157, 160, 163, 169, 170, 171, 172, 177, 179, 182, 183, 184, 185, 186, 190, 192, 195, 197, 199, 200, 201, 206, 210, 213, 214, 215, 217, 218, 219, 220, 221, 223, 227, 231, 233, 235, 238, 240, 241, 244, 245, 246, 249, 251, 253, 256, 257, 258, 259, 260, 261, 263, 264, 266, 267, 271, 277, 279, 280, 282, 286, 287, 288, 289, 292, 293, 295, 297, 301, 304, 307, 308, 311, 312, 313, 315, 317, 318, 319, 320, 322, 323, 325, 327, 328, 330, 335, 336, 337, 338, 339, 341, 344, 345, 346, 347, 348, 349, 351, 353, 356, 358, 361, 362, 365, 366, 367, 368, 371, 372, 373, 374, 379, 380, 381, 384, 385, 387, 388, 389, 392, 393, 394, 396, 398, 401, 402, 406, 407, 408, 410, 411, 412, 413, 416, 418, 419, 421, 423, 424, 426, 427, 428, 430, 431, 432, 433, 434, 436, 437, 439, 440, 442, 443, 444, 445, 449, 450, 452, 454, 455, 457, 458, 459, 461, 462, 463, 465, 467, 468, 469, 471, 472, 473, 475, 477, 478, 479, 481, 483, 484, 485, 486, 488, 489, 490, 491, 492], [12, 14, 20, 22, 27, 32, 38, 41, 44, 45, 50, 52, 59, 62, 67, 72, 73, 78, 79, 80, 81, 84, 93, 94, 95, 96, 98, 100, 110, 111, 116, 117, 119, 120, 122, 126, 128, 129, 132, 135, 140, 142, 149, 150, 152, 153, 155, 156, 158, 160, 162, 165, 167, 169, 170, 175, 176, 179, 180, 181, 187, 191, 193, 196, 197, 198, 200, 201, 202, 206, 207, 210, 211, 212, 213, 215, 219, 224, 226, 227, 228, 230, 233, 235, 236, 239, 240, 241, 243, 245, 248, 252, 254, 255, 256, 260, 261, 262, 264, 266, 267, 269, 270, 274, 277, 278, 282, 283, 284, 285, 286, 288, 289, 290, 291, 297, 301, 302, 305, 306, 308, 309, 312, 314, 316, 317, 318, 319, 321, 322, 323, 324, 326, 328, 329, 330, 332, 335, 337, 340, 342, 343, 345, 346, 347, 349, 351, 352, 353, 354, 357, 360, 363, 364, 366, 367, 368, 369, 373, 375, 376, 377, 379, 381, 382, 383, 384, 386, 388, 391, 392, 393, 396, 397, 400, 402, 403, 404, 405, 406, 408, 409, 410, 412, 417, 418, 420, 421, 422, 423, 425, 426, 427, 428, 430, 432, 433, 434, 435, 436, 440, 441, 442, 443, 444, 445, 447, 448, 449, 451, 454, 455, 456, 458, 460, 461, 463, 464, 465, 466, 468, 469, 470, 472, 473, 474, 476, 478, 479, 480, 481, 482, 484, 486, 487, 488, 489, 490, 491, 492], [19, 26, 30, 37, 42, 43, 53, 58, 60, 63, 66, 71, 73, 76, 77, 81, 85, 89, 97, 98, 102, 103, 106, 109, 112, 113, 116, 120, 121, 126, 127, 128, 131, 136, 137, 141, 143, 144, 150, 152, 154, 159, 160, 161, 164, 165, 166, 168, 170, 172, 177, 178, 181, 189, 190, 191, 193, 194, 195, 197, 204, 205, 207, 208, 209, 215, 217, 218, 219, 220, 222, 225, 226, 231, 232, 234, 235, 236, 237, 238, 239, 241, 249, 250, 252, 254, 255, 256, 258, 262, 263, 265, 267, 268, 271, 272, 277, 279, 281, 282, 283, 284, 287, 291, 292, 293, 296, 298, 299, 300, 302, 303, 304, 305, 306, 307, 308, 311, 313, 314, 317, 323, 324, 325, 326, 327, 330, 331, 332, 333, 339, 340, 341, 342, 343, 344, 345, 349, 350, 353, 355, 357, 358, 360, 361, 362, 363, 364, 365, 367, 369, 370, 371, 373, 374, 375, 378, 382, 386, 388, 389, 390, 391, 393, 394, 395, 396, 398, 399, 400, 401, 402, 403, 405, 406, 407, 408, 410, 411, 414, 415, 416, 417, 420, 422, 423, 424, 426, 427, 428, 429, 432, 433, 434, 436, 437, 438, 439, 441, 442, 443, 446, 448, 449, 450, 451, 452, 453, 455, 456, 457, 458, 459, 460, 462, 464, 465, 466, 467, 469, 470, 471, 473, 474, 475, 476, 477, 479, 480, 481, 482, 483, 484, 485, 486, 487, 488, 489, 490, 491, 492], [24, 36, 39, 48, 54, 57, 61, 69, 70, 75, 82, 84, 88, 95, 97, 99, 101, 105, 107, 112, 114, 118, 119, 125, 129, 134, 137, 138, 139, 140, 145, 146, 147, 149, 151, 154, 155, 159, 166, 167, 169, 171, 174, 175, 178, 182, 187, 188, 189, 190, 192, 198, 199, 201, 203, 204, 209, 211, 216, 217, 221, 224, 225, 226, 227, 229, 232, 233, 236, 240, 242, 244, 247, 248, 249, 250, 251, 253, 255, 258, 259, 260, 264, 268, 270, 271, 273, 274, 275, 276, 278, 279, 283, 284, 285, 286, 293, 294, 295, 296, 297, 298, 300, 303, 305, 306, 307, 310, 311, 312, 315, 316, 318, 320, 321, 322, 326, 328, 329, 330, 331, 334, 336, 338, 339, 340, 341, 342, 343, 344, 347, 348, 349, 350, 352, 354, 355, 356, 359, 362, 364, 366, 367, 369, 370, 371, 372, 376, 377, 378, 379, 380, 381, 383, 384, 385, 387, 388, 390, 391, 394, 395, 396, 397, 398, 399, 401, 402, 403, 404, 405, 408, 409, 411, 412, 413, 414, 415, 417, 418, 419, 421, 422, 423, 424, 425, 427, 429, 430, 431, 433, 435, 436, 437, 438, 439, 440, 441, 442, 444, 445, 446, 447, 448, 449, 450, 451, 452, 453, 454, 455, 456, 457, 459, 460, 461, 462, 463, 464, 465, 466, 467, 468, 469, 470, 471, 472, 473, 474, 475, 476, 477, 478, 479, 480, 481, 482, 483, 484, 485, 486, 487, 488, 489, 490, 491, 492], [29, 34, 47, 49, 51, 64, 68, 74, 83, 87, 91, 92, 100, 104, 108, 115, 117, 121, 123, 124, 130, 131, 133, 138, 142, 148, 151, 157, 158, 161, 162, 163, 164, 168, 173, 174, 176, 180, 183, 184, 185, 186, 188, 194, 196, 200, 202, 203, 205, 208, 212, 213, 214, 216, 220, 222, 223, 228, 229, 230, 234, 237, 238, 242, 243, 245, 246, 247, 251, 252, 257, 259, 261, 262, 263, 265, 266, 269, 270, 272, 273, 275, 276, 280, 281, 285, 287, 288, 289, 290, 291, 292, 294, 295, 298, 299, 301, 302, 303, 304, 309, 310, 313, 314, 315, 316, 319, 320, 321, 324, 325, 327, 329, 331, 332, 333, 334, 335, 336, 337, 338, 346, 348, 350, 351, 352, 353, 354, 355, 356, 357, 358, 359, 360, 361, 363, 365, 366, 368, 370, 372, 373, 374, 375, 376, 377, 378, 380, 382, 383, 384, 385, 386, 387, 389, 390, 392, 393, 394, 395, 397, 399, 400, 404, 405, 406, 407, 409, 410, 411, 412, 413, 414, 415, 416, 418, 419, 420, 421, 422, 424, 425, 426, 428, 429, 430, 431, 432, 434, 435, 437, 438, 439, 440, 441, 443, 444, 445, 446, 447, 448, 450, 451, 452, 453, 454, 456, 457, 458, 459, 460, 461, 462, 463, 464, 466, 467, 468, 469, 470, 471, 472, 473, 474, 475, 476, 477, 478, 479, 480, 481, 482, 483, 484, 485, 486, 487, 488, 489, 490, 491, 492]!Vessel: FarSeeker
[1, 2, 4, 6, 9, 10, 13, 14, 17, 18, 19, 22, 23, 24, 30, 31, 32, 33, 34, 39, 40, 42, 44, 50, 51, 55, 57, 58, 59, 65, 66, 67, 68, 69, 71, 75, 76, 79, 80, 81, 83, 88, 89, 90, 91, 95, 96, 99, 103, 104, 106, 107, 108, 110, 111, 112, 116, 117, 118, 125, 126, 127, 129, 130, 131, 133, 135, 136, 144, 145, 147, 149, 150, 151, 154, 156, 157, 158, 164, 165, 166, 170, 172, 173, 175, 176, 179, 182, 183, 186, 187, 188, 189, 193, 194, 195, 199, 201, 202, 207, 208, 209, 210, 211, 212, 213, 214, 215, 216, 217, 221, 230, 231, 232, 233, 236, 237, 238, 241, 246, 247, 248, 253, 254, 256, 258, 259, 260, 261, 262, 265, 268, 269, 273, 276, 277, 278, 280, 281, 284, 285, 286, 287, 288, 293, 300, 301, 302, 303, 306, 309, 310, 311, 312, 313, 315, 317, 321, 322, 323, 326, 327, 332, 333, 335, 336, 339, 343, 344, 347, 348, 349, 351, 354, 355, 359, 360, 361, 363, 364, 368, 370, 371, 372, 373, 374, 376, 381, 382, 383, 384, 387, 388, 389, 390, 391, 399, 400, 401, 402, 409, 410, 411, 413, 415, 416, 417, 418, 422, 423, 425, 428, 430, 431, 432, 433, 437, 438, 445, 447, 449, 451, 452, 453, 454, 455, 456, 457, 462, 463, 464, 470, 471, 472, 473, 476, 477, 481, 482, 485, 486, 489], [2, 7, 9, 11, 13, 15, 17, 20, 22, 25, 26, 30, 31, 35, 36, 39, 40, 45, 46, 47, 50, 51, 52, 55, 60, 62, 63, 66, 67, 70, 75, 76, 79, 82, 85, 86, 87, 90, 91, 92, 94, 98, 99, 103, 105, 107, 108, 110, 113, 116, 119, 122, 123, 129, 132, 133, 135, 136, 137, 139, 141, 142, 143, 144, 145, 146, 148, 152, 154, 156, 158, 161, 164, 165, 167, 171, 172, 173, 174, 181, 182, 184, 185, 186, 187, 188, 193, 196, 197, 198, 199, 204, 206, 209, 210, 211, 212, 214, 215, 218, 222, 225, 227, 228, 230, 231, 232, 233, 234, 237, 239, 242, 244, 245, 249, 253, 254, 255, 257, 258, 261, 263, 265, 267, 273, 274, 275, 276, 277, 278, 280, 282, 284, 287, 290, 291, 295, 296, 297, 299, 300, 302, 307, 309, 312, 315, 316, 317, 318, 319, 321, 322, 325, 331, 333, 334, 335, 337, 339, 340, 341, 342, 343, 344, 345, 351, 355, 356, 357, 358, 359, 361, 363, 364, 367, 372, 374, 375, 377, 379, 380, 381, 382, 383, 387, 388, 392, 393, 395, 397, 398, 399, 401, 403, 407, 409, 410, 412, 414, 415, 416, 417, 418, 419, 420, 424, 427, 431, 433, 434, 435, 436, 437, 441, 443, 444, 446, 447, 449, 451, 453, 454, 459, 461, 462, 463, 465, 466, 467, 470, 471, 474, 476, 478, 479, 481, 483, 485, 487, 490, 491], [3, 4, 7, 9, 16, 18, 21, 23, 25, 27, 31, 32, 35, 37, 40, 42, 45, 48, 49, 50, 56, 57, 60, 65, 66, 68, 70, 72, 75, 77, 78, 80, 86, 87, 89, 90, 91, 94, 96, 101, 102, 106, 110, 113, 114, 115, 118, 120, 122, 124, 125, 126, 130, 135, 136, 139, 140, 141, 144, 145, 146, 148, 149, 152, 153, 157, 159, 162, 165, 166, 167, 168, 173, 176, 177, 179, 182, 184, 186, 187, 191, 192, 194, 195, 196, 203, 204, 206, 207, 209, 210, 212, 216, 218, 219, 221, 222, 223, 224, 231, 237, 239, 240, 241, 242, 243, 244, 246, 248, 250, 253, 254, 257, 260, 266, 267, 268, 269, 271, 272, 273, 274, 277, 278, 280, 281, 283, 288, 290, 292, 293, 294, 296, 297, 299, 300, 306, 307, 308, 309, 310, 312, 313, 314, 319, 320, 323, 325, 328, 329, 332, 333, 334, 335, 336, 339, 340, 343, 345, 346, 347, 350, 354, 356, 357, 359, 361, 362, 363, 365, 368, 369, 370, 371, 372, 377, 379, 381, 383, 385, 386, 389, 391, 392, 395, 396, 398, 399, 400, 401, 402, 403, 404, 406, 407, 413, 416, 417, 419, 420, 421, 425, 427, 428, 429, 430, 431, 433, 434, 435, 438, 439, 442, 444, 446, 447, 448, 452, 453, 454, 455, 456, 458, 459, 462, 465, 466, 468, 470, 472, 475, 477, 478, 480, 482, 483, 484, 485, 486, 487, 490, 492], [5, 6, 11, 13, 16, 18, 25, 28, 31, 33, 38, 43, 44, 46, 52, 54, 55, 56, 58, 63, 64, 65, 67, 69, 72, 76, 77, 80, 82, 83, 86, 89, 90, 92, 93, 94, 99, 101, 108, 109, 110, 111, 113, 115, 118, 127, 128, 130, 132, 134, 136, 139, 143, 145, 147, 148, 150, 153, 155, 156, 163, 171, 172, 173, 175, 177, 178, 179, 180, 181, 183, 185, 189, 191, 192, 193, 195, 198, 199, 202, 205, 206, 207, 208, 210, 211, 214, 218, 221, 223, 224, 225, 228, 229, 230, 231, 232, 234, 235, 239, 243, 244, 246, 247, 248, 250, 253, 254, 256, 257, 264, 265, 268, 269, 272, 274, 275, 276, 278, 279, 280, 281, 282, 286, 289, 290, 294, 296, 299, 300, 301, 304, 305, 308, 309, 310, 311, 317, 318, 322, 323, 324, 326, 327, 328, 333, 334, 337, 338, 341, 342, 344, 345, 346, 347, 348, 351, 352, 358, 359, 360, 362, 364, 365, 368, 369, 371, 374, 375, 376, 378, 379, 380, 381, 382, 385, 386, 387, 389, 390, 391, 392, 397, 398, 400, 401, 403, 404, 407, 408, 409, 413, 414, 415, 416, 417, 419, 420, 423, 425, 426, 429, 431, 432, 435, 436, 438, 440, 442, 443, 445, 446, 447, 449, 450, 453, 455, 457, 458, 460, 461, 463, 464, 465, 467, 468, 471, 472, 474, 475, 476, 477, 478, 480, 482, 483, 485, 487, 488, 489, 491, 492], [8, 10, 15, 17, 21, 23, 28, 33, 35, 40, 41, 46, 53, 55, 56, 59, 61, 62, 65, 71, 74, 78, 79, 85, 86, 88, 90, 93, 96, 102, 103, 104, 105, 106, 107, 109, 111, 114, 122, 123, 124, 125, 127, 132, 133, 134, 135, 141, 143, 144, 146, 147, 153, 156, 157, 160, 163, 169, 170, 171, 172, 177, 179, 182, 183, 184, 185, 186, 190, 192, 195, 197, 199, 200, 201, 206, 210, 213, 214, 215, 217, 218, 219, 220, 221, 223, 227, 231, 233, 235, 238, 240, 241, 244, 245, 246, 249, 251, 253, 256, 257, 258, 259, 260, 261, 263, 264, 266, 267, 271, 277, 279, 280, 282, 286, 287, 288, 289, 292, 293, 295, 297, 301, 304, 307, 308, 311, 312, 313, 315, 317, 318, 319, 320, 322, 323, 325, 327, 328, 330, 335, 336, 337, 338, 339, 341, 344, 345, 346, 347, 348, 349, 351, 353, 356, 358, 361, 362, 365, 366, 367, 368, 371, 372, 373, 374, 379, 380, 381, 384, 385, 387, 388, 389, 392, 393, 394, 396, 398, 401, 402, 406, 407, 408, 410, 411, 412, 413, 416, 418, 419, 421, 423, 424, 426, 427, 428, 430, 431, 432, 433, 434, 436, 437, 439, 440, 442, 443, 444, 445, 449, 450, 452, 454, 455, 457, 458, 459, 461, 462, 463, 465, 467, 468, 469, 471, 472, 473, 475, 477, 478, 479, 481, 483, 484, 485, 486, 488, 489, 490, 491, 492], [12, 14, 20, 22, 27, 32, 38, 41, 44, 45, 50, 52, 59, 62, 67, 72, 73, 78, 79, 80, 81, 84, 93, 94, 95, 96, 98, 100, 110, 111, 116, 117, 119, 120, 122, 126, 128, 129, 132, 135, 140, 142, 149, 150, 152, 153, 155, 156, 158, 160, 162, 165, 167, 169, 170, 175, 176, 179, 180, 181, 187, 191, 193, 196, 197, 198, 200, 201, 202, 206, 207, 210, 211, 212, 213, 215, 219, 224, 226, 227, 228, 230, 233, 235, 236, 239, 240, 241, 243, 245, 248, 252, 254, 255, 256, 260, 261, 262, 264, 266, 267, 269, 270, 274, 277, 278, 282, 283, 284, 285, 286, 288, 289, 290, 291, 297, 301, 302, 305, 306, 308, 309, 312, 314, 316, 317, 318, 319, 321, 322, 323, 324, 326, 328, 329, 330, 332, 335, 337, 340, 342, 343, 345, 346, 347, 349, 351, 352, 353, 354, 357, 360, 363, 364, 366, 367, 368, 369, 373, 375, 376, 377, 379, 381, 382, 383, 384, 386, 388, 391, 392, 393, 396, 397, 400, 402, 403, 404, 405, 406, 408, 409, 410, 412, 417, 418, 420, 421, 422, 423, 425, 426, 427, 428, 430, 432, 433, 434, 435, 436, 440, 441, 442, 443, 444, 445, 447, 448, 449, 451, 454, 455, 456, 458, 460, 461, 463, 464, 465, 466, 468, 469, 470, 472, 473, 474, 476, 478, 479, 480, 481, 482, 484, 486, 487, 488, 489, 490, 491, 492], [19, 26, 30, 37, 42, 43, 53, 58, 60, 63, 66, 71, 73, 76, 77, 81, 85, 89, 97, 98, 102, 103, 106, 109, 112, 113, 116, 120, 121, 126, 127, 128, 131, 136, 137, 141, 143, 144, 150, 152, 154, 159, 160, 161, 164, 165, 166, 168, 170, 172, 177, 178, 181, 189, 190, 191, 193, 194, 195, 197, 204, 205, 207, 208, 209, 215, 217, 218, 219, 220, 222, 225, 226, 231, 232, 234, 235, 236, 237, 238, 239, 241, 249, 250, 252, 254, 255, 256, 258, 262, 263, 265, 267, 268, 271, 272, 277, 279, 281, 282, 283, 284, 287, 291, 292, 293, 296, 298, 299, 300, 302, 303, 304, 305, 306, 307, 308, 311, 313, 314, 317, 323, 324, 325, 326, 327, 330, 331, 332, 333, 339, 340, 341, 342, 343, 344, 345, 349, 350, 353, 355, 357, 358, 360, 361, 362, 363, 364, 365, 367, 369, 370, 371, 373, 374, 375, 378, 382, 386, 388, 389, 390, 391, 393, 394, 395, 396, 398, 399, 400, 401, 402, 403, 405, 406, 407, 408, 410, 411, 414, 415, 416, 417, 420, 422, 423, 424, 426, 427, 428, 429, 432, 433, 434, 436, 437, 438, 439, 441, 442, 443, 446, 448, 449, 450, 451, 452, 453, 455, 456, 457, 458, 459, 460, 462, 464, 465, 466, 467, 469, 470, 471, 473, 474, 475, 476, 477, 479, 480, 481, 482, 483, 484, 485, 486, 487, 488, 489, 490, 491, 492], [24, 36, 39, 48, 54, 57, 61, 69, 70, 75, 82, 84, 88, 95, 97, 99, 101, 105, 107, 112, 114, 118, 119, 125, 129, 134, 137, 138, 139, 140, 145, 146, 147, 149, 151, 154, 155, 159, 166, 167, 169, 171, 174, 175, 178, 182, 187, 188, 189, 190, 192, 198, 199, 201, 203, 204, 209, 211, 216, 217, 221, 224, 225, 226, 227, 229, 232, 233, 236, 240, 242, 244, 247, 248, 249, 250, 251, 253, 255, 258, 259, 260, 264, 268, 270, 271, 273, 274, 275, 276, 278, 279, 283, 284, 285, 286, 293, 294, 295, 296, 297, 298, 300, 303, 305, 306, 307, 310, 311, 312, 315, 316, 318, 320, 321, 322, 326, 328, 329, 330, 331, 334, 336, 338, 339, 340, 341, 342, 343, 344, 347, 348, 349, 350, 352, 354, 355, 356, 359, 362, 364, 366, 367, 369, 370, 371, 372, 376, 377, 378, 379, 380, 381, 383, 384, 385, 387, 388, 390, 391, 394, 395, 396, 397, 398, 399, 401, 402, 403, 404, 405, 408, 409, 411, 412, 413, 414, 415, 417, 418, 419, 421, 422, 423, 424, 425, 427, 429, 430, 431, 433, 435, 436, 437, 438, 439, 440, 441, 442, 444, 445, 446, 447, 448, 449, 450, 451, 452, 453, 454, 455, 456, 457, 459, 460, 461, 462, 463, 464, 465, 466, 467, 468, 469, 470, 471, 472, 473, 474, 475, 476, 477, 478, 479, 480, 481, 482, 483, 484, 485, 486, 487, 488, 489, 490, 491, 492], [29, 34, 47, 49, 51, 64, 68, 74, 83, 87, 91, 92, 100, 104, 108, 115, 117, 121, 123, 124, 130, 131, 133, 138, 142, 148, 151, 157, 158, 161, 162, 163, 164, 168, 173, 174, 176, 180, 183, 184, 185, 186, 188, 194, 196, 200, 202, 203, 205, 208, 212, 213, 214, 216, 220, 222, 223, 228, 229, 230, 234, 237, 238, 242, 243, 245, 246, 247, 251, 252, 257, 259, 261, 262, 263, 265, 266, 269, 270, 272, 273, 275, 276, 280, 281, 285, 287, 288, 289, 290, 291, 292, 294, 295, 298, 299, 301, 302, 303, 304, 309, 310, 313, 314, 315, 316, 319, 320, 321, 324, 325, 327, 329, 331, 332, 333, 334, 335, 336, 337, 338, 346, 348, 350, 351, 352, 353, 354, 355, 356, 357, 358, 359, 360, 361, 363, 365, 366, 368, 370, 372, 373, 374, 375, 376, 377, 378, 380, 382, 383, 384, 385, 386, 387, 389, 390, 392, 393, 394, 395, 397, 399, 400, 404, 405, 406, 407, 409, 410, 411, 412, 413, 414, 415, 416, 418, 419, 420, 421, 422, 424, 425, 426, 428, 429, 430, 431, 432, 434, 435, 437, 438, 439, 440, 441, 443, 444, 445, 446, 447, 448, 450, 451, 452, 453, 454, 456, 457, 458, 459, 460, 461, 462, 463, 464, 466, 467, 468, 469, 470, 471, 472, 473, 474, 475, 476, 477, 478, 479, 480, 481, 482, 483, 484, 485, 486, 487, 488, 489, 490, 491, 492]!Vessel: FarSearcher
[1, 2, 4, 6, 9, 10, 13, 14, 17, 18, 19, 22, 23, 24, 30, 31, 32, 33, 34, 39, 40, 42, 44, 50, 51, 55, 57, 58, 59, 65, 66, 67, 68, 69, 71, 75, 76, 79, 80, 81, 83, 88, 89, 90, 91, 95, 96, 99, 103, 104, 106, 107, 108, 110, 111, 112, 116, 117, 118, 125, 126, 127, 129, 130, 131, 133, 135, 136, 144, 145, 147, 149, 150, 151, 154, 156, 157, 158, 164, 165, 166, 170, 172, 173, 175, 176, 179, 182, 183, 186, 187, 188, 189, 193, 194, 195, 199, 201, 202, 207, 208, 209, 211, 212, 213, 214, 215, 216, 217, 221, 230, 231, 232, 233, 236, 237, 238, 241, 246, 247, 248, 253, 256, 258, 259, 260, 261, 262, 265, 268, 269, 273, 276, 277, 278, 280, 281, 284, 285, 286, 287, 288, 293, 300, 301, 302, 303, 306, 310, 311, 312, 313, 315, 317, 321, 322, 323, 326, 327, 332, 333, 336, 339, 343, 344, 347, 348, 349, 354, 355, 359, 360, 361, 364, 370, 371, 372, 373, 374, 376, 383, 384, 387, 388, 389, 390, 391, 399, 401, 402, 409, 410, 411, 413, 415, 416, 418, 422, 423, 425, 428, 430, 431, 432, 437, 438, 445, 451, 452, 453, 456, 457, 462, 464, 471, 473, 477], [2, 7, 9, 11, 13, 15, 17, 20, 22, 25, 26, 30, 31, 35, 36, 39, 40, 45, 46, 47, 50, 51, 52, 55, 60, 62, 63, 66, 67, 70, 75, 76, 79, 82, 85, 86, 87, 90, 91, 92, 94, 98, 99, 103, 105, 107, 108, 110, 113, 116, 119, 122, 123, 129, 132, 133, 135, 136, 137, 139, 141, 142, 143, 144, 145, 146, 148, 152, 154, 156, 158, 161, 164, 165, 167, 171, 172, 173, 174, 181, 182, 184, 185, 186, 187, 188, 193, 196, 197, 198, 199, 204, 206, 209, 211, 212, 214, 215, 218, 222, 225, 227, 228, 230, 231, 232, 233, 234, 237, 239, 242, 244, 245, 249, 253, 255, 257, 258, 261, 263, 265, 267, 273, 274, 275, 276, 277, 278, 280, 282, 284, 287, 290, 291, 295, 296, 297, 299, 300, 302, 307, 312, 315, 316, 317, 318, 319, 321, 322, 325, 331, 333, 334, 337, 339, 340, 341, 342, 343, 344, 355, 356, 357, 358, 359, 361, 364, 367, 372, 374, 375, 377, 379, 380, 383, 387, 388, 393, 395, 397, 398, 399, 401, 403, 407, 409, 410, 412, 414, 415, 416, 418, 419, 424, 427, 431, 435, 436, 437, 441, 444, 446, 451, 453, 459, 461, 462, 466, 467, 471, 474, 479, 483], [3, 4, 7, 9, 16, 18, 21, 23, 25, 27, 31, 32, 35, 37, 40, 42, 45, 48, 49, 50, 56, 57, 60, 65, 66, 68, 70, 72, 75, 77, 78, 80, 86, 87, 89, 90, 91, 94, 96, 101, 102, 106, 110, 113, 114, 115, 118, 120, 122, 124, 125, 126, 130, 135, 136, 139, 140, 141, 144, 145, 146, 148, 149, 152, 153, 157, 159, 162, 165, 166, 167, 168, 173, 176, 177, 179, 182, 184, 186, 187, 191, 192, 194, 195, 196, 203, 204, 206, 207, 209, 212, 216, 218, 219, 221, 222, 223, 224, 231, 237, 239, 240, 241, 242, 243, 244, 246, 248, 250, 253, 257, 260, 266, 267, 268, 269, 271, 272, 273, 274, 277, 278, 280, 281, 283, 288, 290, 292, 293, 294, 296, 297, 299, 300, 306, 307, 308, 310, 312, 313, 314, 319, 320, 323, 325, 328, 329, 332, 333, 334, 336, 339, 340, 343, 346, 347, 350, 354, 356, 357, 359, 361, 362, 365, 369, 370, 371, 372, 377, 379, 383, 385, 386, 389, 391, 395, 396, 398, 399, 401, 402, 403, 404, 406, 407, 413, 416, 419, 421, 425, 427, 428, 429, 430, 431, 435, 438, 439, 442, 444, 446, 448, 452, 453, 456, 459, 462, 466, 468, 475, 477, 480, 483, 484], [5, 6, 11, 13, 16, 18, 25, 28, 31, 33, 38, 43, 44, 46, 52, 54, 55, 56, 58, 63, 64, 65, 67, 69, 72, 76, 77, 80, 82, 83, 86, 89, 90, 92, 93, 94, 99, 101, 108, 109, 110, 111, 113, 115, 118, 127, 128, 130, 132, 134, 136, 139, 143, 145, 147, 148, 150, 153, 155, 156, 163, 171, 172, 173, 175, 177, 178, 179, 180, 181, 183, 185, 189, 191, 192, 193, 195, 198, 199, 202, 205, 206, 207, 208, 211, 214, 218, 221, 223, 224, 225, 228, 229, 230, 231, 232, 234, 235, 239, 243, 244, 246, 247, 248, 250, 253, 256, 257, 264, 265, 268, 269, 272, 274, 275, 276, 278, 279, 280, 281, 282, 286, 289, 290, 294, 296, 299, 300, 301, 304, 305, 308, 310, 311, 317, 318, 322, 323, 324, 326, 327, 328, 333, 334, 337, 338, 341, 342, 344, 346, 347, 348, 352, 358, 359, 360, 362, 364, 365, 369, 371, 374, 375, 376, 378, 379, 380, 385, 386, 387, 389, 390, 391, 397, 398, 401, 403, 404, 407, 408, 409, 413, 414, 415, 416, 419, 423, 425, 426, 429, 431, 432, 435, 436, 438, 440, 442, 445, 446, 450, 453, 457, 460, 461, 464, 467, 468, 471, 474, 475, 477, 480, 483, 488], [8, 10, 15, 17, 21, 23, 28, 33, 35, 40, 41, 46, 53, 55, 56, 59, 61, 62, 65, 71, 74, 78, 79, 85, 86, 88, 90, 93, 96, 102, 103, 104, 105, 106, 107, 109, 111, 114, 122, 123, 124, 125, 127, 132, 133, 134, 135, 141, 143, 144, 146, 147, 153, 156, 157, 160, 163, 169, 170, 171, 172, 177, 179, 182, 183, 184, 185, 186, 190, 192, 195, 197, 199, 200, 201, 206, 213, 214, 215, 217, 218, 219, 220, 221, 223, 227, 231, 233, 235, 238, 240, 241, 244, 245, 246, 249, 251, 253, 256, 257, 258, 259, 260, 261, 263, 264, 266, 267, 271, 277, 279, 280, 282, 286, 287, 288, 289, 292, 293, 295, 297, 301, 304, 307, 308, 311, 312, 313, 315, 317, 318, 319, 320, 322, 323, 325, 327, 328, 330, 336, 337, 338, 339, 341, 344, 346, 347, 348, 349, 353, 356, 358, 361, 362, 365, 366, 367, 371, 372, 373, 374, 379, 380, 384, 385, 387, 388, 389, 393, 394, 396, 398, 401, 402, 406, 407, 408, 410, 411, 412, 413, 416, 418, 419, 421, 423, 424, 426, 427, 428, 430, 431, 432, 436, 437, 439, 440, 442, 444, 445, 450, 452, 457, 459, 461, 462, 467, 468, 469, 471, 473, 475, 477, 479, 483, 484, 488], [12, 14, 20, 22, 27, 32, 38, 41, 44, 45, 50, 52, 59, 62, 67, 72, 73, 78, 79, 80, 81, 84, 93, 94, 95, 96, 98, 100, 110, 111, 116, 117, 119, 120, 122, 126, 128, 129, 132, 135, 140, 142, 149, 150, 152, 153, 155, 156, 158, 160, 162, 165, 167, 169, 170, 175, 176, 179, 180, 181, 187, 191, 193, 196, 197, 198, 200, 201, 202, 206, 207, 211, 212, 213, 215, 219, 224, 226, 227, 228, 230, 233, 235, 236, 239, 240, 241, 243, 245, 248, 252, 255, 256, 260, 261, 262, 264, 266, 267, 269, 270, 274, 277, 278, 282, 283, 284, 285, 286, 288, 289, 290, 291, 297, 301, 302, 305, 306, 308, 312, 314, 316, 317, 318, 319, 321, 322, 323, 324, 326, 328, 329, 330, 332, 337, 340, 342, 343, 346, 347, 349, 352, 353, 354, 357, 360, 364, 366, 367, 369, 373, 375, 376, 377, 379, 383, 384, 386, 388, 391, 393, 396, 397, 402, 403, 404, 405, 406, 408, 409, 410, 412, 418, 421, 422, 423, 425, 426, 427, 428, 430, 432, 435, 436, 440, 441, 442, 444, 445, 448, 451, 456, 460, 461, 464, 466, 468, 469, 473, 474, 479, 480, 484, 488], [19, 26, 30, 37, 42, 43, 53, 58, 60, 63, 66, 71, 73, 76, 77, 81, 85, 89, 97, 98, 102, 103, 106, 109, 112, 113, 116, 120, 121, 126, 127, 128, 131, 136, 137, 141, 143, 144, 150, 152, 154, 159, 160, 161, 164, 165, 166, 168, 170, 172, 177, 178, 181, 189, 190, 191, 193, 194, 195, 197, 204, 205, 207, 208, 209, 215, 217, 218, 219, 220, 222, 225, 226, 231, 232, 234, 235, 236, 237, 238, 239, 241, 249, 250, 252, 255, 256, 258, 262, 263, 265, 267, 268, 271, 272, 277, 279, 281, 282, 283, 284, 287, 291, 292, 293, 296, 298, 299, 300, 302, 303, 304, 305, 306, 307, 308, 311, 313, 314, 317, 323, 324, 325, 326, 327, 330, 331, 332, 333, 339, 340, 341, 342, 343, 344, 349, 350, 353, 355, 357, 358, 360, 361, 362, 364, 365, 367, 369, 370, 371, 373, 374, 375, 378, 386, 388, 389, 390, 391, 393, 394, 395, 396, 398, 399, 401, 402, 403, 405, 406, 407, 408, 410, 411, 414, 415, 416, 422, 423, 424, 426, 427, 428, 429, 432, 436, 437, 438, 439, 441, 442, 446, 448, 450, 451, 452, 453, 456, 457, 459, 460, 462, 464, 466, 467, 469, 471, 473, 474, 475, 477, 479, 480, 483, 484, 488], [24, 36, 39, 48, 54, 57, 61, 69, 70, 75, 82, 84, 88, 95, 97, 99, 101, 105, 107, 112, 114, 118, 119, 125, 129, 134, 137, 138, 139, 140, 145, 146, 147, 149, 151, 154, 155, 159, 166, 167, 169, 171, 174, 175, 178, 182, 187, 188, 189, 190, 192, 198, 199, 201, 203, 204, 209, 211, 216, 217, 221, 224, 225, 226, 227, 229, 232, 233, 236, 240, 242, 244, 247, 248, 249, 250, 251, 253, 255, 258, 259, 260, 264, 268, 270, 271, 273, 274, 275, 276, 278, 279, 283, 284, 285, 286, 293, 294, 295, 296, 297, 298, 300, 303, 305, 306, 307, 310, 311, 312, 315, 316, 318, 320, 321, 322, 326, 328, 329, 330, 331, 334, 336, 338, 339, 340, 341, 342, 343, 344, 347, 348, 349, 350, 352, 354, 355, 356, 359, 362, 364, 366, 367, 369, 370, 371, 372, 376, 377, 378, 379, 380, 383, 384, 385, 387, 388, 390, 391, 394, 395, 396, 397, 398, 399, 401, 402, 403, 404, 405, 408, 409, 411, 412, 413, 414, 415, 418, 419, 421, 422, 423, 424, 425, 427, 429, 430, 431, 435, 436, 437, 438, 439, 440, 441, 442, 444, 445, 446, 448, 450, 451, 452, 453, 456, 457, 459, 460, 461, 462, 464, 466, 467, 468, 469, 471, 473, 474, 475, 477, 479, 480, 483, 484, 488], [29, 34, 47, 49, 51, 64, 68, 74, 83, 87, 91, 92, 100, 104, 108, 115, 117, 121, 123, 124, 130, 131, 133, 138, 142, 148, 151, 157, 158, 161, 162, 163, 164, 168, 173, 174, 176, 180, 183, 184, 185, 186, 188, 194, 196, 200, 202, 203, 205, 208, 212, 213, 214, 216, 220, 222, 223, 228, 229, 230, 234, 237, 238, 242, 243, 245, 246, 247, 251, 252, 257, 259, 261, 262, 263, 265, 266, 269, 270, 272, 273, 275, 276, 280, 281, 285, 287, 288, 289, 290, 291, 292, 294, 295, 298, 299, 301, 302, 303, 304, 310, 313, 314, 315, 316, 319, 320, 321, 324, 325, 327, 329, 331, 332, 333, 334, 336, 337, 338, 346, 348, 350, 352, 353, 354, 355, 356, 357, 358, 359, 360, 361, 365, 366, 370, 372, 373, 374, 375, 376, 377, 378, 380, 383, 384, 385, 386, 387, 389, 390, 393, 394, 395, 397, 399, 404, 405, 406, 407, 409, 410, 411, 412, 413, 414, 415, 416, 418, 419, 421, 422, 424, 425, 426, 428, 429, 430, 431, 432, 435, 437, 438, 439, 440, 441, 444, 445, 446, 448, 450, 451, 452, 453, 456, 457, 459, 460, 461, 462, 464, 466, 467, 468, 469, 471, 473, 474, 475, 477, 479, 480, 483, 484, 488]!Vessel: FarSymphony
[1, 2, 4, 6, 9, 10, 13, 14, 17, 18, 19, 22, 23, 24, 30, 31, 32, 33, 34, 39, 40, 42, 44, 50, 51, 55, 57, 58, 59, 65, 66, 67, 68, 69, 71, 75, 76, 79, 80, 81, 83, 88, 89, 90, 91, 95, 96, 99, 103, 104, 106, 107, 108, 110, 111, 112, 116, 117, 118, 125, 126, 127, 129, 130, 131, 133, 135, 136, 144, 145, 147, 149, 150, 151, 154, 156, 157, 158, 164, 165, 166, 170, 172, 173, 175, 176, 179, 182, 183, 186, 187, 188, 189, 193, 194, 195, 199, 201, 202, 207, 208, 209, 210, 211, 212, 213, 214, 215, 216, 217, 221, 230, 231, 232, 233, 236, 237, 238, 241, 246, 247, 248, 253, 254, 256, 258, 259, 260, 261, 262, 265, 268, 269, 273, 276, 277, 278, 280, 281, 284, 285, 286, 287, 288, 293, 300, 301, 302, 303, 306, 309, 310, 311, 312, 313, 315, 317, 321, 322, 323, 326, 327, 332, 333, 335, 336, 339, 343, 344, 347, 348, 349, 351, 354, 355, 359, 360, 361, 363, 364, 368, 370, 371, 372, 373, 374, 376, 382, 383, 384, 387, 388, 389, 390, 391, 399, 400, 401, 402, 409, 410, 411, 413, 415, 416, 417, 418, 422, 423, 425, 428, 430, 431, 432, 433, 437, 438, 445, 449, 451, 452, 453, 455, 456, 457, 462, 464, 470, 471, 473, 476, 477, 481, 485, 486, 489], [2, 7, 9, 11, 13, 15, 17, 20, 22, 25, 26, 30, 31, 35, 36, 39, 40, 45, 46, 47, 50, 51, 52, 55, 60, 62, 63, 66, 67, 70, 75, 76, 79, 82, 85, 86, 87, 90, 91, 92, 94, 98, 99, 103, 105, 107, 108, 110, 113, 116, 119, 122, 123, 129, 132, 133, 135, 136, 137, 139, 141, 142, 143, 144, 145, 146, 148, 152, 154, 156, 158, 161, 164, 165, 167, 171, 172, 173, 174, 181, 182, 184, 185, 186, 187, 188, 193, 196, 197, 198, 199, 204, 206, 209, 210, 211, 212, 214, 215, 218, 222, 225, 227, 228, 230, 231, 232, 233, 234, 237, 239, 242, 244, 245, 249, 253, 254, 255, 257, 258, 261, 263, 265, 267, 273, 274, 275, 276, 277, 278, 280, 282, 284, 287, 290, 291, 295, 296, 297, 299, 300, 302, 307, 309, 312, 315, 316, 317, 318, 319, 321, 322, 325, 331, 333, 334, 335, 337, 339, 340, 341, 342, 343, 344, 345, 351, 355, 356, 357, 358, 359, 361, 363, 364, 367, 372, 374, 375, 377, 379, 380, 382, 383, 387, 388, 392, 393, 395, 397, 398, 399, 401, 403, 407, 409, 410, 412, 414, 415, 416, 417, 418, 419, 420, 424, 427, 431, 433, 434, 435, 436, 437, 441, 443, 444, 446, 449, 451, 453, 459, 461, 462, 465, 466, 467, 470, 471, 474, 476, 479, 481, 483, 485, 490, 491], [3, 4, 7, 9, 16, 18, 21, 23, 25, 27, 31, 32, 35, 37, 40, 42, 45, 48, 49, 50, 56, 57, 60, 65, 66, 68, 70, 72, 75, 77, 78, 80, 86, 87, 89, 90, 91, 94, 96, 101, 102, 106, 110, 113, 114, 115, 118, 120, 122, 124, 125, 126, 130, 135, 136, 139, 140, 141, 144, 145, 146, 148, 149, 152, 153, 157, 159, 162, 165, 166, 167, 168, 173, 176, 177, 179, 182, 184, 186, 187, 191, 192, 194, 195, 196, 203, 204, 206, 207, 209, 210, 212, 216, 218, 219, 221, 222, 223, 224, 231, 237, 239, 240, 241, 242, 243, 244, 246, 248, 250, 253, 254, 257, 260, 266, 267, 268, 269, 271, 272, 273, 274, 277, 278, 280, 281, 283, 288, 290, 292, 293, 294, 296, 297, 299, 300, 306, 307, 308, 309, 310, 312, 313, 314, 319, 320, 323, 325, 328, 329, 332, 333, 334, 335, 336, 339, 340, 343, 345, 346, 347, 350, 354, 356, 357, 359, 361, 362, 363, 365, 368, 369, 370, 371, 372, 377, 379, 383, 385, 386, 389, 391, 392, 395, 396, 398, 399, 400, 401, 402, 403, 404, 406, 407, 413, 416, 417, 419, 420, 421, 425, 427, 428, 429, 430, 431, 433, 434, 435, 438, 439, 442, 444, 446, 448, 452, 453, 455, 456, 458, 459, 462, 465, 466, 468, 470, 475, 477, 480, 483, 484, 485, 486, 490], [5, 6, 11, 13, 16, 18, 25, 28, 31, 33, 38, 43, 44, 46, 52, 54, 55, 56, 58, 63, 64, 65, 67, 69, 72, 76, 77, 80, 82, 83, 86, 89, 90, 92, 93, 94, 99, 101, 108, 109, 110, 111, 113, 115, 118, 127, 128, 130, 132, 134, 136, 139, 143, 145, 147, 148, 150, 153, 155, 156, 163, 171, 172, 173, 175, 177, 178, 179, 180, 181, 183, 185, 189, 191, 192, 193, 195, 198, 199, 202, 205, 206, 207, 208, 210, 211, 214, 218, 221, 223, 224, 225, 228, 229, 230, 231, 232, 234, 235, 239, 243, 244, 246, 247, 248, 250, 253, 254, 256, 257, 264, 265, 268, 269, 272, 274, 275, 276, 278, 279, 280, 281, 282, 286, 289, 290, 294, 296, 299, 300, 301, 304, 305, 308, 309, 310, 311, 317, 318, 322, 323, 324, 326, 327, 328, 333, 334, 337, 338, 341, 342, 344, 345, 346, 347, 348, 351, 352, 358, 359, 360, 362, 364, 365, 368, 369, 371, 374, 375, 376, 378, 379, 380, 382, 385, 386, 387, 389, 390, 391, 392, 397, 398, 400, 401, 403, 404, 407, 408, 409, 413, 414, 415, 416, 417, 419, 420, 423, 425, 426, 429, 431, 432, 435, 436, 438, 440, 442, 443, 445, 446, 449, 450, 453, 455, 457, 458, 460, 461, 464, 465, 467, 468, 471, 474, 475, 476, 477, 480, 483, 485, 488, 489, 491], [8, 10, 15, 17, 21, 23, 28, 33, 35, 40, 41, 46, 53, 55, 56, 59, 61, 62, 65, 71, 74, 78, 79, 85, 86, 88, 90, 93, 96, 102, 103, 104, 105, 106, 107, 109, 111, 114, 122, 123, 124, 125, 127, 132, 133, 134, 135, 141, 143, 144, 146, 147, 153, 156, 157, 160, 163, 169, 170, 171, 172, 177, 179, 182, 183, 184, 185, 186, 190, 192, 195, 197, 199, 200, 201, 206, 210, 213, 214, 215, 217, 218, 219, 220, 221, 223, 227, 231, 233, 235, 238, 240, 241, 244, 245, 246, 249, 251, 253, 256, 257, 258, 259, 260, 261, 263, 264, 266, 267, 271, 277, 279, 280, 282, 286, 287, 288, 289, 292, 293, 295, 297, 301, 304, 307, 308, 311, 312, 313, 315, 317, 318, 319, 320, 322, 323, 325, 327, 328, 330, 335, 336, 337, 338, 339, 341, 344, 345, 346, 347, 348, 349, 351, 353, 356, 358, 361, 362, 365, 366, 367, 368, 371, 372, 373, 374, 379, 380, 384, 385, 387, 388, 389, 392, 393, 394, 396, 398, 401, 402, 406, 407, 408, 410, 411, 412, 413, 416, 418, 419, 421, 423, 424, 426, 427, 428, 430, 431, 432, 433, 434, 436, 437, 439, 440, 442, 443, 444, 445, 449, 450, 452, 455, 457, 458, 459, 461, 462, 465, 467, 468, 469, 471, 473, 475, 477, 479, 481, 483, 484, 485, 486, 488, 489, 490, 491], [12, 14, 20, 22, 27, 32, 38, 41, 44, 45, 50, 52, 59, 62, 67, 72, 73, 78, 79, 80, 81, 84, 93, 94, 95, 96, 98, 100, 110, 111, 116, 117, 119, 120, 122, 126, 128, 129, 132, 135, 140, 142, 149, 150, 152, 153, 155, 156, 158, 160, 162, 165, 167, 169, 170, 175, 176, 179, 180, 181, 187, 191, 193, 196, 197, 198, 200, 201, 202, 206, 207, 210, 211, 212, 213, 215, 219, 224, 226, 227, 228, 230, 233, 235, 236, 239, 240, 241, 243, 245, 248, 252, 254, 255, 256, 260, 261, 262, 264, 266, 267, 269, 270, 274, 277, 278, 282, 283, 284, 285, 286, 288, 289, 290, 291, 297, 301, 302, 305, 306, 308, 309, 312, 314, 316, 317, 318, 319, 321, 322, 323, 324, 326, 328, 329, 330, 332, 335, 337, 340, 342, 343, 345, 346, 347, 349, 351, 352, 353, 354, 357, 360, 363, 364, 366, 367, 368, 369, 373, 375, 376, 377, 379, 382, 383, 384, 386, 388, 391, 392, 393, 396, 397, 400, 402, 403, 404, 405, 406, 408, 409, 410, 412, 417, 418, 420, 421, 422, 423, 425, 426, 427, 428, 430, 432, 433, 434, 435, 436, 440, 441, 442, 443, 444, 445, 448, 449, 451, 455, 456, 458, 460, 461, 464, 465, 466, 468, 469, 470, 473, 474, 476, 479, 480, 481, 484, 486, 488, 489, 490, 491], [19, 26, 30, 37, 42, 43, 53, 58, 60, 63, 66, 71, 73, 76, 77, 81, 85, 89, 97, 98, 102, 103, 106, 109, 112, 113, 116, 120, 121, 126, 127, 128, 131, 136, 137, 141, 143, 144, 150, 152, 154, 159, 160, 161, 164, 165, 166, 168, 170, 172, 177, 178, 181, 189, 190, 191, 193, 194, 195, 197, 204, 205, 207, 208, 209, 215, 217, 218, 219, 220, 222, 225, 226, 231, 232, 234, 235, 236, 237, 238, 239, 241, 249, 250, 252, 254, 255, 256, 258, 262, 263, 265, 267, 268, 271, 272, 277, 279, 281, 282, 283, 284, 287, 291, 292, 293, 296, 298, 299, 300, 302, 303, 304, 305, 306, 307, 308, 311, 313, 314, 317, 323, 324, 325, 326, 327, 330, 331, 332, 333, 339, 340, 341, 342, 343, 344, 345, 349, 350, 353, 355, 357, 358, 360, 361, 362, 363, 364, 365, 367, 369, 370, 371, 373, 374, 375, 378, 382, 386, 388, 389, 390, 391, 393, 394, 395, 396, 398, 399, 400, 401, 402, 403, 405, 406, 407, 408, 410, 411, 414, 415, 416, 417, 420, 422, 423, 424, 426, 427, 428, 429, 432, 433, 434, 436, 437, 438, 439, 441, 442, 443, 446, 448, 449, 450, 451, 452, 453, 455, 456, 457, 458, 459, 460, 462, 464, 465, 466, 467, 469, 470, 471, 473, 474, 475, 476, 477, 479, 480, 481, 483, 484, 485, 486, 488, 489, 490, 491], [24, 36, 39, 48, 54, 57, 61, 69, 70, 75, 82, 84, 88, 95, 97, 99, 101, 105, 107, 112, 114, 118, 119, 125, 129, 134, 137, 138, 139, 140, 145, 146, 147, 149, 151, 154, 155, 159, 166, 167, 169, 171, 174, 175, 178, 182, 187, 188, 189, 190, 192, 198, 199, 201, 203, 204, 209, 211, 216, 217, 221, 224, 225, 226, 227, 229, 232, 233, 236, 240, 242, 244, 247, 248, 249, 250, 251, 253, 255, 258, 259, 260, 264, 268, 270, 271, 273, 274, 275, 276, 278, 279, 283, 284, 285, 286, 293, 294, 295, 296, 297, 298, 300, 303, 305, 306, 307, 310, 311, 312, 315, 316, 318, 320, 321, 322, 326, 328, 329, 330, 331, 334, 336, 338, 339, 340, 341, 342, 343, 344, 347, 348, 349, 350, 352, 354, 355, 356, 359, 362, 364, 366, 367, 369, 370, 371, 372, 376, 377, 378, 379, 380, 383, 384, 385, 387, 388, 390, 391, 394, 395, 396, 397, 398, 399, 401, 402, 403, 404, 405, 408, 409, 411, 412, 413, 414, 415, 417, 418, 419, 421, 422, 423, 424, 425, 427, 429, 430, 431, 433, 435, 436, 437, 438, 439, 440, 441, 442, 444, 445, 446, 448, 449, 450, 451, 452, 453, 455, 456, 457, 459, 460, 461, 462, 464, 465, 466, 467, 468, 469, 470, 471, 473, 474, 475, 476, 477, 479, 480, 481, 483, 484, 485, 486, 488, 489, 490, 491], [29, 34, 47, 49, 51, 64, 68, 74, 83, 87, 91, 92, 100, 104, 108, 115, 117, 121, 123, 124, 130, 131, 133, 138, 142, 148, 151, 157, 158, 161, 162, 163, 164, 168, 173, 174, 176, 180, 183, 184, 185, 186, 188, 194, 196, 200, 202, 203, 205, 208, 212, 213, 214, 216, 220, 222, 223, 228, 229, 230, 234, 237, 238, 242, 243, 245, 246, 247, 251, 252, 257, 259, 261, 262, 263, 265, 266, 269, 270, 272, 273, 275, 276, 280, 281, 285, 287, 288, 289, 290, 291, 292, 294, 295, 298, 299, 301, 302, 303, 304, 309, 310, 313, 314, 315, 316, 319, 320, 321, 324, 325, 327, 329, 331, 332, 333, 334, 335, 336, 337, 338, 346, 348, 350, 351, 352, 353, 354, 355, 356, 357, 358, 359, 360, 361, 363, 365, 366, 368, 370, 372, 373, 374, 375, 376, 377, 378, 380, 382, 383, 384, 385, 386, 387, 389, 390, 392, 393, 394, 395, 397, 399, 400, 404, 405, 406, 407, 409, 410, 411, 412, 413, 414, 415, 416, 418, 419, 420, 421, 422, 424, 425, 426, 428, 429, 430, 431, 432, 434, 435, 437, 438, 439, 440, 441, 443, 444, 445, 446, 448, 450, 451, 452, 453, 456, 457, 458, 459, 460, 461, 462, 464, 466, 467, 468, 469, 470, 471, 473, 474, 475, 476, 477, 479, 480, 481, 483, 484, 485, 486, 488, 489, 490, 491]!Vessel: HavilaForesight
[1, 2, 4, 6, 9, 10, 13, 14, 17, 18, 19, 22, 23, 24, 30, 31, 32, 33, 34, 39, 40, 42, 44, 50, 51, 55, 57, 58, 59, 65, 66, 67, 68, 69, 71, 75, 76, 79, 80, 81, 83, 88, 89, 90, 91, 95, 96, 99, 103, 104, 106, 107, 108, 110, 111, 112, 116, 117, 118, 125, 126, 127, 129, 130, 131, 133, 135, 136, 144, 145, 147, 149, 150, 151, 154, 156, 157, 158, 164, 165, 166, 170, 172, 173, 175, 176, 179, 182, 183, 186, 187, 188, 189, 193, 194, 195, 199, 201, 202, 207, 208, 209, 211, 212, 213, 214, 215, 216, 217, 221, 230, 231, 232, 233, 236, 237, 238, 241, 246, 247, 248, 253, 256, 258, 259, 260, 261, 262, 265, 268, 269, 273, 276, 280, 281, 284, 285, 286, 287, 288, 293, 300, 301, 302, 303, 306, 310, 311, 312, 313, 315, 321, 322, 326, 327, 332, 333, 336, 339, 343, 344, 348, 349, 354, 355, 359, 360, 361, 364, 370, 371, 372, 373, 374, 376, 384, 387, 388, 389, 390, 391, 399, 401, 402, 411, 413, 415, 418, 422, 423, 437, 438, 451, 452, 453, 456, 457, 462, 464, 471, 473, 477], [2, 7, 9, 11, 13, 15, 17, 20, 22, 25, 26, 30, 31, 35, 36, 39, 40, 45, 46, 47, 50, 51, 52, 55, 60, 62, 63, 66, 67, 70, 75, 76, 79, 82, 85, 86, 87, 90, 91, 92, 94, 98, 99, 103, 105, 107, 108, 110, 113, 116, 119, 122, 123, 129, 132, 133, 135, 136, 137, 139, 141, 142, 143, 144, 145, 146, 148, 152, 154, 156, 158, 161, 164, 165, 167, 171, 172, 173, 174, 181, 182, 184, 185, 186, 187, 188, 193, 196, 197, 198, 199, 204, 206, 209, 211, 212, 214, 215, 218, 222, 225, 227, 228, 230, 231, 232, 233, 234, 237, 239, 242, 244, 245, 249, 253, 255, 257, 258, 261, 263, 265, 267, 273, 274, 275, 276, 280, 282, 284, 287, 291, 295, 296, 297, 299, 300, 302, 307, 312, 315, 316, 318, 319, 321, 322, 325, 331, 333, 334, 337, 339, 340, 341, 342, 343, 344, 355, 356, 357, 358, 359, 361, 364, 367, 372, 374, 375, 377, 380, 387, 388, 393, 395, 397, 398, 399, 401, 407, 412, 414, 415, 418, 419, 424, 427, 436, 437, 441, 446, 451, 453, 459, 462, 467, 471, 479, 483], [3, 4, 7, 9, 16, 18, 21, 23, 25, 27, 31, 32, 35, 37, 40, 42, 45, 48, 49, 50, 56, 57, 60, 65, 66, 68, 70, 72, 75, 77, 78, 80, 86, 87, 89, 90, 91, 94, 96, 101, 102, 106, 110, 113, 114, 115, 118, 120, 122, 124, 125, 126, 130, 135, 136, 139, 140, 141, 144, 145, 146, 148, 149, 152, 153, 157, 159, 162, 165, 166, 167, 168, 173, 176, 177, 179, 182, 184, 186, 187, 191, 192, 194, 195, 196, 203, 204, 206, 207, 209, 212, 216, 218, 219, 221, 222, 223, 224, 231, 237, 239, 240, 241, 242, 243, 244, 246, 248, 250, 253, 257, 260, 266, 267, 268, 269, 271, 272, 273, 274, 280, 281, 283, 288, 292, 293, 294, 296, 297, 299, 300, 306, 307, 308, 310, 312, 313, 314, 319, 320, 325, 328, 329, 332, 333, 334, 336, 339, 340, 343, 346, 350, 354, 356, 357, 359, 361, 362, 365, 369, 370, 371, 372, 377, 385, 386, 389, 391, 395, 396, 398, 399, 401, 402, 404, 406, 407, 413, 419, 421, 427, 429, 438, 439, 442, 446, 448, 452, 453, 456, 459, 462, 475, 477, 483], [5, 6, 11, 13, 16, 18, 25, 28, 31, 33, 38, 43, 44, 46, 52, 54, 55, 56, 58, 63, 64, 65, 67, 69, 72, 76, 77, 80, 82, 83, 86, 89, 90, 92, 93, 94, 99, 101, 108, 109, 110, 111, 113, 115, 118, 127, 128, 130, 132, 134, 136, 139, 143, 145, 147, 148, 150, 153, 155, 156, 163, 171, 172, 173, 175, 177, 178, 179, 180, 181, 183, 185, 189, 191, 192, 193, 195, 198, 199, 202, 205, 206, 207, 208, 211, 214, 218, 221, 223, 224, 225, 228, 229, 230, 231, 232, 234, 235, 239, 243, 244, 246, 247, 248, 250, 253, 256, 257, 264, 265, 268, 269, 272, 274, 275, 276, 279, 280, 281, 282, 286, 289, 294, 296, 299, 300, 301, 304, 305, 308, 310, 311, 318, 322, 324, 326, 327, 328, 333, 334, 337, 338, 341, 342, 344, 346, 348, 352, 358, 359, 360, 362, 364, 365, 369, 371, 374, 375, 376, 378, 380, 385, 386, 387, 389, 390, 391, 397, 398, 401, 404, 407, 408, 413, 414, 415, 419, 423, 426, 429, 436, 438, 440, 442, 446, 450, 453, 457, 460, 464, 467, 471, 475, 477, 483], [8, 10, 15, 17, 21, 23, 28, 33, 35, 40, 41, 46, 53, 55, 56, 59, 61, 62, 65, 71, 74, 78, 79, 85, 86, 88, 90, 93, 96, 102, 103, 104, 105, 106, 107, 109, 111, 114, 122, 123, 124, 125, 127, 132, 133, 134, 135, 141, 143, 144, 146, 147, 153, 156, 157, 160, 163, 169, 170, 171, 172, 177, 179, 182, 183, 184, 185, 186, 190, 192, 195, 197, 199, 200, 201, 206, 213, 214, 215, 217, 218, 219, 220, 221, 223, 227, 231, 233, 235, 238, 240, 241, 244, 245, 246, 249, 251, 253, 256, 257, 258, 259, 260, 261, 263, 264, 266, 267, 271, 279, 280, 282, 286, 287, 288, 289, 292, 293, 295, 297, 301, 304, 307, 308, 311, 312, 313, 315, 318, 319, 320, 322, 325, 327, 328, 330, 336, 337, 338, 339, 341, 344, 346, 348, 349, 353, 356, 358, 361, 362, 365, 366, 367, 371, 372, 373, 374, 380, 384, 385, 387, 388, 389, 393, 394, 396, 398, 401, 402, 406, 407, 408, 411, 412, 413, 418, 419, 421, 423, 424, 426, 427, 436, 437, 439, 440, 442, 450, 452, 457, 459, 462, 467, 469, 471, 473, 475, 477, 479, 483], [12, 14, 20, 22, 27, 32, 38, 41, 44, 45, 50, 52, 59, 62, 67, 72, 73, 78, 79, 80, 81, 84, 93, 94, 95, 96, 98, 100, 110, 111, 116, 117, 119, 120, 122, 126, 128, 129, 132, 135, 140, 142, 149, 150, 152, 153, 155, 156, 158, 160, 162, 165, 167, 169, 170, 175, 176, 179, 180, 181, 187, 191, 193, 196, 197, 198, 200, 201, 202, 206, 207, 211, 212, 213, 215, 219, 224, 226, 227, 228, 230, 233, 235, 236, 239, 240, 241, 243, 245, 248, 252, 255, 256, 260, 261, 262, 264, 266, 267, 269, 270, 274, 282, 283, 284, 285, 286, 288, 289, 291, 297, 301, 302, 305, 306, 308, 312, 314, 316, 318, 319, 321, 322, 324, 326, 328, 329, 330, 332, 337, 340, 342, 343, 346, 349, 352, 353, 354, 357, 360, 364, 366, 367, 369, 373, 375, 376, 377, 384, 386, 388, 391, 393, 396, 397, 402, 404, 405, 406, 408, 412, 418, 421, 422, 423, 426, 427, 436, 440, 441, 442, 448, 451, 456, 460, 464, 469, 473, 479], [19, 26, 30, 37, 42, 43, 53, 58, 60, 63, 66, 71, 73, 76, 77, 81, 85, 89, 97, 98, 102, 103, 106, 109, 112, 113, 116, 120, 121, 126, 127, 128, 131, 136, 137, 141, 143, 144, 150, 152, 154, 159, 160, 161, 164, 165, 166, 168, 170, 172, 177, 178, 181, 189, 190, 191, 193, 194, 195, 197, 204, 205, 207, 208, 209, 215, 217, 218, 219, 220, 222, 225, 226, 231, 232, 234, 235, 236, 237, 238, 239, 241, 249, 250, 252, 255, 256, 258, 262, 263, 265, 267, 268, 271, 272, 279, 281, 282, 283, 284, 287, 291, 292, 293, 296, 298, 299, 300, 302, 303, 304, 305, 306, 307, 308, 311, 313, 314, 324, 325, 326, 327, 330, 331, 332, 333, 339, 340, 341, 342, 343, 344, 349, 350, 353, 355, 357, 358, 360, 361, 362, 364, 365, 367, 369, 370, 371, 373, 374, 375, 378, 386, 388, 389, 390, 391, 393, 394, 395, 396, 398, 399, 401, 402, 405, 406, 407, 408, 411, 414, 415, 422, 423, 424, 426, 427, 429, 436, 437, 438, 439, 441, 442, 446, 448, 450, 451, 452, 453, 456, 457, 459, 460, 462, 464, 467, 469, 471, 473, 475, 477, 479, 483], [24, 36, 39, 48, 54, 57, 61, 69, 70, 75, 82, 84, 88, 95, 97, 99, 101, 105, 107, 112, 114, 118, 119, 125, 129, 134, 137, 138, 139, 140, 145, 146, 147, 149, 151, 154, 155, 159, 166, 167, 169, 171, 174, 175, 178, 182, 187, 188, 189, 190, 192, 198, 199, 201, 203, 204, 209, 211, 216, 217, 221, 224, 225, 226, 227, 229, 232, 233, 236, 240, 242, 244, 247, 248, 249, 250, 251, 253, 255, 258, 259, 260, 264, 268, 270, 271, 273, 274, 275, 276, 279, 283, 284, 285, 286, 293, 294, 295, 296, 297, 298, 300, 303, 305, 306, 307, 310, 311, 312, 315, 316, 318, 320, 321, 322, 326, 328, 329, 330, 331, 334, 336, 338, 339, 340, 341, 342, 343, 344, 348, 349, 350, 352, 354, 355, 356, 359, 362, 364, 366, 367, 369, 370, 371, 372, 376, 377, 378, 380, 384, 385, 387, 388, 390, 391, 394, 395, 396, 397, 398, 399, 401, 402, 404, 405, 408, 411, 412, 413, 414, 415, 418, 419, 421, 422, 423, 424, 427, 429, 436, 437, 438, 439, 440, 441, 442, 446, 448, 450, 451, 452, 453, 456, 457, 459, 460, 462, 464, 467, 469, 471, 473, 475, 477, 479, 483], [29, 34, 47, 49, 51, 64, 68, 74, 83, 87, 91, 92, 100, 104, 108, 115, 117, 121, 123, 124, 130, 131, 133, 138, 142, 148, 151, 157, 158, 161, 162, 163, 164, 168, 173, 174, 176, 180, 183, 184, 185, 186, 188, 194, 196, 200, 202, 203, 205, 208, 212, 213, 214, 216, 220, 222, 223, 228, 229, 230, 234, 237, 238, 242, 243, 245, 246, 247, 251, 252, 257, 259, 261, 262, 263, 265, 266, 269, 270, 272, 273, 275, 276, 280, 281, 285, 287, 288, 289, 291, 292, 294, 295, 298, 299, 301, 302, 303, 304, 310, 313, 314, 315, 316, 319, 320, 321, 324, 325, 327, 329, 331, 332, 333, 334, 336, 337, 338, 346, 348, 350, 352, 353, 354, 355, 356, 357, 358, 359, 360, 361, 365, 366, 370, 372, 373, 374, 375, 376, 377, 378, 380, 384, 385, 386, 387, 389, 390, 393, 394, 395, 397, 399, 404, 405, 406, 407, 411, 412, 413, 414, 415, 418, 419, 421, 422, 424, 426, 429, 437, 438, 439, 440, 441, 446, 448, 450, 451, 452, 453, 456, 457, 459, 460, 462, 464, 467, 469, 471, 473, 475, 477, 479, 483]!Vessel: FarStar
] 

Rvl : [
!l : 2, 3
[1, 2, 3, 4, 5, 6, 7, 8, 9, 10, 11, 12, 13, 14, 15, 16, 17, 19, 20, 21, 22, 23, 24, 25, 26, 27, 28, 29, 30, 32, 34, 35, 36, 37, 39, 40, 42, 43, 45, 47, 48, 49, 50, 51, 53, 54, 57, 58, 60, 61, 63, 64, 66, 68, 69, 70, 71, 73, 74, 75, 77, 81, 82, 84, 85, 87, 88, 91, 95, 97, 98, 100, 101, 102, 103, 104, 105, 106, 107, 109, 112, 114, 116, 117, 119, 120, 121, 123, 124, 125, 126, 129, 131, 134, 137, 138, 140, 141, 142, 146, 149, 151, 152, 154, 158, 159, 161, 162, 164, 165, 166, 167, 168, 174, 176, 178, 187, 188, 190, 194, 196, 203, 204, 209, 212, 216, 217, 220, 222, 226, 236, 237, 242, 249, 251, 252, 255, 262, 270, 271, 273, 283, 284, 285, 291, 298, 302, 303, 306, 314, 316, 321, 329, 331, 332, 340, 343, 350, 354, 355, 357, 370, 377, 395, 399, 405, 422, 441, 448, 451], [18, 31, 33, 38, 41, 44, 46, 52, 55, 56, 59, 62, 65, 67, 72, 76, 78, 79, 80, 83, 86, 89, 90, 92, 93, 94, 96, 99, 108, 110, 111, 113, 115, 118, 122, 127, 128, 130, 132, 133, 135, 136, 139, 143, 144, 145, 147, 148, 150, 153, 155, 156, 157, 160, 163, 169, 170, 171, 172, 173, 175, 177, 179, 180, 181, 182, 183, 184, 185, 186, 189, 191, 192, 193, 195, 197, 198, 199, 200, 201, 202, 205, 206, 207, 208, 210, 211, 213, 214, 215, 218, 219, 221, 223, 224, 225, 227, 228, 229, 230, 231, 232, 233, 234, 235, 238, 239, 240, 241, 243, 244, 245, 246, 247, 248, 250, 253, 254, 256, 257, 258, 259, 260, 261, 263, 264, 265, 266, 267, 268, 269, 272, 274, 275, 276, 277, 278, 279, 280, 281, 282, 286, 287, 288, 289, 290, 292, 293, 294, 295, 296, 297, 299, 300, 301, 304, 305, 307, 308, 309, 310, 311, 312, 313, 315, 317, 318, 319, 320, 322, 323, 324, 325, 326, 327, 328, 330, 333, 334, 335, 336, 337, 338, 339, 341, 342, 344, 345, 346, 347, 348, 349, 351, 352, 353, 356, 358, 359, 360, 361, 362, 363, 364, 365, 366, 367, 368, 369, 371, 372, 373, 374, 375, 376, 378, 379, 380, 381, 382, 383, 384, 385, 386, 387, 388, 389, 390, 391, 392, 393, 394, 396, 397, 398, 400, 401, 402, 403, 404, 406, 407, 408, 409, 410, 411, 412, 413, 414, 415, 416, 417, 418, 419, 420, 421, 423, 424, 425, 426, 427, 428, 429, 430, 431, 432, 433, 434, 435, 436, 437, 438, 439, 440, 442, 443, 444, 445, 446, 447, 449, 450, 452, 453, 454, 455, 456, 457, 458, 459, 460, 461, 462, 463, 464, 465, 466, 467, 468, 469, 470, 471, 472, 473, 474, 475, 476, 477, 478, 479, 480, 481, 482, 483, 484, 485, 486, 487, 488, 489, 490, 491, 492]!Vessel: FarSeeker
[1, 2, 3, 4, 5, 6, 7, 8, 9, 10, 11, 12, 13, 14, 15, 16, 17, 19, 20, 21, 22, 23, 24, 25, 26, 27, 28, 29, 30, 32, 34, 35, 36, 37, 39, 40, 42, 43, 45, 47, 48, 49, 50, 51, 53, 54, 57, 58, 60, 61, 63, 64, 66, 68, 69, 70, 71, 73, 74, 75, 77, 81, 82, 84, 85, 87, 88, 91, 95, 97, 98, 100, 101, 102, 103, 104, 105, 106, 107, 109, 112, 114, 116, 117, 119, 120, 121, 123, 124, 125, 126, 129, 131, 134, 137, 138, 140, 141, 142, 146, 149, 151, 152, 154, 158, 159, 161, 162, 164, 165, 166, 167, 168, 174, 176, 178, 187, 188, 190, 194, 196, 203, 204, 209, 212, 216, 217, 220, 222, 226, 236, 237, 242, 249, 251, 252, 255, 262, 270, 271, 273, 283, 284, 285, 291, 298, 302, 303, 306, 314, 316, 321, 329, 331, 332, 340, 343, 350, 354, 355, 357, 370, 377, 395, 399, 405, 422, 441, 448, 451], [18, 31, 33, 38, 41, 44, 46, 52, 55, 56, 59, 62, 65, 67, 72, 76, 78, 79, 80, 83, 86, 89, 90, 92, 93, 94, 96, 99, 108, 110, 111, 113, 115, 118, 122, 127, 128, 130, 132, 133, 135, 136, 139, 143, 144, 145, 147, 148, 150, 153, 155, 156, 157, 160, 163, 169, 170, 171, 172, 173, 175, 177, 179, 180, 181, 182, 183, 184, 185, 186, 189, 191, 192, 193, 195, 197, 198, 199, 200, 201, 202, 205, 206, 207, 208, 210, 211, 213, 214, 215, 218, 219, 221, 223, 224, 225, 227, 228, 229, 230, 231, 232, 233, 234, 235, 238, 239, 240, 241, 243, 244, 245, 246, 247, 248, 250, 253, 254, 256, 257, 258, 259, 260, 261, 263, 264, 265, 266, 267, 268, 269, 272, 274, 275, 276, 277, 278, 279, 280, 281, 282, 286, 287, 288, 289, 290, 292, 293, 294, 295, 296, 297, 299, 300, 301, 304, 305, 307, 308, 309, 310, 311, 312, 313, 315, 317, 318, 319, 320, 322, 323, 324, 325, 326, 327, 328, 330, 333, 334, 335, 336, 337, 338, 339, 341, 342, 344, 345, 346, 347, 348, 349, 351, 352, 353, 356, 358, 359, 360, 361, 362, 363, 364, 365, 366, 367, 368, 369, 371, 372, 373, 374, 375, 376, 378, 379, 380, 381, 382, 383, 384, 385, 386, 387, 388, 389, 390, 391, 392, 393, 394, 396, 397, 398, 400, 401, 402, 403, 404, 406, 407, 408, 409, 410, 411, 412, 413, 414, 415, 416, 417, 418, 419, 420, 421, 423, 424, 425, 426, 427, 428, 429, 430, 431, 432, 433, 434, 435, 436, 437, 438, 439, 440, 442, 443, 444, 445, 446, 447, 449, 450, 452, 453, 454, 455, 456, 457, 458, 459, 460, 461, 462, 463, 464, 465, 466, 467, 468, 469, 470, 471, 472, 473, 474, 475, 476, 477, 478, 479, 480, 481, 482, 483, 484, 485, 486, 487, 488, 489, 490, 491, 492]!Vessel: FarSearcher
[1, 2, 3, 4, 5, 6, 7, 8, 9, 10, 11, 12, 13, 14, 15, 16, 17, 19, 20, 21, 22, 23, 24, 25, 26, 27, 28, 29, 30, 32, 34, 35, 36, 37, 39, 40, 42, 43, 45, 47, 48, 49, 50, 51, 53, 54, 57, 58, 60, 61, 63, 64, 66, 68, 69, 70, 71, 73, 74, 75, 77, 81, 82, 84, 85, 87, 88, 91, 95, 97, 98, 100, 101, 102, 103, 104, 105, 106, 107, 109, 112, 114, 116, 117, 119, 120, 121, 123, 124, 125, 126, 129, 131, 134, 137, 138, 140, 141, 142, 146, 149, 151, 152, 154, 158, 159, 161, 162, 164, 165, 166, 167, 168, 174, 176, 178, 187, 188, 190, 194, 196, 203, 204, 209, 212, 216, 217, 220, 222, 226, 236, 237, 242, 249, 251, 252, 255, 262, 270, 271, 273, 283, 284, 285, 291, 298, 302, 303, 306, 314, 316, 321, 329, 331, 332, 340, 343, 350, 354, 355, 357, 370, 377, 395, 399, 405, 422, 441, 448, 451], [18, 31, 33, 38, 41, 44, 46, 52, 55, 56, 59, 62, 65, 67, 72, 76, 78, 79, 80, 83, 86, 89, 90, 92, 93, 94, 96, 99, 108, 110, 111, 113, 115, 118, 122, 127, 128, 130, 132, 133, 135, 136, 139, 143, 144, 145, 147, 148, 150, 153, 155, 156, 157, 160, 163, 169, 170, 171, 172, 173, 175, 177, 179, 180, 181, 182, 183, 184, 185, 186, 189, 191, 192, 193, 195, 197, 198, 199, 200, 201, 202, 205, 206, 207, 208, 211, 213, 214, 215, 218, 219, 221, 223, 224, 225, 227, 228, 229, 230, 231, 232, 233, 234, 235, 238, 239, 240, 241, 243, 244, 245, 246, 247, 248, 250, 253, 256, 257, 258, 259, 260, 261, 263, 264, 265, 266, 267, 268, 269, 272, 274, 275, 276, 277, 278, 279, 280, 281, 282, 286, 287, 288, 289, 290, 292, 293, 294, 295, 296, 297, 299, 300, 301, 304, 305, 307, 308, 310, 311, 312, 313, 315, 317, 318, 319, 320, 322, 323, 324, 325, 326, 327, 328, 330, 333, 334, 336, 337, 338, 339, 341, 342, 344, 346, 347, 348, 349, 352, 353, 356, 358, 359, 360, 361, 362, 364, 365, 366, 367, 369, 371, 372, 373, 374, 375, 376, 378, 379, 380, 383, 384, 385, 386, 387, 388, 389, 390, 391, 393, 394, 396, 397, 398, 401, 402, 403, 404, 406, 407, 408, 409, 410, 411, 412, 413, 414, 415, 416, 418, 419, 421, 423, 424, 425, 426, 427, 428, 429, 430, 431, 432, 435, 436, 437, 438, 439, 440, 442, 444, 445, 446, 450, 452, 453, 456, 457, 459, 460, 461, 462, 464, 466, 467, 468, 469, 471, 473, 474, 475, 477, 479, 480, 483, 484, 488]!Vessel: FarSymphony
[1, 2, 3, 4, 5, 6, 7, 8, 9, 10, 11, 12, 13, 14, 15, 16, 17, 19, 20, 21, 22, 23, 24, 25, 26, 27, 28, 29, 30, 32, 34, 35, 36, 37, 39, 40, 42, 43, 45, 47, 48, 49, 50, 51, 53, 54, 57, 58, 60, 61, 63, 64, 66, 68, 69, 70, 71, 73, 74, 75, 77, 81, 82, 84, 85, 87, 88, 91, 95, 97, 98, 100, 101, 102, 103, 104, 105, 106, 107, 109, 112, 114, 116, 117, 119, 120, 121, 123, 124, 125, 126, 129, 131, 134, 137, 138, 140, 141, 142, 146, 149, 151, 152, 154, 158, 159, 161, 162, 164, 165, 166, 167, 168, 174, 176, 178, 187, 188, 190, 194, 196, 203, 204, 209, 212, 216, 217, 220, 222, 226, 236, 237, 242, 249, 251, 252, 255, 262, 270, 271, 273, 283, 284, 285, 291, 298, 302, 303, 306, 314, 316, 321, 329, 331, 332, 340, 343, 350, 354, 355, 357, 370, 377, 395, 399, 405, 422, 441, 448, 451], [18, 31, 33, 38, 41, 44, 46, 52, 55, 56, 59, 62, 65, 67, 72, 76, 78, 79, 80, 83, 86, 89, 90, 92, 93, 94, 96, 99, 108, 110, 111, 113, 115, 118, 122, 127, 128, 130, 132, 133, 135, 136, 139, 143, 144, 145, 147, 148, 150, 153, 155, 156, 157, 160, 163, 169, 170, 171, 172, 173, 175, 177, 179, 180, 181, 182, 183, 184, 185, 186, 189, 191, 192, 193, 195, 197, 198, 199, 200, 201, 202, 205, 206, 207, 208, 210, 211, 213, 214, 215, 218, 219, 221, 223, 224, 225, 227, 228, 229, 230, 231, 232, 233, 234, 235, 238, 239, 240, 241, 243, 244, 245, 246, 247, 248, 250, 253, 254, 256, 257, 258, 259, 260, 261, 263, 264, 265, 266, 267, 268, 269, 272, 274, 275, 276, 277, 278, 279, 280, 281, 282, 286, 287, 288, 289, 290, 292, 293, 294, 295, 296, 297, 299, 300, 301, 304, 305, 307, 308, 309, 310, 311, 312, 313, 315, 317, 318, 319, 320, 322, 323, 324, 325, 326, 327, 328, 330, 333, 334, 335, 336, 337, 338, 339, 341, 342, 344, 345, 346, 347, 348, 349, 351, 352, 353, 356, 358, 359, 360, 361, 362, 363, 364, 365, 366, 367, 368, 369, 371, 372, 373, 374, 375, 376, 378, 379, 380, 382, 383, 384, 385, 386, 387, 388, 389, 390, 391, 392, 393, 394, 396, 397, 398, 400, 401, 402, 403, 404, 406, 407, 408, 409, 410, 411, 412, 413, 414, 415, 416, 417, 418, 419, 420, 421, 423, 424, 425, 426, 427, 428, 429, 430, 431, 432, 433, 434, 435, 436, 437, 438, 439, 440, 442, 443, 444, 445, 446, 449, 450, 452, 453, 455, 456, 457, 458, 459, 460, 461, 462, 464, 465, 466, 467, 468, 469, 470, 471, 473, 474, 475, 476, 477, 479, 480, 481, 483, 484, 485, 486, 488, 489, 490, 491]!Vessel: HavilaForesight
[1, 2, 3, 4, 5, 6, 7, 8, 9, 10, 11, 12, 13, 14, 15, 16, 17, 19, 20, 21, 22, 23, 24, 25, 26, 27, 28, 29, 30, 32, 34, 35, 36, 37, 39, 40, 42, 43, 45, 47, 48, 49, 50, 51, 53, 54, 57, 58, 60, 61, 63, 64, 66, 68, 69, 70, 71, 73, 74, 75, 77, 81, 82, 84, 85, 87, 88, 91, 95, 97, 98, 100, 101, 102, 103, 104, 105, 106, 107, 109, 112, 114, 116, 117, 119, 120, 121, 123, 124, 125, 126, 129, 131, 134, 137, 138, 140, 141, 142, 146, 149, 151, 152, 154, 158, 159, 161, 162, 164, 165, 166, 167, 168, 174, 176, 178, 187, 188, 190, 194, 196, 203, 204, 209, 212, 216, 217, 220, 222, 226, 236, 237, 242, 249, 251, 252, 255, 262, 270, 271, 273, 283, 284, 285, 291, 298, 302, 303, 306, 314, 316, 321, 329, 331, 332, 340, 343, 350, 354, 355, 357, 370, 377, 395, 399, 405, 422, 441, 448, 451], [18, 31, 33, 38, 41, 44, 46, 52, 55, 56, 59, 62, 65, 67, 72, 76, 78, 79, 80, 83, 86, 89, 90, 92, 93, 94, 96, 99, 108, 110, 111, 113, 115, 118, 122, 127, 128, 130, 132, 133, 135, 136, 139, 143, 144, 145, 147, 148, 150, 153, 155, 156, 157, 160, 163, 169, 170, 171, 172, 173, 175, 177, 179, 180, 181, 182, 183, 184, 185, 186, 189, 191, 192, 193, 195, 197, 198, 199, 200, 201, 202, 205, 206, 207, 208, 211, 213, 214, 215, 218, 219, 221, 223, 224, 225, 227, 228, 229, 230, 231, 232, 233, 234, 235, 238, 239, 240, 241, 243, 244, 245, 246, 247, 248, 250, 253, 256, 257, 258, 259, 260, 261, 263, 264, 265, 266, 267, 268, 269, 272, 274, 275, 276, 279, 280, 281, 282, 286, 287, 288, 289, 292, 293, 294, 295, 296, 297, 299, 300, 301, 304, 305, 307, 308, 310, 311, 312, 313, 315, 318, 319, 320, 322, 324, 325, 326, 327, 328, 330, 333, 334, 336, 337, 338, 339, 341, 342, 344, 346, 348, 349, 352, 353, 356, 358, 359, 360, 361, 362, 364, 365, 366, 367, 369, 371, 372, 373, 374, 375, 376, 378, 380, 384, 385, 386, 387, 388, 389, 390, 391, 393, 394, 396, 397, 398, 401, 402, 404, 406, 407, 408, 411, 412, 413, 414, 415, 418, 419, 421, 423, 424, 426, 427, 429, 436, 437, 438, 439, 440, 442, 446, 450, 452, 453, 456, 457, 459, 460, 462, 464, 467, 469, 471, 473, 475, 477, 479, 483]!Vessel: FarStar
] 

minF : 2
maxF : 6
Nf : [
!f : 2, 3, 4, 5, 6
[5, 6], [], [], [2, 3, 4, 7], [1, 8, 9]
]

! Parameters
VoyageCost: [37970, 44429, 39085, 45544, 64838, 73722, 43120, 59991, 49580, 62814, 73722, 44841, 80181, 47265, 62814, 74837, 69274, 81296, 43726, 46053, 63929, 49277, 70389, 43120, 78872, 38879, 47265, 72716, 37570, 50186, 85332, 50392, 81599, 46453, 67965, 38273, 42418, 83017, 49580, 76848, 81805, 48877, 73019, 85441, 47968, 81599, 44029, 44235, 47568, 54428, 52913, 84229, 62414, 72413, 88059, 82714, 50695, 79478, 84629, 46453, 62414, 84629, 79478, 75746, 89174, 55337, 87453, 54028, 78872, 48271, 68571, 85441, 46053, 64838, 54731, 85938, 78169, 85744, 88471, 88568, 48574, 78872, 82205, 47265, 68571, 86750, 51604, 67965, 84629, 93210, 58064, 82205, 90895, 86144, 48477, 88471, 37570, 47265, 85332, 46053, 79987, 67262, 77454, 71298, 67965, 76146, 76848, 88665, 80896, 92604, 92107, 48877, 84629, 69080, 83320, 55034, 51301, 86447, 47265, 47265, 43326, 87259, 71298, 74837, 77963, 53725, 87356, 84229, 54428, 89780, 52210, 93319, 80181, 80290, 88471, 91089, 44029, 45144, 84023, 49083, 76146, 51301, 87356, 82605, 90483, 75540, 86750, 89780, 55543, 86750, 51604, 53725, 92107, 55337, 85441, 95330, 81296, 57761, 47568, 84229, 49786, 52416, 83623, 58670, 60184, 54028, 53119, 50901, 84229, 88471, 86750, 93816, 96239, 49180, 86653, 61299, 86047, 78169, 94022, 84229, 85441, 81999, 90083, 78872, 90083, 85332, 62002, 58064, 84629, 67262, 85441, 87865, 91901, 57361, 92507, 58876, 88471, 85441, 93210, 86047, 88471, 89477, 52719, 51604, 81502, 94022, 91901, 87962, 60487, 100481, 91901, 65335, 87259, 96542, 89683, 59179, 73722, 92507, 87259, 70595, 94325, 57361, 91198, 87259, 84629, 47265, 88471, 89477, 83320, 95936, 98966, 91089, 89683, 87962, 93319, 53725, 63820, 79478, 91901, 88471, 88471, 56755, 90592, 91901, 87259, 97657, 89780, 93719, 73722, 83320, 72413, 50598, 98360, 98360, 51301, 94627, 97657, 82605, 78872, 89683, 88471, 57058, 79478, 93319, 94421, 87259, 89683, 89780, 97051, 52416, 72413, 89077, 63214, 91295, 87356, 93816, 90895, 97754, 86047, 104117, 95536, 94627, 52416, 60184, 58876, 94531, 85938, 88471, 92107, 97051, 57058, 78169, 81296, 90895, 78872, 89780, 89683, 48477, 95536, 96239, 97354, 63517, 57361, 89380, 85441, 58876, 81296, 93319, 103511, 97354, 92507, 90895, 84629, 58173, 85332, 56452, 99984, 94531, 88471, 79987, 62911, 99984, 99778, 88774, 84629, 91901, 95839, 95137, 59991, 88471, 54937, 64632, 101996, 94930, 92604, 86447, 97354, 91198, 87756, 58876, 92507, 89477, 65335, 98966, 99778, 98469, 101596, 97657, 89683, 56052, 103814, 90592, 87259, 66450, 63820, 84023, 64632, 95839, 101390, 95233, 91089, 91198, 71092, 95936, 96954, 88471, 89683, 104929, 90592, 62511, 97657, 90483, 88471, 102299, 95233, 97051, 64026, 86653, 99984, 95233, 105632, 101693, 70486, 89683, 98772, 96348, 101693, 90895, 103414, 93113, 97051, 104929, 89683, 78169, 62511, 88471, 94627, 97657, 68971, 102808, 104117, 89683, 97051, 98166, 55749, 88471, 103414, 94531, 101087, 93210, 84629, 89683, 105232, 93113, 99572, 109874, 103511, 92604, 102808, 102808, 89683, 62208, 99778, 84629, 104626, 96651, 90895, 91901, 94228, 93719, 109268, 103111, 95027, 91901, 102202, 99778, 91089, 100687, 83320, 98469, 62208, 98469, 103111, 93719, 104929, 100687, 108662, 63323, 103814, 94531, 68668, 89780, 107147, 97754, 104929, 69783, 100990, 104226, 89780, 93925, 102505, 96239, 108965, 100384, 104929, 69783, 100990, 106044, 89683, 76243, 107450, 112503, 91901, 100384, 102105, 106844, 108565, 110080, 91901, 101499, 96348, 107959, 108565, 90592, 115024, 97051, 107959, 101802, 108262, 97051, 108262, 109377]
VoyageDuration: [2, 2, 2, 2, 2, 2, 2, 2, 2, 2, 2, 2, 2, 2, 2, 2, 2, 3, 2, 2, 2, 2, 2, 2, 2, 2, 2, 2, 2, 2, 3, 2, 3, 2, 2, 2, 2, 3, 2, 2, 3, 2, 2, 3, 2, 3, 2, 2, 2, 2, 2, 3, 2, 2, 3, 3, 2, 2, 3, 2, 2, 3, 2, 2, 3, 2, 3, 2, 2, 2, 2, 3, 2, 2, 2, 3, 2, 3, 3, 3, 2, 2, 3, 2, 2, 3, 2, 2, 3, 3, 2, 3, 3, 3, 2, 3, 2, 2, 3, 2, 2, 2, 2, 2, 2, 2, 2, 3, 2, 3, 3, 2, 3, 2, 3, 2, 2, 3, 2, 2, 2, 3, 2, 2, 2, 2, 3, 3, 2, 3, 2, 3, 3, 2, 3, 3, 2, 2, 3, 2, 2, 2, 3, 3, 3, 2, 3, 3, 2, 3, 2, 2, 3, 2, 3, 3, 3, 2, 2, 3, 2, 2, 3, 2, 2, 2, 2, 2, 3, 3, 3, 3, 3, 2, 3, 2, 3, 2, 3, 3, 3, 3, 3, 3, 3, 3, 2, 2, 3, 2, 3, 3, 3, 2, 3, 2, 3, 3, 3, 3, 3, 3, 2, 2, 3, 3, 3, 3, 2, 3, 3, 2, 3, 3, 3, 2, 2, 3, 3, 2, 3, 2, 3, 3, 3, 2, 3, 3, 3, 3, 3, 3, 3, 3, 3, 2, 2, 3, 3, 3, 3, 2, 3, 3, 3, 3, 3, 3, 2, 3, 2, 2, 3, 3, 2, 3, 3, 3, 3, 3, 3, 2, 3, 3, 3, 3, 3, 3, 3, 2, 2, 3, 2, 3, 3, 3, 3, 3, 3, 3, 3, 3, 2, 2, 2, 3, 3, 3, 3, 3, 2, 3, 3, 3, 3, 3, 3, 2, 3, 3, 3, 2, 2, 3, 3, 2, 3, 3, 3, 3, 3, 3, 3, 2, 3, 2, 3, 3, 3, 3, 2, 3, 3, 3, 3, 3, 3, 3, 2, 3, 2, 2, 3, 3, 3, 3, 3, 3, 3, 2, 3, 3, 2, 3, 3, 3, 3, 3, 3, 2, 3, 3, 3, 2, 2, 3, 2, 3, 3, 3, 3, 3, 3, 3, 3, 3, 3, 3, 3, 2, 3, 3, 3, 3, 3, 3, 2, 3, 3, 3, 3, 3, 3, 3, 3, 3, 3, 3, 3, 3, 3, 3, 3, 3, 2, 3, 3, 3, 2, 3, 3, 3, 3, 3, 2, 3, 3, 3, 3, 3, 3, 3, 3, 3, 3, 3, 3, 3, 3, 3, 3, 2, 3, 3, 3, 3, 3, 3, 3, 3, 3, 3, 3, 3, 3, 3, 3, 3, 3, 3, 2, 3, 3, 3, 3, 3, 3, 2, 3, 3, 2, 3, 3, 3, 3, 3, 3, 3, 3, 3, 3, 3, 3, 3, 3, 3, 3, 3, 3, 3, 3, 3, 3, 3, 3, 3, 3, 3, 3, 3, 3, 3, 3, 3, 3, 3, 3, 3, 3, 3, 3, 3]
TimeCharterCost: [120000, 125000, 130000, 110000, 104000]
RequiredVisits: [6, 5, 5, 5, 2, 2, 5, 6, 6]
NumberOfDaysAvailable: [7, 7, 7, 7, 7]
DepotCapacity: [3, 3, 3, 3, 3, 3, 3]
