!Summary:
!Execution time: 0,57 seconds
!Total # voyages: 2509 (829 unique)
!Number of installations (excluding depot): 10
!Number of time windows: 0
!Number of vessels: 5

!Min. # installations: 1
!Max. number of installations: 8
!Min. duration: 56
!Max. duration: 80

!Name: FarStar	 # voyages: 439
!Name: FarSymphony	 # voyages: 485
!Name: FarSearcher	 # voyages: 537
!Name: FarSeeker	 # voyages: 537
!Name: HavilaForesight	 # voyages: 511
!------------------------------------------------------------------------------------------------------------------------
nV : 5
nR : 829
nN : 10
nT : 7
minL : 2
maxL : 3

! Sets: 
Rv : [
[116, 122, 124, 129, 135, 164, 168, 170, 174, 177, 178, 180, 186, 191, 194, 196, 198, 199, 202, 203, 204, 205, 206, 213, 214, 226, 230, 231, 232, 234, 236, 238, 240, 241, 242, 246, 250, 251, 252, 255, 257, 263, 265, 266, 267, 269, 270, 275, 277, 278, 280, 283, 284, 285, 287, 288, 290, 291, 293, 295, 297, 298, 299, 300, 301, 302, 303, 304, 306, 307, 309, 311, 313, 315, 316, 318, 319, 320, 321, 323, 327, 333, 338, 339, 340, 341, 342, 343, 344, 346, 347, 348, 349, 350, 351, 352, 353, 354, 355, 356, 357, 358, 359, 360, 361, 362, 363, 364, 365, 366, 367, 368, 369, 370, 371, 372, 373, 374, 375, 376, 377, 380, 382, 383, 384, 385, 386, 388, 389, 390, 391, 392, 393, 394, 395, 396, 397, 398, 399, 400, 401, 402, 403, 404, 405, 407, 408, 409, 410, 411, 412, 413, 414, 415, 416, 419, 420, 423, 424, 427, 429, 430, 431, 432, 434, 435, 437, 438, 439, 440, 441, 442, 444, 446, 448, 449, 450, 451, 452, 453, 454, 455, 456, 458, 460, 461, 462, 463, 465, 466, 467, 468, 469, 471, 472, 473, 475, 477, 478, 479, 480, 482, 484, 485, 486, 487, 488, 489, 490, 491, 492, 494, 496, 497, 498, 499, 500, 501, 502, 503, 504, 506, 507, 508, 509, 510, 511, 512, 513, 514, 515, 516, 517, 518, 519, 520, 521, 522, 523, 524, 525, 526, 527, 528, 529, 530, 531, 532, 533, 534, 535, 536, 537, 538, 539, 540, 541, 542, 543, 544, 545, 546, 547, 550, 553, 554, 556, 559, 561, 562, 563, 564, 565, 566, 567, 568, 569, 570, 571, 572, 573, 574, 575, 576, 577, 578, 579, 580, 581, 582, 583, 584, 585, 586, 587, 588, 589, 590, 591, 592, 593, 594, 595, 596, 597, 598, 599, 600, 601, 602, 603, 604, 605, 606, 607, 608, 609, 610, 611, 612, 613, 614, 615, 616, 617, 618, 619, 620, 621, 622, 623, 624, 625, 626, 627, 628, 629, 630, 631, 632, 633, 634, 635, 636, 637, 638, 639, 640, 641, 642, 643, 644, 645, 646, 647, 648, 649, 650, 651, 652, 653, 654, 655, 656, 657, 658, 659, 660, 661, 662, 663, 664, 665, 666, 667, 668, 669, 670, 671, 672, 673, 674, 675, 676, 677, 678, 679, 680, 681, 682, 683, 684, 685, 686, 687, 688, 689, 690, 691, 692, 693, 694, 695, 696, 697, 698, 699, 700, 701, 702, 703, 704, 705, 706, 707, 708, 709, 710, 711, 712, 713, 714, 715, 716, 717, 718, 719, 720, 721, 722, 723, 724, 725, 726, 727, 728, 729, 730, 731, 732, 733, 734, 735, 736, 737, 738, 739, 740, 741, 742, 743, 744, 745, 746, 747, 748, 749, 750, 751, 752, 753, 754, 755, 756, 757, 758, 759, 760, 761, 762, 763, 764, 765, 766, 767, 768, 769, 770, 771, 772, 773, 774, 775, 776, 777, 778, 779, 780, 781, 782, 783, 784, 785, 786, 787, 788, 789, 790, 791, 792, 793, 794, 795, 796, 797, 798, 799, 800, 801, 802, 803, 804, 805, 806, 807, 808, 809, 810, 811, 812, 813, 814, 815, 816, 817, 818, 819, 820, 821, 822, 823, 824, 825, 826, 827, 828, 829]!Vessel: FarSeeker
[116, 122, 124, 129, 135, 164, 168, 170, 174, 177, 178, 180, 186, 191, 194, 196, 198, 199, 202, 203, 204, 205, 206, 213, 214, 226, 230, 231, 232, 234, 236, 238, 240, 241, 242, 246, 250, 251, 252, 255, 257, 263, 265, 266, 267, 269, 270, 275, 277, 278, 280, 283, 284, 285, 287, 288, 290, 291, 293, 295, 297, 298, 299, 300, 301, 302, 303, 304, 306, 307, 309, 311, 313, 315, 316, 318, 319, 320, 321, 323, 327, 333, 338, 339, 340, 341, 342, 343, 344, 346, 347, 348, 349, 350, 351, 352, 353, 354, 355, 356, 357, 358, 359, 360, 361, 362, 363, 364, 365, 366, 367, 368, 369, 370, 371, 372, 373, 374, 375, 376, 377, 380, 382, 383, 384, 385, 386, 388, 389, 390, 391, 392, 393, 394, 395, 396, 397, 398, 399, 400, 401, 402, 403, 404, 405, 407, 408, 409, 410, 411, 412, 413, 414, 415, 416, 419, 420, 423, 424, 427, 429, 430, 431, 432, 434, 435, 437, 438, 439, 440, 441, 442, 444, 446, 448, 449, 450, 451, 452, 453, 454, 455, 456, 458, 460, 461, 462, 463, 465, 466, 467, 468, 469, 471, 472, 473, 475, 477, 478, 479, 480, 482, 484, 485, 486, 487, 488, 489, 490, 491, 492, 494, 496, 497, 498, 499, 500, 501, 502, 503, 504, 506, 507, 508, 509, 510, 511, 512, 513, 514, 515, 516, 517, 518, 519, 520, 521, 522, 523, 524, 525, 526, 527, 528, 529, 530, 531, 532, 533, 534, 535, 536, 537, 538, 539, 540, 541, 542, 543, 544, 545, 546, 547, 550, 553, 554, 556, 559, 561, 562, 563, 564, 565, 566, 567, 568, 569, 570, 571, 572, 573, 574, 575, 576, 577, 578, 579, 580, 581, 582, 583, 584, 585, 586, 587, 588, 589, 590, 591, 592, 593, 594, 595, 596, 597, 598, 599, 600, 601, 602, 603, 604, 605, 606, 607, 608, 609, 610, 611, 612, 613, 614, 615, 616, 617, 618, 619, 620, 621, 622, 623, 624, 625, 626, 627, 628, 629, 630, 631, 632, 633, 634, 635, 636, 637, 638, 639, 640, 641, 642, 643, 644, 645, 646, 647, 648, 649, 650, 651, 652, 653, 654, 655, 656, 657, 658, 659, 660, 661, 662, 663, 664, 665, 666, 667, 668, 669, 670, 671, 672, 673, 674, 675, 676, 677, 678, 679, 680, 681, 682, 683, 684, 685, 686, 687, 688, 689, 690, 691, 692, 693, 694, 695, 696, 697, 698, 699, 700, 701, 702, 703, 704, 705, 706, 707, 708, 709, 710, 711, 712, 713, 714, 715, 716, 717, 718, 719, 720, 721, 722, 723, 724, 725, 726, 727, 728, 729, 730, 731, 732, 733, 734, 735, 736, 737, 738, 739, 740, 741, 742, 743, 744, 745, 746, 747, 748, 749, 750, 751, 752, 753, 754, 755, 756, 757, 758, 759, 760, 761, 762, 763, 764, 765, 766, 767, 768, 769, 770, 771, 772, 773, 774, 775, 776, 777, 778, 779, 780, 781, 782, 783, 784, 785, 786, 787, 788, 789, 790, 791, 792, 793, 794, 795, 796, 797, 798, 799, 800, 801, 802, 803, 804, 805, 806, 807, 808, 809, 810, 811, 812, 813, 814, 815, 816, 817, 818, 819, 820, 821, 822, 823, 824, 825, 826, 827, 828, 829]!Vessel: FarSearcher
[42, 52, 60, 73, 77, 79, 82, 96, 97, 105, 111, 114, 116, 119, 122, 124, 125, 128, 129, 135, 141, 156, 157, 158, 160, 162, 163, 164, 165, 166, 168, 170, 174, 177, 178, 179, 180, 182, 183, 186, 191, 194, 195, 196, 198, 199, 202, 203, 204, 205, 206, 207, 213, 214, 217, 225, 226, 229, 230, 231, 232, 233, 234, 236, 238, 240, 241, 242, 246, 250, 251, 252, 254, 255, 256, 257, 262, 263, 264, 265, 266, 267, 269, 270, 271, 273, 275, 277, 278, 279, 280, 282, 283, 284, 285, 286, 287, 288, 289, 290, 291, 292, 293, 294, 295, 296, 297, 298, 299, 300, 301, 302, 303, 304, 305, 306, 307, 308, 309, 310, 311, 313, 315, 316, 318, 319, 320, 321, 323, 327, 333, 338, 339, 340, 341, 342, 343, 344, 346, 347, 348, 349, 350, 351, 352, 353, 354, 355, 356, 357, 358, 359, 360, 361, 362, 363, 364, 365, 366, 367, 368, 369, 370, 371, 372, 373, 374, 375, 376, 377, 378, 379, 380, 382, 383, 384, 385, 386, 388, 389, 390, 391, 392, 393, 394, 395, 396, 397, 398, 399, 400, 401, 402, 403, 404, 405, 406, 407, 408, 409, 410, 411, 412, 413, 414, 415, 416, 419, 420, 421, 423, 424, 425, 426, 427, 428, 429, 430, 431, 432, 433, 434, 435, 436, 437, 438, 440, 441, 442, 444, 445, 446, 447, 448, 449, 451, 452, 453, 454, 455, 456, 457, 458, 459, 460, 461, 462, 463, 464, 465, 466, 467, 468, 469, 471, 472, 473, 474, 475, 476, 477, 478, 479, 480, 481, 482, 483, 484, 485, 487, 488, 489, 490, 491, 492, 493, 494, 495, 498, 499, 500, 501, 502, 504, 505, 506, 507, 508, 509, 510, 511, 512, 513, 514, 516, 518, 519, 521, 522, 523, 525, 526, 527, 529, 530, 532, 534, 536, 537, 539, 543, 544, 545, 546, 548, 549, 550, 551, 552, 553, 554, 556, 557, 558, 559, 561, 562, 563, 564, 565, 566, 567, 568, 569, 570, 571, 573, 576, 577, 580, 581, 583, 584, 585, 586, 588, 589, 591, 593, 595, 598, 601, 603, 604, 605, 608, 610, 611, 613, 614, 615, 616, 617, 618, 620, 621, 622, 623, 624, 625, 626, 627, 628, 629, 630, 631, 633, 634, 638, 640, 642, 643, 646, 647, 649, 650, 652, 654, 655, 659, 660, 661, 662, 663, 664, 665, 666, 667, 668, 669, 672, 673, 675, 676, 678, 679, 680, 681, 682, 684, 685, 686, 689, 690, 691, 692, 693, 695, 696, 698, 699, 700, 701, 702, 703, 704, 705, 706, 708, 709, 710, 712, 713, 714, 715, 716, 718, 720, 721, 723, 724, 725, 726, 727, 729, 730, 732, 733, 734, 735, 736, 737, 738, 739, 740, 742, 743, 747, 748, 749, 750, 751, 752, 754, 755, 756, 764, 766, 768, 771, 772, 773, 775, 776, 777, 782, 783, 787, 788, 790, 797, 805, 811, 812, 816]!Vessel: FarSymphony
[42, 77, 97, 116, 122, 124, 129, 135, 157, 158, 162, 164, 166, 168, 170, 174, 177, 178, 180, 183, 186, 191, 194, 196, 198, 199, 202, 203, 204, 205, 206, 213, 214, 217, 225, 226, 230, 231, 232, 233, 234, 236, 238, 240, 241, 242, 246, 250, 251, 252, 255, 256, 257, 262, 263, 265, 266, 267, 269, 270, 271, 273, 275, 277, 278, 280, 283, 284, 285, 286, 287, 288, 290, 291, 292, 293, 294, 295, 297, 298, 299, 300, 301, 302, 303, 304, 305, 306, 307, 308, 309, 311, 313, 315, 316, 318, 319, 320, 321, 323, 327, 333, 338, 339, 340, 341, 342, 343, 344, 346, 347, 348, 349, 350, 351, 352, 353, 354, 355, 356, 357, 358, 359, 360, 361, 362, 363, 364, 365, 366, 367, 368, 369, 370, 371, 372, 373, 374, 375, 376, 377, 378, 380, 382, 383, 384, 385, 386, 388, 389, 390, 391, 392, 393, 394, 395, 396, 397, 398, 399, 400, 401, 402, 403, 404, 405, 407, 408, 409, 410, 411, 412, 413, 414, 415, 416, 419, 420, 423, 424, 427, 429, 430, 431, 432, 434, 435, 436, 437, 438, 440, 441, 442, 444, 445, 446, 448, 449, 451, 452, 453, 454, 455, 456, 457, 458, 460, 461, 462, 463, 465, 466, 467, 468, 469, 471, 472, 473, 475, 476, 477, 478, 479, 480, 482, 483, 484, 485, 487, 488, 489, 490, 491, 492, 493, 494, 496, 497, 498, 499, 500, 501, 502, 503, 504, 506, 507, 508, 509, 510, 511, 512, 513, 514, 515, 516, 518, 519, 521, 522, 523, 524, 525, 526, 527, 528, 529, 530, 532, 533, 534, 536, 537, 539, 540, 541, 542, 543, 544, 545, 546, 547, 550, 551, 552, 553, 554, 556, 559, 561, 562, 563, 564, 565, 566, 567, 568, 569, 570, 571, 572, 573, 574, 576, 577, 579, 580, 581, 582, 583, 584, 585, 586, 587, 588, 589, 591, 593, 595, 596, 598, 599, 601, 602, 603, 604, 605, 606, 608, 610, 611, 612, 613, 614, 615, 616, 617, 618, 619, 620, 621, 622, 623, 624, 625, 626, 627, 628, 629, 630, 631, 633, 634, 635, 636, 637, 638, 639, 640, 641, 642, 643, 644, 645, 646, 647, 648, 649, 650, 651, 652, 654, 655, 656, 657, 658, 659, 660, 661, 662, 663, 664, 665, 666, 667, 668, 669, 670, 671, 672, 673, 675, 676, 678, 679, 680, 681, 682, 683, 684, 685, 686, 688, 689, 690, 691, 692, 693, 694, 695, 696, 697, 698, 699, 700, 701, 702, 703, 704, 705, 706, 707, 708, 709, 710, 711, 712, 713, 714, 715, 716, 717, 718, 719, 720, 721, 723, 724, 725, 726, 727, 728, 729, 730, 732, 733, 734, 735, 736, 737, 738, 739, 740, 742, 743, 744, 745, 746, 747, 748, 749, 750, 751, 752, 753, 754, 755, 756, 757, 758, 759, 761, 762, 763, 764, 766, 768, 769, 771, 772, 773, 775, 776, 777, 778, 782, 783, 784, 786, 787, 788, 789, 790, 792, 794, 795, 796, 797, 798, 804, 805, 808, 811, 812, 813, 815, 816, 823, 824, 826, 829]!Vessel: HavilaForesight
[42, 52, 56, 60, 62, 73, 77, 79, 80, 81, 82, 94, 96, 97, 101, 104, 105, 108, 110, 111, 114, 116, 119, 121, 122, 124, 125, 126, 127, 128, 129, 131, 133, 135, 138, 139, 141, 156, 157, 158, 160, 161, 162, 163, 164, 165, 166, 167, 168, 169, 170, 174, 175, 177, 178, 179, 180, 181, 182, 183, 186, 188, 189, 190, 191, 192, 193, 194, 195, 196, 197, 198, 199, 201, 202, 203, 204, 205, 206, 207, 210, 213, 214, 217, 218, 223, 224, 225, 226, 227, 229, 230, 231, 232, 233, 234, 236, 237, 238, 240, 241, 242, 244, 246, 249, 250, 251, 252, 253, 254, 255, 256, 257, 259, 260, 262, 264, 265, 266, 267, 269, 270, 271, 273, 275, 277, 278, 279, 280, 281, 282, 283, 284, 285, 286, 288, 289, 290, 292, 294, 295, 296, 297, 298, 299, 301, 303, 304, 305, 307, 308, 310, 311, 313, 314, 315, 316, 317, 318, 319, 320, 321, 323, 327, 333, 337, 338, 339, 340, 341, 342, 343, 344, 346, 348, 349, 350, 351, 352, 353, 354, 355, 356, 358, 360, 361, 362, 364, 365, 368, 369, 370, 371, 372, 373, 374, 375, 376, 377, 378, 379, 380, 381, 382, 383, 384, 387, 388, 389, 390, 391, 392, 393, 394, 395, 396, 397, 398, 400, 401, 402, 403, 404, 405, 406, 407, 408, 409, 410, 411, 412, 414, 415, 416, 417, 418, 419, 420, 421, 422, 423, 424, 425, 426, 427, 428, 430, 431, 432, 433, 434, 435, 436, 437, 438, 440, 441, 442, 443, 444, 445, 447, 448, 449, 451, 452, 453, 454, 455, 457, 458, 459, 460, 461, 462, 463, 464, 465, 466, 467, 468, 469, 470, 471, 472, 473, 474, 475, 476, 478, 479, 480, 481, 482, 483, 484, 485, 487, 488, 489, 490, 491, 492, 493, 495, 498, 499, 500, 502, 504, 505, 506, 507, 508, 510, 511, 512, 513, 514, 516, 518, 519, 521, 526, 527, 530, 532, 534, 536, 537, 539, 544, 545, 546, 548, 549, 550, 551, 552, 553, 554, 555, 556, 557, 558, 559, 560, 562, 563, 564, 565, 566, 567, 568, 570, 571, 573, 576, 577, 580, 581, 583, 584, 585, 588, 589, 598, 601, 603, 604, 605, 608, 610, 611, 613, 614, 616, 618, 621, 623, 624, 625, 626, 629, 630, 638, 640, 642, 643, 646, 649, 650, 652, 655, 660, 661, 662, 663, 664, 665, 666, 669, 673, 675, 676, 679, 681, 690, 692, 693, 698, 699, 701, 703, 704, 708, 709, 710, 712, 716, 721, 723, 726, 732, 733, 737, 738, 740, 747, 749, 752, 772, 777, 787, 790, 797, 805, 812, 816]!Vessel: FarStar
] 

Rvi : [
!i : 1, 2, 3, 4, 5, 6, 7, 8, 9, 10
[122, 174, 177, 178, 180, 186, 191, 202, 203, 226, 230, 231, 232, 234, 236, 246, 250, 267, 269, 270, 283, 284, 285, 287, 290, 291, 313, 315, 319, 320, 321, 323, 338, 339, 343, 349, 350, 351, 359, 360, 361, 382, 383, 384, 385, 386, 388, 389, 390, 391, 392, 393, 394, 395, 407, 408, 409, 414, 416, 419, 420, 427, 429, 430, 431, 432, 434, 435, 437, 438, 439, 440, 441, 442, 444, 446, 458, 460, 461, 462, 463, 465, 466, 467, 468, 469, 471, 472, 473, 502, 503, 504, 506, 510, 511, 512, 513, 514, 515, 516, 517, 518, 519, 520, 521, 522, 523, 541, 544, 545, 547, 550, 553, 556, 559, 561, 562, 563, 564, 565, 566, 572, 576, 577, 578, 579, 580, 581, 582, 583, 584, 589, 590, 591, 598, 599, 600, 601, 602, 603, 604, 615, 616, 620, 623, 624, 625, 631, 632, 633, 634, 635, 636, 637, 638, 639, 640, 641, 642, 643, 655, 656, 657, 661, 663, 665, 666, 667, 668, 669, 670, 671, 672, 673, 674, 675, 676, 677, 678, 679, 680, 681, 682, 683, 690, 691, 692, 693, 694, 695, 696, 697, 698, 699, 700, 701, 702, 703, 704, 705, 706, 707, 708, 709, 710, 711, 712, 730, 731, 732, 733, 734, 735, 736, 737, 738, 739, 740, 741, 744, 745, 747, 748, 749, 750, 751, 752, 753, 757, 758, 759, 760, 762, 763, 764, 765, 766, 767, 768, 770, 771, 772, 777, 778, 782, 783, 784, 785, 786, 787, 788, 794, 796, 797, 798, 799, 800, 801, 802, 803, 804, 805, 806, 807, 808, 809, 810, 811, 812, 813, 814, 815, 816, 817, 818, 823, 824, 825, 826, 827, 828, 829], [124, 174, 178, 180, 186, 191, 194, 196, 198, 199, 202, 203, 204, 205, 206, 213, 214, 231, 238, 240, 251, 263, 275, 280, 288, 293, 307, 309, 316, 327, 340, 341, 344, 346, 349, 350, 351, 352, 353, 354, 355, 382, 384, 385, 388, 389, 390, 391, 392, 393, 394, 395, 396, 397, 398, 399, 400, 401, 402, 403, 404, 405, 407, 408, 409, 410, 411, 412, 413, 414, 415, 416, 419, 420, 423, 424, 427, 429, 437, 438, 439, 444, 446, 448, 449, 450, 453, 455, 456, 458, 460, 461, 472, 475, 477, 484, 485, 486, 490, 492, 494, 496, 497, 498, 500, 501, 506, 507, 509, 512, 516, 517, 524, 528, 530, 531, 534, 535, 537, 538, 542, 550, 553, 561, 563, 567, 569, 570, 571, 573, 574, 577, 578, 579, 580, 581, 582, 583, 584, 585, 586, 587, 588, 589, 610, 611, 626, 631, 632, 633, 634, 635, 636, 637, 638, 639, 640, 641, 642, 643, 644, 645, 646, 647, 648, 649, 650, 651, 652, 653, 654, 655, 656, 657, 658, 659, 660, 661, 662, 663, 664, 665, 666, 667, 668, 671, 673, 674, 676, 678, 680, 681, 682, 683, 684, 685, 687, 688, 690, 691, 692, 693, 694, 702, 703, 707, 709, 710, 711, 713, 714, 715, 719, 721, 722, 724, 726, 727, 728, 730, 732, 736, 737, 739, 742, 744, 746, 747, 750, 752, 753, 754, 756, 757, 758, 764, 765, 772, 773, 774, 775, 776, 784, 785, 786, 787, 788, 789, 790, 791, 792, 793, 794, 795, 796, 797, 798, 799, 800, 803, 804, 805, 806, 807, 811, 813, 814, 816, 817, 819, 820, 822, 823, 824, 825, 827, 829], [129, 174, 177, 191, 194, 196, 198, 199, 226, 230, 240, 241, 242, 252, 267, 269, 275, 277, 278, 290, 291, 293, 295, 297, 298, 299, 300, 301, 302, 313, 315, 316, 318, 327, 333, 338, 341, 342, 356, 357, 358, 362, 371, 372, 373, 382, 383, 390, 391, 392, 393, 394, 395, 396, 397, 398, 399, 400, 401, 402, 403, 404, 405, 414, 415, 427, 429, 430, 431, 432, 434, 435, 448, 449, 450, 451, 452, 453, 454, 455, 456, 461, 462, 463, 465, 466, 477, 478, 479, 480, 482, 502, 503, 504, 507, 508, 510, 511, 518, 519, 520, 523, 524, 525, 526, 527, 528, 529, 530, 531, 532, 533, 534, 535, 536, 541, 544, 545, 546, 550, 554, 556, 561, 562, 563, 564, 565, 567, 568, 569, 570, 575, 577, 578, 584, 585, 586, 590, 591, 592, 593, 594, 595, 596, 597, 598, 605, 612, 613, 614, 621, 631, 634, 635, 636, 637, 638, 639, 640, 641, 642, 643, 644, 645, 646, 647, 648, 649, 650, 651, 652, 653, 654, 661, 662, 666, 667, 668, 669, 670, 671, 672, 673, 674, 675, 684, 685, 686, 687, 688, 689, 692, 693, 694, 695, 696, 697, 698, 699, 700, 701, 714, 715, 716, 717, 718, 719, 720, 721, 722, 723, 731, 732, 733, 734, 735, 739, 740, 742, 743, 744, 745, 746, 747, 748, 749, 750, 751, 752, 753, 754, 755, 756, 757, 759, 760, 761, 762, 764, 766, 769, 770, 771, 773, 777, 779, 784, 785, 786, 787, 788, 789, 790, 791, 792, 793, 796, 797, 799, 800, 801, 802, 805, 806, 807, 808, 809, 810, 811, 812, 819, 820, 821, 823, 825, 826, 827, 828, 829], [164, 194, 204, 205, 213, 226, 230, 231, 232, 234, 236, 238, 240, 241, 242, 246, 250, 251, 252, 255, 257, 263, 265, 266, 333, 349, 352, 354, 356, 357, 358, 359, 360, 361, 362, 363, 364, 365, 366, 367, 368, 371, 374, 375, 376, 391, 395, 396, 397, 398, 399, 400, 407, 409, 410, 411, 415, 419, 423, 427, 429, 430, 431, 432, 434, 435, 437, 438, 439, 440, 441, 442, 444, 446, 448, 449, 450, 451, 452, 453, 454, 455, 456, 458, 460, 461, 462, 463, 465, 466, 467, 468, 469, 471, 472, 473, 475, 477, 478, 479, 480, 482, 484, 485, 486, 487, 488, 489, 490, 491, 492, 494, 496, 497, 498, 499, 500, 501, 554, 580, 590, 591, 592, 593, 594, 595, 598, 599, 600, 601, 602, 603, 604, 605, 606, 607, 608, 609, 610, 612, 613, 614, 615, 616, 617, 618, 619, 623, 627, 629, 636, 637, 641, 642, 643, 644, 645, 646, 647, 648, 649, 656, 657, 658, 659, 662, 664, 666, 667, 668, 669, 670, 671, 672, 673, 674, 675, 676, 677, 678, 679, 680, 681, 682, 683, 684, 685, 686, 687, 688, 689, 690, 691, 692, 693, 694, 695, 696, 697, 698, 699, 700, 701, 702, 703, 704, 705, 706, 707, 708, 709, 710, 711, 712, 713, 714, 715, 716, 717, 718, 719, 720, 721, 722, 723, 724, 725, 726, 727, 728, 729, 748, 759, 760, 761, 762, 763, 766, 767, 768, 769, 775, 780, 782, 786, 787, 788, 789, 790, 791, 794, 795, 799, 800, 801, 802, 803, 804, 805, 806, 807, 808, 809, 810, 811, 812, 813, 814, 815, 816, 817, 818, 819, 820, 821, 822, 829], [116, 196, 202, 204, 206, 214, 246, 250, 251, 252, 255, 257, 267, 269, 270, 275, 277, 278, 280, 283, 295, 301, 302, 303, 304, 306, 319, 320, 343, 350, 353, 355, 356, 363, 364, 365, 369, 370, 372, 374, 377, 390, 396, 397, 401, 402, 403, 407, 410, 412, 414, 415, 416, 420, 424, 458, 460, 461, 462, 463, 465, 466, 467, 468, 469, 471, 472, 473, 475, 477, 478, 479, 480, 482, 484, 485, 486, 487, 488, 489, 490, 491, 492, 494, 502, 503, 504, 506, 507, 508, 509, 510, 511, 512, 513, 514, 515, 525, 526, 527, 534, 535, 536, 537, 538, 539, 540, 545, 546, 547, 553, 559, 563, 564, 565, 566, 569, 576, 577, 579, 581, 585, 587, 588, 589, 592, 593, 596, 597, 602, 603, 604, 605, 606, 607, 608, 611, 614, 617, 618, 620, 621, 622, 624, 626, 628, 630, 634, 635, 636, 643, 644, 645, 646, 650, 651, 652, 657, 658, 660, 661, 662, 663, 664, 665, 690, 691, 692, 693, 694, 695, 696, 697, 698, 699, 700, 701, 702, 703, 704, 705, 706, 707, 708, 709, 710, 711, 712, 713, 714, 715, 716, 717, 718, 719, 720, 721, 722, 723, 724, 725, 726, 727, 728, 729, 730, 732, 733, 734, 735, 736, 737, 738, 742, 743, 745, 746, 747, 749, 752, 753, 754, 755, 757, 758, 760, 761, 762, 763, 764, 765, 767, 768, 769, 770, 771, 772, 773, 774, 776, 777, 778, 779, 780, 781, 783, 784, 788, 789, 790, 792, 793, 795, 797, 798, 804, 805, 806, 807, 808, 809, 810, 811, 812, 813, 814, 815, 816, 817, 818, 819, 820, 821, 822, 823, 824, 825, 826, 827, 828, 829], [116, 122, 124, 129, 135, 164, 168, 170, 178, 180, 191, 194, 196, 198, 199, 202, 203, 204, 205, 206, 213, 214, 226, 231, 232, 234, 241, 242, 246, 252, 255, 257, 263, 265, 266, 267, 270, 280, 283, 284, 285, 287, 288, 290, 291, 293, 295, 297, 298, 299, 300, 301, 302, 303, 304, 306, 307, 309, 311, 313, 320, 321, 333, 344, 347, 357, 359, 363, 366, 367, 369, 373, 375, 380, 384, 385, 386, 390, 391, 392, 393, 396, 398, 399, 401, 402, 404, 407, 408, 409, 410, 411, 412, 413, 416, 423, 424, 430, 431, 432, 437, 438, 439, 440, 441, 442, 449, 450, 451, 452, 462, 467, 468, 469, 478, 479, 480, 484, 485, 486, 487, 488, 489, 496, 497, 498, 499, 502, 503, 509, 510, 511, 512, 513, 514, 515, 516, 517, 518, 519, 520, 521, 522, 523, 524, 525, 526, 527, 528, 529, 530, 531, 532, 533, 534, 535, 536, 537, 538, 539, 540, 541, 542, 543, 547, 550, 553, 554, 556, 559, 570, 572, 573, 574, 575, 578, 579, 582, 587, 590, 592, 594, 596, 597, 599, 600, 602, 606, 607, 609, 612, 615, 617, 619, 620, 622, 627, 628, 632, 634, 635, 636, 637, 638, 639, 641, 644, 645, 647, 648, 650, 651, 653, 655, 656, 657, 658, 659, 660, 663, 664, 668, 669, 670, 676, 677, 678, 679, 685, 686, 695, 696, 697, 702, 703, 704, 705, 706, 715, 716, 717, 718, 724, 725, 731, 732, 733, 734, 735, 736, 737, 738, 739, 740, 741, 742, 743, 748, 756, 765, 767, 770, 774, 778, 779, 780, 781, 784, 786, 789, 791, 792, 794, 795, 796, 798, 800, 801, 807, 808, 809, 813, 814, 815, 820, 821, 825, 826], [168, 178, 198, 213, 214, 232, 241, 255, 265, 277, 285, 297, 298, 301, 304, 307, 313, 315, 316, 318, 319, 320, 321, 323, 344, 346, 347, 348, 351, 352, 353, 360, 362, 364, 366, 368, 369, 370, 380, 383, 384, 386, 389, 392, 394, 398, 400, 401, 403, 404, 405, 408, 411, 412, 413, 414, 415, 416, 419, 420, 423, 424, 427, 430, 434, 437, 440, 441, 451, 452, 453, 454, 458, 463, 467, 473, 478, 482, 484, 487, 488, 490, 491, 492, 497, 499, 500, 501, 508, 510, 513, 518, 521, 526, 528, 529, 532, 536, 539, 540, 541, 543, 544, 545, 546, 547, 556, 559, 564, 568, 570, 571, 572, 573, 574, 575, 576, 580, 581, 582, 583, 584, 585, 586, 587, 588, 594, 595, 596, 598, 599, 601, 603, 605, 606, 608, 609, 623, 624, 625, 626, 627, 628, 629, 630, 631, 632, 633, 634, 638, 639, 640, 641, 642, 644, 646, 647, 648, 649, 650, 651, 652, 653, 654, 655, 656, 658, 659, 660, 661, 662, 663, 664, 665, 666, 669, 670, 671, 672, 675, 676, 677, 679, 680, 681, 683, 684, 686, 687, 689, 690, 692, 695, 698, 699, 702, 704, 705, 707, 708, 709, 712, 713, 716, 717, 719, 720, 723, 725, 726, 728, 729, 731, 733, 734, 736, 738, 740, 741, 743, 744, 745, 746, 749, 751, 752, 755, 756, 757, 758, 759, 761, 762, 763, 772, 773, 774, 775, 776, 777, 778, 779, 780, 781, 782, 783, 784, 785, 786, 787, 788, 789, 790, 791, 792, 793, 794, 795, 796, 797, 798, 799, 801, 802, 803, 804, 805, 808, 810, 812, 813, 815, 816, 818, 819, 821, 822, 823, 824, 826, 828, 829], [170, 177, 236, 238, 266, 284, 288, 299, 303, 311, 327, 333, 339, 340, 342, 348, 371, 372, 373, 374, 375, 376, 377, 380, 382, 383, 384, 385, 386, 388, 404, 405, 413, 423, 424, 431, 435, 438, 440, 442, 444, 448, 449, 451, 454, 455, 468, 471, 475, 479, 485, 487, 489, 491, 496, 498, 499, 500, 502, 504, 507, 508, 509, 514, 516, 519, 521, 522, 523, 524, 525, 527, 529, 530, 532, 533, 534, 536, 537, 539, 542, 543, 550, 553, 554, 556, 559, 562, 566, 567, 568, 571, 573, 583, 589, 610, 611, 612, 613, 614, 615, 616, 617, 618, 619, 620, 621, 622, 623, 624, 625, 626, 627, 628, 629, 630, 631, 632, 633, 638, 640, 647, 649, 650, 652, 653, 654, 655, 659, 660, 661, 662, 663, 664, 665, 666, 667, 668, 669, 672, 673, 675, 676, 677, 678, 679, 680, 681, 682, 684, 685, 686, 688, 689, 690, 691, 693, 696, 698, 700, 701, 703, 704, 706, 708, 710, 712, 713, 714, 715, 716, 718, 720, 721, 723, 724, 725, 726, 727, 729, 730, 731, 732, 733, 735, 737, 738, 739, 740, 741, 742, 743, 747, 748, 749, 750, 751, 754, 755, 756, 764, 765, 766, 767, 768, 769, 770, 771, 772, 773, 774, 775, 776, 777, 778, 779, 780, 781, 782, 783, 784, 785, 786, 787, 789, 790, 791, 792, 793, 794, 795, 796, 797, 798, 799, 800, 801, 802, 803, 804, 805, 806, 807, 808, 809, 810, 811, 812, 813, 814, 815, 816, 817, 818, 819, 820, 821, 822, 823, 824, 825, 826, 827, 828, 829], [135, 186, 199, 203, 205, 206, 234, 242, 257, 265, 266, 278, 283, 285, 287, 290, 295, 297, 299, 300, 304, 306, 309, 311, 318, 323, 338, 339, 340, 341, 342, 343, 344, 346, 347, 348, 354, 355, 358, 361, 365, 367, 368, 370, 376, 377, 388, 389, 393, 394, 395, 397, 399, 400, 402, 403, 408, 409, 410, 411, 412, 419, 420, 432, 434, 441, 442, 446, 452, 455, 456, 465, 469, 472, 473, 480, 482, 488, 489, 492, 494, 498, 499, 501, 506, 511, 512, 513, 514, 515, 516, 517, 518, 519, 520, 521, 522, 526, 527, 530, 531, 532, 533, 537, 538, 539, 540, 542, 543, 544, 546, 554, 561, 562, 563, 564, 565, 566, 567, 568, 569, 570, 571, 572, 573, 574, 575, 576, 586, 588, 591, 593, 595, 597, 600, 601, 604, 607, 608, 609, 610, 611, 613, 616, 618, 619, 621, 622, 625, 629, 630, 633, 635, 637, 639, 640, 642, 643, 645, 646, 648, 649, 651, 652, 654, 655, 656, 657, 658, 659, 660, 665, 670, 673, 674, 675, 678, 679, 681, 682, 683, 685, 686, 687, 688, 689, 697, 699, 701, 705, 706, 709, 710, 711, 712, 717, 718, 721, 722, 723, 724, 725, 726, 727, 728, 729, 730, 734, 735, 736, 737, 738, 739, 740, 741, 742, 743, 744, 745, 746, 747, 748, 749, 750, 751, 752, 753, 754, 755, 756, 758, 759, 760, 761, 763, 766, 768, 769, 771, 775, 776, 781, 782, 783, 785, 787, 788, 790, 791, 792, 793, 794, 795, 796, 797, 798, 800, 801, 802, 803, 809, 811, 812, 814, 815, 816, 817, 818, 820, 821, 822, 824, 825, 826, 827, 828, 829], [116, 122, 124, 129, 135, 164, 168, 170, 174, 177, 180, 186, 230, 236, 238, 240, 250, 251, 263, 269, 270, 275, 277, 278, 280, 284, 287, 288, 291, 293, 298, 300, 302, 303, 306, 307, 309, 311, 315, 316, 318, 319, 321, 323, 327, 338, 339, 340, 341, 342, 343, 346, 347, 348, 349, 350, 351, 352, 353, 354, 355, 356, 357, 358, 359, 360, 361, 362, 363, 364, 365, 366, 367, 368, 369, 370, 371, 372, 373, 374, 375, 376, 377, 380, 382, 383, 385, 386, 388, 389, 405, 413, 429, 435, 439, 444, 446, 448, 450, 453, 454, 456, 460, 466, 471, 475, 477, 486, 490, 491, 494, 496, 497, 500, 501, 503, 504, 506, 507, 508, 509, 515, 517, 520, 522, 523, 524, 525, 528, 529, 531, 533, 535, 538, 540, 541, 542, 543, 544, 545, 546, 547, 561, 562, 565, 566, 567, 568, 569, 571, 572, 574, 575, 576, 577, 578, 579, 580, 581, 582, 583, 584, 585, 586, 587, 588, 589, 590, 591, 592, 593, 594, 595, 596, 597, 598, 599, 600, 601, 602, 603, 604, 605, 606, 607, 608, 609, 610, 611, 612, 613, 614, 615, 616, 617, 618, 619, 620, 621, 622, 623, 624, 625, 626, 627, 628, 629, 630, 631, 632, 633, 653, 654, 667, 671, 672, 674, 677, 680, 682, 683, 684, 687, 688, 689, 691, 694, 700, 707, 708, 711, 713, 714, 719, 720, 722, 727, 728, 729, 730, 731, 741, 744, 745, 746, 750, 751, 753, 754, 755, 757, 758, 759, 760, 761, 762, 763, 764, 765, 766, 767, 768, 769, 770, 771, 772, 773, 774, 775, 776, 777, 778, 779, 780, 781, 782, 783, 785, 793, 799, 802, 803, 804, 806, 810, 817, 818, 819, 822, 823, 824, 827, 828]!Vessel: FarSeeker
[122, 174, 177, 178, 180, 186, 191, 202, 203, 226, 230, 231, 232, 234, 236, 246, 250, 267, 269, 270, 283, 284, 285, 287, 290, 291, 313, 315, 319, 320, 321, 323, 338, 339, 343, 349, 350, 351, 359, 360, 361, 382, 383, 384, 385, 386, 388, 389, 390, 391, 392, 393, 394, 395, 407, 408, 409, 414, 416, 419, 420, 427, 429, 430, 431, 432, 434, 435, 437, 438, 439, 440, 441, 442, 444, 446, 458, 460, 461, 462, 463, 465, 466, 467, 468, 469, 471, 472, 473, 502, 503, 504, 506, 510, 511, 512, 513, 514, 515, 516, 517, 518, 519, 520, 521, 522, 523, 541, 544, 545, 547, 550, 553, 556, 559, 561, 562, 563, 564, 565, 566, 572, 576, 577, 578, 579, 580, 581, 582, 583, 584, 589, 590, 591, 598, 599, 600, 601, 602, 603, 604, 615, 616, 620, 623, 624, 625, 631, 632, 633, 634, 635, 636, 637, 638, 639, 640, 641, 642, 643, 655, 656, 657, 661, 663, 665, 666, 667, 668, 669, 670, 671, 672, 673, 674, 675, 676, 677, 678, 679, 680, 681, 682, 683, 690, 691, 692, 693, 694, 695, 696, 697, 698, 699, 700, 701, 702, 703, 704, 705, 706, 707, 708, 709, 710, 711, 712, 730, 731, 732, 733, 734, 735, 736, 737, 738, 739, 740, 741, 744, 745, 747, 748, 749, 750, 751, 752, 753, 757, 758, 759, 760, 762, 763, 764, 765, 766, 767, 768, 770, 771, 772, 777, 778, 782, 783, 784, 785, 786, 787, 788, 794, 796, 797, 798, 799, 800, 801, 802, 803, 804, 805, 806, 807, 808, 809, 810, 811, 812, 813, 814, 815, 816, 817, 818, 823, 824, 825, 826, 827, 828, 829], [124, 174, 178, 180, 186, 191, 194, 196, 198, 199, 202, 203, 204, 205, 206, 213, 214, 231, 238, 240, 251, 263, 275, 280, 288, 293, 307, 309, 316, 327, 340, 341, 344, 346, 349, 350, 351, 352, 353, 354, 355, 382, 384, 385, 388, 389, 390, 391, 392, 393, 394, 395, 396, 397, 398, 399, 400, 401, 402, 403, 404, 405, 407, 408, 409, 410, 411, 412, 413, 414, 415, 416, 419, 420, 423, 424, 427, 429, 437, 438, 439, 444, 446, 448, 449, 450, 453, 455, 456, 458, 460, 461, 472, 475, 477, 484, 485, 486, 490, 492, 494, 496, 497, 498, 500, 501, 506, 507, 509, 512, 516, 517, 524, 528, 530, 531, 534, 535, 537, 538, 542, 550, 553, 561, 563, 567, 569, 570, 571, 573, 574, 577, 578, 579, 580, 581, 582, 583, 584, 585, 586, 587, 588, 589, 610, 611, 626, 631, 632, 633, 634, 635, 636, 637, 638, 639, 640, 641, 642, 643, 644, 645, 646, 647, 648, 649, 650, 651, 652, 653, 654, 655, 656, 657, 658, 659, 660, 661, 662, 663, 664, 665, 666, 667, 668, 671, 673, 674, 676, 678, 680, 681, 682, 683, 684, 685, 687, 688, 690, 691, 692, 693, 694, 702, 703, 707, 709, 710, 711, 713, 714, 715, 719, 721, 722, 724, 726, 727, 728, 730, 732, 736, 737, 739, 742, 744, 746, 747, 750, 752, 753, 754, 756, 757, 758, 764, 765, 772, 773, 774, 775, 776, 784, 785, 786, 787, 788, 789, 790, 791, 792, 793, 794, 795, 796, 797, 798, 799, 800, 803, 804, 805, 806, 807, 811, 813, 814, 816, 817, 819, 820, 822, 823, 824, 825, 827, 829], [129, 174, 177, 191, 194, 196, 198, 199, 226, 230, 240, 241, 242, 252, 267, 269, 275, 277, 278, 290, 291, 293, 295, 297, 298, 299, 300, 301, 302, 313, 315, 316, 318, 327, 333, 338, 341, 342, 356, 357, 358, 362, 371, 372, 373, 382, 383, 390, 391, 392, 393, 394, 395, 396, 397, 398, 399, 400, 401, 402, 403, 404, 405, 414, 415, 427, 429, 430, 431, 432, 434, 435, 448, 449, 450, 451, 452, 453, 454, 455, 456, 461, 462, 463, 465, 466, 477, 478, 479, 480, 482, 502, 503, 504, 507, 508, 510, 511, 518, 519, 520, 523, 524, 525, 526, 527, 528, 529, 530, 531, 532, 533, 534, 535, 536, 541, 544, 545, 546, 550, 554, 556, 561, 562, 563, 564, 565, 567, 568, 569, 570, 575, 577, 578, 584, 585, 586, 590, 591, 592, 593, 594, 595, 596, 597, 598, 605, 612, 613, 614, 621, 631, 634, 635, 636, 637, 638, 639, 640, 641, 642, 643, 644, 645, 646, 647, 648, 649, 650, 651, 652, 653, 654, 661, 662, 666, 667, 668, 669, 670, 671, 672, 673, 674, 675, 684, 685, 686, 687, 688, 689, 692, 693, 694, 695, 696, 697, 698, 699, 700, 701, 714, 715, 716, 717, 718, 719, 720, 721, 722, 723, 731, 732, 733, 734, 735, 739, 740, 742, 743, 744, 745, 746, 747, 748, 749, 750, 751, 752, 753, 754, 755, 756, 757, 759, 760, 761, 762, 764, 766, 769, 770, 771, 773, 777, 779, 784, 785, 786, 787, 788, 789, 790, 791, 792, 793, 796, 797, 799, 800, 801, 802, 805, 806, 807, 808, 809, 810, 811, 812, 819, 820, 821, 823, 825, 826, 827, 828, 829], [164, 194, 204, 205, 213, 226, 230, 231, 232, 234, 236, 238, 240, 241, 242, 246, 250, 251, 252, 255, 257, 263, 265, 266, 333, 349, 352, 354, 356, 357, 358, 359, 360, 361, 362, 363, 364, 365, 366, 367, 368, 371, 374, 375, 376, 391, 395, 396, 397, 398, 399, 400, 407, 409, 410, 411, 415, 419, 423, 427, 429, 430, 431, 432, 434, 435, 437, 438, 439, 440, 441, 442, 444, 446, 448, 449, 450, 451, 452, 453, 454, 455, 456, 458, 460, 461, 462, 463, 465, 466, 467, 468, 469, 471, 472, 473, 475, 477, 478, 479, 480, 482, 484, 485, 486, 487, 488, 489, 490, 491, 492, 494, 496, 497, 498, 499, 500, 501, 554, 580, 590, 591, 592, 593, 594, 595, 598, 599, 600, 601, 602, 603, 604, 605, 606, 607, 608, 609, 610, 612, 613, 614, 615, 616, 617, 618, 619, 623, 627, 629, 636, 637, 641, 642, 643, 644, 645, 646, 647, 648, 649, 656, 657, 658, 659, 662, 664, 666, 667, 668, 669, 670, 671, 672, 673, 674, 675, 676, 677, 678, 679, 680, 681, 682, 683, 684, 685, 686, 687, 688, 689, 690, 691, 692, 693, 694, 695, 696, 697, 698, 699, 700, 701, 702, 703, 704, 705, 706, 707, 708, 709, 710, 711, 712, 713, 714, 715, 716, 717, 718, 719, 720, 721, 722, 723, 724, 725, 726, 727, 728, 729, 748, 759, 760, 761, 762, 763, 766, 767, 768, 769, 775, 780, 782, 786, 787, 788, 789, 790, 791, 794, 795, 799, 800, 801, 802, 803, 804, 805, 806, 807, 808, 809, 810, 811, 812, 813, 814, 815, 816, 817, 818, 819, 820, 821, 822, 829], [116, 196, 202, 204, 206, 214, 246, 250, 251, 252, 255, 257, 267, 269, 270, 275, 277, 278, 280, 283, 295, 301, 302, 303, 304, 306, 319, 320, 343, 350, 353, 355, 356, 363, 364, 365, 369, 370, 372, 374, 377, 390, 396, 397, 401, 402, 403, 407, 410, 412, 414, 415, 416, 420, 424, 458, 460, 461, 462, 463, 465, 466, 467, 468, 469, 471, 472, 473, 475, 477, 478, 479, 480, 482, 484, 485, 486, 487, 488, 489, 490, 491, 492, 494, 502, 503, 504, 506, 507, 508, 509, 510, 511, 512, 513, 514, 515, 525, 526, 527, 534, 535, 536, 537, 538, 539, 540, 545, 546, 547, 553, 559, 563, 564, 565, 566, 569, 576, 577, 579, 581, 585, 587, 588, 589, 592, 593, 596, 597, 602, 603, 604, 605, 606, 607, 608, 611, 614, 617, 618, 620, 621, 622, 624, 626, 628, 630, 634, 635, 636, 643, 644, 645, 646, 650, 651, 652, 657, 658, 660, 661, 662, 663, 664, 665, 690, 691, 692, 693, 694, 695, 696, 697, 698, 699, 700, 701, 702, 703, 704, 705, 706, 707, 708, 709, 710, 711, 712, 713, 714, 715, 716, 717, 718, 719, 720, 721, 722, 723, 724, 725, 726, 727, 728, 729, 730, 732, 733, 734, 735, 736, 737, 738, 742, 743, 745, 746, 747, 749, 752, 753, 754, 755, 757, 758, 760, 761, 762, 763, 764, 765, 767, 768, 769, 770, 771, 772, 773, 774, 776, 777, 778, 779, 780, 781, 783, 784, 788, 789, 790, 792, 793, 795, 797, 798, 804, 805, 806, 807, 808, 809, 810, 811, 812, 813, 814, 815, 816, 817, 818, 819, 820, 821, 822, 823, 824, 825, 826, 827, 828, 829], [116, 122, 124, 129, 135, 164, 168, 170, 178, 180, 191, 194, 196, 198, 199, 202, 203, 204, 205, 206, 213, 214, 226, 231, 232, 234, 241, 242, 246, 252, 255, 257, 263, 265, 266, 267, 270, 280, 283, 284, 285, 287, 288, 290, 291, 293, 295, 297, 298, 299, 300, 301, 302, 303, 304, 306, 307, 309, 311, 313, 320, 321, 333, 344, 347, 357, 359, 363, 366, 367, 369, 373, 375, 380, 384, 385, 386, 390, 391, 392, 393, 396, 398, 399, 401, 402, 404, 407, 408, 409, 410, 411, 412, 413, 416, 423, 424, 430, 431, 432, 437, 438, 439, 440, 441, 442, 449, 450, 451, 452, 462, 467, 468, 469, 478, 479, 480, 484, 485, 486, 487, 488, 489, 496, 497, 498, 499, 502, 503, 509, 510, 511, 512, 513, 514, 515, 516, 517, 518, 519, 520, 521, 522, 523, 524, 525, 526, 527, 528, 529, 530, 531, 532, 533, 534, 535, 536, 537, 538, 539, 540, 541, 542, 543, 547, 550, 553, 554, 556, 559, 570, 572, 573, 574, 575, 578, 579, 582, 587, 590, 592, 594, 596, 597, 599, 600, 602, 606, 607, 609, 612, 615, 617, 619, 620, 622, 627, 628, 632, 634, 635, 636, 637, 638, 639, 641, 644, 645, 647, 648, 650, 651, 653, 655, 656, 657, 658, 659, 660, 663, 664, 668, 669, 670, 676, 677, 678, 679, 685, 686, 695, 696, 697, 702, 703, 704, 705, 706, 715, 716, 717, 718, 724, 725, 731, 732, 733, 734, 735, 736, 737, 738, 739, 740, 741, 742, 743, 748, 756, 765, 767, 770, 774, 778, 779, 780, 781, 784, 786, 789, 791, 792, 794, 795, 796, 798, 800, 801, 807, 808, 809, 813, 814, 815, 820, 821, 825, 826], [168, 178, 198, 213, 214, 232, 241, 255, 265, 277, 285, 297, 298, 301, 304, 307, 313, 315, 316, 318, 319, 320, 321, 323, 344, 346, 347, 348, 351, 352, 353, 360, 362, 364, 366, 368, 369, 370, 380, 383, 384, 386, 389, 392, 394, 398, 400, 401, 403, 404, 405, 408, 411, 412, 413, 414, 415, 416, 419, 420, 423, 424, 427, 430, 434, 437, 440, 441, 451, 452, 453, 454, 458, 463, 467, 473, 478, 482, 484, 487, 488, 490, 491, 492, 497, 499, 500, 501, 508, 510, 513, 518, 521, 526, 528, 529, 532, 536, 539, 540, 541, 543, 544, 545, 546, 547, 556, 559, 564, 568, 570, 571, 572, 573, 574, 575, 576, 580, 581, 582, 583, 584, 585, 586, 587, 588, 594, 595, 596, 598, 599, 601, 603, 605, 606, 608, 609, 623, 624, 625, 626, 627, 628, 629, 630, 631, 632, 633, 634, 638, 639, 640, 641, 642, 644, 646, 647, 648, 649, 650, 651, 652, 653, 654, 655, 656, 658, 659, 660, 661, 662, 663, 664, 665, 666, 669, 670, 671, 672, 675, 676, 677, 679, 680, 681, 683, 684, 686, 687, 689, 690, 692, 695, 698, 699, 702, 704, 705, 707, 708, 709, 712, 713, 716, 717, 719, 720, 723, 725, 726, 728, 729, 731, 733, 734, 736, 738, 740, 741, 743, 744, 745, 746, 749, 751, 752, 755, 756, 757, 758, 759, 761, 762, 763, 772, 773, 774, 775, 776, 777, 778, 779, 780, 781, 782, 783, 784, 785, 786, 787, 788, 789, 790, 791, 792, 793, 794, 795, 796, 797, 798, 799, 801, 802, 803, 804, 805, 808, 810, 812, 813, 815, 816, 818, 819, 821, 822, 823, 824, 826, 828, 829], [170, 177, 236, 238, 266, 284, 288, 299, 303, 311, 327, 333, 339, 340, 342, 348, 371, 372, 373, 374, 375, 376, 377, 380, 382, 383, 384, 385, 386, 388, 404, 405, 413, 423, 424, 431, 435, 438, 440, 442, 444, 448, 449, 451, 454, 455, 468, 471, 475, 479, 485, 487, 489, 491, 496, 498, 499, 500, 502, 504, 507, 508, 509, 514, 516, 519, 521, 522, 523, 524, 525, 527, 529, 530, 532, 533, 534, 536, 537, 539, 542, 543, 550, 553, 554, 556, 559, 562, 566, 567, 568, 571, 573, 583, 589, 610, 611, 612, 613, 614, 615, 616, 617, 618, 619, 620, 621, 622, 623, 624, 625, 626, 627, 628, 629, 630, 631, 632, 633, 638, 640, 647, 649, 650, 652, 653, 654, 655, 659, 660, 661, 662, 663, 664, 665, 666, 667, 668, 669, 672, 673, 675, 676, 677, 678, 679, 680, 681, 682, 684, 685, 686, 688, 689, 690, 691, 693, 696, 698, 700, 701, 703, 704, 706, 708, 710, 712, 713, 714, 715, 716, 718, 720, 721, 723, 724, 725, 726, 727, 729, 730, 731, 732, 733, 735, 737, 738, 739, 740, 741, 742, 743, 747, 748, 749, 750, 751, 754, 755, 756, 764, 765, 766, 767, 768, 769, 770, 771, 772, 773, 774, 775, 776, 777, 778, 779, 780, 781, 782, 783, 784, 785, 786, 787, 789, 790, 791, 792, 793, 794, 795, 796, 797, 798, 799, 800, 801, 802, 803, 804, 805, 806, 807, 808, 809, 810, 811, 812, 813, 814, 815, 816, 817, 818, 819, 820, 821, 822, 823, 824, 825, 826, 827, 828, 829], [135, 186, 199, 203, 205, 206, 234, 242, 257, 265, 266, 278, 283, 285, 287, 290, 295, 297, 299, 300, 304, 306, 309, 311, 318, 323, 338, 339, 340, 341, 342, 343, 344, 346, 347, 348, 354, 355, 358, 361, 365, 367, 368, 370, 376, 377, 388, 389, 393, 394, 395, 397, 399, 400, 402, 403, 408, 409, 410, 411, 412, 419, 420, 432, 434, 441, 442, 446, 452, 455, 456, 465, 469, 472, 473, 480, 482, 488, 489, 492, 494, 498, 499, 501, 506, 511, 512, 513, 514, 515, 516, 517, 518, 519, 520, 521, 522, 526, 527, 530, 531, 532, 533, 537, 538, 539, 540, 542, 543, 544, 546, 554, 561, 562, 563, 564, 565, 566, 567, 568, 569, 570, 571, 572, 573, 574, 575, 576, 586, 588, 591, 593, 595, 597, 600, 601, 604, 607, 608, 609, 610, 611, 613, 616, 618, 619, 621, 622, 625, 629, 630, 633, 635, 637, 639, 640, 642, 643, 645, 646, 648, 649, 651, 652, 654, 655, 656, 657, 658, 659, 660, 665, 670, 673, 674, 675, 678, 679, 681, 682, 683, 685, 686, 687, 688, 689, 697, 699, 701, 705, 706, 709, 710, 711, 712, 717, 718, 721, 722, 723, 724, 725, 726, 727, 728, 729, 730, 734, 735, 736, 737, 738, 739, 740, 741, 742, 743, 744, 745, 746, 747, 748, 749, 750, 751, 752, 753, 754, 755, 756, 758, 759, 760, 761, 763, 766, 768, 769, 771, 775, 776, 781, 782, 783, 785, 787, 788, 790, 791, 792, 793, 794, 795, 796, 797, 798, 800, 801, 802, 803, 809, 811, 812, 814, 815, 816, 817, 818, 820, 821, 822, 824, 825, 826, 827, 828, 829], [116, 122, 124, 129, 135, 164, 168, 170, 174, 177, 180, 186, 230, 236, 238, 240, 250, 251, 263, 269, 270, 275, 277, 278, 280, 284, 287, 288, 291, 293, 298, 300, 302, 303, 306, 307, 309, 311, 315, 316, 318, 319, 321, 323, 327, 338, 339, 340, 341, 342, 343, 346, 347, 348, 349, 350, 351, 352, 353, 354, 355, 356, 357, 358, 359, 360, 361, 362, 363, 364, 365, 366, 367, 368, 369, 370, 371, 372, 373, 374, 375, 376, 377, 380, 382, 383, 385, 386, 388, 389, 405, 413, 429, 435, 439, 444, 446, 448, 450, 453, 454, 456, 460, 466, 471, 475, 477, 486, 490, 491, 494, 496, 497, 500, 501, 503, 504, 506, 507, 508, 509, 515, 517, 520, 522, 523, 524, 525, 528, 529, 531, 533, 535, 538, 540, 541, 542, 543, 544, 545, 546, 547, 561, 562, 565, 566, 567, 568, 569, 571, 572, 574, 575, 576, 577, 578, 579, 580, 581, 582, 583, 584, 585, 586, 587, 588, 589, 590, 591, 592, 593, 594, 595, 596, 597, 598, 599, 600, 601, 602, 603, 604, 605, 606, 607, 608, 609, 610, 611, 612, 613, 614, 615, 616, 617, 618, 619, 620, 621, 622, 623, 624, 625, 626, 627, 628, 629, 630, 631, 632, 633, 653, 654, 667, 671, 672, 674, 677, 680, 682, 683, 684, 687, 688, 689, 691, 694, 700, 707, 708, 711, 713, 714, 719, 720, 722, 727, 728, 729, 730, 731, 741, 744, 745, 746, 750, 751, 753, 754, 755, 757, 758, 759, 760, 761, 762, 763, 764, 765, 766, 767, 768, 769, 770, 771, 772, 773, 774, 775, 776, 777, 778, 779, 780, 781, 782, 783, 785, 793, 799, 802, 803, 804, 806, 810, 817, 818, 819, 822, 823, 824, 827, 828]!Vessel: FarSearcher
[52, 60, 96, 122, 156, 174, 177, 178, 179, 180, 182, 183, 186, 191, 202, 203, 226, 229, 230, 231, 232, 233, 234, 236, 246, 250, 267, 269, 270, 271, 282, 283, 284, 285, 286, 287, 289, 290, 291, 313, 315, 319, 320, 321, 323, 338, 339, 343, 349, 350, 351, 359, 360, 361, 382, 383, 384, 385, 386, 388, 389, 390, 391, 392, 393, 394, 395, 407, 408, 409, 414, 416, 419, 420, 427, 428, 429, 430, 431, 432, 433, 434, 435, 436, 437, 438, 440, 441, 442, 444, 445, 446, 447, 458, 459, 460, 461, 462, 463, 464, 465, 466, 467, 468, 469, 471, 472, 473, 474, 502, 504, 505, 506, 510, 511, 512, 513, 514, 516, 518, 519, 521, 522, 523, 544, 545, 548, 549, 550, 551, 553, 556, 557, 559, 561, 562, 563, 564, 565, 566, 576, 577, 580, 581, 583, 584, 589, 591, 598, 601, 603, 604, 615, 616, 620, 623, 624, 625, 631, 633, 634, 638, 640, 642, 643, 655, 661, 663, 665, 666, 667, 668, 669, 672, 673, 675, 676, 678, 679, 680, 681, 682, 690, 691, 692, 693, 695, 696, 698, 699, 700, 701, 702, 703, 704, 705, 706, 708, 709, 710, 712, 730, 732, 733, 734, 735, 736, 737, 738, 739, 740, 747, 748, 749, 750, 751, 752, 764, 766, 768, 771, 772, 777, 782, 783, 787, 788, 797, 805, 811, 812, 816], [52, 73, 77, 79, 82, 97, 111, 124, 157, 174, 178, 179, 180, 183, 186, 191, 194, 195, 196, 198, 199, 202, 203, 204, 205, 206, 207, 213, 214, 217, 231, 238, 240, 251, 262, 263, 273, 275, 279, 280, 288, 292, 293, 307, 308, 309, 316, 327, 340, 341, 344, 346, 349, 350, 351, 352, 353, 354, 355, 382, 384, 385, 388, 389, 390, 391, 392, 393, 394, 395, 396, 397, 398, 399, 400, 401, 402, 403, 404, 405, 406, 407, 408, 409, 410, 411, 412, 413, 414, 415, 416, 419, 420, 421, 423, 424, 425, 426, 427, 428, 429, 437, 438, 444, 445, 446, 448, 449, 453, 455, 456, 458, 459, 460, 461, 472, 475, 476, 477, 484, 485, 490, 492, 493, 494, 498, 500, 501, 505, 506, 507, 509, 512, 516, 530, 534, 537, 549, 550, 551, 552, 553, 561, 563, 567, 569, 570, 571, 573, 577, 580, 581, 583, 584, 585, 586, 588, 589, 610, 611, 626, 631, 633, 634, 638, 640, 642, 643, 646, 647, 649, 650, 652, 654, 655, 659, 660, 661, 662, 663, 664, 665, 666, 667, 668, 673, 676, 678, 680, 681, 682, 684, 685, 690, 691, 692, 693, 702, 703, 709, 710, 713, 714, 715, 721, 724, 726, 727, 730, 732, 736, 737, 739, 742, 747, 750, 752, 754, 756, 764, 772, 773, 775, 776, 787, 788, 790, 797, 805, 811, 816], [60, 73, 77, 114, 125, 128, 129, 141, 158, 162, 174, 177, 191, 194, 195, 196, 198, 199, 225, 226, 229, 230, 240, 241, 242, 252, 254, 267, 269, 275, 277, 278, 289, 290, 291, 292, 293, 294, 295, 296, 297, 298, 299, 300, 301, 302, 313, 315, 316, 318, 327, 333, 338, 341, 342, 356, 357, 358, 362, 371, 372, 373, 382, 383, 390, 391, 392, 393, 394, 395, 396, 397, 398, 399, 400, 401, 402, 403, 404, 405, 406, 414, 415, 421, 427, 428, 429, 430, 431, 432, 433, 434, 435, 436, 448, 449, 451, 452, 453, 454, 455, 456, 457, 461, 462, 463, 464, 465, 466, 476, 477, 478, 479, 480, 481, 482, 483, 502, 504, 507, 508, 510, 511, 518, 519, 523, 525, 526, 527, 529, 530, 532, 534, 536, 544, 545, 546, 548, 549, 550, 551, 552, 554, 556, 557, 558, 561, 562, 563, 564, 565, 567, 568, 569, 570, 577, 584, 585, 586, 591, 593, 595, 598, 605, 613, 614, 621, 631, 634, 638, 640, 642, 643, 646, 647, 649, 650, 652, 654, 661, 662, 666, 667, 668, 669, 672, 673, 675, 684, 685, 686, 689, 692, 693, 695, 696, 698, 699, 700, 701, 714, 715, 716, 718, 720, 721, 723, 732, 733, 734, 735, 739, 740, 742, 743, 747, 748, 749, 750, 751, 752, 754, 755, 756, 764, 766, 771, 773, 777, 787, 788, 790, 797, 805, 811, 812], [79, 96, 97, 105, 125, 162, 163, 164, 165, 166, 194, 195, 204, 205, 213, 226, 229, 230, 231, 232, 233, 234, 236, 238, 240, 241, 242, 246, 250, 251, 252, 254, 255, 256, 257, 262, 263, 264, 265, 266, 333, 349, 352, 354, 356, 357, 358, 359, 360, 361, 362, 363, 364, 365, 366, 367, 368, 371, 374, 375, 376, 378, 391, 395, 396, 397, 398, 399, 400, 407, 409, 410, 411, 415, 419, 421, 423, 425, 427, 428, 429, 430, 431, 432, 433, 434, 435, 436, 437, 438, 440, 441, 442, 444, 445, 446, 447, 448, 449, 451, 452, 453, 454, 455, 456, 457, 458, 459, 460, 461, 462, 463, 464, 465, 466, 467, 468, 469, 471, 472, 473, 474, 475, 476, 477, 478, 479, 480, 481, 482, 483, 484, 485, 487, 488, 489, 490, 491, 492, 493, 494, 495, 498, 499, 500, 501, 554, 580, 591, 593, 595, 598, 601, 603, 604, 605, 608, 610, 613, 614, 615, 616, 617, 618, 623, 627, 629, 642, 643, 646, 647, 649, 659, 662, 664, 666, 667, 668, 669, 672, 673, 675, 676, 678, 679, 680, 681, 682, 684, 685, 686, 689, 690, 691, 692, 693, 695, 696, 698, 699, 700, 701, 702, 703, 704, 705, 706, 708, 709, 710, 712, 713, 714, 715, 716, 718, 720, 721, 723, 724, 725, 726, 727, 729, 748, 766, 768, 775, 782, 787, 788, 790, 805, 811, 812, 816], [111, 114, 116, 119, 163, 196, 202, 204, 206, 214, 246, 250, 251, 252, 254, 255, 256, 257, 267, 269, 270, 271, 273, 275, 277, 278, 279, 280, 282, 283, 294, 295, 301, 302, 303, 304, 305, 306, 319, 320, 343, 350, 353, 355, 356, 363, 364, 365, 369, 370, 372, 374, 377, 379, 390, 396, 397, 401, 402, 403, 407, 410, 412, 414, 415, 416, 420, 424, 426, 458, 459, 460, 461, 462, 463, 464, 465, 466, 467, 468, 469, 471, 472, 473, 474, 475, 476, 477, 478, 479, 480, 481, 482, 483, 484, 485, 487, 488, 489, 490, 491, 492, 493, 494, 495, 502, 504, 505, 506, 507, 508, 509, 510, 511, 512, 513, 514, 525, 526, 527, 534, 536, 537, 539, 545, 546, 548, 549, 552, 553, 558, 559, 563, 564, 565, 566, 569, 576, 577, 581, 585, 588, 589, 593, 603, 604, 605, 608, 611, 614, 617, 618, 620, 621, 622, 624, 626, 628, 630, 634, 643, 646, 650, 652, 660, 661, 662, 663, 664, 665, 690, 691, 692, 693, 695, 696, 698, 699, 700, 701, 702, 703, 704, 705, 706, 708, 709, 710, 712, 713, 714, 715, 716, 718, 720, 721, 723, 724, 725, 726, 727, 729, 730, 732, 733, 734, 735, 736, 737, 738, 742, 743, 747, 749, 752, 754, 755, 764, 768, 771, 772, 773, 776, 777, 783, 788, 790, 797, 805, 811, 812, 816], [42, 73, 79, 82, 105, 116, 122, 124, 125, 128, 129, 135, 164, 168, 170, 178, 179, 180, 191, 194, 196, 198, 199, 202, 203, 204, 205, 206, 207, 213, 214, 226, 231, 232, 233, 234, 241, 242, 246, 252, 255, 256, 257, 262, 263, 264, 265, 266, 267, 270, 279, 280, 282, 283, 284, 285, 286, 287, 288, 289, 290, 291, 292, 293, 294, 295, 296, 297, 298, 299, 300, 301, 302, 303, 304, 305, 306, 307, 308, 309, 310, 311, 313, 320, 321, 333, 344, 347, 357, 359, 363, 366, 367, 369, 373, 375, 380, 384, 385, 386, 390, 391, 392, 393, 396, 398, 399, 401, 402, 404, 407, 408, 409, 410, 411, 412, 413, 416, 423, 424, 430, 431, 432, 437, 438, 440, 441, 442, 449, 451, 452, 462, 467, 468, 469, 478, 479, 480, 484, 485, 487, 488, 489, 498, 499, 502, 509, 510, 511, 512, 513, 514, 516, 518, 519, 521, 522, 523, 525, 526, 527, 529, 530, 532, 534, 536, 537, 539, 543, 550, 553, 554, 556, 559, 570, 573, 615, 617, 620, 622, 627, 628, 634, 638, 647, 650, 655, 659, 660, 663, 664, 668, 669, 676, 678, 679, 685, 686, 695, 696, 702, 703, 704, 705, 706, 715, 716, 718, 724, 725, 732, 733, 734, 735, 736, 737, 738, 739, 740, 742, 743, 748, 756], [141, 160, 165, 168, 178, 182, 198, 207, 213, 214, 217, 225, 232, 241, 255, 264, 265, 277, 285, 296, 297, 298, 301, 304, 307, 310, 313, 315, 316, 318, 319, 320, 321, 323, 344, 346, 347, 348, 351, 352, 353, 360, 362, 364, 366, 368, 369, 370, 378, 379, 380, 383, 384, 386, 389, 392, 394, 398, 400, 401, 403, 404, 405, 406, 408, 411, 412, 413, 414, 415, 416, 419, 420, 421, 423, 424, 425, 426, 427, 430, 433, 434, 437, 440, 441, 447, 451, 452, 453, 454, 457, 458, 463, 467, 473, 478, 481, 482, 484, 487, 488, 490, 491, 492, 495, 499, 500, 501, 508, 510, 513, 518, 521, 526, 529, 532, 536, 539, 543, 544, 545, 546, 556, 557, 558, 559, 564, 568, 570, 571, 573, 576, 580, 581, 583, 584, 585, 586, 588, 595, 598, 601, 603, 605, 608, 623, 624, 625, 626, 627, 628, 629, 630, 631, 633, 634, 638, 640, 642, 646, 647, 649, 650, 652, 654, 655, 659, 660, 661, 662, 663, 664, 665, 666, 669, 672, 675, 676, 679, 680, 681, 684, 686, 689, 690, 692, 695, 698, 699, 702, 704, 705, 708, 709, 712, 713, 716, 720, 723, 725, 726, 729, 733, 734, 736, 738, 740, 743, 749, 751, 752, 755, 756, 772, 773, 775, 776, 777, 782, 783, 787, 788, 790, 797, 805, 812, 816], [170, 177, 179, 182, 183, 207, 217, 225, 233, 236, 238, 256, 262, 264, 266, 271, 273, 279, 282, 284, 286, 288, 289, 292, 294, 296, 299, 303, 305, 308, 310, 311, 327, 333, 339, 340, 342, 348, 371, 372, 373, 374, 375, 376, 377, 378, 379, 380, 382, 383, 384, 385, 386, 388, 404, 405, 406, 413, 421, 423, 424, 425, 426, 428, 431, 433, 435, 436, 438, 440, 442, 444, 445, 447, 448, 449, 451, 454, 455, 457, 459, 464, 468, 471, 474, 475, 476, 479, 481, 483, 485, 487, 489, 491, 493, 495, 498, 499, 500, 502, 504, 505, 507, 508, 509, 514, 516, 519, 521, 522, 523, 525, 527, 529, 530, 532, 534, 536, 537, 539, 543, 548, 549, 550, 551, 552, 553, 554, 556, 557, 558, 559, 562, 566, 567, 568, 571, 573, 583, 589, 610, 611, 613, 614, 615, 616, 617, 618, 620, 621, 622, 623, 624, 625, 626, 627, 628, 629, 630, 631, 633, 638, 640, 647, 649, 650, 652, 654, 655, 659, 660, 661, 662, 663, 664, 665, 666, 667, 668, 669, 672, 673, 675, 676, 678, 679, 680, 681, 682, 684, 685, 686, 689, 690, 691, 693, 696, 698, 700, 701, 703, 704, 706, 708, 710, 712, 713, 714, 715, 716, 718, 720, 721, 723, 724, 725, 726, 727, 729, 730, 732, 733, 735, 737, 738, 739, 740, 742, 743, 747, 748, 749, 750, 751, 754, 755, 756, 764, 766, 768, 771, 772, 773, 775, 776, 777, 782, 783, 787, 790, 797, 805, 811, 812, 816], [82, 105, 119, 128, 135, 156, 157, 158, 160, 166, 186, 195, 199, 203, 205, 206, 229, 234, 242, 254, 257, 265, 266, 278, 283, 285, 286, 287, 290, 295, 297, 299, 300, 304, 305, 306, 308, 309, 310, 311, 318, 323, 338, 339, 340, 341, 342, 343, 344, 346, 347, 348, 354, 355, 358, 361, 365, 367, 368, 370, 376, 377, 388, 389, 393, 394, 395, 397, 399, 400, 402, 403, 406, 408, 409, 410, 411, 412, 419, 420, 425, 426, 432, 434, 436, 441, 442, 445, 446, 447, 452, 455, 456, 457, 465, 469, 472, 473, 474, 480, 482, 483, 488, 489, 492, 493, 494, 495, 498, 499, 501, 505, 506, 511, 512, 513, 514, 516, 518, 519, 521, 522, 526, 527, 530, 532, 537, 539, 543, 544, 546, 548, 551, 552, 554, 557, 558, 561, 562, 563, 564, 565, 566, 567, 568, 569, 570, 571, 573, 576, 586, 588, 591, 593, 595, 601, 604, 608, 610, 611, 613, 616, 618, 621, 622, 625, 629, 630, 633, 640, 642, 643, 646, 649, 652, 654, 655, 659, 660, 665, 673, 675, 678, 679, 681, 682, 685, 686, 689, 699, 701, 705, 706, 709, 710, 712, 718, 721, 723, 724, 725, 726, 727, 729, 730, 734, 735, 736, 737, 738, 739, 740, 742, 743, 747, 748, 749, 750, 751, 752, 754, 755, 756, 766, 768, 771, 775, 776, 782, 783, 787, 788, 790, 797, 811, 812, 816], [42, 52, 60, 77, 96, 97, 111, 114, 116, 119, 122, 124, 129, 135, 141, 156, 157, 158, 160, 162, 163, 164, 165, 166, 168, 170, 174, 177, 180, 182, 183, 186, 217, 225, 230, 236, 238, 240, 250, 251, 263, 269, 270, 271, 273, 275, 277, 278, 280, 284, 287, 288, 291, 293, 298, 300, 302, 303, 306, 307, 309, 311, 315, 316, 318, 319, 321, 323, 327, 338, 339, 340, 341, 342, 343, 346, 347, 348, 349, 350, 351, 352, 353, 354, 355, 356, 357, 358, 359, 360, 361, 362, 363, 364, 365, 366, 367, 368, 369, 370, 371, 372, 373, 374, 375, 376, 377, 378, 379, 380, 382, 383, 385, 386, 388, 389, 405, 413, 429, 435, 444, 446, 448, 453, 454, 456, 460, 466, 471, 475, 477, 490, 491, 494, 500, 501, 504, 506, 507, 508, 509, 522, 523, 525, 529, 543, 544, 545, 546, 561, 562, 565, 566, 567, 568, 569, 571, 576, 577, 580, 581, 583, 584, 585, 586, 588, 589, 591, 593, 595, 598, 601, 603, 604, 605, 608, 610, 611, 613, 614, 615, 616, 617, 618, 620, 621, 622, 623, 624, 625, 626, 627, 628, 629, 630, 631, 633, 654, 667, 672, 680, 682, 684, 689, 691, 700, 708, 713, 714, 720, 727, 729, 730, 750, 751, 754, 755, 764, 766, 768, 771, 772, 773, 775, 776, 777, 782, 783]!Vessel: FarSymphony
[122, 174, 177, 178, 180, 183, 186, 191, 202, 203, 226, 230, 231, 232, 233, 234, 236, 246, 250, 267, 269, 270, 271, 283, 284, 285, 286, 287, 290, 291, 313, 315, 319, 320, 321, 323, 338, 339, 343, 349, 350, 351, 359, 360, 361, 382, 383, 384, 385, 386, 388, 389, 390, 391, 392, 393, 394, 395, 407, 408, 409, 414, 416, 419, 420, 427, 429, 430, 431, 432, 434, 435, 436, 437, 438, 440, 441, 442, 444, 445, 446, 458, 460, 461, 462, 463, 465, 466, 467, 468, 469, 471, 472, 473, 502, 503, 504, 506, 510, 511, 512, 513, 514, 515, 516, 518, 519, 521, 522, 523, 541, 544, 545, 547, 550, 551, 553, 556, 559, 561, 562, 563, 564, 565, 566, 572, 576, 577, 579, 580, 581, 582, 583, 584, 589, 591, 598, 599, 601, 602, 603, 604, 615, 616, 620, 623, 624, 625, 631, 633, 634, 635, 636, 637, 638, 639, 640, 641, 642, 643, 655, 656, 657, 661, 663, 665, 666, 667, 668, 669, 670, 671, 672, 673, 675, 676, 678, 679, 680, 681, 682, 683, 690, 691, 692, 693, 694, 695, 696, 697, 698, 699, 700, 701, 702, 703, 704, 705, 706, 707, 708, 709, 710, 711, 712, 730, 732, 733, 734, 735, 736, 737, 738, 739, 740, 744, 745, 747, 748, 749, 750, 751, 752, 753, 757, 758, 759, 762, 763, 764, 766, 768, 771, 772, 777, 778, 782, 783, 784, 786, 787, 788, 794, 796, 797, 798, 804, 805, 808, 811, 812, 813, 815, 816, 823, 824, 826, 829], [77, 97, 124, 157, 174, 178, 180, 183, 186, 191, 194, 196, 198, 199, 202, 203, 204, 205, 206, 213, 214, 217, 231, 238, 240, 251, 262, 263, 273, 275, 280, 288, 292, 293, 307, 308, 309, 316, 327, 340, 341, 344, 346, 349, 350, 351, 352, 353, 354, 355, 382, 384, 385, 388, 389, 390, 391, 392, 393, 394, 395, 396, 397, 398, 399, 400, 401, 402, 403, 404, 405, 407, 408, 409, 410, 411, 412, 413, 414, 415, 416, 419, 420, 423, 424, 427, 429, 437, 438, 444, 445, 446, 448, 449, 453, 455, 456, 458, 460, 461, 472, 475, 476, 477, 484, 485, 490, 492, 493, 494, 496, 497, 498, 500, 501, 506, 507, 509, 512, 516, 524, 528, 530, 534, 537, 542, 550, 551, 552, 553, 561, 563, 567, 569, 570, 571, 573, 574, 577, 579, 580, 581, 582, 583, 584, 585, 586, 587, 588, 589, 610, 611, 626, 631, 633, 634, 635, 636, 637, 638, 639, 640, 641, 642, 643, 644, 645, 646, 647, 648, 649, 650, 651, 652, 654, 655, 656, 657, 658, 659, 660, 661, 662, 663, 664, 665, 666, 667, 668, 671, 673, 676, 678, 680, 681, 682, 683, 684, 685, 688, 690, 691, 692, 693, 694, 702, 703, 707, 709, 710, 711, 713, 714, 715, 719, 721, 724, 726, 727, 728, 730, 732, 736, 737, 739, 742, 744, 746, 747, 750, 752, 753, 754, 756, 757, 758, 764, 772, 773, 775, 776, 784, 786, 787, 788, 789, 790, 792, 794, 795, 796, 797, 798, 804, 805, 811, 813, 816, 823, 824, 829], [77, 129, 158, 162, 174, 177, 191, 194, 196, 198, 199, 225, 226, 230, 240, 241, 242, 252, 267, 269, 275, 277, 278, 290, 291, 292, 293, 294, 295, 297, 298, 299, 300, 301, 302, 313, 315, 316, 318, 327, 333, 338, 341, 342, 356, 357, 358, 362, 371, 372, 373, 382, 383, 390, 391, 392, 393, 394, 395, 396, 397, 398, 399, 400, 401, 402, 403, 404, 405, 414, 415, 427, 429, 430, 431, 432, 434, 435, 436, 448, 449, 451, 452, 453, 454, 455, 456, 457, 461, 462, 463, 465, 466, 476, 477, 478, 479, 480, 482, 483, 502, 503, 504, 507, 508, 510, 511, 518, 519, 523, 524, 525, 526, 527, 528, 529, 530, 532, 533, 534, 536, 541, 544, 545, 546, 550, 551, 552, 554, 556, 561, 562, 563, 564, 565, 567, 568, 569, 570, 577, 584, 585, 586, 591, 593, 595, 596, 598, 605, 612, 613, 614, 621, 631, 634, 635, 636, 637, 638, 639, 640, 641, 642, 643, 644, 645, 646, 647, 648, 649, 650, 651, 652, 654, 661, 662, 666, 667, 668, 669, 670, 671, 672, 673, 675, 684, 685, 686, 688, 689, 692, 693, 694, 695, 696, 697, 698, 699, 700, 701, 714, 715, 716, 717, 718, 719, 720, 721, 723, 732, 733, 734, 735, 739, 740, 742, 743, 744, 745, 746, 747, 748, 749, 750, 751, 752, 753, 754, 755, 756, 757, 759, 761, 762, 764, 766, 769, 771, 773, 777, 784, 786, 787, 788, 789, 790, 792, 796, 797, 805, 808, 811, 812, 823, 826, 829], [97, 162, 164, 166, 194, 204, 205, 213, 226, 230, 231, 232, 233, 234, 236, 238, 240, 241, 242, 246, 250, 251, 252, 255, 256, 257, 262, 263, 265, 266, 333, 349, 352, 354, 356, 357, 358, 359, 360, 361, 362, 363, 364, 365, 366, 367, 368, 371, 374, 375, 376, 378, 391, 395, 396, 397, 398, 399, 400, 407, 409, 410, 411, 415, 419, 423, 427, 429, 430, 431, 432, 434, 435, 436, 437, 438, 440, 441, 442, 444, 445, 446, 448, 449, 451, 452, 453, 454, 455, 456, 457, 458, 460, 461, 462, 463, 465, 466, 467, 468, 469, 471, 472, 473, 475, 476, 477, 478, 479, 480, 482, 483, 484, 485, 487, 488, 489, 490, 491, 492, 493, 494, 496, 497, 498, 499, 500, 501, 554, 580, 591, 593, 595, 598, 599, 601, 602, 603, 604, 605, 606, 608, 610, 612, 613, 614, 615, 616, 617, 618, 619, 623, 627, 629, 636, 637, 641, 642, 643, 644, 645, 646, 647, 648, 649, 656, 657, 658, 659, 662, 664, 666, 667, 668, 669, 670, 671, 672, 673, 675, 676, 678, 679, 680, 681, 682, 683, 684, 685, 686, 688, 689, 690, 691, 692, 693, 694, 695, 696, 697, 698, 699, 700, 701, 702, 703, 704, 705, 706, 707, 708, 709, 710, 711, 712, 713, 714, 715, 716, 717, 718, 719, 720, 721, 723, 724, 725, 726, 727, 728, 729, 748, 759, 761, 762, 763, 766, 768, 769, 775, 782, 786, 787, 788, 789, 790, 794, 795, 804, 805, 808, 811, 812, 813, 815, 816, 829], [116, 196, 202, 204, 206, 214, 246, 250, 251, 252, 255, 256, 257, 267, 269, 270, 271, 273, 275, 277, 278, 280, 283, 294, 295, 301, 302, 303, 304, 305, 306, 319, 320, 343, 350, 353, 355, 356, 363, 364, 365, 369, 370, 372, 374, 377, 390, 396, 397, 401, 402, 403, 407, 410, 412, 414, 415, 416, 420, 424, 458, 460, 461, 462, 463, 465, 466, 467, 468, 469, 471, 472, 473, 475, 476, 477, 478, 479, 480, 482, 483, 484, 485, 487, 488, 489, 490, 491, 492, 493, 494, 502, 503, 504, 506, 507, 508, 509, 510, 511, 512, 513, 514, 515, 525, 526, 527, 534, 536, 537, 539, 540, 545, 546, 547, 552, 553, 559, 563, 564, 565, 566, 569, 576, 577, 579, 581, 585, 587, 588, 589, 593, 596, 602, 603, 604, 605, 606, 608, 611, 614, 617, 618, 620, 621, 622, 624, 626, 628, 630, 634, 635, 636, 643, 644, 645, 646, 650, 651, 652, 657, 658, 660, 661, 662, 663, 664, 665, 690, 691, 692, 693, 694, 695, 696, 697, 698, 699, 700, 701, 702, 703, 704, 705, 706, 707, 708, 709, 710, 711, 712, 713, 714, 715, 716, 717, 718, 719, 720, 721, 723, 724, 725, 726, 727, 728, 729, 730, 732, 733, 734, 735, 736, 737, 738, 742, 743, 745, 746, 747, 749, 752, 753, 754, 755, 757, 758, 761, 762, 763, 764, 768, 769, 771, 772, 773, 776, 777, 778, 783, 784, 788, 789, 790, 792, 795, 797, 798, 804, 805, 808, 811, 812, 813, 815, 816, 823, 824, 826, 829], [42, 116, 122, 124, 129, 135, 164, 168, 170, 178, 180, 191, 194, 196, 198, 199, 202, 203, 204, 205, 206, 213, 214, 226, 231, 232, 233, 234, 241, 242, 246, 252, 255, 256, 257, 262, 263, 265, 266, 267, 270, 280, 283, 284, 285, 286, 287, 288, 290, 291, 292, 293, 294, 295, 297, 298, 299, 300, 301, 302, 303, 304, 305, 306, 307, 308, 309, 311, 313, 320, 321, 333, 344, 347, 357, 359, 363, 366, 367, 369, 373, 375, 380, 384, 385, 386, 390, 391, 392, 393, 396, 398, 399, 401, 402, 404, 407, 408, 409, 410, 411, 412, 413, 416, 423, 424, 430, 431, 432, 437, 438, 440, 441, 442, 449, 451, 452, 462, 467, 468, 469, 478, 479, 480, 484, 485, 487, 488, 489, 496, 497, 498, 499, 502, 503, 509, 510, 511, 512, 513, 514, 515, 516, 518, 519, 521, 522, 523, 524, 525, 526, 527, 528, 529, 530, 532, 533, 534, 536, 537, 539, 540, 541, 542, 543, 547, 550, 553, 554, 556, 559, 570, 572, 573, 574, 579, 582, 587, 596, 599, 602, 606, 612, 615, 617, 619, 620, 622, 627, 628, 634, 635, 636, 637, 638, 639, 641, 644, 645, 647, 648, 650, 651, 655, 656, 657, 658, 659, 660, 663, 664, 668, 669, 670, 676, 678, 679, 685, 686, 695, 696, 697, 702, 703, 704, 705, 706, 715, 716, 717, 718, 724, 725, 732, 733, 734, 735, 736, 737, 738, 739, 740, 742, 743, 748, 756, 778, 784, 786, 789, 792, 794, 795, 796, 798, 808, 813, 815, 826], [168, 178, 198, 213, 214, 217, 225, 232, 241, 255, 265, 277, 285, 297, 298, 301, 304, 307, 313, 315, 316, 318, 319, 320, 321, 323, 344, 346, 347, 348, 351, 352, 353, 360, 362, 364, 366, 368, 369, 370, 378, 380, 383, 384, 386, 389, 392, 394, 398, 400, 401, 403, 404, 405, 408, 411, 412, 413, 414, 415, 416, 419, 420, 423, 424, 427, 430, 434, 437, 440, 441, 451, 452, 453, 454, 457, 458, 463, 467, 473, 478, 482, 484, 487, 488, 490, 491, 492, 497, 499, 500, 501, 508, 510, 513, 518, 521, 526, 528, 529, 532, 536, 539, 540, 541, 543, 544, 545, 546, 547, 556, 559, 564, 568, 570, 571, 572, 573, 574, 576, 580, 581, 582, 583, 584, 585, 586, 587, 588, 595, 596, 598, 599, 601, 603, 605, 606, 608, 623, 624, 625, 626, 627, 628, 629, 630, 631, 633, 634, 638, 639, 640, 641, 642, 644, 646, 647, 648, 649, 650, 651, 652, 654, 655, 656, 658, 659, 660, 661, 662, 663, 664, 665, 666, 669, 670, 671, 672, 675, 676, 679, 680, 681, 683, 684, 686, 689, 690, 692, 695, 698, 699, 702, 704, 705, 707, 708, 709, 712, 713, 716, 717, 719, 720, 723, 725, 726, 728, 729, 733, 734, 736, 738, 740, 743, 744, 745, 746, 749, 751, 752, 755, 756, 757, 758, 759, 761, 762, 763, 772, 773, 775, 776, 777, 778, 782, 783, 784, 786, 787, 788, 789, 790, 792, 794, 795, 796, 797, 798, 804, 805, 808, 812, 813, 815, 816, 823, 824, 826, 829], [170, 177, 183, 217, 225, 233, 236, 238, 256, 262, 266, 271, 273, 284, 286, 288, 292, 294, 299, 303, 305, 308, 311, 327, 333, 339, 340, 342, 348, 371, 372, 373, 374, 375, 376, 377, 378, 380, 382, 383, 384, 385, 386, 388, 404, 405, 413, 423, 424, 431, 435, 436, 438, 440, 442, 444, 445, 448, 449, 451, 454, 455, 457, 468, 471, 475, 476, 479, 483, 485, 487, 489, 491, 493, 496, 498, 499, 500, 502, 504, 507, 508, 509, 514, 516, 519, 521, 522, 523, 524, 525, 527, 529, 530, 532, 533, 534, 536, 537, 539, 542, 543, 550, 551, 552, 553, 554, 556, 559, 562, 566, 567, 568, 571, 573, 583, 589, 610, 611, 612, 613, 614, 615, 616, 617, 618, 619, 620, 621, 622, 623, 624, 625, 626, 627, 628, 629, 630, 631, 633, 638, 640, 647, 649, 650, 652, 654, 655, 659, 660, 661, 662, 663, 664, 665, 666, 667, 668, 669, 672, 673, 675, 676, 678, 679, 680, 681, 682, 684, 685, 686, 688, 689, 690, 691, 693, 696, 698, 700, 701, 703, 704, 706, 708, 710, 712, 713, 714, 715, 716, 718, 720, 721, 723, 724, 725, 726, 727, 729, 730, 732, 733, 735, 737, 738, 739, 740, 742, 743, 747, 748, 749, 750, 751, 754, 755, 756, 764, 766, 768, 769, 771, 772, 773, 775, 776, 777, 778, 782, 783, 784, 786, 787, 789, 790, 792, 794, 795, 796, 797, 798, 804, 805, 808, 811, 812, 813, 815, 816, 823, 824, 826, 829], [135, 157, 158, 166, 186, 199, 203, 205, 206, 234, 242, 257, 265, 266, 278, 283, 285, 286, 287, 290, 295, 297, 299, 300, 304, 305, 306, 308, 309, 311, 318, 323, 338, 339, 340, 341, 342, 343, 344, 346, 347, 348, 354, 355, 358, 361, 365, 367, 368, 370, 376, 377, 388, 389, 393, 394, 395, 397, 399, 400, 402, 403, 408, 409, 410, 411, 412, 419, 420, 432, 434, 436, 441, 442, 445, 446, 452, 455, 456, 457, 465, 469, 472, 473, 480, 482, 483, 488, 489, 492, 493, 494, 498, 499, 501, 506, 511, 512, 513, 514, 515, 516, 518, 519, 521, 522, 526, 527, 530, 532, 533, 537, 539, 540, 542, 543, 544, 546, 551, 552, 554, 561, 562, 563, 564, 565, 566, 567, 568, 569, 570, 571, 572, 573, 574, 576, 586, 588, 591, 593, 595, 601, 604, 608, 610, 611, 613, 616, 618, 619, 621, 622, 625, 629, 630, 633, 635, 637, 639, 640, 642, 643, 645, 646, 648, 649, 651, 652, 654, 655, 656, 657, 658, 659, 660, 665, 670, 673, 675, 678, 679, 681, 682, 683, 685, 686, 688, 689, 697, 699, 701, 705, 706, 709, 710, 711, 712, 717, 718, 721, 723, 724, 725, 726, 727, 728, 729, 730, 734, 735, 736, 737, 738, 739, 740, 742, 743, 744, 745, 746, 747, 748, 749, 750, 751, 752, 753, 754, 755, 756, 758, 759, 761, 763, 766, 768, 769, 771, 775, 776, 782, 783, 787, 788, 790, 792, 794, 795, 796, 797, 798, 811, 812, 815, 816, 824, 826, 829], [42, 77, 97, 116, 122, 124, 129, 135, 157, 158, 162, 164, 166, 168, 170, 174, 177, 180, 183, 186, 217, 225, 230, 236, 238, 240, 250, 251, 263, 269, 270, 271, 273, 275, 277, 278, 280, 284, 287, 288, 291, 293, 298, 300, 302, 303, 306, 307, 309, 311, 315, 316, 318, 319, 321, 323, 327, 338, 339, 340, 341, 342, 343, 346, 347, 348, 349, 350, 351, 352, 353, 354, 355, 356, 357, 358, 359, 360, 361, 362, 363, 364, 365, 366, 367, 368, 369, 370, 371, 372, 373, 374, 375, 376, 377, 378, 380, 382, 383, 385, 386, 388, 389, 405, 413, 429, 435, 444, 446, 448, 453, 454, 456, 460, 466, 471, 475, 477, 490, 491, 494, 496, 497, 500, 501, 503, 504, 506, 507, 508, 509, 515, 522, 523, 524, 525, 528, 529, 533, 540, 541, 542, 543, 544, 545, 546, 547, 561, 562, 565, 566, 567, 568, 569, 571, 572, 574, 576, 577, 579, 580, 581, 582, 583, 584, 585, 586, 587, 588, 589, 591, 593, 595, 596, 598, 599, 601, 602, 603, 604, 605, 606, 608, 610, 611, 612, 613, 614, 615, 616, 617, 618, 619, 620, 621, 622, 623, 624, 625, 626, 627, 628, 629, 630, 631, 633, 654, 667, 671, 672, 680, 682, 683, 684, 688, 689, 691, 694, 700, 707, 708, 711, 713, 714, 719, 720, 727, 728, 729, 730, 744, 745, 746, 750, 751, 753, 754, 755, 757, 758, 759, 761, 762, 763, 764, 766, 768, 769, 771, 772, 773, 775, 776, 777, 778, 782, 783, 804, 823, 824]!Vessel: HavilaForesight
[52, 56, 60, 62, 94, 96, 108, 110, 121, 122, 138, 156, 174, 175, 177, 178, 179, 180, 181, 182, 183, 186, 188, 189, 190, 191, 192, 202, 203, 223, 224, 226, 227, 229, 230, 231, 232, 233, 234, 236, 237, 246, 249, 250, 267, 269, 270, 271, 282, 283, 284, 285, 286, 289, 290, 313, 314, 315, 319, 320, 321, 323, 337, 338, 339, 343, 349, 350, 351, 360, 361, 381, 382, 383, 384, 387, 388, 389, 390, 391, 392, 393, 394, 395, 407, 408, 409, 414, 416, 417, 419, 420, 427, 428, 430, 431, 432, 433, 434, 435, 436, 437, 438, 440, 441, 442, 443, 444, 445, 447, 458, 459, 460, 461, 462, 463, 464, 465, 466, 467, 468, 469, 470, 471, 472, 473, 474, 502, 504, 505, 506, 510, 511, 512, 513, 514, 516, 518, 519, 521, 544, 545, 548, 549, 550, 551, 553, 555, 556, 557, 559, 560, 562, 563, 564, 565, 566, 576, 577, 580, 581, 583, 584, 589, 598, 601, 603, 604, 616, 623, 624, 625, 638, 640, 642, 643, 655, 661, 663, 665, 666, 669, 673, 675, 676, 679, 681, 690, 692, 693, 698, 699, 701, 703, 704, 708, 709, 710, 712, 732, 733, 737, 738, 740, 747, 749, 752, 772, 777, 787, 797, 805, 812, 816], [52, 62, 73, 77, 79, 80, 81, 82, 97, 111, 124, 139, 157, 174, 178, 179, 180, 183, 186, 188, 189, 190, 191, 192, 193, 194, 195, 196, 197, 198, 199, 201, 202, 203, 204, 205, 206, 207, 210, 213, 214, 217, 218, 223, 224, 231, 238, 240, 251, 259, 262, 273, 275, 279, 280, 288, 292, 307, 308, 316, 327, 340, 341, 344, 346, 349, 350, 351, 352, 353, 354, 355, 381, 382, 384, 387, 388, 389, 390, 391, 392, 393, 394, 395, 396, 397, 398, 400, 401, 402, 403, 404, 405, 406, 407, 408, 409, 410, 411, 412, 414, 415, 416, 417, 418, 419, 420, 421, 422, 423, 424, 425, 426, 427, 428, 437, 438, 443, 444, 445, 448, 449, 453, 455, 458, 459, 460, 461, 472, 475, 476, 484, 485, 490, 492, 493, 498, 500, 505, 506, 507, 512, 516, 530, 534, 537, 549, 550, 551, 552, 553, 563, 567, 570, 571, 573, 577, 580, 581, 583, 584, 585, 588, 589, 610, 611, 626, 638, 640, 642, 643, 646, 649, 650, 652, 655, 660, 661, 662, 663, 664, 665, 666, 673, 676, 681, 690, 692, 693, 703, 709, 710, 721, 726, 732, 737, 747, 752, 772, 787, 790, 797, 805, 816], [56, 60, 73, 77, 114, 125, 126, 127, 128, 129, 141, 158, 162, 174, 175, 177, 189, 190, 191, 192, 193, 194, 195, 196, 197, 198, 199, 201, 210, 225, 226, 227, 229, 230, 240, 241, 242, 244, 252, 253, 254, 267, 269, 275, 277, 278, 289, 290, 292, 294, 295, 296, 297, 298, 299, 301, 313, 314, 315, 316, 317, 318, 327, 333, 337, 338, 341, 342, 356, 358, 362, 371, 372, 373, 381, 382, 383, 390, 391, 392, 393, 394, 395, 396, 397, 398, 400, 401, 402, 403, 404, 405, 406, 414, 415, 421, 422, 427, 428, 430, 431, 432, 433, 434, 435, 436, 448, 449, 451, 452, 453, 454, 455, 457, 461, 462, 463, 464, 465, 466, 476, 478, 479, 480, 481, 482, 483, 502, 504, 507, 508, 510, 511, 518, 519, 526, 527, 530, 532, 534, 536, 544, 545, 546, 548, 549, 550, 551, 552, 554, 555, 556, 557, 558, 562, 563, 564, 565, 567, 568, 570, 577, 584, 585, 598, 605, 613, 614, 621, 638, 640, 642, 643, 646, 649, 650, 652, 661, 662, 666, 669, 673, 675, 692, 693, 698, 699, 701, 716, 721, 723, 732, 733, 740, 747, 749, 752, 777, 787, 790, 797, 805, 812], [79, 94, 96, 97, 101, 104, 105, 125, 162, 163, 164, 165, 166, 169, 175, 188, 189, 193, 194, 195, 204, 205, 210, 213, 218, 223, 226, 227, 229, 230, 231, 232, 233, 234, 236, 237, 238, 240, 241, 242, 244, 246, 249, 250, 251, 252, 253, 254, 255, 256, 257, 259, 260, 262, 264, 265, 266, 333, 349, 352, 354, 356, 358, 360, 361, 362, 364, 365, 368, 371, 374, 375, 376, 378, 391, 395, 396, 397, 398, 400, 407, 409, 410, 411, 415, 418, 419, 421, 423, 425, 427, 428, 430, 431, 432, 433, 434, 435, 436, 437, 438, 440, 441, 442, 443, 444, 445, 447, 448, 449, 451, 452, 453, 454, 455, 457, 458, 459, 460, 461, 462, 463, 464, 465, 466, 467, 468, 469, 470, 471, 472, 473, 474, 475, 476, 478, 479, 480, 481, 482, 483, 484, 485, 487, 488, 489, 490, 491, 492, 493, 495, 498, 499, 500, 554, 580, 598, 601, 603, 604, 605, 608, 610, 613, 614, 616, 618, 623, 629, 642, 643, 646, 649, 662, 664, 666, 669, 673, 675, 676, 679, 681, 690, 692, 693, 698, 699, 701, 703, 704, 708, 709, 710, 712, 716, 721, 723, 726, 787, 790, 805, 812, 816], [80, 101, 108, 110, 111, 114, 116, 119, 126, 131, 163, 167, 175, 188, 190, 193, 196, 197, 202, 204, 206, 214, 224, 246, 249, 250, 251, 252, 253, 254, 255, 256, 257, 259, 260, 267, 269, 270, 271, 273, 275, 277, 278, 279, 280, 281, 282, 283, 294, 295, 301, 303, 304, 305, 317, 319, 320, 337, 343, 350, 353, 355, 356, 364, 365, 369, 370, 372, 374, 377, 379, 390, 396, 397, 401, 402, 403, 407, 410, 412, 414, 415, 416, 417, 418, 420, 422, 424, 426, 458, 459, 460, 461, 462, 463, 464, 465, 466, 467, 468, 469, 470, 471, 472, 473, 474, 475, 476, 478, 479, 480, 481, 482, 483, 484, 485, 487, 488, 489, 490, 491, 492, 493, 495, 502, 504, 505, 506, 507, 508, 510, 511, 512, 513, 514, 526, 527, 534, 536, 537, 539, 545, 546, 548, 549, 552, 553, 555, 558, 559, 560, 563, 564, 565, 566, 576, 577, 581, 585, 588, 589, 603, 604, 605, 608, 611, 614, 618, 621, 624, 626, 630, 643, 646, 650, 652, 660, 661, 662, 663, 664, 665, 690, 692, 693, 698, 699, 701, 703, 704, 708, 709, 710, 712, 716, 721, 723, 726, 732, 733, 737, 738, 747, 749, 752, 772, 777, 790, 797, 805, 812, 816], [42, 56, 62, 73, 79, 80, 81, 82, 94, 101, 104, 105, 108, 116, 121, 122, 124, 125, 126, 127, 128, 129, 131, 133, 135, 164, 168, 170, 178, 179, 180, 181, 191, 194, 196, 198, 199, 202, 203, 204, 205, 206, 207, 213, 214, 226, 231, 232, 233, 234, 241, 242, 246, 252, 255, 256, 257, 262, 264, 265, 266, 267, 270, 279, 280, 281, 282, 283, 284, 285, 286, 288, 289, 290, 292, 294, 295, 296, 297, 298, 299, 301, 303, 304, 305, 307, 308, 310, 311, 313, 320, 321, 333, 344, 369, 373, 375, 380, 384, 390, 391, 392, 393, 396, 398, 401, 402, 404, 407, 408, 409, 410, 411, 412, 416, 423, 424, 430, 431, 432, 437, 438, 440, 441, 442, 449, 451, 452, 462, 467, 468, 469, 478, 479, 480, 484, 485, 487, 488, 489, 498, 499, 502, 510, 511, 512, 513, 514, 516, 518, 519, 521, 526, 527, 530, 532, 534, 536, 537, 539, 550, 553, 554, 556, 559, 570, 573, 638, 650, 655, 660, 663, 664, 669, 676, 679, 703, 704, 716, 732, 733, 737, 738, 740], [81, 104, 127, 133, 138, 139, 141, 160, 165, 167, 168, 178, 181, 182, 198, 201, 207, 210, 213, 214, 217, 218, 225, 227, 232, 237, 241, 244, 253, 255, 260, 264, 265, 277, 281, 285, 296, 297, 298, 301, 304, 307, 310, 313, 314, 315, 316, 317, 318, 319, 320, 321, 323, 344, 346, 348, 351, 352, 353, 360, 362, 364, 368, 369, 370, 378, 379, 380, 381, 383, 384, 387, 389, 392, 394, 398, 400, 401, 403, 404, 405, 406, 408, 411, 412, 414, 415, 416, 417, 418, 419, 420, 421, 422, 423, 424, 425, 426, 427, 430, 433, 434, 437, 440, 441, 443, 447, 451, 452, 453, 454, 457, 458, 463, 467, 470, 473, 478, 481, 482, 484, 487, 488, 490, 491, 492, 495, 499, 500, 508, 510, 513, 518, 521, 526, 532, 536, 539, 544, 545, 546, 555, 556, 557, 558, 559, 560, 564, 568, 570, 571, 573, 576, 580, 581, 583, 584, 585, 588, 598, 601, 603, 605, 608, 623, 624, 625, 626, 629, 630, 638, 640, 642, 646, 649, 650, 652, 655, 660, 661, 662, 663, 664, 665, 666, 669, 675, 676, 679, 681, 690, 692, 698, 699, 704, 708, 709, 712, 716, 723, 726, 733, 738, 740, 749, 752, 772, 777, 787, 790, 797, 805, 812, 816], [161, 169, 170, 177, 179, 181, 182, 183, 207, 217, 225, 233, 236, 238, 256, 262, 264, 266, 271, 273, 279, 281, 282, 284, 286, 288, 289, 292, 294, 296, 299, 303, 305, 308, 310, 311, 327, 333, 339, 340, 342, 348, 371, 372, 373, 374, 375, 376, 377, 378, 379, 380, 381, 382, 383, 384, 387, 388, 404, 405, 406, 417, 418, 421, 422, 423, 424, 425, 426, 428, 431, 433, 435, 436, 438, 440, 442, 443, 444, 445, 447, 448, 449, 451, 454, 455, 457, 459, 464, 468, 470, 471, 474, 475, 476, 479, 481, 483, 485, 487, 489, 491, 493, 495, 498, 499, 500, 502, 504, 505, 507, 508, 514, 516, 519, 521, 527, 530, 532, 534, 536, 537, 539, 548, 549, 550, 551, 552, 553, 554, 555, 556, 557, 558, 559, 560, 562, 566, 567, 568, 571, 573, 583, 589, 610, 611, 613, 614, 616, 618, 621, 623, 624, 625, 626, 629, 630, 638, 640, 649, 650, 652, 655, 660, 661, 662, 663, 664, 665, 666, 669, 673, 675, 676, 679, 681, 690, 693, 698, 701, 703, 704, 708, 710, 712, 716, 721, 723, 726, 732, 733, 737, 738, 740, 747, 749, 772, 777, 787, 790, 797, 805, 812, 816], [82, 105, 119, 121, 128, 131, 133, 135, 156, 157, 158, 160, 161, 166, 186, 192, 195, 197, 199, 201, 203, 205, 206, 218, 223, 224, 229, 234, 237, 242, 244, 249, 254, 257, 259, 260, 265, 266, 278, 283, 285, 286, 290, 295, 297, 299, 304, 305, 308, 310, 311, 314, 317, 318, 323, 337, 338, 339, 340, 341, 342, 343, 344, 346, 348, 354, 355, 358, 361, 365, 368, 370, 376, 377, 387, 388, 389, 393, 394, 395, 397, 400, 402, 403, 406, 408, 409, 410, 411, 412, 419, 420, 425, 426, 432, 434, 436, 441, 442, 445, 447, 452, 455, 457, 465, 469, 472, 473, 474, 480, 482, 483, 488, 489, 492, 493, 495, 498, 499, 505, 506, 511, 512, 513, 514, 516, 518, 519, 521, 526, 527, 530, 532, 537, 539, 544, 546, 548, 551, 552, 554, 557, 558, 560, 562, 563, 564, 565, 566, 567, 568, 570, 571, 573, 576, 588, 601, 604, 608, 610, 611, 613, 616, 618, 621, 625, 629, 630, 640, 642, 643, 646, 649, 652, 655, 660, 665, 673, 675, 679, 681, 699, 701, 709, 710, 712, 721, 723, 726, 737, 738, 740, 747, 749, 752, 787, 790, 797, 812, 816], [42, 52, 60, 77, 96, 97, 110, 111, 114, 116, 119, 122, 124, 129, 135, 138, 139, 141, 156, 157, 158, 160, 161, 162, 163, 164, 165, 166, 167, 168, 169, 170, 174, 177, 180, 182, 183, 186, 217, 225, 230, 236, 238, 240, 250, 251, 269, 270, 271, 273, 275, 277, 278, 280, 284, 288, 298, 303, 307, 311, 315, 316, 318, 319, 321, 323, 327, 338, 339, 340, 341, 342, 343, 346, 348, 349, 350, 351, 352, 353, 354, 355, 356, 358, 360, 361, 362, 364, 365, 368, 369, 370, 371, 372, 373, 374, 375, 376, 377, 378, 379, 380, 382, 383, 388, 389, 405, 435, 444, 448, 453, 454, 460, 466, 471, 475, 490, 491, 500, 504, 506, 507, 508, 544, 545, 546, 562, 565, 566, 567, 568, 571, 576, 577, 580, 581, 583, 584, 585, 588, 589, 598, 601, 603, 604, 605, 608, 610, 611, 613, 614, 616, 618, 621, 623, 624, 625, 626, 629, 630, 708, 772, 777]!Vessel: FarStar
] 

Rvl : [
!l : 2, 3
[116, 122, 124, 129, 135, 168, 170, 174, 177, 178, 180, 186, 191, 196, 198, 199, 202, 203, 214, 267, 275, 280, 284, 285, 287, 288, 290, 291, 293, 297, 298, 299, 300, 301, 303, 307, 309, 311, 313, 315, 316, 318, 320, 321, 323, 327, 338, 339, 340, 341, 342, 344, 346, 347, 348, 350, 351, 353, 369, 372, 373, 380, 382, 383, 384, 385, 386, 388, 389, 392, 393, 394, 404, 405, 408, 413, 516, 517, 518, 519, 521, 522, 523, 524, 528, 529, 530, 531, 532, 533, 541, 542, 543, 544, 550, 556, 561, 562, 567, 568, 570, 571, 572, 573, 574, 575, 578, 582, 583, 584, 586, 625, 631, 632, 638, 640, 653, 655, 731], [164, 194, 204, 205, 206, 213, 226, 230, 231, 232, 234, 236, 238, 240, 241, 242, 246, 250, 251, 252, 255, 257, 263, 265, 266, 269, 270, 277, 278, 283, 295, 302, 304, 306, 319, 333, 343, 349, 352, 354, 355, 356, 357, 358, 359, 360, 361, 362, 363, 364, 365, 366, 367, 368, 370, 371, 374, 375, 376, 377, 390, 391, 395, 396, 397, 398, 399, 400, 401, 402, 403, 407, 409, 410, 411, 412, 414, 415, 416, 419, 420, 423, 424, 427, 429, 430, 431, 432, 434, 435, 437, 438, 439, 440, 441, 442, 444, 446, 448, 449, 450, 451, 452, 453, 454, 455, 456, 458, 460, 461, 462, 463, 465, 466, 467, 468, 469, 471, 472, 473, 475, 477, 478, 479, 480, 482, 484, 485, 486, 487, 488, 489, 490, 491, 492, 494, 496, 497, 498, 499, 500, 501, 502, 503, 504, 506, 507, 508, 509, 510, 511, 512, 513, 514, 515, 520, 525, 526, 527, 534, 535, 536, 537, 538, 539, 540, 545, 546, 547, 553, 554, 559, 563, 564, 565, 566, 569, 576, 577, 579, 580, 581, 585, 587, 588, 589, 590, 591, 592, 593, 594, 595, 596, 597, 598, 599, 600, 601, 602, 603, 604, 605, 606, 607, 608, 609, 610, 611, 612, 613, 614, 615, 616, 617, 618, 619, 620, 621, 622, 623, 624, 626, 627, 628, 629, 630, 633, 634, 635, 636, 637, 639, 641, 642, 643, 644, 645, 646, 647, 648, 649, 650, 651, 652, 654, 656, 657, 658, 659, 660, 661, 662, 663, 664, 665, 666, 667, 668, 669, 670, 671, 672, 673, 674, 675, 676, 677, 678, 679, 680, 681, 682, 683, 684, 685, 686, 687, 688, 689, 690, 691, 692, 693, 694, 695, 696, 697, 698, 699, 700, 701, 702, 703, 704, 705, 706, 707, 708, 709, 710, 711, 712, 713, 714, 715, 716, 717, 718, 719, 720, 721, 722, 723, 724, 725, 726, 727, 728, 729, 730, 732, 733, 734, 735, 736, 737, 738, 739, 740, 741, 742, 743, 744, 745, 746, 747, 748, 749, 750, 751, 752, 753, 754, 755, 756, 757, 758, 759, 760, 761, 762, 763, 764, 765, 766, 767, 768, 769, 770, 771, 772, 773, 774, 775, 776, 777, 778, 779, 780, 781, 782, 783, 784, 785, 786, 787, 788, 789, 790, 791, 792, 793, 794, 795, 796, 797, 798, 799, 800, 801, 802, 803, 804, 805, 806, 807, 808, 809, 810, 811, 812, 813, 814, 815, 816, 817, 818, 819, 820, 821, 822, 823, 824, 825, 826, 827, 828, 829]!Vessel: FarSeeker
[116, 122, 124, 129, 135, 168, 170, 174, 177, 178, 180, 186, 191, 196, 198, 199, 202, 203, 214, 267, 275, 280, 284, 285, 287, 288, 290, 291, 293, 297, 298, 299, 300, 301, 303, 307, 309, 311, 313, 315, 316, 318, 320, 321, 323, 327, 338, 339, 340, 341, 342, 344, 346, 347, 348, 350, 351, 353, 369, 372, 373, 380, 382, 383, 384, 385, 386, 388, 389, 392, 393, 394, 404, 405, 408, 413, 516, 517, 518, 519, 521, 522, 523, 524, 528, 529, 530, 531, 532, 533, 541, 542, 543, 544, 550, 556, 561, 562, 567, 568, 570, 571, 572, 573, 574, 575, 578, 582, 583, 584, 586, 625, 631, 632, 638, 640, 653, 655, 731], [164, 194, 204, 205, 206, 213, 226, 230, 231, 232, 234, 236, 238, 240, 241, 242, 246, 250, 251, 252, 255, 257, 263, 265, 266, 269, 270, 277, 278, 283, 295, 302, 304, 306, 319, 333, 343, 349, 352, 354, 355, 356, 357, 358, 359, 360, 361, 362, 363, 364, 365, 366, 367, 368, 370, 371, 374, 375, 376, 377, 390, 391, 395, 396, 397, 398, 399, 400, 401, 402, 403, 407, 409, 410, 411, 412, 414, 415, 416, 419, 420, 423, 424, 427, 429, 430, 431, 432, 434, 435, 437, 438, 439, 440, 441, 442, 444, 446, 448, 449, 450, 451, 452, 453, 454, 455, 456, 458, 460, 461, 462, 463, 465, 466, 467, 468, 469, 471, 472, 473, 475, 477, 478, 479, 480, 482, 484, 485, 486, 487, 488, 489, 490, 491, 492, 494, 496, 497, 498, 499, 500, 501, 502, 503, 504, 506, 507, 508, 509, 510, 511, 512, 513, 514, 515, 520, 525, 526, 527, 534, 535, 536, 537, 538, 539, 540, 545, 546, 547, 553, 554, 559, 563, 564, 565, 566, 569, 576, 577, 579, 580, 581, 585, 587, 588, 589, 590, 591, 592, 593, 594, 595, 596, 597, 598, 599, 600, 601, 602, 603, 604, 605, 606, 607, 608, 609, 610, 611, 612, 613, 614, 615, 616, 617, 618, 619, 620, 621, 622, 623, 624, 626, 627, 628, 629, 630, 633, 634, 635, 636, 637, 639, 641, 642, 643, 644, 645, 646, 647, 648, 649, 650, 651, 652, 654, 656, 657, 658, 659, 660, 661, 662, 663, 664, 665, 666, 667, 668, 669, 670, 671, 672, 673, 674, 675, 676, 677, 678, 679, 680, 681, 682, 683, 684, 685, 686, 687, 688, 689, 690, 691, 692, 693, 694, 695, 696, 697, 698, 699, 700, 701, 702, 703, 704, 705, 706, 707, 708, 709, 710, 711, 712, 713, 714, 715, 716, 717, 718, 719, 720, 721, 722, 723, 724, 725, 726, 727, 728, 729, 730, 732, 733, 734, 735, 736, 737, 738, 739, 740, 741, 742, 743, 744, 745, 746, 747, 748, 749, 750, 751, 752, 753, 754, 755, 756, 757, 758, 759, 760, 761, 762, 763, 764, 765, 766, 767, 768, 769, 770, 771, 772, 773, 774, 775, 776, 777, 778, 779, 780, 781, 782, 783, 784, 785, 786, 787, 788, 789, 790, 791, 792, 793, 794, 795, 796, 797, 798, 799, 800, 801, 802, 803, 804, 805, 806, 807, 808, 809, 810, 811, 812, 813, 814, 815, 816, 817, 818, 819, 820, 821, 822, 823, 824, 825, 826, 827, 828, 829]!Vessel: FarSearcher
[42, 52, 60, 73, 77, 79, 82, 111, 114, 116, 119, 122, 124, 125, 128, 129, 135, 141, 156, 157, 158, 160, 168, 170, 174, 177, 178, 179, 180, 182, 183, 186, 191, 196, 198, 199, 202, 203, 207, 214, 217, 225, 267, 271, 273, 275, 279, 280, 282, 284, 285, 286, 287, 288, 289, 290, 291, 292, 293, 294, 296, 297, 298, 299, 300, 301, 303, 307, 308, 309, 310, 311, 313, 315, 316, 318, 320, 321, 323, 327, 338, 339, 340, 341, 342, 344, 346, 347, 348, 350, 351, 353, 369, 372, 373, 379, 380, 382, 383, 384, 385, 386, 388, 389, 392, 393, 394, 404, 405, 406, 408, 413, 516, 518, 519, 521, 522, 523, 529, 530, 532, 543, 544, 550, 551, 556, 557, 561, 562, 567, 568, 570, 571, 573, 583, 584, 586, 625, 631, 638, 640, 655], [96, 97, 105, 162, 163, 164, 165, 166, 194, 195, 204, 205, 206, 213, 226, 229, 230, 231, 232, 233, 234, 236, 238, 240, 241, 242, 246, 250, 251, 252, 254, 255, 256, 257, 262, 263, 264, 265, 266, 269, 270, 277, 278, 283, 295, 302, 304, 305, 306, 319, 333, 343, 349, 352, 354, 355, 356, 357, 358, 359, 360, 361, 362, 363, 364, 365, 366, 367, 368, 370, 371, 374, 375, 376, 377, 378, 390, 391, 395, 396, 397, 398, 399, 400, 401, 402, 403, 407, 409, 410, 411, 412, 414, 415, 416, 419, 420, 421, 423, 424, 425, 426, 427, 428, 429, 430, 431, 432, 433, 434, 435, 436, 437, 438, 440, 441, 442, 444, 445, 446, 447, 448, 449, 451, 452, 453, 454, 455, 456, 457, 458, 459, 460, 461, 462, 463, 464, 465, 466, 467, 468, 469, 471, 472, 473, 474, 475, 476, 477, 478, 479, 480, 481, 482, 483, 484, 485, 487, 488, 489, 490, 491, 492, 493, 494, 495, 498, 499, 500, 501, 502, 504, 505, 506, 507, 508, 509, 510, 511, 512, 513, 514, 525, 526, 527, 534, 536, 537, 539, 545, 546, 548, 549, 552, 553, 554, 558, 559, 563, 564, 565, 566, 569, 576, 577, 580, 581, 585, 588, 589, 591, 593, 595, 598, 601, 603, 604, 605, 608, 610, 611, 613, 614, 615, 616, 617, 618, 620, 621, 622, 623, 624, 626, 627, 628, 629, 630, 633, 634, 642, 643, 646, 647, 649, 650, 652, 654, 659, 660, 661, 662, 663, 664, 665, 666, 667, 668, 669, 672, 673, 675, 676, 678, 679, 680, 681, 682, 684, 685, 686, 689, 690, 691, 692, 693, 695, 696, 698, 699, 700, 701, 702, 703, 704, 705, 706, 708, 709, 710, 712, 713, 714, 715, 716, 718, 720, 721, 723, 724, 725, 726, 727, 729, 730, 732, 733, 734, 735, 736, 737, 738, 739, 740, 742, 743, 747, 748, 749, 750, 751, 752, 754, 755, 756, 764, 766, 768, 771, 772, 773, 775, 776, 777, 782, 783, 787, 788, 790, 797, 805, 811, 812, 816]!Vessel: FarSymphony
[42, 77, 116, 122, 124, 129, 135, 157, 158, 168, 170, 174, 177, 178, 180, 183, 186, 191, 196, 198, 199, 202, 203, 214, 217, 225, 267, 271, 273, 275, 280, 284, 285, 286, 287, 288, 290, 291, 292, 293, 294, 297, 298, 299, 300, 301, 303, 307, 308, 309, 311, 313, 315, 316, 318, 320, 321, 323, 327, 338, 339, 340, 341, 342, 344, 346, 347, 348, 350, 351, 353, 369, 372, 373, 380, 382, 383, 384, 385, 386, 388, 389, 392, 393, 394, 404, 405, 408, 413, 516, 518, 519, 521, 522, 523, 524, 528, 529, 530, 532, 533, 541, 542, 543, 544, 550, 551, 556, 561, 562, 567, 568, 570, 571, 572, 573, 574, 582, 583, 584, 586, 625, 631, 638, 640, 655], [97, 162, 164, 166, 194, 204, 205, 206, 213, 226, 230, 231, 232, 233, 234, 236, 238, 240, 241, 242, 246, 250, 251, 252, 255, 256, 257, 262, 263, 265, 266, 269, 270, 277, 278, 283, 295, 302, 304, 305, 306, 319, 333, 343, 349, 352, 354, 355, 356, 357, 358, 359, 360, 361, 362, 363, 364, 365, 366, 367, 368, 370, 371, 374, 375, 376, 377, 378, 390, 391, 395, 396, 397, 398, 399, 400, 401, 402, 403, 407, 409, 410, 411, 412, 414, 415, 416, 419, 420, 423, 424, 427, 429, 430, 431, 432, 434, 435, 436, 437, 438, 440, 441, 442, 444, 445, 446, 448, 449, 451, 452, 453, 454, 455, 456, 457, 458, 460, 461, 462, 463, 465, 466, 467, 468, 469, 471, 472, 473, 475, 476, 477, 478, 479, 480, 482, 483, 484, 485, 487, 488, 489, 490, 491, 492, 493, 494, 496, 497, 498, 499, 500, 501, 502, 503, 504, 506, 507, 508, 509, 510, 511, 512, 513, 514, 515, 525, 526, 527, 534, 536, 537, 539, 540, 545, 546, 547, 552, 553, 554, 559, 563, 564, 565, 566, 569, 576, 577, 579, 580, 581, 585, 587, 588, 589, 591, 593, 595, 596, 598, 599, 601, 602, 603, 604, 605, 606, 608, 610, 611, 612, 613, 614, 615, 616, 617, 618, 619, 620, 621, 622, 623, 624, 626, 627, 628, 629, 630, 633, 634, 635, 636, 637, 639, 641, 642, 643, 644, 645, 646, 647, 648, 649, 650, 651, 652, 654, 656, 657, 658, 659, 660, 661, 662, 663, 664, 665, 666, 667, 668, 669, 670, 671, 672, 673, 675, 676, 678, 679, 680, 681, 682, 683, 684, 685, 686, 688, 689, 690, 691, 692, 693, 694, 695, 696, 697, 698, 699, 700, 701, 702, 703, 704, 705, 706, 707, 708, 709, 710, 711, 712, 713, 714, 715, 716, 717, 718, 719, 720, 721, 723, 724, 725, 726, 727, 728, 729, 730, 732, 733, 734, 735, 736, 737, 738, 739, 740, 742, 743, 744, 745, 746, 747, 748, 749, 750, 751, 752, 753, 754, 755, 756, 757, 758, 759, 761, 762, 763, 764, 766, 768, 769, 771, 772, 773, 775, 776, 777, 778, 782, 783, 784, 786, 787, 788, 789, 790, 792, 794, 795, 796, 797, 798, 804, 805, 808, 811, 812, 813, 815, 816, 823, 824, 826, 829]!Vessel: HavilaForesight
[42, 52, 56, 60, 62, 73, 77, 79, 80, 81, 82, 94, 101, 104, 108, 110, 111, 114, 116, 119, 121, 122, 124, 125, 126, 127, 128, 129, 131, 133, 135, 138, 139, 141, 156, 157, 158, 160, 161, 167, 168, 169, 170, 174, 177, 178, 179, 180, 181, 182, 183, 186, 190, 191, 192, 196, 198, 199, 201, 202, 203, 207, 214, 217, 225, 267, 271, 273, 275, 279, 280, 281, 282, 284, 285, 286, 288, 289, 290, 292, 294, 296, 297, 298, 299, 301, 303, 307, 308, 310, 311, 313, 314, 315, 316, 318, 320, 321, 323, 327, 338, 339, 340, 341, 342, 344, 346, 348, 350, 351, 353, 369, 372, 373, 379, 380, 381, 382, 383, 384, 387, 388, 389, 392, 393, 394, 404, 405, 406, 408, 516, 518, 519, 521, 530, 532, 544, 550, 551, 556, 557, 562, 567, 568, 570, 571, 573, 583, 584, 625, 638, 640, 655], [96, 97, 105, 162, 163, 164, 165, 166, 175, 188, 189, 193, 194, 195, 197, 204, 205, 206, 210, 213, 218, 223, 224, 226, 227, 229, 230, 231, 232, 233, 234, 236, 237, 238, 240, 241, 242, 244, 246, 249, 250, 251, 252, 253, 254, 255, 256, 257, 259, 260, 262, 264, 265, 266, 269, 270, 277, 278, 283, 295, 304, 305, 317, 319, 333, 337, 343, 349, 352, 354, 355, 356, 358, 360, 361, 362, 364, 365, 368, 370, 371, 374, 375, 376, 377, 378, 390, 391, 395, 396, 397, 398, 400, 401, 402, 403, 407, 409, 410, 411, 412, 414, 415, 416, 417, 418, 419, 420, 421, 422, 423, 424, 425, 426, 427, 428, 430, 431, 432, 433, 434, 435, 436, 437, 438, 440, 441, 442, 443, 444, 445, 447, 448, 449, 451, 452, 453, 454, 455, 457, 458, 459, 460, 461, 462, 463, 464, 465, 466, 467, 468, 469, 470, 471, 472, 473, 474, 475, 476, 478, 479, 480, 481, 482, 483, 484, 485, 487, 488, 489, 490, 491, 492, 493, 495, 498, 499, 500, 502, 504, 505, 506, 507, 508, 510, 511, 512, 513, 514, 526, 527, 534, 536, 537, 539, 545, 546, 548, 549, 552, 553, 554, 555, 558, 559, 560, 563, 564, 565, 566, 576, 577, 580, 581, 585, 588, 589, 598, 601, 603, 604, 605, 608, 610, 611, 613, 614, 616, 618, 621, 623, 624, 626, 629, 630, 642, 643, 646, 649, 650, 652, 660, 661, 662, 663, 664, 665, 666, 669, 673, 675, 676, 679, 681, 690, 692, 693, 698, 699, 701, 703, 704, 708, 709, 710, 712, 716, 721, 723, 726, 732, 733, 737, 738, 740, 747, 749, 752, 772, 777, 787, 790, 797, 805, 812, 816]!Vessel: FarStar
] 

minF : 1
maxF : 6
Nf : [
!f : 1, 2, 3, 4, 5, 6
[10], [5, 6], [], [], [2, 3, 4, 7], [1, 8, 9]
]

! Parameters
VoyageCost: [37970, 39085, 64838, 53931, 37570, 44429, 45544, 73722, 62814, 42817, 43726, 43120, 46453, 44696, 43120, 73722, 62814, 40394, 38879, 38273, 44029, 39848, 74837, 63929, 43932, 42418, 44235, 47568, 45811, 72716, 73019, 72413, 75746, 73988, 62111, 64838, 72110, 61202, 39691, 41509, 44841, 43084, 37570, 43326, 41569, 61505, 45144, 46720, 65505, 38539, 50186, 51156, 49580, 81296, 70389, 50392, 48877, 50695, 54028, 52271, 81599, 49277, 48574, 48877, 49580, 49847, 52913, 52210, 80181, 69274, 78872, 67965, 47968, 46453, 48271, 51604, 49847, 81599, 78569, 67662, 46150, 51301, 79478, 68571, 44029, 78872, 67965, 44999, 82205, 71298, 82714, 47568, 50962, 78569, 78872, 80448, 80448, 78169, 79987, 83320, 79987, 80896, 83623, 77867, 83017, 78169, 83320, 67662, 67965, 69541, 69541, 67262, 72413, 70656, 66959, 70353, 67262, 68232, 73988, 47968, 51301, 49544, 45544, 47120, 79684, 68777, 47265, 52416, 50659, 68777, 72110, 44841, 50598, 52416, 53991, 79478, 68571, 50453, 45605, 50901, 49144, 44296, 81502, 70595, 51604, 49180, 69080, 49083, 52719, 80290, 72413, 79684, 48477, 82205, 71298, 53179, 50756, 54294, 49786, 52477, 51871, 81563, 81866, 81260, 82169, 84896, 71261, 48841, 79139, 48235, 55337, 55337, 54731, 56306, 89174, 54028, 57421, 55034, 54428, 56003, 53725, 55603, 56306, 58670, 58064, 59639, 57361, 88059, 85332, 74425, 54428, 58064, 86750, 86144, 89780, 75237, 78872, 53725, 58876, 51604, 57361, 74122, 57761, 86447, 89477, 78569, 51301, 85938, 75031, 84629, 73722, 87356, 84326, 73419, 84629, 73722, 50756, 87962, 77055, 85332, 74425, 86750, 88665, 77757, 54294, 86144, 84629, 86447, 89780, 88022, 85029, 84326, 86144, 89477, 84629, 85599, 87962, 85599, 84023, 85599, 85441, 90592, 83320, 89077, 90895, 86447, 87356, 86750, 90083, 88325, 88325, 87562, 86047, 91198, 85744, 87562, 90895, 86047, 90083, 89380, 91198, 83720, 85296, 83017, 88774, 90592, 75237, 75540, 77115, 76812, 74691, 77055, 74691, 73116, 74691, 72413, 76412, 81563, 72813, 74388, 72110, 75237, 78569, 54694, 57058, 58876, 60451, 52271, 55543, 58876, 57118, 53119, 54694, 76352, 79684, 52416, 58173, 56415, 59991, 61566, 74534, 77927, 75503, 77867, 79684, 81260, 52877, 56452, 58027, 55749, 59142, 73722, 53725, 57361, 55603, 53179, 78169, 60051, 77721, 73419, 55300, 73722, 58936, 89780, 78872, 56755, 54997, 87356, 76449, 59179, 87865, 79987, 87259, 56052, 86653, 75746, 78872, 60754, 58330, 55906, 58330, 59445, 80448, 57058, 54937, 56512, 59748, 55203, 86908, 76000, 56912, 86205, 75297, 88931, 78024, 89440, 88834, 92470, 87719, 88628, 91355, 87320, 89137, 90046, 92773, 87017, 92167, 90652, 76109, 79745, 86714, 75806, 55809, 87017, 86411, 90046, 79139, 84896, 73988, 51568, 60487, 61457, 60754, 60184, 61154, 60451, 63820, 64790, 65396, 81696, 92604, 60184, 65335, 63820, 96239, 94022, 97657, 91901, 97051, 95536, 80993, 86144, 84629, 58876, 58330, 62511, 92907, 63517, 95936, 97354, 95233, 84326, 58027, 80181, 92507, 79878, 80181, 92507, 94421, 83514, 89780, 78872, 89477, 78569, 93113, 82205, 91089, 90483, 92058, 91901, 93719, 97051, 89780, 95536, 93173, 97354, 90786, 90180, 91755, 89477, 95233, 97051, 91089, 92058, 93816, 95391, 93113, 90749, 91295, 92870, 90592, 96348, 91355, 90046, 94930, 96506, 94228, 93816, 93210, 94785, 93210, 94022, 92507, 94325, 97657, 95900, 92204, 94022, 97354, 92507, 93476, 96542, 95839, 97657, 93476, 91901, 93476, 93319, 95137, 98469, 91198, 96954, 98772, 92204, 91598, 93173, 90895, 96651, 98469, 94082, 92773, 95839, 95233, 96809, 94531, 90446, 91052, 94627, 93925, 91355, 94688, 82811, 84387, 82266, 82908, 84484, 79842, 79139, 79539, 80993, 86144, 85029, 84326, 86144, 87719, 62911, 64487, 64632, 66450, 68026, 62208, 65602, 62269, 59845, 83078, 85441, 87259, 60451, 59142, 64026, 65602, 63323, 66717, 80387, 81963, 79684, 83720, 85296, 83017, 87017, 62875, 63178, 62475, 66511, 82872, 87320, 82569, 86447, 79575, 59578, 63214, 84023, 79272, 98166, 78872, 58876, 62511, 83320, 78569, 82205, 64790, 65905, 85332, 84629, 88022, 85599, 63481, 62778, 85599, 64632, 61663, 66208, 62208, 63784, 67323, 86205, 81151, 61154, 80848, 92664, 81757, 61760, 62063, 62063, 80448, 64087, 80145, 83781, 81151, 95294, 98930, 96712, 100348, 94591, 98227, 83684, 88834, 93779, 93476, 98627, 97112, 95597, 96506, 99233, 95197, 94894, 100045, 98530, 97924, 94082, 83175, 93985, 97621, 94591, 92870, 96506, 94288, 97924, 97318, 81963, 86714, 86411, 91355, 80448, 64087, 80448, 89743, 78836, 93379, 82472, 67214, 66911, 70546, 87453, 92604, 100481, 103511, 65335, 71092, 68971, 98360, 101996, 104117, 99778, 104929, 103414, 97051, 102808, 100687, 86144, 91901, 89780, 65602, 69238, 68668, 101693, 103814, 103111, 100384, 89477, 85332, 97657, 85029, 97354, 88665, 96239, 97209, 97754, 97051, 102808, 97815, 96506, 101390, 102966, 100687, 95936, 96203, 101087, 100384, 97815, 99572, 100542, 101148, 96506, 102202, 101499, 102263, 101657, 100954, 98966, 99936, 98966, 98360, 99936, 99778, 101596, 104929, 97657, 103414, 101051, 105232, 98663, 98057, 97354, 103111, 104929, 100542, 99233, 102299, 101693, 103269, 100990, 99233, 98627, 99172, 98469, 104226, 106044, 99233, 97924, 102808, 104384, 102105, 102505, 101802, 100990, 101960, 102566, 101257, 89634, 65602, 86847, 86144, 91901, 93719, 90786, 90180, 89477, 70486, 69783, 68935, 91295, 90592, 70546, 93779, 91355, 90483, 104626, 89780, 69940, 69238, 91089, 92058, 90749, 90046, 69783, 86908, 90240, 104687, 106807, 106104, 101657, 104989, 86302, 85999, 104081, 100748, 104384, 105499, 89537, 93173, 86908, 85599, 85296, 99839, 88931, 85599, 85296, 86411, 97621, 89743, 99839, 88931, 92604, 75697, 103511, 107147, 109874, 104929, 108565, 107959, 97051, 96506, 106844, 108262, 76243, 96239, 95936, 102966, 108662, 107959, 107413, 106298, 105692, 104117, 105086, 105632, 104929, 112503, 104384, 109268, 108565, 103814, 108965, 108262, 107450, 108419, 107716, 104384, 110080, 109377, 107716, 92058, 95391, 97754, 97051, 97209, 96506, 115024]
VoyageDuration: [2, 2, 2, 2, 2, 2, 2, 2, 2, 2, 2, 2, 2, 2, 2, 2, 2, 2, 2, 2, 2, 2, 2, 2, 2, 2, 2, 2, 2, 2, 2, 2, 2, 2, 2, 2, 2, 2, 2, 2, 2, 2, 2, 2, 2, 2, 2, 2, 2, 2, 2, 2, 2, 3, 2, 2, 2, 2, 2, 2, 3, 2, 2, 2, 2, 2, 2, 2, 2, 2, 2, 2, 2, 2, 2, 2, 2, 3, 2, 2, 2, 2, 2, 2, 2, 2, 2, 2, 3, 2, 3, 2, 2, 2, 2, 3, 3, 2, 2, 3, 2, 2, 3, 2, 3, 2, 3, 2, 2, 2, 2, 2, 2, 2, 2, 2, 2, 2, 2, 2, 2, 2, 2, 2, 2, 2, 2, 2, 2, 2, 2, 2, 2, 2, 2, 2, 2, 2, 2, 2, 2, 2, 3, 2, 2, 2, 2, 2, 2, 2, 2, 2, 2, 3, 2, 2, 2, 2, 2, 2, 2, 3, 3, 3, 3, 3, 2, 2, 2, 2, 2, 2, 2, 2, 3, 2, 2, 2, 2, 2, 2, 2, 2, 2, 2, 2, 2, 3, 3, 2, 2, 2, 3, 3, 3, 2, 3, 2, 2, 2, 2, 2, 2, 3, 3, 3, 2, 3, 2, 3, 2, 3, 3, 2, 3, 2, 2, 3, 3, 3, 2, 3, 3, 3, 2, 3, 3, 3, 3, 3, 3, 3, 3, 3, 3, 3, 3, 3, 3, 3, 3, 3, 3, 3, 3, 3, 3, 3, 3, 3, 3, 3, 3, 3, 3, 3, 3, 3, 3, 3, 3, 3, 3, 3, 3, 3, 2, 2, 3, 3, 2, 3, 2, 2, 2, 2, 3, 3, 2, 2, 2, 2, 3, 2, 2, 2, 2, 2, 2, 2, 2, 2, 2, 2, 3, 2, 2, 2, 2, 2, 2, 3, 2, 3, 3, 3, 2, 2, 2, 2, 2, 2, 2, 2, 2, 2, 3, 2, 3, 2, 2, 2, 2, 3, 3, 2, 2, 3, 3, 2, 3, 3, 3, 2, 3, 2, 3, 2, 2, 2, 2, 2, 3, 2, 2, 2, 2, 2, 3, 2, 2, 3, 2, 3, 3, 3, 3, 3, 3, 3, 3, 3, 3, 3, 3, 3, 3, 3, 2, 3, 3, 2, 2, 3, 3, 3, 3, 3, 2, 2, 2, 2, 2, 2, 2, 2, 2, 2, 2, 3, 3, 2, 2, 2, 3, 3, 3, 3, 3, 3, 3, 3, 3, 2, 2, 2, 3, 2, 3, 3, 3, 3, 2, 3, 3, 3, 3, 3, 3, 3, 3, 3, 3, 3, 3, 3, 3, 3, 3, 3, 3, 3, 3, 3, 3, 3, 3, 3, 3, 3, 3, 3, 3, 3, 3, 3, 3, 3, 3, 3, 3, 3, 3, 3, 3, 3, 3, 3, 3, 3, 3, 3, 3, 3, 3, 3, 3, 3, 3, 3, 3, 3, 3, 3, 3, 3, 3, 3, 3, 3, 3, 3, 3, 3, 3, 3, 3, 3, 3, 3, 3, 3, 3, 3, 3, 3, 3, 3, 3, 3, 3, 3, 3, 3, 3, 3, 3, 3, 3, 3, 3, 3, 3, 3, 3, 2, 2, 2, 2, 3, 2, 2, 2, 2, 3, 3, 3, 2, 2, 2, 2, 2, 2, 3, 3, 3, 3, 3, 3, 3, 2, 2, 2, 2, 3, 3, 3, 3, 3, 2, 2, 3, 3, 3, 3, 2, 2, 3, 3, 3, 2, 2, 3, 3, 3, 3, 2, 2, 3, 2, 2, 2, 2, 2, 2, 3, 3, 2, 3, 3, 3, 2, 2, 2, 3, 2, 3, 3, 3, 3, 3, 3, 3, 3, 3, 3, 3, 3, 3, 3, 3, 3, 3, 3, 3, 3, 3, 3, 3, 3, 3, 3, 3, 3, 3, 3, 3, 3, 3, 3, 3, 3, 3, 3, 2, 3, 3, 3, 3, 3, 2, 2, 3, 3, 3, 3, 3, 2, 3, 2, 3, 3, 3, 3, 3, 3, 3, 3, 3, 3, 3, 3, 2, 3, 2, 3, 3, 3, 3, 3, 3, 3, 3, 3, 3, 3, 3, 3, 3, 3, 3, 3, 3, 3, 3, 3, 3, 3, 3, 3, 3, 3, 3, 3, 3, 3, 3, 3, 3, 3, 3, 3, 3, 3, 3, 3, 3, 3, 3, 3, 3, 3, 3, 3, 3, 3, 3, 3, 3, 3, 3, 3, 3, 3, 3, 3, 3, 3, 3, 3, 3, 3, 3, 3, 3, 3, 3, 3, 3, 3, 2, 3, 3, 3, 3, 3, 3, 3, 3, 3, 3, 3, 3, 3, 3, 3, 3, 3, 3, 3, 3, 3, 3, 3, 3, 3, 3, 3, 3, 3, 3, 3, 3, 3, 3, 3, 3, 3, 3, 3, 3, 3, 3, 3, 3, 3, 3, 3, 3, 3, 3, 3, 3, 3, 3, 3, 3, 3, 3, 3, 3, 3, 3, 3, 3, 3, 3, 3, 3, 3, 3, 3, 3, 3, 3, 3, 3, 3, 3, 3, 3, 3, 3, 3, 3, 3, 3, 3, 3, 3, 3, 3, 3, 3, 3, 3, 3, 3, 3]
TimeCharterCost: [120000, 125000, 130000, 110000, 104000]
RequiredVisits: [6, 5, 5, 5, 2, 2, 5, 6, 6, 1]
NumberOfDaysAvailable: [7, 7, 7, 7, 7]
DepotCapacity: [3, 3, 3, 3, 3, 3, 0]
