!Summary:
!Execution time: 1,06 seconds
!Total # voyages: 1244 (1496 unique)
!Number of installations (excluding depot): 11
!Number of time windows: 3
!Number of vessels: 5

!Min. # installations: 1
!Max. number of installations: 8
!Min. duration: 56
!Max. duration: 80

!Name: FarStar	 # voyages: 233
!Name: FarSymphony	 # voyages: 253
!Name: FarSearcher	 # voyages: 262
!Name: FarSeeker	 # voyages: 262
!Name: HavilaForesight	 # voyages: 234
!------------------------------------------------------------------------------------------------------------------------
nV : 5
nR : 1496
nN : 11
nT : 7
minL : 2
maxL : 3

! Sets: 
Rv : [
[564, 566, 579, 580, 582, 592, 610, 618, 627, 647, 648, 649, 651, 773, 775, 779, 782, 802, 804, 807, 808, 810, 851, 878, 880, 882, 887, 895, 898, 900, 913, 914, 915, 920, 923, 927, 929, 932, 943, 944, 945, 948, 959, 962, 968, 975, 998, 1008, 1010, 1012, 1013, 1014, 1017, 1019, 1020, 1022, 1025, 1028, 1029, 1032, 1033, 1035, 1037, 1038, 1039, 1057, 1063, 1064, 1065, 1069, 1071, 1075, 1079, 1086, 1093, 1096, 1097, 1099, 1101, 1102, 1104, 1108, 1111, 1115, 1116, 1119, 1125, 1126, 1127, 1131, 1134, 1140, 1144, 1145, 1147, 1154, 1155, 1156, 1158, 1159, 1163, 1168, 1172, 1173, 1175, 1178, 1180, 1182, 1185, 1191, 1193, 1194, 1197, 1199, 1201, 1204, 1205, 1210, 1212, 1214, 1215, 1216, 1220, 1221, 1222, 1223, 1252, 1258, 1262, 1263, 1269, 1272, 1280, 1284, 1285, 1288, 1289, 1290, 1291, 1294, 1301, 1303, 1304, 1305, 1306, 1307, 1310, 1312, 1315, 1316, 1319, 1320, 1321, 1322, 1324, 1325, 1351, 1353, 1359, 1360, 1363, 1366, 1368, 1370, 1371, 1372, 1373, 1374, 1375, 1376, 1378, 1379, 1380, 1383, 1384, 1385, 1387, 1389, 1390, 1391, 1393, 1394, 1397, 1398, 1399, 1400, 1401, 1405, 1406, 1408, 1411, 1414, 1415, 1416, 1419, 1420, 1422, 1423, 1424, 1426, 1427, 1428, 1430, 1432, 1433, 1434, 1435, 1437, 1438, 1439, 1441, 1442, 1443, 1444, 1446, 1448, 1450, 1451, 1452, 1453, 1454, 1455, 1456, 1457, 1458, 1459, 1460, 1461, 1462, 1463, 1464, 1465, 1466, 1467, 1468, 1469, 1470, 1471, 1472, 1473, 1474, 1475, 1476, 1477, 1478, 1479, 1481, 1482, 1483, 1484, 1485, 1486, 1487, 1488, 1489, 1490, 1491, 1492, 1493, 1494, 1495, 1496]!Vessel: FarSeeker
[564, 566, 579, 580, 582, 592, 610, 618, 627, 647, 648, 649, 651, 773, 775, 779, 782, 802, 804, 807, 808, 810, 851, 878, 880, 882, 887, 895, 898, 900, 913, 914, 915, 920, 923, 927, 929, 932, 943, 944, 945, 948, 959, 962, 968, 975, 998, 1008, 1010, 1012, 1013, 1014, 1017, 1019, 1020, 1022, 1025, 1028, 1029, 1032, 1033, 1035, 1037, 1038, 1039, 1057, 1063, 1064, 1065, 1069, 1071, 1075, 1079, 1086, 1093, 1096, 1097, 1099, 1101, 1102, 1104, 1108, 1111, 1115, 1116, 1119, 1125, 1126, 1127, 1131, 1134, 1140, 1144, 1145, 1147, 1154, 1155, 1156, 1158, 1159, 1163, 1168, 1172, 1173, 1175, 1178, 1180, 1182, 1185, 1191, 1193, 1194, 1197, 1199, 1201, 1204, 1205, 1210, 1212, 1214, 1215, 1216, 1220, 1221, 1222, 1223, 1252, 1258, 1262, 1263, 1269, 1272, 1280, 1284, 1285, 1288, 1289, 1290, 1291, 1294, 1301, 1303, 1304, 1305, 1306, 1307, 1310, 1312, 1315, 1316, 1319, 1320, 1321, 1322, 1324, 1325, 1351, 1353, 1359, 1360, 1363, 1366, 1368, 1370, 1371, 1372, 1373, 1374, 1375, 1376, 1378, 1379, 1380, 1383, 1384, 1385, 1387, 1389, 1390, 1391, 1393, 1394, 1397, 1398, 1399, 1400, 1401, 1405, 1406, 1408, 1411, 1414, 1415, 1416, 1419, 1420, 1422, 1423, 1424, 1426, 1427, 1428, 1430, 1432, 1433, 1434, 1435, 1437, 1438, 1439, 1441, 1442, 1443, 1444, 1446, 1448, 1450, 1451, 1452, 1453, 1454, 1455, 1456, 1457, 1458, 1459, 1460, 1461, 1462, 1463, 1464, 1465, 1466, 1467, 1468, 1469, 1470, 1471, 1472, 1473, 1474, 1475, 1476, 1477, 1478, 1479, 1481, 1482, 1483, 1484, 1485, 1486, 1487, 1488, 1489, 1490, 1491, 1492, 1493, 1494, 1495, 1496]!Vessel: FarSearcher
[239, 251, 255, 270, 285, 290, 293, 300, 315, 318, 407, 418, 471, 483, 498, 499, 505, 510, 519, 527, 534, 536, 539, 556, 567, 572, 573, 581, 599, 608, 639, 641, 650, 655, 663, 665, 667, 676, 682, 683, 687, 688, 690, 693, 698, 708, 720, 725, 728, 733, 737, 739, 741, 749, 752, 756, 760, 766, 776, 778, 787, 799, 806, 815, 817, 819, 837, 838, 852, 859, 866, 868, 873, 885, 889, 896, 897, 907, 911, 916, 917, 933, 946, 947, 951, 957, 963, 969, 971, 979, 987, 995, 999, 1000, 1002, 1003, 1004, 1007, 1015, 1031, 1040, 1041, 1042, 1045, 1047, 1048, 1049, 1050, 1051, 1052, 1053, 1054, 1055, 1056, 1058, 1061, 1067, 1072, 1078, 1080, 1081, 1084, 1088, 1090, 1092, 1094, 1098, 1106, 1113, 1114, 1121, 1129, 1133, 1138, 1139, 1146, 1148, 1150, 1152, 1160, 1164, 1167, 1174, 1179, 1184, 1186, 1187, 1188, 1190, 1192, 1195, 1200, 1202, 1203, 1206, 1208, 1209, 1218, 1219, 1224, 1226, 1228, 1229, 1231, 1232, 1233, 1234, 1235, 1236, 1237, 1238, 1239, 1240, 1241, 1244, 1246, 1247, 1248, 1249, 1250, 1253, 1255, 1260, 1265, 1267, 1268, 1270, 1271, 1274, 1275, 1276, 1277, 1278, 1281, 1283, 1286, 1287, 1292, 1293, 1295, 1296, 1297, 1298, 1300, 1302, 1309, 1313, 1317, 1318, 1323, 1326, 1327, 1328, 1329, 1330, 1331, 1332, 1333, 1334, 1335, 1337, 1338, 1339, 1340, 1341, 1342, 1343, 1346, 1348, 1350, 1352, 1354, 1355, 1356, 1357, 1358, 1362, 1364, 1365, 1367, 1382, 1386, 1396, 1402, 1404, 1407, 1410, 1413, 1417, 1425, 1429, 1445, 1447]!Vessel: FarSymphony
[318, 483, 499, 567, 579, 580, 582, 612, 618, 627, 641, 647, 649, 650, 693, 773, 775, 779, 782, 802, 806, 808, 810, 837, 838, 844, 851, 852, 859, 885, 898, 913, 915, 916, 917, 920, 923, 929, 932, 943, 945, 962, 969, 975, 979, 987, 1010, 1013, 1019, 1020, 1022, 1025, 1028, 1029, 1032, 1033, 1039, 1040, 1041, 1042, 1057, 1061, 1064, 1065, 1069, 1071, 1072, 1075, 1078, 1084, 1090, 1092, 1093, 1096, 1098, 1101, 1104, 1108, 1111, 1113, 1115, 1116, 1119, 1121, 1126, 1127, 1131, 1134, 1138, 1140, 1144, 1145, 1146, 1147, 1150, 1152, 1156, 1158, 1159, 1163, 1164, 1167, 1168, 1171, 1173, 1175, 1178, 1179, 1182, 1185, 1186, 1188, 1190, 1191, 1192, 1194, 1195, 1196, 1197, 1199, 1201, 1204, 1205, 1209, 1210, 1212, 1214, 1215, 1218, 1219, 1220, 1221, 1222, 1223, 1232, 1238, 1250, 1255, 1258, 1260, 1262, 1263, 1269, 1274, 1276, 1278, 1283, 1285, 1288, 1289, 1290, 1291, 1294, 1295, 1297, 1298, 1301, 1302, 1305, 1307, 1308, 1309, 1310, 1312, 1313, 1314, 1316, 1317, 1318, 1319, 1320, 1321, 1322, 1324, 1325, 1330, 1341, 1355, 1357, 1358, 1359, 1365, 1366, 1370, 1371, 1372, 1373, 1374, 1375, 1376, 1381, 1394, 1399, 1400, 1402, 1404, 1408, 1411, 1415, 1417, 1424, 1430, 1435, 1438, 1441, 1442, 1447, 1452, 1457, 1458, 1459, 1460, 1467, 1468, 1473, 1475, 1477, 1478, 1479, 1481, 1483, 1484, 1485, 1486, 1487, 1488, 1489, 1490, 1491, 1492, 1493, 1494, 1495, 1496]!Vessel: HavilaForesight
[251, 270, 290, 300, 391, 407, 414, 441, 451, 455, 500, 519, 536, 542, 548, 565, 573, 574, 577, 585, 594, 595, 596, 601, 602, 604, 608, 614, 617, 620, 622, 625, 626, 642, 643, 644, 645, 659, 661, 663, 668, 679, 680, 683, 687, 690, 691, 696, 701, 704, 708, 710, 712, 717, 720, 722, 725, 730, 733, 735, 737, 742, 746, 749, 754, 756, 758, 764, 768, 769, 770, 777, 780, 781, 783, 785, 787, 788, 790, 791, 792, 794, 798, 799, 801, 803, 805, 816, 817, 819, 820, 821, 823, 827, 842, 850, 864, 868, 871, 873, 879, 881, 883, 889, 893, 896, 902, 904, 905, 909, 918, 921, 924, 925, 926, 928, 931, 933, 934, 935, 936, 937, 939, 941, 947, 949, 950, 951, 952, 953, 954, 956, 957, 958, 961, 963, 964, 965, 967, 970, 972, 973, 974, 997, 999, 1001, 1003, 1004, 1009, 1015, 1018, 1021, 1024, 1027, 1030, 1031, 1043, 1045, 1047, 1048, 1050, 1052, 1054, 1055, 1066, 1070, 1074, 1087, 1095, 1109, 1112, 1118, 1124, 1129, 1132, 1135, 1137, 1142, 1157, 1162, 1166, 1181, 1198, 1213, 1217, 1235, 1239, 1240, 1242, 1244, 1246, 1248, 1256, 1259, 1273, 1286, 1299, 1311, 1332, 1333, 1336, 1338, 1342, 1344, 1345, 1346, 1347, 1348, 1349, 1350, 1361, 1362, 1367, 1369, 1377, 1386, 1388, 1392, 1395, 1396, 1403, 1409, 1412, 1413, 1418, 1421, 1429, 1431, 1436, 1440, 1445, 1449, 1480]!Vessel: FarStar
] 

Rvi : [
!i : 1, 2, 3, 4, 5, 6, 7, 8, 9, 10, 11
[564, 566, 579, 580, 582, 592, 647, 773, 775, 782, 878, 880, 882, 887, 920, 932, 943, 944, 945, 1008, 1010, 1012, 1013, 1014, 1017, 1019, 1020, 1022, 1032, 1039, 1057, 1063, 1064, 1065, 1069, 1071, 1075, 1079, 1086, 1108, 1111, 1115, 1116, 1119, 1125, 1126, 1127, 1131, 1134, 1140, 1144, 1145, 1147, 1193, 1194, 1197, 1199, 1201, 1204, 1210, 1220, 1221, 1222, 1252, 1258, 1262, 1263, 1269, 1272, 1285, 1289, 1291, 1294, 1301, 1303, 1304, 1305, 1312, 1320, 1322, 1324, 1359, 1360, 1370, 1371, 1372, 1373, 1374, 1375, 1376, 1378, 1379, 1380, 1383, 1384, 1385, 1387, 1389, 1390, 1393, 1394, 1397, 1398, 1399, 1400, 1401, 1405, 1406, 1408, 1411, 1414, 1415, 1416, 1419, 1435, 1437, 1438, 1439, 1441, 1444, 1446, 1448, 1450, 1451, 1452, 1455, 1456, 1457, 1458, 1459, 1460, 1464, 1465, 1467, 1468, 1471, 1473, 1474, 1476, 1477, 1481, 1484, 1485, 1486, 1488, 1490, 1491, 1493, 1494, 1495, 1496], [564, 579, 592, 610, 618, 627, 648, 773, 779, 802, 878, 895, 913, 914, 923, 943, 948, 959, 962, 1010, 1012, 1017, 1019, 1020, 1022, 1025, 1028, 1029, 1032, 1033, 1035, 1037, 1038, 1039, 1057, 1063, 1064, 1065, 1086, 1093, 1097, 1101, 1102, 1108, 1111, 1127, 1134, 1144, 1154, 1155, 1156, 1173, 1175, 1178, 1180, 1191, 1194, 1197, 1201, 1205, 1212, 1215, 1223, 1252, 1258, 1263, 1269, 1280, 1288, 1291, 1294, 1301, 1303, 1305, 1306, 1307, 1310, 1312, 1315, 1316, 1319, 1320, 1321, 1322, 1359, 1360, 1363, 1366, 1368, 1370, 1371, 1372, 1373, 1374, 1375, 1376, 1378, 1383, 1387, 1389, 1391, 1393, 1394, 1397, 1398, 1408, 1414, 1420, 1422, 1424, 1426, 1430, 1432, 1434, 1435, 1437, 1438, 1439, 1442, 1443, 1446, 1451, 1454, 1455, 1456, 1458, 1459, 1461, 1462, 1463, 1464, 1465, 1466, 1467, 1468, 1469, 1470, 1471, 1472, 1473, 1475, 1476, 1477, 1478, 1479, 1490, 1491, 1492, 1493, 1495, 1496], [564, 566, 610, 647, 648, 649, 651, 782, 802, 804, 807, 808, 851, 880, 895, 898, 900, 932, 948, 968, 1008, 1010, 1019, 1020, 1022, 1025, 1028, 1029, 1032, 1033, 1035, 1039, 1063, 1064, 1065, 1069, 1071, 1075, 1079, 1093, 1096, 1097, 1099, 1101, 1102, 1104, 1111, 1115, 1116, 1119, 1125, 1126, 1154, 1155, 1156, 1158, 1159, 1163, 1168, 1172, 1197, 1199, 1201, 1204, 1205, 1210, 1212, 1214, 1215, 1252, 1258, 1262, 1269, 1280, 1285, 1288, 1289, 1290, 1294, 1305, 1306, 1307, 1310, 1316, 1324, 1325, 1351, 1359, 1360, 1363, 1366, 1368, 1370, 1371, 1372, 1378, 1379, 1380, 1383, 1384, 1385, 1391, 1397, 1398, 1399, 1400, 1401, 1405, 1406, 1408, 1422, 1423, 1424, 1426, 1427, 1428, 1435, 1439, 1441, 1442, 1444, 1446, 1448, 1450, 1451, 1452, 1453, 1454, 1455, 1456, 1457, 1461, 1462, 1465, 1466, 1469, 1470, 1473, 1474, 1475, 1476, 1481, 1482, 1483, 1484, 1487, 1490, 1491, 1492, 1493, 1494, 1496], [566, 592, 610, 627, 775, 804, 851, 882, 915, 927, 944, 959, 968, 975, 998, 1019, 1020, 1025, 1028, 1029, 1039, 1057, 1063, 1064, 1065, 1069, 1071, 1075, 1079, 1086, 1093, 1096, 1097, 1099, 1101, 1102, 1104, 1108, 1111, 1115, 1116, 1119, 1125, 1126, 1127, 1131, 1134, 1140, 1144, 1145, 1147, 1154, 1155, 1156, 1158, 1159, 1163, 1168, 1172, 1173, 1175, 1178, 1180, 1182, 1185, 1191, 1193, 1194, 1220, 1221, 1289, 1290, 1291, 1305, 1306, 1307, 1316, 1319, 1320, 1321, 1353, 1363, 1366, 1371, 1373, 1375, 1378, 1379, 1380, 1383, 1384, 1385, 1387, 1389, 1390, 1391, 1393, 1394, 1397, 1398, 1399, 1400, 1401, 1405, 1406, 1408, 1411, 1414, 1415, 1416, 1419, 1420, 1422, 1423, 1424, 1426, 1427, 1428, 1430, 1432, 1433, 1434, 1443, 1465, 1466, 1467, 1469, 1471, 1472, 1477, 1478, 1481, 1482, 1483, 1485, 1488, 1489, 1490, 1491, 1492, 1493, 1494, 1495], [579, 580, 582, 618, 647, 648, 649, 651, 779, 810, 1010, 1012, 1013, 1014, 1019, 1028, 1029, 1032, 1033, 1037, 1038, 1108, 1111, 1115, 1116, 1119, 1125, 1126, 1127, 1131, 1134, 1140, 1144, 1145, 1147, 1154, 1155, 1156, 1158, 1159, 1163, 1168, 1172, 1173, 1175, 1178, 1180, 1182, 1185, 1204, 1205, 1210, 1212, 1214, 1216, 1222, 1223, 1258, 1262, 1263, 1280, 1290, 1294, 1301, 1307, 1310, 1312, 1321, 1324, 1325, 1366, 1368, 1370, 1373, 1374, 1393, 1394, 1397, 1398, 1399, 1400, 1401, 1405, 1406, 1408, 1411, 1414, 1415, 1416, 1419, 1420, 1422, 1423, 1424, 1426, 1427, 1428, 1430, 1432, 1433, 1435, 1437, 1438, 1439, 1441, 1442, 1446, 1448, 1450, 1453, 1455, 1456, 1457, 1458, 1459, 1460, 1462, 1463, 1467, 1468, 1469, 1470, 1472, 1473, 1474, 1475, 1478, 1479, 1483, 1484, 1485, 1486, 1487, 1489, 1491, 1492, 1493, 1494, 1495, 1496], [564, 566, 579, 580, 582, 592, 610, 618, 627, 647, 648, 649, 651, 773, 775, 779, 782, 802, 804, 807, 808, 810, 851, 878, 880, 882, 887, 895, 898, 900, 913, 914, 915, 920, 923, 927, 929, 932, 943, 944, 945, 948, 959, 962, 968, 975, 998, 1008, 1012, 1013, 1014, 1017, 1019, 1020, 1022, 1025, 1028, 1029, 1032, 1033, 1035, 1037, 1038, 1039, 1057, 1069, 1075, 1096, 1115, 1116, 1134, 1140, 1158, 1159, 1168, 1175, 1182, 1193, 1216, 1220, 1269, 1272, 1284, 1285, 1288, 1303, 1304, 1305, 1306, 1307, 1310, 1312, 1315, 1316, 1319, 1320, 1321, 1324, 1325, 1351, 1353, 1359, 1363, 1366, 1370, 1371, 1372, 1373, 1374, 1375, 1376, 1383, 1384, 1385, 1398, 1399, 1400, 1401, 1414, 1415, 1416, 1426, 1427, 1428, 1430, 1439, 1441, 1442, 1443, 1451, 1452, 1454, 1455, 1458, 1465, 1466, 1467, 1468, 1469, 1470, 1471, 1472, 1473, 1474, 1475, 1477, 1478, 1479, 1481, 1482, 1483, 1484, 1485, 1486, 1487, 1488, 1489], [580, 627, 649, 773, 775, 779, 782, 802, 804, 807, 808, 810, 920, 923, 927, 929, 945, 962, 975, 1008, 1010, 1013, 1017, 1022, 1025, 1028, 1033, 1035, 1037, 1039, 1057, 1065, 1069, 1071, 1093, 1096, 1097, 1099, 1119, 1127, 1131, 1145, 1156, 1158, 1159, 1163, 1173, 1175, 1178, 1182, 1185, 1191, 1193, 1194, 1197, 1199, 1201, 1204, 1205, 1210, 1212, 1214, 1215, 1216, 1220, 1221, 1222, 1223, 1263, 1272, 1284, 1285, 1288, 1289, 1290, 1291, 1304, 1315, 1316, 1319, 1322, 1325, 1351, 1353, 1359, 1360, 1363, 1366, 1368, 1370, 1371, 1372, 1373, 1374, 1375, 1376, 1378, 1379, 1380, 1384, 1387, 1389, 1390, 1391, 1394, 1399, 1405, 1411, 1415, 1419, 1420, 1422, 1423, 1424, 1427, 1430, 1432, 1433, 1434, 1435, 1438, 1441, 1442, 1443, 1444, 1448, 1452, 1453, 1454, 1455, 1457, 1458, 1459, 1460, 1461, 1462, 1463, 1464, 1466, 1475, 1476, 1477, 1478, 1479, 1481, 1482, 1483, 1484, 1485, 1486, 1487, 1488, 1489, 1490, 1491, 1492, 1493, 1494, 1495, 1496], [851, 898, 913, 915, 1008, 1012, 1013, 1014, 1017, 1035, 1037, 1038, 1101, 1104, 1193, 1216, 1272, 1284, 1303, 1304, 1315, 1351, 1353, 1359, 1360, 1363, 1366, 1368, 1370, 1371, 1372, 1373, 1374, 1375, 1376, 1378, 1379, 1380, 1383, 1384, 1385, 1387, 1389, 1390, 1391, 1393, 1394, 1397, 1398, 1399, 1400, 1401, 1405, 1406, 1411, 1414, 1415, 1416, 1419, 1420, 1422, 1423, 1426, 1427, 1428, 1430, 1432, 1433, 1434, 1435, 1437, 1438, 1439, 1441, 1442, 1443, 1444, 1446, 1448, 1450, 1451, 1452, 1453, 1454, 1456, 1457, 1458, 1459, 1460, 1461, 1462, 1463, 1464, 1465, 1466, 1467, 1468, 1469, 1470, 1471, 1472, 1473, 1474, 1475, 1476, 1477, 1478, 1479, 1481, 1482, 1483, 1484, 1485, 1486, 1487, 1488, 1489, 1490, 1491, 1492, 1493, 1494, 1495, 1496], [807, 878, 880, 882, 887, 895, 898, 900, 913, 914, 915, 920, 923, 927, 929, 998, 1020, 1022, 1025, 1029, 1032, 1033, 1057, 1063, 1069, 1075, 1079, 1086, 1096, 1097, 1099, 1101, 1102, 1104, 1115, 1125, 1134, 1140, 1144, 1145, 1147, 1154, 1158, 1168, 1172, 1175, 1178, 1180, 1182, 1185, 1191, 1194, 1197, 1199, 1210, 1212, 1214, 1215, 1220, 1221, 1222, 1223, 1252, 1258, 1262, 1263, 1269, 1272, 1280, 1284, 1285, 1288, 1289, 1290, 1301, 1306, 1310, 1312, 1319, 1320, 1321, 1322, 1324, 1325, 1360, 1363, 1368, 1372, 1374, 1375, 1376, 1379, 1383, 1384, 1385, 1389, 1390, 1401, 1408, 1414, 1415, 1416, 1419, 1424, 1426, 1427, 1428, 1430, 1432, 1433, 1434, 1437, 1438, 1439, 1441, 1442, 1443, 1444, 1446, 1448, 1450, 1451, 1452, 1453, 1454, 1460, 1461, 1463, 1464, 1468, 1470, 1471, 1472, 1474, 1479, 1482, 1486, 1487, 1488, 1489, 1490, 1491, 1492, 1494, 1495, 1496], [564, 566, 579, 580, 582, 592, 610, 618, 627, 647, 648, 649, 651, 773, 775, 779, 782, 802, 804, 807, 808, 810, 851, 878, 880, 882, 887, 895, 898, 900, 913, 914, 915, 920, 923, 927, 929, 932, 943, 944, 945, 948, 959, 962, 968, 975, 998, 1008, 1010, 1012, 1013, 1014, 1017, 1035, 1037, 1038, 1063, 1064, 1065, 1071, 1079, 1086, 1093, 1097, 1099, 1101, 1102, 1104, 1108, 1111, 1119, 1125, 1126, 1127, 1131, 1144, 1145, 1147, 1154, 1155, 1156, 1163, 1172, 1173, 1178, 1180, 1185, 1191, 1193, 1194, 1197, 1199, 1201, 1204, 1205, 1210, 1212, 1214, 1215, 1216, 1221, 1222, 1223, 1252, 1258, 1262, 1263, 1272, 1280, 1284, 1289, 1290, 1291, 1294, 1301, 1303, 1304, 1315, 1322, 1351, 1353, 1360, 1368, 1378, 1379, 1380, 1387, 1389, 1390, 1391, 1393, 1394, 1397, 1405, 1406, 1411, 1419, 1420, 1422, 1423, 1432, 1433, 1434, 1435, 1437, 1438, 1444, 1446, 1448, 1450, 1453, 1456, 1457, 1459, 1460, 1461, 1462, 1463, 1464, 1476], [582, 618, 651, 808, 810, 887, 900, 914, 929, 932, 943, 944, 945, 948, 959, 962, 968, 975, 998, 1014, 1038, 1064, 1071, 1075, 1079, 1086, 1093, 1096, 1099, 1102, 1104, 1108, 1116, 1126, 1131, 1140, 1147, 1155, 1159, 1163, 1168, 1172, 1173, 1180, 1182, 1185, 1191, 1199, 1201, 1204, 1205, 1214, 1215, 1216, 1220, 1221, 1222, 1223, 1252, 1262, 1269, 1280, 1284, 1285, 1288, 1291, 1294, 1301, 1303, 1304, 1305, 1306, 1307, 1310, 1312, 1315, 1316, 1319, 1320, 1321, 1322, 1324, 1325, 1351, 1353, 1359, 1376, 1380, 1385, 1387, 1390, 1391, 1393, 1400, 1406, 1408, 1411, 1416, 1420, 1423, 1424, 1428, 1433, 1434, 1437, 1443, 1444, 1450, 1451, 1452, 1453, 1454, 1455, 1456, 1457, 1458, 1459, 1460, 1461, 1462, 1463, 1464, 1465, 1466, 1467, 1468, 1469, 1470, 1471, 1472, 1473, 1474, 1475, 1476, 1477, 1478, 1479, 1481, 1482, 1483, 1484, 1485, 1486, 1487, 1488, 1489, 1490, 1492, 1493, 1494, 1495, 1496]!Vessel: FarSeeker
[564, 566, 579, 580, 582, 592, 647, 773, 775, 782, 878, 880, 882, 887, 920, 932, 943, 944, 945, 1008, 1010, 1012, 1013, 1014, 1017, 1019, 1020, 1022, 1032, 1039, 1057, 1063, 1064, 1065, 1069, 1071, 1075, 1079, 1086, 1108, 1111, 1115, 1116, 1119, 1125, 1126, 1127, 1131, 1134, 1140, 1144, 1145, 1147, 1193, 1194, 1197, 1199, 1201, 1204, 1210, 1220, 1221, 1222, 1252, 1258, 1262, 1263, 1269, 1272, 1285, 1289, 1291, 1294, 1301, 1303, 1304, 1305, 1312, 1320, 1322, 1324, 1359, 1360, 1370, 1371, 1372, 1373, 1374, 1375, 1376, 1378, 1379, 1380, 1383, 1384, 1385, 1387, 1389, 1390, 1393, 1394, 1397, 1398, 1399, 1400, 1401, 1405, 1406, 1408, 1411, 1414, 1415, 1416, 1419, 1435, 1437, 1438, 1439, 1441, 1444, 1446, 1448, 1450, 1451, 1452, 1455, 1456, 1457, 1458, 1459, 1460, 1464, 1465, 1467, 1468, 1471, 1473, 1474, 1476, 1477, 1481, 1484, 1485, 1486, 1488, 1490, 1491, 1493, 1494, 1495, 1496], [564, 579, 592, 610, 618, 627, 648, 773, 779, 802, 878, 895, 913, 914, 923, 943, 948, 959, 962, 1010, 1012, 1017, 1019, 1020, 1022, 1025, 1028, 1029, 1032, 1033, 1035, 1037, 1038, 1039, 1057, 1063, 1064, 1065, 1086, 1093, 1097, 1101, 1102, 1108, 1111, 1127, 1134, 1144, 1154, 1155, 1156, 1173, 1175, 1178, 1180, 1191, 1194, 1197, 1201, 1205, 1212, 1215, 1223, 1252, 1258, 1263, 1269, 1280, 1288, 1291, 1294, 1301, 1303, 1305, 1306, 1307, 1310, 1312, 1315, 1316, 1319, 1320, 1321, 1322, 1359, 1360, 1363, 1366, 1368, 1370, 1371, 1372, 1373, 1374, 1375, 1376, 1378, 1383, 1387, 1389, 1391, 1393, 1394, 1397, 1398, 1408, 1414, 1420, 1422, 1424, 1426, 1430, 1432, 1434, 1435, 1437, 1438, 1439, 1442, 1443, 1446, 1451, 1454, 1455, 1456, 1458, 1459, 1461, 1462, 1463, 1464, 1465, 1466, 1467, 1468, 1469, 1470, 1471, 1472, 1473, 1475, 1476, 1477, 1478, 1479, 1490, 1491, 1492, 1493, 1495, 1496], [564, 566, 610, 647, 648, 649, 651, 782, 802, 804, 807, 808, 851, 880, 895, 898, 900, 932, 948, 968, 1008, 1010, 1019, 1020, 1022, 1025, 1028, 1029, 1032, 1033, 1035, 1039, 1063, 1064, 1065, 1069, 1071, 1075, 1079, 1093, 1096, 1097, 1099, 1101, 1102, 1104, 1111, 1115, 1116, 1119, 1125, 1126, 1154, 1155, 1156, 1158, 1159, 1163, 1168, 1172, 1197, 1199, 1201, 1204, 1205, 1210, 1212, 1214, 1215, 1252, 1258, 1262, 1269, 1280, 1285, 1288, 1289, 1290, 1294, 1305, 1306, 1307, 1310, 1316, 1324, 1325, 1351, 1359, 1360, 1363, 1366, 1368, 1370, 1371, 1372, 1378, 1379, 1380, 1383, 1384, 1385, 1391, 1397, 1398, 1399, 1400, 1401, 1405, 1406, 1408, 1422, 1423, 1424, 1426, 1427, 1428, 1435, 1439, 1441, 1442, 1444, 1446, 1448, 1450, 1451, 1452, 1453, 1454, 1455, 1456, 1457, 1461, 1462, 1465, 1466, 1469, 1470, 1473, 1474, 1475, 1476, 1481, 1482, 1483, 1484, 1487, 1490, 1491, 1492, 1493, 1494, 1496], [566, 592, 610, 627, 775, 804, 851, 882, 915, 927, 944, 959, 968, 975, 998, 1019, 1020, 1025, 1028, 1029, 1039, 1057, 1063, 1064, 1065, 1069, 1071, 1075, 1079, 1086, 1093, 1096, 1097, 1099, 1101, 1102, 1104, 1108, 1111, 1115, 1116, 1119, 1125, 1126, 1127, 1131, 1134, 1140, 1144, 1145, 1147, 1154, 1155, 1156, 1158, 1159, 1163, 1168, 1172, 1173, 1175, 1178, 1180, 1182, 1185, 1191, 1193, 1194, 1220, 1221, 1289, 1290, 1291, 1305, 1306, 1307, 1316, 1319, 1320, 1321, 1353, 1363, 1366, 1371, 1373, 1375, 1378, 1379, 1380, 1383, 1384, 1385, 1387, 1389, 1390, 1391, 1393, 1394, 1397, 1398, 1399, 1400, 1401, 1405, 1406, 1408, 1411, 1414, 1415, 1416, 1419, 1420, 1422, 1423, 1424, 1426, 1427, 1428, 1430, 1432, 1433, 1434, 1443, 1465, 1466, 1467, 1469, 1471, 1472, 1477, 1478, 1481, 1482, 1483, 1485, 1488, 1489, 1490, 1491, 1492, 1493, 1494, 1495], [579, 580, 582, 618, 647, 648, 649, 651, 779, 810, 1010, 1012, 1013, 1014, 1019, 1028, 1029, 1032, 1033, 1037, 1038, 1108, 1111, 1115, 1116, 1119, 1125, 1126, 1127, 1131, 1134, 1140, 1144, 1145, 1147, 1154, 1155, 1156, 1158, 1159, 1163, 1168, 1172, 1173, 1175, 1178, 1180, 1182, 1185, 1204, 1205, 1210, 1212, 1214, 1216, 1222, 1223, 1258, 1262, 1263, 1280, 1290, 1294, 1301, 1307, 1310, 1312, 1321, 1324, 1325, 1366, 1368, 1370, 1373, 1374, 1393, 1394, 1397, 1398, 1399, 1400, 1401, 1405, 1406, 1408, 1411, 1414, 1415, 1416, 1419, 1420, 1422, 1423, 1424, 1426, 1427, 1428, 1430, 1432, 1433, 1435, 1437, 1438, 1439, 1441, 1442, 1446, 1448, 1450, 1453, 1455, 1456, 1457, 1458, 1459, 1460, 1462, 1463, 1467, 1468, 1469, 1470, 1472, 1473, 1474, 1475, 1478, 1479, 1483, 1484, 1485, 1486, 1487, 1489, 1491, 1492, 1493, 1494, 1495, 1496], [564, 566, 579, 580, 582, 592, 610, 618, 627, 647, 648, 649, 651, 773, 775, 779, 782, 802, 804, 807, 808, 810, 851, 878, 880, 882, 887, 895, 898, 900, 913, 914, 915, 920, 923, 927, 929, 932, 943, 944, 945, 948, 959, 962, 968, 975, 998, 1008, 1012, 1013, 1014, 1017, 1019, 1020, 1022, 1025, 1028, 1029, 1032, 1033, 1035, 1037, 1038, 1039, 1057, 1069, 1075, 1096, 1115, 1116, 1134, 1140, 1158, 1159, 1168, 1175, 1182, 1193, 1216, 1220, 1269, 1272, 1284, 1285, 1288, 1303, 1304, 1305, 1306, 1307, 1310, 1312, 1315, 1316, 1319, 1320, 1321, 1324, 1325, 1351, 1353, 1359, 1363, 1366, 1370, 1371, 1372, 1373, 1374, 1375, 1376, 1383, 1384, 1385, 1398, 1399, 1400, 1401, 1414, 1415, 1416, 1426, 1427, 1428, 1430, 1439, 1441, 1442, 1443, 1451, 1452, 1454, 1455, 1458, 1465, 1466, 1467, 1468, 1469, 1470, 1471, 1472, 1473, 1474, 1475, 1477, 1478, 1479, 1481, 1482, 1483, 1484, 1485, 1486, 1487, 1488, 1489], [580, 627, 649, 773, 775, 779, 782, 802, 804, 807, 808, 810, 920, 923, 927, 929, 945, 962, 975, 1008, 1010, 1013, 1017, 1022, 1025, 1028, 1033, 1035, 1037, 1039, 1057, 1065, 1069, 1071, 1093, 1096, 1097, 1099, 1119, 1127, 1131, 1145, 1156, 1158, 1159, 1163, 1173, 1175, 1178, 1182, 1185, 1191, 1193, 1194, 1197, 1199, 1201, 1204, 1205, 1210, 1212, 1214, 1215, 1216, 1220, 1221, 1222, 1223, 1263, 1272, 1284, 1285, 1288, 1289, 1290, 1291, 1304, 1315, 1316, 1319, 1322, 1325, 1351, 1353, 1359, 1360, 1363, 1366, 1368, 1370, 1371, 1372, 1373, 1374, 1375, 1376, 1378, 1379, 1380, 1384, 1387, 1389, 1390, 1391, 1394, 1399, 1405, 1411, 1415, 1419, 1420, 1422, 1423, 1424, 1427, 1430, 1432, 1433, 1434, 1435, 1438, 1441, 1442, 1443, 1444, 1448, 1452, 1453, 1454, 1455, 1457, 1458, 1459, 1460, 1461, 1462, 1463, 1464, 1466, 1475, 1476, 1477, 1478, 1479, 1481, 1482, 1483, 1484, 1485, 1486, 1487, 1488, 1489, 1490, 1491, 1492, 1493, 1494, 1495, 1496], [851, 898, 913, 915, 1008, 1012, 1013, 1014, 1017, 1035, 1037, 1038, 1101, 1104, 1193, 1216, 1272, 1284, 1303, 1304, 1315, 1351, 1353, 1359, 1360, 1363, 1366, 1368, 1370, 1371, 1372, 1373, 1374, 1375, 1376, 1378, 1379, 1380, 1383, 1384, 1385, 1387, 1389, 1390, 1391, 1393, 1394, 1397, 1398, 1399, 1400, 1401, 1405, 1406, 1411, 1414, 1415, 1416, 1419, 1420, 1422, 1423, 1426, 1427, 1428, 1430, 1432, 1433, 1434, 1435, 1437, 1438, 1439, 1441, 1442, 1443, 1444, 1446, 1448, 1450, 1451, 1452, 1453, 1454, 1456, 1457, 1458, 1459, 1460, 1461, 1462, 1463, 1464, 1465, 1466, 1467, 1468, 1469, 1470, 1471, 1472, 1473, 1474, 1475, 1476, 1477, 1478, 1479, 1481, 1482, 1483, 1484, 1485, 1486, 1487, 1488, 1489, 1490, 1491, 1492, 1493, 1494, 1495, 1496], [807, 878, 880, 882, 887, 895, 898, 900, 913, 914, 915, 920, 923, 927, 929, 998, 1020, 1022, 1025, 1029, 1032, 1033, 1057, 1063, 1069, 1075, 1079, 1086, 1096, 1097, 1099, 1101, 1102, 1104, 1115, 1125, 1134, 1140, 1144, 1145, 1147, 1154, 1158, 1168, 1172, 1175, 1178, 1180, 1182, 1185, 1191, 1194, 1197, 1199, 1210, 1212, 1214, 1215, 1220, 1221, 1222, 1223, 1252, 1258, 1262, 1263, 1269, 1272, 1280, 1284, 1285, 1288, 1289, 1290, 1301, 1306, 1310, 1312, 1319, 1320, 1321, 1322, 1324, 1325, 1360, 1363, 1368, 1372, 1374, 1375, 1376, 1379, 1383, 1384, 1385, 1389, 1390, 1401, 1408, 1414, 1415, 1416, 1419, 1424, 1426, 1427, 1428, 1430, 1432, 1433, 1434, 1437, 1438, 1439, 1441, 1442, 1443, 1444, 1446, 1448, 1450, 1451, 1452, 1453, 1454, 1460, 1461, 1463, 1464, 1468, 1470, 1471, 1472, 1474, 1479, 1482, 1486, 1487, 1488, 1489, 1490, 1491, 1492, 1494, 1495, 1496], [564, 566, 579, 580, 582, 592, 610, 618, 627, 647, 648, 649, 651, 773, 775, 779, 782, 802, 804, 807, 808, 810, 851, 878, 880, 882, 887, 895, 898, 900, 913, 914, 915, 920, 923, 927, 929, 932, 943, 944, 945, 948, 959, 962, 968, 975, 998, 1008, 1010, 1012, 1013, 1014, 1017, 1035, 1037, 1038, 1063, 1064, 1065, 1071, 1079, 1086, 1093, 1097, 1099, 1101, 1102, 1104, 1108, 1111, 1119, 1125, 1126, 1127, 1131, 1144, 1145, 1147, 1154, 1155, 1156, 1163, 1172, 1173, 1178, 1180, 1185, 1191, 1193, 1194, 1197, 1199, 1201, 1204, 1205, 1210, 1212, 1214, 1215, 1216, 1221, 1222, 1223, 1252, 1258, 1262, 1263, 1272, 1280, 1284, 1289, 1290, 1291, 1294, 1301, 1303, 1304, 1315, 1322, 1351, 1353, 1360, 1368, 1378, 1379, 1380, 1387, 1389, 1390, 1391, 1393, 1394, 1397, 1405, 1406, 1411, 1419, 1420, 1422, 1423, 1432, 1433, 1434, 1435, 1437, 1438, 1444, 1446, 1448, 1450, 1453, 1456, 1457, 1459, 1460, 1461, 1462, 1463, 1464, 1476], [582, 618, 651, 808, 810, 887, 900, 914, 929, 932, 943, 944, 945, 948, 959, 962, 968, 975, 998, 1014, 1038, 1064, 1071, 1075, 1079, 1086, 1093, 1096, 1099, 1102, 1104, 1108, 1116, 1126, 1131, 1140, 1147, 1155, 1159, 1163, 1168, 1172, 1173, 1180, 1182, 1185, 1191, 1199, 1201, 1204, 1205, 1214, 1215, 1216, 1220, 1221, 1222, 1223, 1252, 1262, 1269, 1280, 1284, 1285, 1288, 1291, 1294, 1301, 1303, 1304, 1305, 1306, 1307, 1310, 1312, 1315, 1316, 1319, 1320, 1321, 1322, 1324, 1325, 1351, 1353, 1359, 1376, 1380, 1385, 1387, 1390, 1391, 1393, 1400, 1406, 1408, 1411, 1416, 1420, 1423, 1424, 1428, 1433, 1434, 1437, 1443, 1444, 1450, 1451, 1452, 1453, 1454, 1455, 1456, 1457, 1458, 1459, 1460, 1461, 1462, 1463, 1464, 1465, 1466, 1467, 1468, 1469, 1470, 1471, 1472, 1473, 1474, 1475, 1476, 1477, 1478, 1479, 1481, 1482, 1483, 1484, 1485, 1486, 1487, 1488, 1489, 1490, 1492, 1493, 1494, 1495, 1496]!Vessel: FarSearcher
[239, 251, 255, 270, 471, 519, 567, 572, 573, 581, 655, 663, 665, 667, 676, 708, 720, 776, 787, 817, 837, 838, 866, 868, 873, 885, 889, 933, 946, 999, 1000, 1007, 1015, 1040, 1041, 1042, 1045, 1049, 1050, 1052, 1054, 1055, 1061, 1067, 1072, 1078, 1080, 1081, 1084, 1088, 1106, 1113, 1114, 1121, 1129, 1133, 1138, 1139, 1146, 1195, 1200, 1202, 1209, 1219, 1226, 1228, 1229, 1231, 1233, 1235, 1236, 1238, 1239, 1240, 1244, 1248, 1250, 1253, 1255, 1260, 1265, 1267, 1268, 1270, 1271, 1274, 1292, 1293, 1295, 1296, 1297, 1298, 1300, 1302, 1317, 1326, 1328, 1332, 1333, 1338, 1354, 1355, 1356, 1362, 1365, 1382, 1386, 1396, 1402, 1404, 1407, 1410, 1413, 1417, 1445, 1447], [270, 285, 290, 293, 300, 498, 527, 572, 573, 599, 608, 639, 641, 655, 676, 682, 683, 693, 725, 728, 749, 752, 766, 778, 837, 868, 889, 896, 907, 933, 947, 951, 957, 963, 971, 979, 999, 1002, 1003, 1007, 1015, 1031, 1040, 1041, 1042, 1045, 1047, 1048, 1049, 1050, 1051, 1052, 1053, 1054, 1055, 1056, 1058, 1061, 1080, 1081, 1084, 1090, 1092, 1106, 1148, 1150, 1152, 1179, 1187, 1188, 1190, 1195, 1200, 1203, 1206, 1218, 1219, 1226, 1229, 1231, 1232, 1233, 1234, 1235, 1236, 1237, 1250, 1268, 1274, 1275, 1278, 1286, 1287, 1293, 1298, 1300, 1309, 1313, 1317, 1318, 1323, 1327, 1328, 1329, 1330, 1334, 1335, 1340, 1341, 1342, 1346, 1350, 1354, 1357, 1362, 1364, 1365, 1367, 1382, 1396, 1402, 1407, 1413, 1417, 1425, 1445, 1447], [239, 285, 315, 318, 407, 483, 534, 567, 572, 573, 599, 608, 650, 655, 663, 665, 667, 682, 683, 687, 688, 690, 693, 698, 708, 728, 733, 737, 739, 741, 778, 787, 799, 806, 873, 896, 897, 907, 911, 947, 951, 969, 999, 1000, 1002, 1004, 1007, 1031, 1040, 1050, 1051, 1053, 1061, 1067, 1072, 1078, 1090, 1092, 1094, 1098, 1113, 1114, 1121, 1152, 1160, 1164, 1167, 1195, 1200, 1202, 1203, 1206, 1208, 1209, 1218, 1226, 1228, 1231, 1232, 1233, 1234, 1238, 1239, 1240, 1241, 1244, 1246, 1247, 1250, 1253, 1260, 1270, 1275, 1276, 1277, 1278, 1281, 1283, 1287, 1295, 1296, 1309, 1326, 1327, 1331, 1333, 1334, 1335, 1337, 1343, 1350, 1354, 1355, 1357, 1358, 1362, 1364, 1365, 1367, 1382, 1386, 1396, 1402, 1404, 1407, 1410, 1425, 1429, 1445, 1447], [255, 293, 318, 418, 499, 539, 599, 655, 663, 665, 667, 676, 682, 683, 687, 688, 690, 693, 698, 708, 720, 725, 728, 733, 737, 739, 741, 749, 752, 756, 760, 766, 817, 819, 838, 859, 866, 897, 933, 947, 963, 971, 987, 1042, 1047, 1053, 1054, 1056, 1061, 1067, 1072, 1078, 1080, 1081, 1084, 1088, 1090, 1092, 1094, 1098, 1106, 1113, 1114, 1121, 1129, 1133, 1138, 1139, 1146, 1148, 1150, 1152, 1160, 1164, 1167, 1174, 1179, 1184, 1186, 1187, 1188, 1190, 1192, 1231, 1232, 1234, 1235, 1236, 1237, 1238, 1239, 1241, 1246, 1248, 1249, 1255, 1271, 1276, 1292, 1297, 1317, 1318, 1326, 1327, 1328, 1329, 1330, 1331, 1338, 1339, 1342, 1343, 1352, 1362, 1364, 1365, 1367, 1382, 1386, 1396, 1402, 1404, 1407, 1410, 1413, 1417, 1425, 1429], [251, 290, 315, 510, 536, 581, 608, 641, 650, 708, 720, 725, 728, 733, 737, 739, 741, 749, 752, 756, 760, 799, 815, 852, 868, 873, 907, 911, 951, 957, 1031, 1040, 1041, 1042, 1045, 1047, 1048, 1050, 1051, 1052, 1058, 1106, 1113, 1114, 1121, 1129, 1133, 1138, 1139, 1146, 1148, 1150, 1152, 1160, 1164, 1167, 1174, 1179, 1184, 1186, 1206, 1208, 1209, 1224, 1226, 1228, 1229, 1234, 1235, 1237, 1244, 1246, 1247, 1249, 1260, 1265, 1267, 1278, 1281, 1283, 1293, 1295, 1296, 1297, 1298, 1300, 1302, 1309, 1313, 1318, 1329, 1331, 1332, 1333, 1334, 1335, 1337, 1338, 1339, 1340, 1341, 1346, 1348, 1365, 1367, 1396, 1402, 1404, 1407, 1410, 1413, 1417, 1425, 1429, 1445, 1447], [239, 251, 255, 270, 285, 290, 293, 300, 315, 318, 407, 418, 471, 483, 498, 499, 505, 510, 519, 527, 534, 536, 539, 556, 567, 581, 599, 608, 639, 641, 650, 663, 687, 737, 749, 776, 806, 815, 837, 838, 852, 859, 885, 896, 897, 916, 917, 946, 947, 963, 969, 979, 987, 995, 1007, 1031, 1040, 1041, 1042, 1047, 1048, 1050, 1051, 1052, 1053, 1054, 1055, 1056, 1113, 1114, 1138, 1139, 1167, 1195, 1209, 1219, 1228, 1231, 1232, 1233, 1234, 1235, 1236, 1237, 1238, 1239, 1240, 1241, 1246, 1247, 1248, 1249, 1268, 1270, 1271, 1275, 1276, 1277, 1286, 1287, 1293, 1295, 1297, 1302, 1309, 1313, 1317, 1318, 1326, 1327, 1328, 1329, 1330, 1331, 1332, 1333, 1334, 1337, 1338, 1339, 1340, 1342, 1343, 1348, 1350, 1352], [300, 407, 418, 505, 639, 683, 687, 688, 690, 733, 756, 766, 776, 778, 787, 799, 806, 815, 817, 819, 859, 916, 995, 1003, 1004, 1015, 1031, 1040, 1041, 1042, 1045, 1047, 1048, 1049, 1053, 1054, 1055, 1056, 1058, 1067, 1081, 1088, 1090, 1094, 1098, 1113, 1129, 1138, 1148, 1160, 1174, 1184, 1187, 1188, 1192, 1195, 1200, 1202, 1203, 1206, 1208, 1209, 1218, 1219, 1224, 1239, 1240, 1241, 1244, 1246, 1247, 1248, 1249, 1253, 1265, 1277, 1281, 1286, 1287, 1292, 1293, 1295, 1297, 1298, 1302, 1309, 1313, 1317, 1318, 1323, 1342, 1343, 1346, 1348, 1350, 1352, 1356, 1358, 1362, 1364, 1365, 1367, 1386, 1402, 1404, 1417, 1429, 1447], [567, 581, 639, 641, 650, 776, 806, 815, 837, 838, 852, 859, 885, 916, 917, 946, 969, 979, 987, 995, 1007, 1015, 1031, 1045, 1047, 1048, 1049, 1050, 1051, 1052, 1053, 1054, 1055, 1056, 1058, 1061, 1067, 1072, 1078, 1080, 1081, 1084, 1088, 1090, 1092, 1094, 1098, 1106, 1114, 1121, 1129, 1133, 1139, 1146, 1148, 1150, 1152, 1160, 1164, 1167, 1174, 1179, 1184, 1186, 1187, 1188, 1190, 1192, 1200, 1202, 1203, 1206, 1208, 1218, 1224, 1226, 1228, 1229, 1231, 1232, 1233, 1234, 1235, 1236, 1237, 1238, 1239, 1240, 1241, 1244, 1246, 1247, 1248, 1249, 1250, 1253, 1255, 1260, 1265, 1267, 1268, 1270, 1271, 1274, 1275, 1276, 1277, 1278, 1281, 1283, 1286, 1287, 1292, 1296, 1300, 1323, 1326, 1327, 1328, 1329, 1330, 1331, 1332, 1333, 1334, 1335, 1337, 1338, 1339, 1340, 1341, 1342, 1343, 1346, 1348, 1350, 1352, 1354, 1355, 1356, 1357, 1358, 1362, 1364, 1367, 1382, 1386, 1396, 1407, 1410, 1413, 1425, 1429, 1445], [471, 483, 498, 499, 505, 510, 556, 572, 599, 608, 663, 665, 676, 687, 688, 693, 698, 720, 737, 739, 749, 752, 756, 760, 766, 778, 787, 799, 817, 819, 866, 868, 873, 885, 889, 896, 897, 907, 911, 916, 917, 957, 963, 971, 1000, 1002, 1003, 1004, 1041, 1048, 1049, 1051, 1052, 1055, 1056, 1058, 1078, 1084, 1088, 1098, 1138, 1139, 1146, 1167, 1179, 1184, 1186, 1188, 1190, 1192, 1209, 1218, 1219, 1224, 1228, 1229, 1232, 1233, 1236, 1237, 1238, 1240, 1241, 1247, 1248, 1249, 1250, 1253, 1255, 1260, 1265, 1267, 1268, 1270, 1271, 1274, 1275, 1276, 1277, 1278, 1281, 1283, 1286, 1287, 1302, 1313, 1323, 1330, 1332, 1337, 1339, 1340, 1341, 1348, 1352, 1355, 1356, 1357, 1358, 1362, 1364, 1365, 1367, 1382, 1386, 1404, 1407, 1410, 1413, 1417, 1425, 1429, 1445, 1447], [239, 251, 255, 270, 285, 290, 293, 300, 315, 318, 407, 418, 471, 483, 498, 499, 505, 510, 519, 527, 534, 536, 539, 556, 567, 572, 573, 581, 639, 641, 650, 655, 665, 667, 676, 682, 683, 688, 690, 693, 698, 708, 720, 725, 728, 733, 739, 741, 752, 756, 760, 766, 776, 778, 787, 799, 806, 815, 817, 819, 837, 838, 852, 859, 866, 868, 873, 885, 889, 907, 911, 916, 917, 933, 946, 951, 957, 969, 971, 979, 987, 995, 999, 1000, 1002, 1003, 1004, 1015, 1045, 1049, 1058, 1061, 1067, 1072, 1078, 1080, 1081, 1084, 1088, 1090, 1092, 1094, 1098, 1106, 1121, 1129, 1133, 1146, 1148, 1150, 1152, 1160, 1164, 1174, 1179, 1184, 1186, 1187, 1188, 1190, 1192, 1200, 1202, 1203, 1206, 1208, 1218, 1224, 1226, 1229, 1244, 1250, 1253, 1255, 1260, 1265, 1267, 1274, 1278, 1281, 1283, 1292, 1296, 1298, 1300, 1323, 1335, 1341, 1346, 1354, 1355, 1356, 1357, 1358], [519, 527, 534, 536, 539, 556, 573, 667, 682, 690, 698, 725, 741, 760, 819, 852, 866, 889, 896, 897, 911, 917, 933, 946, 947, 951, 957, 963, 969, 971, 979, 987, 995, 999, 1000, 1002, 1003, 1004, 1007, 1015, 1072, 1080, 1092, 1094, 1133, 1150, 1164, 1174, 1186, 1187, 1190, 1192, 1195, 1202, 1203, 1208, 1219, 1224, 1255, 1267, 1268, 1270, 1271, 1274, 1275, 1276, 1277, 1283, 1286, 1292, 1293, 1295, 1296, 1297, 1298, 1300, 1302, 1309, 1313, 1317, 1318, 1323, 1326, 1327, 1328, 1329, 1330, 1331, 1332, 1333, 1334, 1335, 1337, 1338, 1339, 1340, 1341, 1342, 1343, 1346, 1348, 1350, 1352, 1354, 1355, 1356, 1357, 1358, 1364, 1382, 1386, 1396, 1402, 1404, 1410, 1413, 1417, 1425, 1429, 1445, 1447]!Vessel: FarSymphony
[567, 579, 580, 582, 647, 773, 775, 782, 837, 838, 885, 920, 932, 943, 945, 1010, 1013, 1019, 1020, 1022, 1032, 1039, 1040, 1041, 1042, 1057, 1061, 1064, 1065, 1069, 1071, 1072, 1075, 1078, 1084, 1108, 1111, 1113, 1115, 1116, 1119, 1121, 1126, 1127, 1131, 1134, 1138, 1140, 1144, 1145, 1146, 1147, 1194, 1195, 1196, 1197, 1199, 1201, 1204, 1209, 1210, 1219, 1220, 1221, 1222, 1238, 1250, 1255, 1258, 1260, 1262, 1263, 1269, 1274, 1285, 1289, 1291, 1294, 1295, 1297, 1298, 1301, 1302, 1305, 1308, 1312, 1314, 1317, 1320, 1322, 1324, 1355, 1359, 1365, 1370, 1371, 1372, 1373, 1374, 1375, 1376, 1381, 1394, 1399, 1400, 1402, 1404, 1408, 1411, 1415, 1417, 1435, 1438, 1441, 1447, 1452, 1457, 1458, 1459, 1460, 1467, 1468, 1473, 1477, 1481, 1484, 1485, 1486, 1488, 1490, 1491, 1493, 1494, 1495, 1496], [579, 612, 618, 627, 641, 693, 773, 779, 802, 837, 844, 913, 923, 943, 962, 979, 1010, 1019, 1020, 1022, 1025, 1028, 1029, 1032, 1033, 1039, 1040, 1041, 1042, 1057, 1061, 1064, 1065, 1084, 1090, 1092, 1093, 1101, 1108, 1111, 1127, 1134, 1144, 1150, 1152, 1156, 1173, 1175, 1178, 1179, 1188, 1190, 1191, 1194, 1195, 1197, 1201, 1205, 1212, 1215, 1218, 1219, 1223, 1232, 1250, 1258, 1263, 1269, 1274, 1278, 1288, 1291, 1294, 1298, 1301, 1305, 1307, 1308, 1309, 1310, 1312, 1313, 1314, 1316, 1317, 1318, 1319, 1320, 1321, 1322, 1330, 1341, 1357, 1359, 1365, 1366, 1370, 1371, 1372, 1373, 1374, 1375, 1376, 1381, 1394, 1402, 1408, 1417, 1424, 1430, 1435, 1438, 1442, 1447, 1458, 1459, 1467, 1468, 1473, 1475, 1477, 1478, 1479, 1490, 1491, 1492, 1493, 1495, 1496], [318, 483, 567, 612, 647, 649, 650, 693, 782, 802, 806, 808, 851, 898, 932, 969, 1010, 1019, 1020, 1022, 1025, 1028, 1029, 1032, 1033, 1039, 1040, 1061, 1064, 1065, 1069, 1071, 1072, 1075, 1078, 1090, 1092, 1093, 1096, 1098, 1101, 1104, 1111, 1113, 1115, 1116, 1119, 1121, 1126, 1152, 1156, 1158, 1159, 1163, 1164, 1167, 1168, 1171, 1195, 1196, 1197, 1199, 1201, 1204, 1205, 1209, 1210, 1212, 1214, 1215, 1218, 1232, 1238, 1250, 1258, 1260, 1262, 1269, 1276, 1278, 1283, 1285, 1288, 1289, 1290, 1294, 1295, 1305, 1307, 1308, 1309, 1310, 1316, 1324, 1325, 1355, 1357, 1358, 1359, 1365, 1366, 1370, 1371, 1372, 1381, 1399, 1400, 1402, 1404, 1408, 1424, 1435, 1441, 1442, 1447, 1452, 1457, 1473, 1475, 1481, 1483, 1484, 1487, 1490, 1491, 1492, 1493, 1494, 1496], [318, 499, 627, 693, 775, 838, 844, 851, 859, 915, 975, 987, 1019, 1020, 1025, 1028, 1029, 1039, 1042, 1057, 1061, 1064, 1065, 1069, 1071, 1072, 1075, 1078, 1084, 1090, 1092, 1093, 1096, 1098, 1101, 1104, 1108, 1111, 1113, 1115, 1116, 1119, 1121, 1126, 1127, 1131, 1134, 1138, 1140, 1144, 1145, 1146, 1147, 1150, 1152, 1156, 1158, 1159, 1163, 1164, 1167, 1168, 1171, 1173, 1175, 1178, 1179, 1182, 1185, 1186, 1188, 1190, 1191, 1192, 1194, 1196, 1220, 1221, 1232, 1238, 1255, 1276, 1289, 1290, 1291, 1297, 1305, 1307, 1314, 1316, 1317, 1318, 1319, 1320, 1321, 1330, 1365, 1366, 1371, 1373, 1375, 1381, 1394, 1399, 1400, 1402, 1404, 1408, 1411, 1415, 1417, 1424, 1430, 1467, 1477, 1478, 1481, 1483, 1485, 1488, 1489, 1490, 1491, 1492, 1493, 1494, 1495], [579, 580, 582, 618, 641, 647, 649, 650, 779, 810, 852, 1010, 1013, 1019, 1028, 1029, 1032, 1033, 1040, 1041, 1042, 1108, 1111, 1113, 1115, 1116, 1119, 1121, 1126, 1127, 1131, 1134, 1138, 1140, 1144, 1145, 1146, 1147, 1150, 1152, 1156, 1158, 1159, 1163, 1164, 1167, 1168, 1171, 1173, 1175, 1178, 1179, 1182, 1185, 1186, 1204, 1205, 1209, 1210, 1212, 1214, 1222, 1223, 1258, 1260, 1262, 1263, 1278, 1283, 1290, 1294, 1295, 1297, 1298, 1301, 1302, 1307, 1308, 1309, 1310, 1312, 1313, 1314, 1318, 1321, 1324, 1325, 1341, 1365, 1366, 1370, 1373, 1374, 1394, 1399, 1400, 1402, 1404, 1408, 1411, 1415, 1417, 1424, 1430, 1435, 1438, 1441, 1442, 1447, 1457, 1458, 1459, 1460, 1467, 1468, 1473, 1475, 1478, 1479, 1483, 1484, 1485, 1486, 1487, 1489, 1491, 1492, 1493, 1494, 1495, 1496], [318, 483, 499, 567, 579, 580, 582, 612, 618, 627, 641, 647, 649, 650, 773, 775, 779, 782, 802, 806, 808, 810, 837, 838, 844, 851, 852, 859, 885, 898, 913, 915, 916, 917, 920, 923, 929, 932, 943, 945, 962, 969, 975, 979, 987, 1013, 1019, 1020, 1022, 1025, 1028, 1029, 1032, 1033, 1039, 1040, 1041, 1042, 1057, 1069, 1075, 1096, 1113, 1115, 1116, 1134, 1138, 1140, 1158, 1159, 1167, 1168, 1175, 1182, 1195, 1196, 1209, 1219, 1220, 1232, 1238, 1269, 1276, 1285, 1288, 1295, 1297, 1302, 1305, 1307, 1308, 1309, 1310, 1312, 1313, 1314, 1316, 1317, 1318, 1319, 1320, 1321, 1324, 1325, 1330, 1359, 1366, 1370, 1371, 1372, 1373, 1374, 1375, 1376, 1399, 1400, 1415, 1430, 1441, 1442, 1452, 1458, 1467, 1468, 1473, 1475, 1477, 1478, 1479, 1481, 1483, 1484, 1485, 1486, 1487, 1488, 1489], [580, 627, 649, 773, 775, 779, 782, 802, 806, 808, 810, 859, 916, 920, 923, 929, 945, 962, 975, 1010, 1013, 1022, 1025, 1028, 1033, 1039, 1040, 1041, 1042, 1057, 1065, 1069, 1071, 1090, 1093, 1096, 1098, 1113, 1119, 1127, 1131, 1138, 1145, 1156, 1158, 1159, 1163, 1173, 1175, 1178, 1182, 1185, 1188, 1191, 1192, 1194, 1195, 1196, 1197, 1199, 1201, 1204, 1205, 1209, 1210, 1212, 1214, 1215, 1218, 1219, 1220, 1221, 1222, 1223, 1263, 1285, 1288, 1289, 1290, 1291, 1295, 1297, 1298, 1302, 1309, 1313, 1316, 1317, 1318, 1319, 1322, 1325, 1358, 1359, 1365, 1366, 1370, 1371, 1372, 1373, 1374, 1375, 1376, 1381, 1394, 1399, 1402, 1404, 1411, 1415, 1417, 1424, 1430, 1435, 1438, 1441, 1442, 1447, 1452, 1457, 1458, 1459, 1460, 1475, 1477, 1478, 1479, 1481, 1483, 1484, 1485, 1486, 1487, 1488, 1489, 1490, 1491, 1492, 1493, 1494, 1495, 1496], [567, 612, 641, 650, 806, 837, 838, 844, 851, 852, 859, 885, 898, 913, 915, 916, 917, 969, 979, 987, 1013, 1061, 1072, 1078, 1084, 1090, 1092, 1098, 1101, 1104, 1121, 1146, 1150, 1152, 1164, 1167, 1171, 1179, 1186, 1188, 1190, 1192, 1218, 1232, 1238, 1250, 1255, 1260, 1274, 1276, 1278, 1283, 1330, 1341, 1355, 1357, 1358, 1359, 1366, 1370, 1371, 1372, 1373, 1374, 1375, 1376, 1394, 1399, 1400, 1411, 1415, 1430, 1435, 1438, 1441, 1442, 1452, 1457, 1458, 1459, 1460, 1467, 1468, 1473, 1475, 1477, 1478, 1479, 1481, 1483, 1484, 1485, 1486, 1487, 1488, 1489, 1490, 1491, 1492, 1493, 1494, 1495, 1496], [483, 499, 693, 885, 898, 913, 915, 916, 917, 920, 923, 929, 1020, 1022, 1025, 1029, 1032, 1033, 1041, 1057, 1069, 1075, 1078, 1084, 1096, 1098, 1101, 1104, 1115, 1134, 1138, 1140, 1144, 1145, 1146, 1147, 1158, 1167, 1168, 1171, 1175, 1178, 1179, 1182, 1185, 1186, 1188, 1190, 1191, 1192, 1194, 1197, 1199, 1209, 1210, 1212, 1214, 1215, 1218, 1219, 1220, 1221, 1222, 1223, 1232, 1238, 1250, 1255, 1258, 1260, 1262, 1263, 1269, 1274, 1276, 1278, 1283, 1285, 1288, 1289, 1290, 1301, 1302, 1310, 1312, 1313, 1319, 1320, 1321, 1322, 1324, 1325, 1330, 1341, 1355, 1357, 1358, 1365, 1372, 1374, 1375, 1376, 1381, 1404, 1408, 1415, 1417, 1424, 1430, 1438, 1441, 1442, 1447, 1452, 1460, 1468, 1479, 1486, 1487, 1488, 1489, 1490, 1491, 1492, 1494, 1495, 1496], [318, 483, 499, 567, 579, 580, 582, 612, 618, 627, 641, 647, 649, 650, 693, 773, 775, 779, 782, 802, 806, 808, 810, 837, 838, 844, 851, 852, 859, 885, 898, 913, 915, 916, 917, 920, 923, 929, 932, 943, 945, 962, 969, 975, 979, 987, 1010, 1013, 1061, 1064, 1065, 1071, 1072, 1078, 1084, 1090, 1092, 1093, 1098, 1101, 1104, 1108, 1111, 1119, 1121, 1126, 1127, 1131, 1144, 1145, 1146, 1147, 1150, 1152, 1156, 1163, 1164, 1171, 1173, 1178, 1179, 1185, 1186, 1188, 1190, 1191, 1192, 1194, 1197, 1199, 1201, 1204, 1205, 1210, 1212, 1214, 1215, 1218, 1221, 1222, 1223, 1250, 1255, 1258, 1260, 1262, 1263, 1274, 1278, 1283, 1289, 1290, 1291, 1294, 1298, 1301, 1322, 1341, 1355, 1357, 1358, 1394, 1411, 1435, 1438, 1457, 1459, 1460], [582, 618, 808, 810, 852, 917, 929, 932, 943, 945, 962, 969, 975, 979, 987, 1064, 1071, 1072, 1075, 1092, 1093, 1096, 1104, 1108, 1116, 1126, 1131, 1140, 1147, 1150, 1159, 1163, 1164, 1168, 1173, 1182, 1185, 1186, 1190, 1191, 1192, 1195, 1196, 1199, 1201, 1204, 1205, 1214, 1215, 1219, 1220, 1221, 1222, 1223, 1255, 1262, 1269, 1274, 1276, 1283, 1285, 1288, 1291, 1294, 1295, 1297, 1298, 1301, 1302, 1305, 1307, 1308, 1309, 1310, 1312, 1313, 1314, 1316, 1317, 1318, 1319, 1320, 1321, 1322, 1324, 1325, 1330, 1341, 1355, 1357, 1358, 1359, 1376, 1381, 1400, 1402, 1404, 1408, 1411, 1417, 1424, 1447, 1452, 1457, 1458, 1459, 1460, 1467, 1468, 1473, 1475, 1477, 1478, 1479, 1481, 1483, 1484, 1485, 1486, 1487, 1488, 1489, 1490, 1492, 1493, 1494, 1495, 1496]!Vessel: HavilaForesight
[251, 270, 391, 519, 565, 573, 574, 577, 585, 594, 595, 596, 601, 617, 620, 626, 642, 643, 644, 659, 661, 663, 668, 701, 704, 708, 710, 712, 717, 720, 722, 770, 777, 780, 781, 783, 785, 787, 788, 791, 792, 816, 817, 820, 821, 864, 868, 871, 873, 879, 881, 883, 889, 905, 921, 931, 933, 934, 935, 936, 937, 939, 941, 949, 958, 974, 999, 1001, 1009, 1015, 1018, 1021, 1024, 1027, 1043, 1045, 1050, 1052, 1054, 1055, 1066, 1070, 1074, 1087, 1109, 1112, 1118, 1124, 1129, 1132, 1135, 1137, 1142, 1198, 1217, 1235, 1239, 1240, 1242, 1244, 1248, 1256, 1259, 1273, 1299, 1332, 1333, 1338, 1344, 1345, 1349, 1361, 1362, 1377, 1386, 1388, 1392, 1395, 1396, 1403, 1409, 1412, 1413, 1418, 1436, 1440, 1445, 1449, 1480], [270, 290, 300, 441, 565, 573, 577, 585, 594, 595, 596, 601, 602, 604, 608, 614, 617, 620, 622, 625, 626, 642, 643, 644, 645, 668, 679, 680, 683, 701, 725, 742, 749, 764, 777, 785, 790, 794, 803, 823, 842, 868, 879, 889, 893, 896, 902, 918, 924, 925, 933, 934, 947, 949, 950, 951, 952, 953, 954, 956, 957, 958, 961, 963, 970, 999, 1003, 1015, 1018, 1021, 1024, 1027, 1030, 1031, 1043, 1045, 1047, 1048, 1050, 1052, 1054, 1055, 1066, 1074, 1087, 1095, 1109, 1112, 1135, 1137, 1157, 1166, 1181, 1198, 1213, 1235, 1256, 1259, 1286, 1299, 1311, 1342, 1346, 1350, 1361, 1362, 1367, 1369, 1377, 1388, 1392, 1395, 1396, 1412, 1413, 1421, 1431, 1436, 1440, 1445, 1480], [407, 451, 565, 573, 574, 577, 594, 595, 596, 601, 602, 604, 608, 614, 659, 661, 663, 680, 683, 687, 690, 691, 696, 704, 708, 730, 733, 735, 737, 780, 781, 783, 785, 787, 788, 790, 791, 792, 794, 798, 799, 801, 803, 805, 842, 850, 871, 873, 881, 896, 902, 904, 909, 925, 926, 931, 935, 936, 947, 950, 951, 964, 965, 967, 999, 1004, 1009, 1021, 1024, 1027, 1030, 1031, 1050, 1066, 1070, 1074, 1095, 1109, 1112, 1118, 1124, 1157, 1162, 1166, 1198, 1213, 1239, 1240, 1242, 1244, 1246, 1256, 1259, 1333, 1336, 1350, 1361, 1362, 1367, 1369, 1377, 1386, 1395, 1396, 1403, 1409, 1421, 1429, 1436, 1440, 1445, 1449], [455, 594, 602, 614, 617, 622, 626, 643, 659, 661, 663, 668, 679, 680, 683, 687, 690, 691, 696, 701, 704, 708, 710, 712, 717, 720, 722, 725, 730, 733, 735, 737, 742, 746, 749, 754, 756, 758, 764, 768, 769, 770, 780, 805, 816, 817, 819, 850, 864, 883, 918, 928, 931, 933, 937, 947, 952, 958, 961, 963, 964, 970, 972, 974, 997, 1024, 1027, 1030, 1047, 1054, 1066, 1070, 1074, 1087, 1095, 1109, 1112, 1118, 1124, 1129, 1132, 1135, 1137, 1142, 1157, 1162, 1166, 1181, 1235, 1239, 1246, 1248, 1338, 1342, 1347, 1349, 1362, 1367, 1377, 1386, 1388, 1392, 1395, 1396, 1403, 1409, 1412, 1413, 1418, 1421, 1429, 1431], [251, 290, 414, 536, 577, 601, 602, 604, 608, 617, 620, 622, 625, 644, 645, 701, 704, 708, 710, 712, 717, 720, 722, 725, 730, 733, 735, 737, 742, 746, 749, 754, 756, 758, 791, 792, 794, 798, 799, 801, 820, 821, 823, 827, 868, 871, 873, 905, 909, 934, 935, 936, 937, 939, 941, 949, 950, 951, 952, 953, 954, 956, 957, 964, 965, 967, 972, 973, 997, 1027, 1030, 1031, 1043, 1045, 1047, 1048, 1050, 1052, 1109, 1112, 1118, 1124, 1129, 1132, 1135, 1137, 1142, 1157, 1162, 1166, 1181, 1213, 1217, 1235, 1242, 1244, 1246, 1256, 1259, 1299, 1311, 1332, 1333, 1336, 1338, 1344, 1345, 1346, 1347, 1348, 1367, 1369, 1392, 1395, 1396, 1403, 1409, 1412, 1413, 1418, 1421, 1429, 1431, 1436, 1440, 1445, 1449, 1480], [251, 270, 290, 300, 391, 407, 414, 441, 451, 455, 500, 519, 536, 542, 548, 565, 594, 595, 596, 601, 602, 604, 608, 614, 617, 622, 625, 626, 642, 643, 644, 663, 687, 704, 710, 717, 730, 737, 749, 754, 780, 781, 783, 791, 798, 803, 805, 816, 820, 850, 871, 879, 881, 883, 896, 918, 921, 924, 925, 926, 928, 931, 935, 937, 941, 947, 949, 950, 952, 953, 956, 958, 961, 963, 964, 965, 967, 972, 973, 974, 997, 1009, 1018, 1021, 1031, 1043, 1047, 1048, 1050, 1052, 1054, 1055, 1132, 1217, 1235, 1239, 1240, 1242, 1246, 1248, 1273, 1286, 1299, 1311, 1332, 1333, 1336, 1338, 1342, 1344, 1347, 1348, 1349, 1350], [300, 391, 407, 414, 542, 585, 595, 604, 614, 620, 622, 625, 626, 642, 659, 668, 683, 687, 690, 710, 712, 730, 733, 742, 746, 754, 756, 768, 770, 777, 780, 781, 783, 785, 787, 788, 790, 791, 792, 794, 798, 799, 801, 803, 805, 816, 817, 819, 820, 821, 823, 827, 918, 921, 924, 925, 926, 928, 939, 953, 954, 961, 965, 970, 972, 973, 974, 1001, 1003, 1004, 1009, 1015, 1018, 1021, 1024, 1030, 1031, 1043, 1045, 1047, 1048, 1054, 1055, 1066, 1070, 1087, 1095, 1109, 1118, 1129, 1132, 1135, 1142, 1157, 1162, 1181, 1198, 1213, 1217, 1239, 1240, 1242, 1244, 1246, 1248, 1256, 1273, 1286, 1311, 1336, 1342, 1344, 1345, 1346, 1347, 1348, 1349, 1350, 1361, 1362, 1367, 1369, 1377, 1386, 1388, 1392, 1395, 1403, 1409, 1412, 1418, 1421, 1429, 1431, 1436, 1440, 1449, 1480], [441, 451, 455, 500, 548, 574, 645, 661, 679, 680, 691, 696, 735, 758, 764, 768, 769, 842, 850, 864, 893, 902, 904, 909, 1009, 1015, 1018, 1021, 1031, 1043, 1045, 1047, 1048, 1050, 1052, 1054, 1055, 1129, 1132, 1217, 1235, 1239, 1240, 1242, 1244, 1246, 1248, 1273, 1286, 1299, 1311, 1332, 1333, 1336, 1338, 1342, 1344, 1345, 1346, 1347, 1348, 1349, 1350, 1361, 1362, 1367, 1369, 1377, 1386, 1388, 1392, 1395, 1396, 1403, 1409, 1412, 1413, 1418, 1421, 1429, 1431, 1436, 1440, 1445, 1449, 1480], [500, 574, 596, 608, 625, 642, 643, 644, 645, 663, 687, 696, 717, 720, 737, 749, 754, 756, 758, 764, 768, 769, 777, 781, 787, 798, 799, 816, 817, 819, 820, 821, 823, 827, 850, 864, 868, 871, 873, 879, 881, 883, 889, 893, 896, 902, 904, 905, 909, 918, 921, 924, 925, 926, 928, 941, 956, 957, 963, 967, 973, 997, 1001, 1003, 1004, 1024, 1027, 1030, 1048, 1052, 1055, 1070, 1074, 1087, 1095, 1118, 1124, 1135, 1137, 1142, 1162, 1166, 1181, 1198, 1213, 1217, 1240, 1248, 1256, 1259, 1273, 1286, 1332, 1348, 1361, 1362, 1367, 1369, 1386, 1388, 1409, 1412, 1413, 1418, 1429, 1431, 1440, 1445, 1449, 1480], [251, 270, 290, 300, 391, 407, 414, 441, 451, 455, 500, 519, 536, 542, 548, 573, 574, 577, 585, 620, 645, 659, 661, 668, 679, 680, 683, 690, 691, 696, 701, 708, 712, 720, 722, 725, 733, 735, 742, 746, 756, 758, 764, 768, 769, 770, 777, 785, 787, 788, 790, 792, 794, 799, 801, 817, 819, 821, 823, 827, 842, 864, 868, 873, 889, 893, 902, 904, 905, 909, 933, 934, 936, 939, 951, 954, 957, 970, 999, 1001, 1003, 1004, 1015, 1045, 1129, 1244, 1345, 1346], [519, 536, 542, 548, 565, 573, 585, 679, 690, 691, 722, 725, 746, 769, 770, 783, 788, 790, 801, 803, 805, 819, 827, 842, 879, 881, 883, 889, 893, 896, 904, 905, 921, 924, 926, 928, 931, 933, 934, 935, 936, 937, 939, 941, 947, 949, 950, 951, 952, 953, 954, 956, 957, 958, 961, 963, 964, 965, 967, 970, 972, 973, 974, 997, 999, 1001, 1003, 1004, 1009, 1015, 1018, 1066, 1070, 1074, 1087, 1095, 1112, 1124, 1137, 1142, 1157, 1162, 1166, 1181, 1198, 1213, 1259, 1273, 1286, 1299, 1311, 1332, 1333, 1336, 1338, 1342, 1344, 1345, 1346, 1347, 1348, 1349, 1350, 1361, 1369, 1377, 1386, 1388, 1392, 1396, 1403, 1413, 1418, 1421, 1429, 1431, 1436, 1445, 1449, 1480]!Vessel: FarStar
] 

Rvl : [
!l : 2, 3
[], [564, 566, 579, 580, 582, 592, 610, 618, 627, 647, 648, 649, 651, 773, 775, 779, 782, 802, 804, 807, 808, 810, 851, 878, 880, 882, 887, 895, 898, 900, 913, 914, 915, 920, 923, 927, 929, 932, 943, 944, 945, 948, 959, 962, 968, 975, 998, 1008, 1010, 1012, 1013, 1014, 1017, 1019, 1020, 1022, 1025, 1028, 1029, 1032, 1033, 1035, 1037, 1038, 1039, 1057, 1063, 1064, 1065, 1069, 1071, 1075, 1079, 1086, 1093, 1096, 1097, 1099, 1101, 1102, 1104, 1108, 1111, 1115, 1116, 1119, 1125, 1126, 1127, 1131, 1134, 1140, 1144, 1145, 1147, 1154, 1155, 1156, 1158, 1159, 1163, 1168, 1172, 1173, 1175, 1178, 1180, 1182, 1185, 1191, 1193, 1194, 1197, 1199, 1201, 1204, 1205, 1210, 1212, 1214, 1215, 1216, 1220, 1221, 1222, 1223, 1252, 1258, 1262, 1263, 1269, 1272, 1280, 1284, 1285, 1288, 1289, 1290, 1291, 1294, 1301, 1303, 1304, 1305, 1306, 1307, 1310, 1312, 1315, 1316, 1319, 1320, 1321, 1322, 1324, 1325, 1351, 1353, 1359, 1360, 1363, 1366, 1368, 1370, 1371, 1372, 1373, 1374, 1375, 1376, 1378, 1379, 1380, 1383, 1384, 1385, 1387, 1389, 1390, 1391, 1393, 1394, 1397, 1398, 1399, 1400, 1401, 1405, 1406, 1408, 1411, 1414, 1415, 1416, 1419, 1420, 1422, 1423, 1424, 1426, 1427, 1428, 1430, 1432, 1433, 1434, 1435, 1437, 1438, 1439, 1441, 1442, 1443, 1444, 1446, 1448, 1450, 1451, 1452, 1453, 1454, 1455, 1456, 1457, 1458, 1459, 1460, 1461, 1462, 1463, 1464, 1465, 1466, 1467, 1468, 1469, 1470, 1471, 1472, 1473, 1474, 1475, 1476, 1477, 1478, 1479, 1481, 1482, 1483, 1484, 1485, 1486, 1487, 1488, 1489, 1490, 1491, 1492, 1493, 1494, 1495, 1496]!Vessel: FarSeeker
[], [564, 566, 579, 580, 582, 592, 610, 618, 627, 647, 648, 649, 651, 773, 775, 779, 782, 802, 804, 807, 808, 810, 851, 878, 880, 882, 887, 895, 898, 900, 913, 914, 915, 920, 923, 927, 929, 932, 943, 944, 945, 948, 959, 962, 968, 975, 998, 1008, 1010, 1012, 1013, 1014, 1017, 1019, 1020, 1022, 1025, 1028, 1029, 1032, 1033, 1035, 1037, 1038, 1039, 1057, 1063, 1064, 1065, 1069, 1071, 1075, 1079, 1086, 1093, 1096, 1097, 1099, 1101, 1102, 1104, 1108, 1111, 1115, 1116, 1119, 1125, 1126, 1127, 1131, 1134, 1140, 1144, 1145, 1147, 1154, 1155, 1156, 1158, 1159, 1163, 1168, 1172, 1173, 1175, 1178, 1180, 1182, 1185, 1191, 1193, 1194, 1197, 1199, 1201, 1204, 1205, 1210, 1212, 1214, 1215, 1216, 1220, 1221, 1222, 1223, 1252, 1258, 1262, 1263, 1269, 1272, 1280, 1284, 1285, 1288, 1289, 1290, 1291, 1294, 1301, 1303, 1304, 1305, 1306, 1307, 1310, 1312, 1315, 1316, 1319, 1320, 1321, 1322, 1324, 1325, 1351, 1353, 1359, 1360, 1363, 1366, 1368, 1370, 1371, 1372, 1373, 1374, 1375, 1376, 1378, 1379, 1380, 1383, 1384, 1385, 1387, 1389, 1390, 1391, 1393, 1394, 1397, 1398, 1399, 1400, 1401, 1405, 1406, 1408, 1411, 1414, 1415, 1416, 1419, 1420, 1422, 1423, 1424, 1426, 1427, 1428, 1430, 1432, 1433, 1434, 1435, 1437, 1438, 1439, 1441, 1442, 1443, 1444, 1446, 1448, 1450, 1451, 1452, 1453, 1454, 1455, 1456, 1457, 1458, 1459, 1460, 1461, 1462, 1463, 1464, 1465, 1466, 1467, 1468, 1469, 1470, 1471, 1472, 1473, 1474, 1475, 1476, 1477, 1478, 1479, 1481, 1482, 1483, 1484, 1485, 1486, 1487, 1488, 1489, 1490, 1491, 1492, 1493, 1494, 1495, 1496]!Vessel: FarSearcher
[573, 896, 1007, 1055, 1195, 1286, 1350], [239, 251, 255, 270, 285, 290, 293, 300, 315, 318, 407, 418, 471, 483, 498, 499, 505, 510, 519, 527, 534, 536, 539, 556, 567, 572, 581, 599, 608, 639, 641, 650, 655, 663, 665, 667, 676, 682, 683, 687, 688, 690, 693, 698, 708, 720, 725, 728, 733, 737, 739, 741, 749, 752, 756, 760, 766, 776, 778, 787, 799, 806, 815, 817, 819, 837, 838, 852, 859, 866, 868, 873, 885, 889, 897, 907, 911, 916, 917, 933, 946, 947, 951, 957, 963, 969, 971, 979, 987, 995, 999, 1000, 1002, 1003, 1004, 1015, 1031, 1040, 1041, 1042, 1045, 1047, 1048, 1049, 1050, 1051, 1052, 1053, 1054, 1056, 1058, 1061, 1067, 1072, 1078, 1080, 1081, 1084, 1088, 1090, 1092, 1094, 1098, 1106, 1113, 1114, 1121, 1129, 1133, 1138, 1139, 1146, 1148, 1150, 1152, 1160, 1164, 1167, 1174, 1179, 1184, 1186, 1187, 1188, 1190, 1192, 1200, 1202, 1203, 1206, 1208, 1209, 1218, 1219, 1224, 1226, 1228, 1229, 1231, 1232, 1233, 1234, 1235, 1236, 1237, 1238, 1239, 1240, 1241, 1244, 1246, 1247, 1248, 1249, 1250, 1253, 1255, 1260, 1265, 1267, 1268, 1270, 1271, 1274, 1275, 1276, 1277, 1278, 1281, 1283, 1287, 1292, 1293, 1295, 1296, 1297, 1298, 1300, 1302, 1309, 1313, 1317, 1318, 1323, 1326, 1327, 1328, 1329, 1330, 1331, 1332, 1333, 1334, 1335, 1337, 1338, 1339, 1340, 1341, 1342, 1343, 1346, 1348, 1352, 1354, 1355, 1356, 1357, 1358, 1362, 1364, 1365, 1367, 1382, 1386, 1396, 1402, 1404, 1407, 1410, 1413, 1417, 1425, 1429, 1445, 1447]!Vessel: FarSymphony
[1195], [318, 483, 499, 567, 579, 580, 582, 612, 618, 627, 641, 647, 649, 650, 693, 773, 775, 779, 782, 802, 806, 808, 810, 837, 838, 844, 851, 852, 859, 885, 898, 913, 915, 916, 917, 920, 923, 929, 932, 943, 945, 962, 969, 975, 979, 987, 1010, 1013, 1019, 1020, 1022, 1025, 1028, 1029, 1032, 1033, 1039, 1040, 1041, 1042, 1057, 1061, 1064, 1065, 1069, 1071, 1072, 1075, 1078, 1084, 1090, 1092, 1093, 1096, 1098, 1101, 1104, 1108, 1111, 1113, 1115, 1116, 1119, 1121, 1126, 1127, 1131, 1134, 1138, 1140, 1144, 1145, 1146, 1147, 1150, 1152, 1156, 1158, 1159, 1163, 1164, 1167, 1168, 1171, 1173, 1175, 1178, 1179, 1182, 1185, 1186, 1188, 1190, 1191, 1192, 1194, 1196, 1197, 1199, 1201, 1204, 1205, 1209, 1210, 1212, 1214, 1215, 1218, 1219, 1220, 1221, 1222, 1223, 1232, 1238, 1250, 1255, 1258, 1260, 1262, 1263, 1269, 1274, 1276, 1278, 1283, 1285, 1288, 1289, 1290, 1291, 1294, 1295, 1297, 1298, 1301, 1302, 1305, 1307, 1308, 1309, 1310, 1312, 1313, 1314, 1316, 1317, 1318, 1319, 1320, 1321, 1322, 1324, 1325, 1330, 1341, 1355, 1357, 1358, 1359, 1365, 1366, 1370, 1371, 1372, 1373, 1374, 1375, 1376, 1381, 1394, 1399, 1400, 1402, 1404, 1408, 1411, 1415, 1417, 1424, 1430, 1435, 1438, 1441, 1442, 1447, 1452, 1457, 1458, 1459, 1460, 1467, 1468, 1473, 1475, 1477, 1478, 1479, 1481, 1483, 1484, 1485, 1486, 1487, 1488, 1489, 1490, 1491, 1492, 1493, 1494, 1495, 1496]!Vessel: HavilaForesight
[565, 573, 585, 595, 596, 642, 781, 783, 785, 788, 790, 803, 842, 879, 881, 893, 896, 921, 924, 925, 926, 1009, 1018, 1021, 1055, 1273, 1286, 1350], [251, 270, 290, 300, 391, 407, 414, 441, 451, 455, 500, 519, 536, 542, 548, 574, 577, 594, 601, 602, 604, 608, 614, 617, 620, 622, 625, 626, 643, 644, 645, 659, 661, 663, 668, 679, 680, 683, 687, 690, 691, 696, 701, 704, 708, 710, 712, 717, 720, 722, 725, 730, 733, 735, 737, 742, 746, 749, 754, 756, 758, 764, 768, 769, 770, 777, 780, 787, 791, 792, 794, 798, 799, 801, 805, 816, 817, 819, 820, 821, 823, 827, 850, 864, 868, 871, 873, 883, 889, 902, 904, 905, 909, 918, 928, 931, 933, 934, 935, 936, 937, 939, 941, 947, 949, 950, 951, 952, 953, 954, 956, 957, 958, 961, 963, 964, 965, 967, 970, 972, 973, 974, 997, 999, 1001, 1003, 1004, 1015, 1024, 1027, 1030, 1031, 1043, 1045, 1047, 1048, 1050, 1052, 1054, 1066, 1070, 1074, 1087, 1095, 1109, 1112, 1118, 1124, 1129, 1132, 1135, 1137, 1142, 1157, 1162, 1166, 1181, 1198, 1213, 1217, 1235, 1239, 1240, 1242, 1244, 1246, 1248, 1256, 1259, 1299, 1311, 1332, 1333, 1336, 1338, 1342, 1344, 1345, 1346, 1347, 1348, 1349, 1361, 1362, 1367, 1369, 1377, 1386, 1388, 1392, 1395, 1396, 1403, 1409, 1412, 1413, 1418, 1421, 1429, 1431, 1436, 1440, 1445, 1449, 1480]!Vessel: FarStar
] 

minF : 1
maxF : 6
Nf : [
!f : 1, 2, 3, 4, 5, 6
[10], [5, 6], [], [11], [2, 3, 4, 7], [1, 8, 9]
]

! Parameters
VoyageCost: [37970, 39085, 64838, 59991, 44841, 37570, 39448, 44429, 45544, 73722, 62814, 47265, 43726, 43120, 46453, 46720, 43120, 43120, 73722, 62814, 46053, 38879, 38273, 44029, 44296, 38273, 74837, 63929, 47265, 42418, 44235, 47568, 46720, 44235, 72716, 73019, 72413, 75746, 72413, 81805, 85502, 83017, 68535, 62414, 46053, 37570, 43326, 45508, 39994, 62414, 47265, 45144, 44296, 36964, 64838, 46053, 46720, 45144, 87320, 63929, 46053, 40660, 50186, 51156, 49580, 49580, 81296, 70389, 50392, 48877, 50695, 54028, 52271, 50695, 81599, 84629, 85441, 70959, 48877, 49580, 49847, 48271, 52913, 52210, 80181, 69274, 49277, 78872, 67965, 47968, 46453, 48271, 51604, 49847, 48271, 81599, 84629, 84229, 69747, 79478, 68571, 47265, 44029, 78872, 67965, 45508, 82205, 71298, 51301, 82714, 85744, 74837, 85441, 70959, 47568, 50962, 49386, 78872, 90349, 90349, 78169, 79987, 83320, 90349, 79987, 90895, 80896, 80290, 83623, 82714, 78169, 91561, 80593, 90349, 77564, 83320, 90349, 83320, 85502, 85502, 85502, 90349, 90955, 86714, 85502, 85502, 86714, 92167, 79478, 68571, 48574, 50453, 48877, 45605, 44029, 67262, 47265, 50901, 49144, 47568, 84229, 84229, 69747, 67262, 45508, 42721, 81502, 70595, 49144, 67965, 48477, 51604, 47265, 49180, 69080, 49083, 52719, 84229, 85441, 70959, 47265, 48477, 72413, 52416, 82205, 71298, 51301, 53179, 51604, 50756, 49180, 52416, 54294, 52719, 86047, 74837, 84229, 69747, 49786, 50598, 52477, 50901, 51871, 50295, 54294, 78872, 67965, 47968, 49847, 78872, 67965, 46053, 43423, 44999, 69080, 49083, 50962, 85744, 84229, 69747, 69686, 47265, 66656, 47265, 44296, 52416, 88531, 55337, 58730, 55337, 54731, 54731, 89174, 88471, 77963, 81296, 88568, 61299, 74085, 54028, 55846, 66002, 64693, 72873, 59845, 87926, 76848, 76146, 87926, 77963, 93779, 76848, 87926, 75540, 94591, 56912, 55337, 55603, 56306, 54731, 58670, 58064, 58064, 57361, 88059, 88471, 77454, 87453, 55034, 72970, 85332, 54428, 58064, 89780, 86750, 87259, 76146, 75540, 78872, 87926, 77963, 86144, 53725, 58876, 71661, 51604, 57361, 57421, 93319, 93779, 87926, 75540, 93379, 85938, 84629, 87356, 88471, 79478, 85441, 70959, 84629, 73722, 50756, 87962, 85332, 54428, 86750, 88471, 78872, 51301, 88665, 57761, 87259, 89477, 94894, 87926, 76655, 94591, 54294, 52719, 58536, 91561, 85332, 84629, 86447, 89780, 91561, 86447, 84629, 91561, 84023, 87962, 91561, 91561, 84023, 91561, 84023, 90349, 84023, 83320, 89077, 91561, 85744, 91561, 85138, 90895, 92470, 90895, 91561, 92107, 87356, 86750, 90083, 91561, 86750, 91561, 86750, 92107, 86047, 91198, 91561, 87865, 93319, 86047, 92773, 88471, 91561, 85441, 90083, 92107, 89380, 91198, 92773, 91198, 92773, 91561, 84629, 91561, 83320, 92773, 91561, 90349, 87356, 91561, 88471, 92470, 92773, 87053, 88471, 86750, 72267, 58027, 66208, 53179, 53725, 57361, 55603, 54028, 53179, 51604, 87259, 78169, 87926, 77261, 85441, 58173, 70959, 54840, 58476, 69747, 56718, 87926, 87926, 93379, 87926, 87926, 89137, 93379, 73722, 53725, 88471, 78169, 51871, 57058, 57361, 91561, 89077, 87259, 80593, 89780, 88471, 78872, 86653, 72170, 58876, 53119, 56755, 54997, 53422, 85441, 70959, 87356, 56452, 55543, 59179, 87865, 88471, 79987, 87259, 59991, 72776, 93319, 93379, 88471, 94591, 72413, 52416, 56052, 85441, 70959, 86653, 55749, 90592, 59179, 91561, 89780, 80181, 87259, 79478, 89477, 74994, 58876, 56755, 66911, 68632, 65602, 60754, 54331, 63178, 58330, 56755, 90592, 76109, 59991, 57870, 68026, 66717, 61869, 86714, 78872, 86714, 87259, 86714, 79987, 86714, 77564, 87926, 73782, 93379, 74897, 57058, 54937, 54937, 88774, 74291, 58173, 64899, 60051, 59445, 105499, 55543, 76848, 87259, 76146, 87926, 54428, 86144, 53725, 71661, 54997, 53119, 87259, 76146, 78872, 87926, 84229, 69747, 51301, 50150, 56452, 87259, 87926, 87259, 72776, 93319, 94894, 87926, 88471, 93379, 88471, 85441, 70959, 53119, 50695, 54234, 87259, 85441, 70959, 54028, 49180, 72413, 49992, 53628, 57567, 90592, 76109, 60487, 69335, 60487, 59881, 89137, 83114, 62002, 78121, 62002, 97718, 79236, 63117, 60487, 59179, 71152, 76909, 71152, 78024, 69844, 82605, 87926, 81999, 107510, 109231, 106201, 101354, 89137, 81999, 64487, 63178, 63881, 63820, 63214, 62511, 82605, 96603, 60184, 92604, 60184, 65335, 63820, 96239, 97051, 95536, 88471, 94022, 97657, 89683, 81296, 87926, 80690, 88471, 84629, 95294, 58876, 76812, 60693, 91901, 56755, 62511, 95330, 101354, 89683, 89137, 82605, 94627, 89137, 81296, 89683, 91901, 94591, 92507, 89683, 84629, 58330, 94421, 89683, 89683, 94531, 89683, 89780, 89477, 74994, 93113, 104287, 63517, 95936, 88471, 87926, 84023, 113473, 108625, 110346, 107316, 102469, 61869, 91089, 90483, 92058, 90483, 89780, 95536, 93779, 92204, 93173, 91598, 97051, 97354, 98930, 97354, 95597, 92773, 91089, 92773, 91089, 92773, 90483, 93173, 93816, 95391, 93816, 93113, 93173, 91561, 89174, 93173, 91561, 89780, 91561, 88471, 96348, 98227, 96651, 94894, 94288, 94930, 96506, 94930, 94228, 97621, 96045, 100045, 93816, 93210, 94785, 93210, 93210, 94022, 92507, 94325, 97657, 95900, 94325, 94627, 92507, 96506, 94930, 93476, 91901, 96542, 97354, 95839, 97657, 99233, 97657, 95900, 93476, 91901, 95900, 92507, 91901, 93476, 91901, 93319, 91198, 96954, 95197, 93622, 94591, 93016, 98469, 98772, 100348, 98772, 97015, 94082, 92507, 92773, 91198, 97621, 94531, 94591, 97354, 95839, 95233, 96809, 95233, 96651, 94531, 98530, 96954, 97924, 96348, 100348, 92773, 89780, 92773, 94082, 92507, 94688, 93113, 93379, 97621, 96203, 89137, 81296, 76303, 60184, 95900, 77418, 72667, 73782, 104384, 91901, 64632, 77418, 61299, 64935, 69335, 68026, 76206, 63178, 65602, 60754, 88471, 87926, 81296, 87926, 81296, 87926, 79987, 88471, 87926, 85744, 89137, 74994, 58876, 94591, 93016, 76109, 78230, 78230, 62511, 100954, 89137, 89683, 91901, 89683, 104287, 95233, 97112, 95536, 98227, 88471, 87926, 84629, 87926, 84629, 87926, 83320, 89743, 97051, 81999, 89683, 81296, 86447, 94531, 85332, 89683, 84629, 76206, 95803, 63214, 91295, 64026, 62572, 91901, 94591, 94627, 93719, 66450, 95137, 89683, 98166, 96409, 100954, 58876, 62511, 88471, 83320, 90592, 63323, 94591, 93925, 98469, 63214, 64329, 96506, 94930, 98930, 85938, 87926, 85332, 85332, 88471, 84629, 88022, 86447, 87926, 84023, 62911, 77018, 62911, 78230, 66450, 98627, 97051, 62208, 78230, 64026, 78230, 72061, 72061, 71358, 70752, 68935, 68329, 61905, 77018, 64026, 98166, 78230, 65141, 78230, 61202, 73176, 72473, 71867, 88022, 84023, 86714, 84023, 87926, 85138, 89137, 87926, 77018, 77018, 98530, 77018, 78230, 95233, 60087, 78230, 64632, 62208, 77018, 62208, 64632, 65747, 97924, 96348, 78230, 70050, 93719, 78230, 94482, 87926, 88471, 87926, 94022, 89683, 89137, 87926, 88471, 59578, 75697, 95294, 77418, 76812, 91295, 76812, 88471, 88471, 87926, 94022, 89683, 89137, 87926, 88471, 88022, 90689, 93379, 63820, 89477, 74994, 94627, 95137, 89683, 87926, 88471, 96409, 77927, 93779, 96506, 95742, 89683, 91901, 94591, 91295, 88871, 61602, 74388, 92410, 95742, 88471, 89683, 88471, 93319, 88471, 94591, 89780, 58876, 56452, 57567, 88471, 88168, 60899, 73685, 91804, 98772, 99742, 70849, 75297, 73479, 72873, 71055, 74594, 69747, 65638, 67153, 79442, 66450, 89331, 87756, 112661, 111958, 111352, 74485, 68971, 79442, 65335, 100481, 103511, 65335, 71092, 68971, 101996, 102808, 100687, 104117, 99778, 104929, 103414, 90895, 92604, 91901, 89780, 78230, 67662, 111958, 111352, 98360, 90895, 93210, 99984, 90895, 91089, 90349, 87756, 99778, 91901, 77818, 90895, 93719, 92604, 97051, 95936, 68668, 100384, 101693, 91355, 89780, 96239, 97209, 95633, 112661, 99633, 97815, 96239, 96506, 94930, 102808, 103111, 101354, 100748, 101390, 101390, 104626, 100687, 102505, 111352, 106504, 99633, 97815, 96239, 99572, 100542, 98966, 102966, 99572, 99839, 98263, 96506, 94930, 98324, 98930, 97621, 100687, 103923, 111958, 110649, 105801, 100081, 108928, 104081, 99378, 105196, 98966, 99936, 98360, 102360, 98966, 98360, 99936, 98360, 99778, 101596, 104929, 101596, 97657, 103414, 101657, 100081, 101051, 99475, 105232, 105232, 116503, 103475, 100542, 98966, 99233, 97657, 104081, 99778, 101051, 103814, 102299, 101693, 101693, 103111, 104929, 104929, 100990, 103414, 102808, 112964, 114685, 111655, 106807, 99233, 97657, 101051, 97657, 98627, 97051, 114079, 101051, 99233, 97657, 104226, 100893, 97924, 96348, 104529, 102772, 102166, 102808, 102808, 106044, 106044, 102105, 103923, 112770, 107922, 101657, 100348, 103111, 100990, 100384, 112261, 109231, 104384, 100990, 104226, 99681, 110952, 106104, 105499, 98930, 99839, 98263, 101657, 102263, 100954, 101051, 110843, 65335, 99475, 78230, 68971, 79442, 74485, 74485, 73176, 70752, 90446, 90446, 89137, 86447, 89137, 91901, 93779, 92204, 91355, 89780, 94894, 78230, 110952, 91901, 77721, 68668, 102808, 104687, 93779, 93779, 92470, 87756, 89137, 87150, 93719, 92058, 90483, 97754, 102202, 70486, 99984, 99984, 101087, 102505, 104626, 97051, 69783, 101499, 89683, 89780, 89137, 86447, 98469, 90592, 100384, 101802, 78230, 68365, 78230, 78230, 67662, 104081, 91089, 90483, 92058, 90483, 93173, 91598, 95597, 92664, 91089, 91355, 89780, 93173, 68062, 70486, 71601, 102202, 78230, 67359, 77212, 69177, 103317, 68474, 90749, 89174, 93173, 90046, 88471, 94288, 78230, 72207, 67359, 69783, 69783, 114382, 115800, 100239, 98930, 90895, 88725, 89683, 89840, 99778, 89331, 90895, 89137, 92058, 91901, 78230, 78230, 97754, 102202, 99172, 89683, 89683, 93719, 90895, 92604, 91901, 98772, 77018, 97051, 95936, 98772, 100384, 101087, 102505, 77818, 74085, 93719, 93016, 98869, 96445, 95330, 98772, 99778, 100287, 91295, 89683, 89683, 87926, 89683, 92410, 99172, 103620, 91295, 90749, 94627, 95742, 89683, 89137, 89137, 98469, 90592, 94627, 64026, 78230, 99075, 97318, 74485, 78933, 77115, 76509, 77321, 70486, 79442, 74122, 107147, 107959, 105838, 109874, 104929, 108565, 96506, 94930, 95027, 103511, 76243, 103814, 96348, 106844, 73819, 101390, 110237, 117109, 104081, 107147, 106541, 108662, 107959, 109777, 105838, 105389, 104723, 113570, 107413, 104081, 104117, 107510, 112964, 104117, 103511, 112358, 105632, 104929, 106747, 112503, 104117, 102808, 110989, 114079, 108625, 109268, 109268, 108565, 110383, 106807, 107450, 106844, 108965, 108262, 110080, 107450, 106141, 117412, 106807, 102808, 111655, 105499, 108565, 107959, 110080, 109377, 111195, 107256, 108262, 106141, 114988, 116103, 107413, 94482, 92907, 99633, 97815, 97754, 96239, 97051, 97051, 105535, 79442, 95633, 104480, 96239, 96506, 94930, 100748, 75637, 74934, 97621, 74934, 95027, 93876, 93173, 95027, 94482, 96506, 78230, 93173, 96506, 79442, 102905, 102202, 103208, 95330, 104323, 96445, 106238, 107656, 94421, 98869, 93719, 79442, 101087, 102505, 95137, 95137, 102202, 106650, 103620, 93719, 102505, 95137, 95742, 105535, 106953, 112297, 115024, 113715, 109268, 113715, 112600, 101390]
VoyageDuration: [2, 2, 2, 2, 2, 2, 2, 2, 2, 2, 2, 2, 2, 2, 2, 2, 2, 2, 2, 2, 2, 2, 2, 2, 2, 2, 2, 2, 2, 2, 2, 2, 2, 2, 2, 2, 2, 2, 2, 3, 3, 3, 3, 2, 2, 2, 2, 2, 2, 2, 2, 2, 2, 2, 2, 2, 2, 2, 3, 2, 2, 2, 2, 2, 2, 2, 3, 2, 2, 2, 2, 2, 2, 2, 3, 3, 3, 3, 2, 2, 2, 2, 2, 2, 2, 2, 2, 2, 2, 2, 2, 2, 2, 2, 2, 3, 3, 3, 3, 2, 2, 2, 2, 2, 2, 2, 3, 2, 2, 3, 3, 2, 3, 3, 2, 2, 2, 2, 3, 3, 2, 2, 3, 3, 2, 3, 2, 2, 3, 3, 2, 3, 2, 3, 2, 3, 3, 3, 3, 3, 3, 3, 3, 3, 3, 3, 3, 3, 2, 2, 2, 2, 2, 2, 2, 2, 2, 2, 2, 2, 3, 3, 3, 2, 2, 2, 3, 2, 2, 2, 2, 2, 2, 2, 2, 2, 2, 3, 3, 3, 2, 2, 2, 2, 3, 2, 2, 2, 2, 2, 2, 2, 2, 2, 3, 2, 3, 3, 2, 2, 2, 2, 2, 2, 2, 2, 2, 2, 2, 2, 2, 2, 2, 2, 2, 2, 2, 3, 3, 3, 2, 2, 2, 2, 2, 2, 3, 2, 2, 2, 2, 2, 3, 3, 2, 3, 3, 2, 3, 2, 2, 2, 2, 3, 2, 3, 2, 2, 3, 3, 3, 2, 3, 2, 3, 2, 2, 2, 2, 2, 2, 2, 2, 2, 3, 3, 2, 3, 2, 3, 3, 2, 2, 3, 3, 3, 2, 2, 3, 3, 3, 3, 2, 2, 3, 2, 2, 2, 3, 3, 3, 2, 3, 3, 3, 3, 3, 3, 3, 3, 3, 2, 2, 3, 3, 2, 3, 3, 3, 2, 3, 2, 3, 3, 3, 3, 2, 3, 2, 2, 2, 3, 3, 3, 3, 3, 3, 3, 3, 3, 3, 3, 3, 3, 3, 3, 3, 3, 3, 3, 3, 3, 3, 3, 3, 3, 3, 3, 3, 3, 3, 3, 3, 3, 3, 3, 3, 3, 3, 3, 3, 3, 3, 3, 3, 3, 3, 3, 3, 3, 3, 3, 3, 3, 3, 3, 3, 3, 3, 3, 3, 3, 3, 3, 3, 3, 3, 3, 3, 3, 3, 2, 2, 2, 2, 2, 2, 2, 2, 2, 3, 3, 3, 2, 3, 2, 3, 2, 2, 2, 2, 3, 3, 3, 3, 3, 3, 3, 2, 2, 3, 3, 2, 2, 2, 3, 3, 3, 3, 3, 3, 3, 3, 3, 2, 2, 2, 2, 2, 3, 3, 3, 2, 2, 2, 3, 3, 3, 3, 2, 3, 3, 3, 3, 3, 2, 2, 2, 3, 3, 3, 2, 3, 2, 3, 3, 3, 3, 3, 3, 3, 2, 2, 2, 2, 2, 2, 2, 2, 2, 2, 3, 3, 2, 2, 2, 2, 2, 3, 3, 3, 3, 3, 3, 3, 3, 3, 3, 3, 3, 2, 2, 2, 3, 3, 2, 2, 2, 2, 3, 2, 2, 3, 2, 3, 2, 3, 2, 3, 2, 2, 3, 2, 3, 3, 3, 3, 2, 2, 2, 3, 3, 3, 3, 3, 3, 3, 3, 3, 3, 3, 3, 2, 2, 2, 3, 3, 3, 2, 2, 2, 2, 2, 2, 3, 3, 2, 2, 2, 2, 3, 3, 2, 3, 2, 3, 3, 2, 2, 2, 2, 3, 2, 3, 2, 3, 3, 3, 3, 3, 3, 3, 3, 3, 2, 2, 2, 2, 2, 2, 3, 3, 2, 3, 2, 2, 2, 3, 3, 3, 3, 3, 3, 3, 3, 3, 3, 3, 3, 3, 2, 3, 2, 3, 2, 2, 3, 3, 3, 3, 3, 3, 3, 3, 3, 3, 3, 3, 3, 3, 2, 3, 3, 3, 3, 3, 3, 3, 3, 3, 3, 2, 3, 3, 3, 3, 3, 3, 3, 3, 3, 2, 3, 3, 3, 3, 3, 3, 3, 3, 3, 3, 3, 3, 3, 3, 3, 3, 3, 3, 3, 3, 3, 3, 3, 3, 3, 3, 3, 3, 3, 3, 3, 3, 3, 3, 3, 3, 3, 3, 3, 3, 3, 3, 3, 3, 3, 3, 3, 3, 3, 3, 3, 3, 3, 3, 3, 3, 3, 3, 3, 3, 3, 3, 3, 3, 3, 3, 3, 3, 3, 3, 3, 3, 3, 3, 3, 3, 3, 3, 3, 3, 3, 3, 3, 3, 3, 3, 3, 3, 3, 3, 3, 3, 3, 3, 3, 3, 3, 3, 3, 3, 3, 3, 3, 3, 3, 3, 3, 3, 3, 3, 3, 3, 3, 3, 3, 3, 3, 3, 3, 3, 3, 2, 3, 3, 3, 3, 3, 3, 2, 3, 2, 2, 2, 2, 3, 2, 2, 2, 3, 3, 3, 3, 3, 3, 3, 3, 3, 3, 3, 3, 2, 3, 3, 3, 3, 3, 2, 3, 3, 3, 3, 3, 3, 3, 3, 3, 3, 3, 3, 3, 3, 3, 3, 3, 3, 3, 3, 3, 3, 3, 3, 3, 3, 3, 3, 3, 2, 3, 2, 2, 3, 3, 3, 3, 2, 3, 3, 3, 3, 3, 2, 2, 3, 3, 3, 2, 3, 3, 3, 2, 2, 3, 3, 3, 3, 3, 3, 3, 3, 3, 3, 3, 3, 3, 2, 3, 2, 3, 2, 3, 3, 2, 3, 2, 3, 3, 3, 2, 3, 2, 2, 2, 3, 2, 3, 3, 2, 3, 2, 3, 3, 3, 3, 3, 3, 3, 3, 3, 3, 3, 3, 3, 3, 3, 3, 3, 2, 3, 2, 2, 3, 2, 2, 2, 3, 3, 3, 2, 3, 3, 3, 3, 3, 3, 3, 3, 3, 3, 3, 2, 3, 3, 3, 3, 3, 3, 3, 3, 3, 3, 3, 3, 3, 3, 3, 3, 3, 2, 3, 3, 3, 3, 3, 3, 3, 3, 3, 3, 3, 3, 3, 3, 3, 3, 3, 2, 3, 3, 3, 3, 3, 3, 3, 3, 3, 3, 2, 2, 2, 3, 3, 2, 3, 3, 3, 3, 3, 3, 3, 3, 3, 3, 3, 2, 2, 3, 2, 3, 3, 3, 3, 3, 3, 2, 3, 2, 3, 3, 2, 3, 2, 3, 3, 3, 3, 3, 3, 3, 3, 3, 3, 3, 3, 2, 3, 3, 3, 3, 3, 3, 3, 3, 3, 3, 3, 3, 3, 3, 3, 3, 3, 3, 2, 3, 3, 3, 3, 3, 3, 3, 3, 3, 3, 3, 3, 3, 3, 3, 3, 3, 3, 3, 3, 3, 3, 3, 3, 3, 3, 3, 3, 3, 3, 3, 3, 3, 3, 3, 3, 3, 3, 3, 3, 3, 3, 3, 3, 3, 3, 3, 3, 3, 3, 3, 3, 3, 3, 3, 3, 3, 3, 3, 3, 3, 3, 3, 3, 3, 3, 3, 3, 3, 3, 3, 3, 3, 3, 3, 3, 3, 3, 3, 3, 3, 3, 3, 3, 3, 3, 3, 3, 3, 3, 3, 3, 3, 3, 3, 3, 3, 3, 3, 3, 3, 3, 3, 3, 3, 3, 3, 3, 3, 3, 3, 3, 3, 3, 3, 3, 3, 3, 3, 3, 3, 3, 3, 3, 3, 3, 3, 3, 3, 3, 3, 3, 3, 3, 3, 3, 3, 3, 3, 2, 3, 3, 3, 3, 3, 3, 3, 3, 3, 3, 3, 3, 3, 3, 3, 3, 3, 3, 3, 3, 3, 3, 3, 3, 3, 3, 3, 3, 3, 3, 3, 3, 3, 3, 3, 3, 3, 3, 3, 3, 3, 3, 3, 3, 3, 3, 3, 3, 3, 3, 3, 3, 3, 3, 3, 3, 3, 3, 2, 3, 3, 3, 3, 3, 3, 3, 3, 3, 3, 3, 3, 3, 3, 3, 3, 3, 3, 2, 3, 3, 3, 3, 3, 3, 3, 3, 3, 3, 3, 3, 2, 3, 3, 3, 3, 3, 3, 3, 3, 3, 3, 3, 3, 3, 3, 3, 3, 3, 3, 3, 3, 3, 3, 3, 3, 3, 3, 3, 3, 3, 3, 3, 3, 3, 3, 3, 3, 3, 3, 3, 3, 3, 3, 3, 3, 3, 3, 3, 3, 3, 3, 3, 3, 3, 3, 3, 3, 3, 3, 3, 3, 3, 3, 3, 2, 3, 3, 3, 3, 3, 3, 3, 3, 3, 3, 3, 3, 3, 3, 3, 3, 3, 3, 3, 3, 3, 3, 3, 3, 3, 3, 3, 3, 3, 3, 3, 3, 3, 3, 3, 3, 3, 3, 3, 3, 3, 3, 3, 3, 3, 3, 3, 3, 3, 3, 3, 3, 3, 3, 3, 3, 3, 3, 3, 3, 3, 3, 3, 3, 3, 3, 3, 3, 3, 3, 3, 3, 3, 3, 3, 3, 3, 3, 3, 3, 3, 3, 3, 3, 3, 3, 3, 3, 3, 3, 3, 3, 3, 3, 3, 3, 3, 3, 3, 3, 3, 3, 3, 3, 3, 3, 3, 3, 3, 3, 3, 3, 3, 3, 3, 3, 3, 3, 3, 3, 3, 3, 3, 3, 3, 3, 3, 3, 3, 3, 3, 3, 3, 3, 3, 3, 3, 3, 3, 3, 3, 3, 3, 3, 3, 3]
TimeCharterCost: [120000, 125000, 130000, 110000, 104000]
RequiredVisits: [6, 5, 5, 5, 2, 2, 5, 6, 6, 1, 4]
NumberOfDaysAvailable: [7, 7, 7, 7, 7]
DepotCapacity: [3, 3, 3, 3, 3, 3, 0]
