!Summary:
!Execution time: 1,12 seconds
!Total # voyages: 1287 (1513 unique)
!Number of installations (excluding depot): 11
!Number of time windows: 0
!Number of vessels: 5

!Min. # installations: 1
!Max. number of installations: 8
!Min. duration: 56
!Max. duration: 80

!Name: FarStar	 # voyages: 232
!Name: FarSymphony	 # voyages: 255
!Name: FarSearcher	 # voyages: 280
!Name: FarSeeker	 # voyages: 280
!Name: HavilaForesight	 # voyages: 240
!------------------------------------------------------------------------------------------------------------------------
nV : 5
nR : 1513
nN : 11
nT : 7
minL : 2
maxL : 3

! Sets: 
Rv : [
[628, 647, 704, 725, 741, 747, 758, 759, 770, 774, 778, 783, 787, 790, 796, 800, 802, 805, 807, 809, 813, 816, 819, 822, 823, 826, 828, 842, 843, 888, 891, 893, 895, 901, 904, 905, 908, 914, 919, 922, 924, 925, 929, 930, 935, 936, 937, 945, 952, 953, 954, 959, 960, 961, 963, 971, 978, 998, 1018, 1023, 1024, 1025, 1027, 1029, 1032, 1033, 1036, 1039, 1041, 1045, 1046, 1047, 1059, 1061, 1064, 1065, 1071, 1078, 1080, 1082, 1090, 1096, 1098, 1100, 1103, 1105, 1114, 1118, 1119, 1135, 1136, 1142, 1152, 1154, 1155, 1158, 1159, 1165, 1172, 1174, 1180, 1185, 1199, 1200, 1204, 1212, 1215, 1221, 1225, 1228, 1230, 1232, 1241, 1243, 1245, 1246, 1247, 1249, 1251, 1257, 1263, 1269, 1272, 1275, 1277, 1279, 1280, 1281, 1283, 1284, 1285, 1286, 1288, 1289, 1290, 1291, 1293, 1294, 1295, 1296, 1297, 1299, 1300, 1301, 1303, 1304, 1308, 1310, 1311, 1312, 1314, 1315, 1317, 1318, 1319, 1321, 1322, 1324, 1326, 1329, 1331, 1335, 1336, 1341, 1347, 1355, 1356, 1357, 1358, 1359, 1360, 1365, 1366, 1367, 1374, 1375, 1376, 1378, 1381, 1383, 1384, 1386, 1387, 1388, 1390, 1391, 1392, 1393, 1394, 1395, 1397, 1398, 1400, 1401, 1402, 1403, 1404, 1407, 1409, 1410, 1411, 1412, 1414, 1415, 1418, 1420, 1421, 1422, 1423, 1425, 1429, 1432, 1433, 1434, 1435, 1436, 1437, 1439, 1442, 1444, 1446, 1447, 1448, 1449, 1450, 1451, 1454, 1455, 1456, 1457, 1459, 1461, 1462, 1464, 1465, 1466, 1467, 1468, 1469, 1470, 1471, 1472, 1473, 1474, 1475, 1476, 1477, 1480, 1482, 1483, 1484, 1485, 1486, 1487, 1488, 1489, 1490, 1491, 1492, 1493, 1494, 1495, 1496, 1497, 1498, 1499, 1500, 1501, 1502, 1503, 1504, 1505, 1506, 1507, 1508, 1509, 1510, 1511, 1512, 1513]!Vessel: FarSeeker
[628, 647, 704, 725, 741, 747, 758, 759, 770, 774, 778, 783, 787, 790, 796, 800, 802, 805, 807, 809, 813, 816, 819, 822, 823, 826, 828, 842, 843, 888, 891, 893, 895, 901, 904, 905, 908, 914, 919, 922, 924, 925, 929, 930, 935, 936, 937, 945, 952, 953, 954, 959, 960, 961, 963, 971, 978, 998, 1018, 1023, 1024, 1025, 1027, 1029, 1032, 1033, 1036, 1039, 1041, 1045, 1046, 1047, 1059, 1061, 1064, 1065, 1071, 1078, 1080, 1082, 1090, 1096, 1098, 1100, 1103, 1105, 1114, 1118, 1119, 1135, 1136, 1142, 1152, 1154, 1155, 1158, 1159, 1165, 1172, 1174, 1180, 1185, 1199, 1200, 1204, 1212, 1215, 1221, 1225, 1228, 1230, 1232, 1241, 1243, 1245, 1246, 1247, 1249, 1251, 1257, 1263, 1269, 1272, 1275, 1277, 1279, 1280, 1281, 1283, 1284, 1285, 1286, 1288, 1289, 1290, 1291, 1293, 1294, 1295, 1296, 1297, 1299, 1300, 1301, 1303, 1304, 1308, 1310, 1311, 1312, 1314, 1315, 1317, 1318, 1319, 1321, 1322, 1324, 1326, 1329, 1331, 1335, 1336, 1341, 1347, 1355, 1356, 1357, 1358, 1359, 1360, 1365, 1366, 1367, 1374, 1375, 1376, 1378, 1381, 1383, 1384, 1386, 1387, 1388, 1390, 1391, 1392, 1393, 1394, 1395, 1397, 1398, 1400, 1401, 1402, 1403, 1404, 1407, 1409, 1410, 1411, 1412, 1414, 1415, 1418, 1420, 1421, 1422, 1423, 1425, 1429, 1432, 1433, 1434, 1435, 1436, 1437, 1439, 1442, 1444, 1446, 1447, 1448, 1449, 1450, 1451, 1454, 1455, 1456, 1457, 1459, 1461, 1462, 1464, 1465, 1466, 1467, 1468, 1469, 1470, 1471, 1472, 1473, 1474, 1475, 1476, 1477, 1480, 1482, 1483, 1484, 1485, 1486, 1487, 1488, 1489, 1490, 1491, 1492, 1493, 1494, 1495, 1496, 1497, 1498, 1499, 1500, 1501, 1502, 1503, 1504, 1505, 1506, 1507, 1508, 1509, 1510, 1511, 1512, 1513]!Vessel: FarSearcher
[237, 342, 358, 377, 390, 392, 395, 398, 401, 407, 411, 413, 416, 421, 423, 427, 432, 492, 510, 514, 520, 523, 524, 525, 544, 564, 567, 582, 585, 594, 597, 613, 617, 641, 648, 650, 653, 654, 660, 673, 690, 694, 718, 730, 736, 749, 753, 757, 772, 781, 784, 785, 791, 798, 803, 814, 825, 829, 830, 831, 837, 840, 860, 864, 868, 876, 882, 887, 898, 902, 913, 920, 921, 923, 927, 928, 933, 940, 941, 943, 944, 947, 949, 950, 951, 957, 958, 962, 966, 967, 974, 976, 979, 983, 991, 992, 996, 997, 1000, 1016, 1020, 1022, 1035, 1038, 1042, 1044, 1048, 1049, 1053, 1056, 1058, 1060, 1063, 1067, 1075, 1076, 1077, 1081, 1083, 1084, 1085, 1088, 1093, 1095, 1097, 1099, 1101, 1102, 1107, 1110, 1116, 1117, 1123, 1127, 1128, 1131, 1132, 1133, 1134, 1138, 1147, 1149, 1151, 1153, 1156, 1157, 1161, 1169, 1170, 1173, 1175, 1176, 1178, 1182, 1184, 1186, 1187, 1190, 1194, 1196, 1198, 1202, 1203, 1206, 1209, 1210, 1211, 1213, 1214, 1217, 1218, 1219, 1220, 1222, 1223, 1224, 1227, 1229, 1231, 1233, 1234, 1235, 1236, 1238, 1239, 1240, 1242, 1253, 1255, 1259, 1261, 1265, 1266, 1267, 1270, 1273, 1274, 1276, 1278, 1282, 1287, 1292, 1298, 1302, 1305, 1306, 1307, 1309, 1313, 1316, 1320, 1323, 1325, 1327, 1328, 1330, 1332, 1334, 1337, 1338, 1339, 1340, 1342, 1343, 1344, 1345, 1346, 1348, 1349, 1350, 1351, 1352, 1354, 1361, 1362, 1363, 1364, 1370, 1379, 1380, 1382, 1385, 1406, 1408, 1419, 1424, 1427, 1428, 1431, 1440, 1441, 1452, 1453, 1478, 1479]!Vessel: FarSymphony
[411, 510, 524, 564, 660, 723, 725, 741, 747, 757, 758, 759, 770, 781, 784, 785, 787, 788, 791, 796, 798, 800, 805, 814, 819, 822, 823, 826, 829, 830, 842, 843, 888, 891, 895, 901, 905, 908, 914, 929, 935, 945, 952, 961, 962, 971, 974, 976, 978, 983, 991, 1000, 1022, 1023, 1024, 1025, 1027, 1029, 1032, 1033, 1036, 1039, 1042, 1045, 1046, 1047, 1056, 1059, 1061, 1062, 1064, 1065, 1077, 1080, 1082, 1088, 1090, 1093, 1096, 1098, 1099, 1102, 1105, 1107, 1114, 1116, 1118, 1119, 1123, 1127, 1129, 1131, 1132, 1135, 1136, 1142, 1149, 1152, 1154, 1155, 1157, 1158, 1159, 1170, 1172, 1174, 1178, 1180, 1185, 1186, 1200, 1207, 1209, 1210, 1212, 1213, 1215, 1217, 1221, 1224, 1228, 1230, 1236, 1239, 1242, 1243, 1245, 1246, 1247, 1249, 1251, 1253, 1255, 1261, 1263, 1265, 1266, 1267, 1272, 1275, 1277, 1278, 1279, 1280, 1282, 1283, 1284, 1285, 1286, 1287, 1288, 1291, 1292, 1293, 1297, 1299, 1300, 1301, 1304, 1305, 1307, 1308, 1310, 1311, 1312, 1314, 1315, 1316, 1318, 1319, 1322, 1323, 1325, 1326, 1327, 1330, 1332, 1333, 1337, 1340, 1343, 1348, 1355, 1365, 1366, 1367, 1374, 1375, 1378, 1380, 1381, 1386, 1387, 1390, 1391, 1392, 1394, 1395, 1397, 1401, 1405, 1409, 1411, 1415, 1421, 1422, 1424, 1427, 1429, 1432, 1433, 1434, 1436, 1441, 1447, 1451, 1454, 1456, 1459, 1461, 1462, 1464, 1466, 1468, 1470, 1471, 1473, 1475, 1479, 1484, 1491, 1498, 1505, 1507, 1508, 1509, 1510, 1511, 1512, 1513]!Vessel: HavilaForesight
[237, 358, 377, 392, 393, 407, 423, 425, 430, 449, 530, 534, 536, 544, 546, 571, 573, 574, 575, 576, 579, 581, 584, 585, 591, 592, 593, 594, 595, 596, 615, 617, 618, 622, 626, 629, 631, 632, 635, 644, 648, 650, 651, 654, 666, 669, 673, 675, 677, 678, 692, 694, 695, 702, 705, 707, 708, 711, 712, 726, 728, 730, 742, 745, 746, 749, 753, 756, 763, 764, 765, 767, 768, 771, 775, 776, 779, 793, 795, 797, 803, 810, 812, 817, 820, 824, 831, 833, 834, 835, 837, 840, 841, 845, 853, 862, 868, 873, 874, 880, 881, 884, 887, 889, 892, 894, 898, 899, 900, 902, 903, 906, 907, 910, 911, 912, 915, 918, 926, 933, 934, 938, 940, 942, 944, 946, 947, 948, 949, 950, 955, 957, 964, 967, 968, 969, 970, 972, 973, 975, 977, 982, 993, 995, 996, 999, 1003, 1019, 1026, 1030, 1031, 1034, 1038, 1044, 1049, 1052, 1053, 1060, 1066, 1069, 1072, 1075, 1079, 1083, 1091, 1104, 1112, 1115, 1121, 1126, 1128, 1130, 1133, 1138, 1140, 1143, 1145, 1153, 1160, 1163, 1166, 1171, 1181, 1184, 1190, 1193, 1205, 1206, 1208, 1214, 1216, 1218, 1222, 1226, 1237, 1240, 1244, 1250, 1262, 1264, 1273, 1344, 1345, 1350, 1353, 1354, 1370, 1371, 1372, 1377, 1379, 1382, 1389, 1396, 1399, 1408, 1413, 1416, 1417, 1419, 1426, 1430, 1438, 1440, 1443, 1445, 1453, 1458, 1460, 1463, 1478, 1481]!Vessel: FarStar
] 

Rvi : [
!i : 1, 2, 3, 4, 5, 6, 7, 8, 9, 10, 11
[628, 741, 747, 770, 774, 778, 783, 787, 823, 842, 843, 888, 901, 904, 905, 908, 919, 935, 936, 937, 945, 1018, 1023, 1024, 1025, 1027, 1029, 1045, 1046, 1059, 1061, 1064, 1065, 1071, 1078, 1080, 1082, 1090, 1114, 1118, 1119, 1135, 1136, 1142, 1204, 1212, 1215, 1221, 1225, 1243, 1245, 1246, 1247, 1257, 1263, 1272, 1277, 1279, 1280, 1281, 1283, 1284, 1285, 1286, 1288, 1289, 1290, 1291, 1299, 1300, 1301, 1303, 1304, 1310, 1311, 1312, 1314, 1315, 1329, 1331, 1335, 1336, 1355, 1356, 1366, 1374, 1375, 1376, 1378, 1390, 1391, 1395, 1397, 1398, 1400, 1401, 1402, 1403, 1404, 1407, 1409, 1410, 1411, 1412, 1415, 1418, 1420, 1421, 1422, 1423, 1425, 1429, 1432, 1433, 1434, 1435, 1436, 1437, 1439, 1442, 1459, 1461, 1462, 1464, 1465, 1466, 1467, 1468, 1469, 1470, 1471, 1472, 1473, 1476, 1477, 1480, 1484, 1485, 1486, 1487, 1488, 1490, 1491, 1492, 1497, 1498, 1499, 1500, 1503, 1504, 1505, 1507, 1508, 1510, 1511, 1512, 1513], [628, 647, 704, 725, 758, 774, 790, 796, 802, 809, 816, 822, 826, 828, 891, 901, 904, 905, 908, 914, 959, 1018, 1023, 1024, 1025, 1027, 1029, 1032, 1033, 1036, 1039, 1041, 1045, 1046, 1047, 1059, 1065, 1071, 1082, 1090, 1096, 1100, 1103, 1105, 1114, 1136, 1142, 1152, 1159, 1165, 1174, 1180, 1185, 1200, 1215, 1221, 1228, 1243, 1249, 1251, 1257, 1263, 1269, 1275, 1277, 1279, 1281, 1283, 1284, 1285, 1286, 1295, 1299, 1301, 1303, 1308, 1310, 1317, 1319, 1321, 1326, 1329, 1341, 1347, 1357, 1365, 1374, 1375, 1376, 1378, 1381, 1383, 1384, 1386, 1387, 1388, 1390, 1391, 1392, 1393, 1394, 1395, 1397, 1398, 1400, 1402, 1409, 1410, 1412, 1415, 1418, 1420, 1429, 1432, 1433, 1435, 1439, 1444, 1446, 1448, 1451, 1454, 1455, 1457, 1459, 1461, 1462, 1464, 1465, 1467, 1470, 1472, 1474, 1477, 1483, 1486, 1489, 1490, 1493, 1496, 1497, 1498, 1499, 1501, 1502, 1503, 1504, 1506, 1507, 1508, 1509, 1510, 1512, 1513], [647, 741, 778, 787, 790, 796, 800, 802, 805, 807, 809, 813, 823, 893, 904, 919, 922, 924, 925, 929, 930, 971, 1023, 1024, 1025, 1027, 1029, 1032, 1033, 1036, 1039, 1041, 1059, 1061, 1064, 1065, 1071, 1096, 1098, 1100, 1103, 1105, 1114, 1118, 1119, 1152, 1154, 1155, 1158, 1159, 1165, 1204, 1212, 1221, 1228, 1230, 1232, 1243, 1245, 1246, 1247, 1249, 1251, 1257, 1263, 1269, 1272, 1275, 1277, 1283, 1284, 1288, 1289, 1290, 1291, 1293, 1294, 1295, 1296, 1297, 1299, 1300, 1308, 1311, 1317, 1318, 1336, 1358, 1365, 1366, 1367, 1374, 1375, 1376, 1378, 1381, 1383, 1384, 1386, 1387, 1388, 1395, 1398, 1400, 1401, 1402, 1403, 1404, 1407, 1414, 1418, 1420, 1421, 1422, 1423, 1425, 1429, 1444, 1446, 1447, 1448, 1449, 1450, 1451, 1459, 1464, 1465, 1466, 1467, 1468, 1469, 1472, 1473, 1474, 1475, 1476, 1477, 1480, 1482, 1483, 1485, 1487, 1489, 1494, 1497, 1500, 1501, 1503, 1505, 1506, 1507, 1508, 1509, 1510, 1511, 1513], [628, 647, 704, 725, 919, 922, 924, 925, 935, 936, 937, 945, 952, 953, 954, 959, 960, 961, 963, 971, 978, 1024, 1025, 1029, 1032, 1033, 1036, 1045, 1046, 1047, 1059, 1061, 1064, 1065, 1071, 1078, 1080, 1082, 1090, 1096, 1098, 1100, 1103, 1105, 1114, 1118, 1119, 1135, 1136, 1142, 1152, 1154, 1155, 1158, 1159, 1165, 1172, 1174, 1180, 1185, 1288, 1289, 1290, 1291, 1293, 1294, 1295, 1296, 1297, 1299, 1300, 1301, 1303, 1304, 1308, 1310, 1311, 1312, 1314, 1315, 1317, 1318, 1319, 1321, 1322, 1324, 1326, 1331, 1359, 1378, 1381, 1383, 1384, 1391, 1392, 1393, 1398, 1400, 1401, 1402, 1403, 1404, 1407, 1409, 1410, 1411, 1412, 1414, 1415, 1418, 1420, 1421, 1422, 1423, 1425, 1429, 1432, 1433, 1434, 1435, 1436, 1437, 1439, 1442, 1444, 1446, 1447, 1448, 1449, 1450, 1451, 1454, 1455, 1456, 1457, 1485, 1486, 1487, 1488, 1489, 1490, 1491, 1492, 1493, 1494, 1495, 1496, 1507, 1508, 1509, 1510, 1511, 1512], [704, 741, 747, 758, 759, 770, 809, 813, 816, 819, 843, 905, 914, 922, 929, 930, 945, 952, 953, 954, 998, 1023, 1024, 1032, 1033, 1039, 1046, 1047, 1114, 1118, 1119, 1135, 1136, 1142, 1152, 1154, 1155, 1158, 1159, 1165, 1172, 1174, 1180, 1199, 1200, 1212, 1215, 1228, 1230, 1246, 1247, 1249, 1263, 1269, 1277, 1279, 1280, 1283, 1285, 1290, 1291, 1293, 1294, 1310, 1311, 1312, 1314, 1315, 1317, 1318, 1319, 1321, 1322, 1329, 1331, 1335, 1336, 1341, 1347, 1355, 1358, 1359, 1360, 1365, 1366, 1367, 1374, 1381, 1386, 1387, 1388, 1392, 1394, 1397, 1415, 1418, 1420, 1421, 1422, 1423, 1425, 1429, 1432, 1433, 1434, 1435, 1436, 1437, 1439, 1442, 1444, 1446, 1447, 1448, 1449, 1450, 1451, 1454, 1455, 1456, 1457, 1459, 1461, 1462, 1464, 1465, 1466, 1467, 1468, 1469, 1470, 1471, 1474, 1475, 1477, 1480, 1482, 1484, 1485, 1490, 1491, 1492, 1493, 1494, 1495, 1497, 1498, 1499, 1500, 1501, 1502, 1505, 1508, 1509, 1510, 1511, 1512, 1513], [628, 647, 704, 725, 741, 747, 758, 759, 770, 774, 778, 783, 787, 790, 796, 800, 802, 805, 807, 809, 813, 816, 819, 822, 823, 826, 828, 842, 843, 888, 891, 893, 895, 901, 904, 905, 908, 914, 919, 922, 924, 925, 929, 930, 935, 936, 937, 945, 952, 953, 954, 959, 960, 961, 963, 971, 978, 998, 1018, 1023, 1024, 1025, 1027, 1029, 1032, 1033, 1036, 1039, 1041, 1045, 1046, 1047, 1059, 1061, 1064, 1078, 1080, 1082, 1096, 1098, 1100, 1118, 1119, 1135, 1152, 1154, 1155, 1158, 1172, 1174, 1185, 1199, 1204, 1212, 1215, 1221, 1225, 1228, 1230, 1232, 1241, 1272, 1275, 1281, 1324, 1329, 1331, 1335, 1336, 1341, 1347, 1355, 1356, 1357, 1358, 1359, 1360, 1374, 1375, 1378, 1381, 1383, 1384, 1386, 1387, 1390, 1391, 1392, 1393, 1394, 1395, 1397, 1400, 1401, 1402, 1403, 1404, 1409, 1410, 1411, 1414, 1420, 1421, 1422, 1423, 1432, 1433, 1434, 1435, 1436, 1437, 1446, 1447, 1448, 1449, 1450, 1454, 1455, 1456, 1461, 1464, 1465, 1466, 1467, 1468, 1469, 1470, 1471, 1472, 1473, 1474, 1475, 1483], [725, 759, 796, 800, 819, 822, 823, 842, 843, 888, 891, 893, 895, 908, 914, 924, 929, 935, 952, 960, 961, 1018, 1027, 1029, 1032, 1036, 1039, 1041, 1045, 1047, 1061, 1065, 1078, 1080, 1090, 1096, 1098, 1103, 1136, 1154, 1155, 1159, 1172, 1180, 1185, 1199, 1200, 1204, 1225, 1230, 1232, 1241, 1243, 1245, 1246, 1247, 1249, 1251, 1272, 1275, 1280, 1283, 1284, 1285, 1286, 1288, 1293, 1296, 1300, 1301, 1304, 1308, 1311, 1312, 1314, 1318, 1319, 1322, 1324, 1326, 1347, 1355, 1356, 1357, 1358, 1359, 1360, 1365, 1367, 1374, 1375, 1376, 1378, 1381, 1383, 1384, 1386, 1387, 1388, 1390, 1391, 1392, 1393, 1394, 1395, 1397, 1398, 1401, 1403, 1407, 1409, 1411, 1412, 1414, 1415, 1421, 1425, 1432, 1434, 1436, 1442, 1444, 1447, 1449, 1451, 1454, 1456, 1457, 1459, 1461, 1462, 1465, 1466, 1468, 1471, 1473, 1475, 1476, 1480, 1482, 1483, 1484, 1486, 1487, 1488, 1489, 1491, 1493, 1494, 1495, 1496, 1498, 1501, 1502, 1503, 1504, 1505, 1506, 1507, 1508, 1509, 1510, 1511, 1512, 1513], [805, 826, 971, 978, 1018, 1041, 1078, 1105, 1199, 1204, 1225, 1232, 1241, 1281, 1297, 1324, 1329, 1331, 1335, 1336, 1341, 1347, 1355, 1356, 1357, 1358, 1359, 1360, 1374, 1375, 1376, 1378, 1381, 1383, 1384, 1386, 1387, 1388, 1390, 1391, 1392, 1393, 1394, 1395, 1397, 1398, 1400, 1401, 1402, 1403, 1404, 1407, 1409, 1410, 1411, 1412, 1414, 1415, 1418, 1420, 1421, 1422, 1423, 1425, 1432, 1433, 1434, 1435, 1436, 1437, 1439, 1442, 1444, 1446, 1447, 1448, 1449, 1450, 1454, 1455, 1456, 1457, 1459, 1461, 1462, 1464, 1466, 1467, 1468, 1469, 1470, 1471, 1472, 1473, 1474, 1475, 1476, 1477, 1480, 1482, 1483, 1484, 1485, 1486, 1487, 1488, 1489, 1490, 1491, 1492, 1493, 1494, 1495, 1496, 1497, 1498, 1499, 1500, 1501, 1502, 1503, 1504, 1505, 1506, 1507, 1508, 1509, 1510, 1511, 1512, 1513], [770, 774, 778, 783, 802, 805, 807, 816, 819, 826, 828, 888, 891, 893, 895, 930, 936, 953, 960, 963, 978, 998, 1023, 1025, 1027, 1033, 1036, 1039, 1045, 1046, 1047, 1061, 1064, 1071, 1080, 1082, 1090, 1098, 1100, 1103, 1105, 1118, 1135, 1142, 1154, 1158, 1165, 1172, 1174, 1180, 1185, 1200, 1212, 1215, 1221, 1225, 1228, 1230, 1241, 1243, 1245, 1247, 1249, 1251, 1257, 1263, 1269, 1272, 1275, 1279, 1280, 1285, 1286, 1288, 1289, 1290, 1293, 1294, 1295, 1296, 1297, 1303, 1304, 1314, 1315, 1321, 1322, 1326, 1360, 1366, 1367, 1376, 1384, 1387, 1388, 1390, 1391, 1392, 1393, 1394, 1395, 1397, 1402, 1403, 1404, 1407, 1410, 1411, 1412, 1414, 1423, 1429, 1435, 1436, 1437, 1439, 1442, 1448, 1449, 1450, 1451, 1455, 1456, 1457, 1462, 1467, 1468, 1469, 1470, 1471, 1472, 1473, 1474, 1475, 1476, 1477, 1480, 1482, 1483, 1484, 1488, 1492, 1495, 1496, 1499, 1500, 1502, 1504, 1506, 1507, 1508, 1509, 1511, 1512, 1513], [628, 647, 704, 725, 741, 747, 758, 759, 770, 774, 778, 783, 787, 790, 796, 800, 802, 805, 807, 809, 813, 816, 819, 822, 823, 826, 828, 842, 843, 888, 891, 893, 895, 901, 904, 905, 908, 914, 919, 922, 924, 925, 929, 930, 935, 936, 937, 945, 952, 953, 954, 959, 960, 961, 963, 971, 978, 998, 1018, 1041, 1065, 1071, 1078, 1090, 1103, 1105, 1114, 1136, 1142, 1159, 1165, 1180, 1199, 1200, 1204, 1225, 1232, 1241, 1243, 1245, 1246, 1247, 1249, 1251, 1257, 1263, 1269, 1277, 1279, 1280, 1281, 1283, 1284, 1285, 1286, 1288, 1289, 1290, 1291, 1293, 1294, 1295, 1296, 1297, 1299, 1300, 1301, 1303, 1304, 1308, 1310, 1311, 1312, 1314, 1315, 1317, 1318, 1319, 1321, 1322, 1324, 1326, 1329, 1331, 1335, 1336, 1341, 1347, 1355, 1356, 1357, 1358, 1359, 1360, 1365, 1366, 1367, 1376, 1388, 1398, 1407, 1412, 1415, 1418, 1425, 1439, 1442, 1444, 1457, 1459, 1462, 1476, 1477, 1480, 1482, 1484, 1485, 1486, 1487, 1488, 1489, 1490, 1491, 1492, 1493, 1494, 1495, 1496, 1497, 1498, 1499, 1500, 1501, 1502, 1503, 1504, 1505, 1506], [747, 758, 759, 783, 787, 790, 800, 807, 813, 822, 828, 842, 895, 901, 925, 937, 954, 959, 961, 963, 998, 1059, 1064, 1080, 1082, 1096, 1098, 1100, 1119, 1135, 1152, 1155, 1158, 1172, 1174, 1185, 1199, 1200, 1212, 1215, 1221, 1228, 1230, 1232, 1241, 1245, 1246, 1251, 1257, 1269, 1272, 1275, 1277, 1279, 1280, 1281, 1284, 1286, 1289, 1291, 1294, 1295, 1296, 1297, 1299, 1300, 1301, 1303, 1304, 1308, 1310, 1312, 1315, 1317, 1318, 1319, 1321, 1322, 1324, 1326, 1335, 1341, 1356, 1357, 1365, 1366, 1367, 1375, 1383, 1386, 1390, 1393, 1394, 1400, 1401, 1404, 1409, 1410, 1411, 1414, 1422, 1429, 1433, 1434, 1437, 1446, 1447, 1450, 1451, 1454, 1455, 1456, 1461, 1464, 1465, 1466, 1469, 1470, 1471, 1472, 1473, 1474, 1475, 1476, 1482, 1483, 1484, 1485, 1486, 1487, 1488, 1489, 1490, 1491, 1492, 1493, 1494, 1495, 1496, 1497, 1498, 1499, 1500, 1501, 1502, 1503, 1504, 1505, 1506, 1507, 1509, 1510, 1511, 1512, 1513]!Vessel: FarSeeker
[628, 741, 747, 770, 774, 778, 783, 787, 823, 842, 843, 888, 901, 904, 905, 908, 919, 935, 936, 937, 945, 1018, 1023, 1024, 1025, 1027, 1029, 1045, 1046, 1059, 1061, 1064, 1065, 1071, 1078, 1080, 1082, 1090, 1114, 1118, 1119, 1135, 1136, 1142, 1204, 1212, 1215, 1221, 1225, 1243, 1245, 1246, 1247, 1257, 1263, 1272, 1277, 1279, 1280, 1281, 1283, 1284, 1285, 1286, 1288, 1289, 1290, 1291, 1299, 1300, 1301, 1303, 1304, 1310, 1311, 1312, 1314, 1315, 1329, 1331, 1335, 1336, 1355, 1356, 1366, 1374, 1375, 1376, 1378, 1390, 1391, 1395, 1397, 1398, 1400, 1401, 1402, 1403, 1404, 1407, 1409, 1410, 1411, 1412, 1415, 1418, 1420, 1421, 1422, 1423, 1425, 1429, 1432, 1433, 1434, 1435, 1436, 1437, 1439, 1442, 1459, 1461, 1462, 1464, 1465, 1466, 1467, 1468, 1469, 1470, 1471, 1472, 1473, 1476, 1477, 1480, 1484, 1485, 1486, 1487, 1488, 1490, 1491, 1492, 1497, 1498, 1499, 1500, 1503, 1504, 1505, 1507, 1508, 1510, 1511, 1512, 1513], [628, 647, 704, 725, 758, 774, 790, 796, 802, 809, 816, 822, 826, 828, 891, 901, 904, 905, 908, 914, 959, 1018, 1023, 1024, 1025, 1027, 1029, 1032, 1033, 1036, 1039, 1041, 1045, 1046, 1047, 1059, 1065, 1071, 1082, 1090, 1096, 1100, 1103, 1105, 1114, 1136, 1142, 1152, 1159, 1165, 1174, 1180, 1185, 1200, 1215, 1221, 1228, 1243, 1249, 1251, 1257, 1263, 1269, 1275, 1277, 1279, 1281, 1283, 1284, 1285, 1286, 1295, 1299, 1301, 1303, 1308, 1310, 1317, 1319, 1321, 1326, 1329, 1341, 1347, 1357, 1365, 1374, 1375, 1376, 1378, 1381, 1383, 1384, 1386, 1387, 1388, 1390, 1391, 1392, 1393, 1394, 1395, 1397, 1398, 1400, 1402, 1409, 1410, 1412, 1415, 1418, 1420, 1429, 1432, 1433, 1435, 1439, 1444, 1446, 1448, 1451, 1454, 1455, 1457, 1459, 1461, 1462, 1464, 1465, 1467, 1470, 1472, 1474, 1477, 1483, 1486, 1489, 1490, 1493, 1496, 1497, 1498, 1499, 1501, 1502, 1503, 1504, 1506, 1507, 1508, 1509, 1510, 1512, 1513], [647, 741, 778, 787, 790, 796, 800, 802, 805, 807, 809, 813, 823, 893, 904, 919, 922, 924, 925, 929, 930, 971, 1023, 1024, 1025, 1027, 1029, 1032, 1033, 1036, 1039, 1041, 1059, 1061, 1064, 1065, 1071, 1096, 1098, 1100, 1103, 1105, 1114, 1118, 1119, 1152, 1154, 1155, 1158, 1159, 1165, 1204, 1212, 1221, 1228, 1230, 1232, 1243, 1245, 1246, 1247, 1249, 1251, 1257, 1263, 1269, 1272, 1275, 1277, 1283, 1284, 1288, 1289, 1290, 1291, 1293, 1294, 1295, 1296, 1297, 1299, 1300, 1308, 1311, 1317, 1318, 1336, 1358, 1365, 1366, 1367, 1374, 1375, 1376, 1378, 1381, 1383, 1384, 1386, 1387, 1388, 1395, 1398, 1400, 1401, 1402, 1403, 1404, 1407, 1414, 1418, 1420, 1421, 1422, 1423, 1425, 1429, 1444, 1446, 1447, 1448, 1449, 1450, 1451, 1459, 1464, 1465, 1466, 1467, 1468, 1469, 1472, 1473, 1474, 1475, 1476, 1477, 1480, 1482, 1483, 1485, 1487, 1489, 1494, 1497, 1500, 1501, 1503, 1505, 1506, 1507, 1508, 1509, 1510, 1511, 1513], [628, 647, 704, 725, 919, 922, 924, 925, 935, 936, 937, 945, 952, 953, 954, 959, 960, 961, 963, 971, 978, 1024, 1025, 1029, 1032, 1033, 1036, 1045, 1046, 1047, 1059, 1061, 1064, 1065, 1071, 1078, 1080, 1082, 1090, 1096, 1098, 1100, 1103, 1105, 1114, 1118, 1119, 1135, 1136, 1142, 1152, 1154, 1155, 1158, 1159, 1165, 1172, 1174, 1180, 1185, 1288, 1289, 1290, 1291, 1293, 1294, 1295, 1296, 1297, 1299, 1300, 1301, 1303, 1304, 1308, 1310, 1311, 1312, 1314, 1315, 1317, 1318, 1319, 1321, 1322, 1324, 1326, 1331, 1359, 1378, 1381, 1383, 1384, 1391, 1392, 1393, 1398, 1400, 1401, 1402, 1403, 1404, 1407, 1409, 1410, 1411, 1412, 1414, 1415, 1418, 1420, 1421, 1422, 1423, 1425, 1429, 1432, 1433, 1434, 1435, 1436, 1437, 1439, 1442, 1444, 1446, 1447, 1448, 1449, 1450, 1451, 1454, 1455, 1456, 1457, 1485, 1486, 1487, 1488, 1489, 1490, 1491, 1492, 1493, 1494, 1495, 1496, 1507, 1508, 1509, 1510, 1511, 1512], [704, 741, 747, 758, 759, 770, 809, 813, 816, 819, 843, 905, 914, 922, 929, 930, 945, 952, 953, 954, 998, 1023, 1024, 1032, 1033, 1039, 1046, 1047, 1114, 1118, 1119, 1135, 1136, 1142, 1152, 1154, 1155, 1158, 1159, 1165, 1172, 1174, 1180, 1199, 1200, 1212, 1215, 1228, 1230, 1246, 1247, 1249, 1263, 1269, 1277, 1279, 1280, 1283, 1285, 1290, 1291, 1293, 1294, 1310, 1311, 1312, 1314, 1315, 1317, 1318, 1319, 1321, 1322, 1329, 1331, 1335, 1336, 1341, 1347, 1355, 1358, 1359, 1360, 1365, 1366, 1367, 1374, 1381, 1386, 1387, 1388, 1392, 1394, 1397, 1415, 1418, 1420, 1421, 1422, 1423, 1425, 1429, 1432, 1433, 1434, 1435, 1436, 1437, 1439, 1442, 1444, 1446, 1447, 1448, 1449, 1450, 1451, 1454, 1455, 1456, 1457, 1459, 1461, 1462, 1464, 1465, 1466, 1467, 1468, 1469, 1470, 1471, 1474, 1475, 1477, 1480, 1482, 1484, 1485, 1490, 1491, 1492, 1493, 1494, 1495, 1497, 1498, 1499, 1500, 1501, 1502, 1505, 1508, 1509, 1510, 1511, 1512, 1513], [628, 647, 704, 725, 741, 747, 758, 759, 770, 774, 778, 783, 787, 790, 796, 800, 802, 805, 807, 809, 813, 816, 819, 822, 823, 826, 828, 842, 843, 888, 891, 893, 895, 901, 904, 905, 908, 914, 919, 922, 924, 925, 929, 930, 935, 936, 937, 945, 952, 953, 954, 959, 960, 961, 963, 971, 978, 998, 1018, 1023, 1024, 1025, 1027, 1029, 1032, 1033, 1036, 1039, 1041, 1045, 1046, 1047, 1059, 1061, 1064, 1078, 1080, 1082, 1096, 1098, 1100, 1118, 1119, 1135, 1152, 1154, 1155, 1158, 1172, 1174, 1185, 1199, 1204, 1212, 1215, 1221, 1225, 1228, 1230, 1232, 1241, 1272, 1275, 1281, 1324, 1329, 1331, 1335, 1336, 1341, 1347, 1355, 1356, 1357, 1358, 1359, 1360, 1374, 1375, 1378, 1381, 1383, 1384, 1386, 1387, 1390, 1391, 1392, 1393, 1394, 1395, 1397, 1400, 1401, 1402, 1403, 1404, 1409, 1410, 1411, 1414, 1420, 1421, 1422, 1423, 1432, 1433, 1434, 1435, 1436, 1437, 1446, 1447, 1448, 1449, 1450, 1454, 1455, 1456, 1461, 1464, 1465, 1466, 1467, 1468, 1469, 1470, 1471, 1472, 1473, 1474, 1475, 1483], [725, 759, 796, 800, 819, 822, 823, 842, 843, 888, 891, 893, 895, 908, 914, 924, 929, 935, 952, 960, 961, 1018, 1027, 1029, 1032, 1036, 1039, 1041, 1045, 1047, 1061, 1065, 1078, 1080, 1090, 1096, 1098, 1103, 1136, 1154, 1155, 1159, 1172, 1180, 1185, 1199, 1200, 1204, 1225, 1230, 1232, 1241, 1243, 1245, 1246, 1247, 1249, 1251, 1272, 1275, 1280, 1283, 1284, 1285, 1286, 1288, 1293, 1296, 1300, 1301, 1304, 1308, 1311, 1312, 1314, 1318, 1319, 1322, 1324, 1326, 1347, 1355, 1356, 1357, 1358, 1359, 1360, 1365, 1367, 1374, 1375, 1376, 1378, 1381, 1383, 1384, 1386, 1387, 1388, 1390, 1391, 1392, 1393, 1394, 1395, 1397, 1398, 1401, 1403, 1407, 1409, 1411, 1412, 1414, 1415, 1421, 1425, 1432, 1434, 1436, 1442, 1444, 1447, 1449, 1451, 1454, 1456, 1457, 1459, 1461, 1462, 1465, 1466, 1468, 1471, 1473, 1475, 1476, 1480, 1482, 1483, 1484, 1486, 1487, 1488, 1489, 1491, 1493, 1494, 1495, 1496, 1498, 1501, 1502, 1503, 1504, 1505, 1506, 1507, 1508, 1509, 1510, 1511, 1512, 1513], [805, 826, 971, 978, 1018, 1041, 1078, 1105, 1199, 1204, 1225, 1232, 1241, 1281, 1297, 1324, 1329, 1331, 1335, 1336, 1341, 1347, 1355, 1356, 1357, 1358, 1359, 1360, 1374, 1375, 1376, 1378, 1381, 1383, 1384, 1386, 1387, 1388, 1390, 1391, 1392, 1393, 1394, 1395, 1397, 1398, 1400, 1401, 1402, 1403, 1404, 1407, 1409, 1410, 1411, 1412, 1414, 1415, 1418, 1420, 1421, 1422, 1423, 1425, 1432, 1433, 1434, 1435, 1436, 1437, 1439, 1442, 1444, 1446, 1447, 1448, 1449, 1450, 1454, 1455, 1456, 1457, 1459, 1461, 1462, 1464, 1466, 1467, 1468, 1469, 1470, 1471, 1472, 1473, 1474, 1475, 1476, 1477, 1480, 1482, 1483, 1484, 1485, 1486, 1487, 1488, 1489, 1490, 1491, 1492, 1493, 1494, 1495, 1496, 1497, 1498, 1499, 1500, 1501, 1502, 1503, 1504, 1505, 1506, 1507, 1508, 1509, 1510, 1511, 1512, 1513], [770, 774, 778, 783, 802, 805, 807, 816, 819, 826, 828, 888, 891, 893, 895, 930, 936, 953, 960, 963, 978, 998, 1023, 1025, 1027, 1033, 1036, 1039, 1045, 1046, 1047, 1061, 1064, 1071, 1080, 1082, 1090, 1098, 1100, 1103, 1105, 1118, 1135, 1142, 1154, 1158, 1165, 1172, 1174, 1180, 1185, 1200, 1212, 1215, 1221, 1225, 1228, 1230, 1241, 1243, 1245, 1247, 1249, 1251, 1257, 1263, 1269, 1272, 1275, 1279, 1280, 1285, 1286, 1288, 1289, 1290, 1293, 1294, 1295, 1296, 1297, 1303, 1304, 1314, 1315, 1321, 1322, 1326, 1360, 1366, 1367, 1376, 1384, 1387, 1388, 1390, 1391, 1392, 1393, 1394, 1395, 1397, 1402, 1403, 1404, 1407, 1410, 1411, 1412, 1414, 1423, 1429, 1435, 1436, 1437, 1439, 1442, 1448, 1449, 1450, 1451, 1455, 1456, 1457, 1462, 1467, 1468, 1469, 1470, 1471, 1472, 1473, 1474, 1475, 1476, 1477, 1480, 1482, 1483, 1484, 1488, 1492, 1495, 1496, 1499, 1500, 1502, 1504, 1506, 1507, 1508, 1509, 1511, 1512, 1513], [628, 647, 704, 725, 741, 747, 758, 759, 770, 774, 778, 783, 787, 790, 796, 800, 802, 805, 807, 809, 813, 816, 819, 822, 823, 826, 828, 842, 843, 888, 891, 893, 895, 901, 904, 905, 908, 914, 919, 922, 924, 925, 929, 930, 935, 936, 937, 945, 952, 953, 954, 959, 960, 961, 963, 971, 978, 998, 1018, 1041, 1065, 1071, 1078, 1090, 1103, 1105, 1114, 1136, 1142, 1159, 1165, 1180, 1199, 1200, 1204, 1225, 1232, 1241, 1243, 1245, 1246, 1247, 1249, 1251, 1257, 1263, 1269, 1277, 1279, 1280, 1281, 1283, 1284, 1285, 1286, 1288, 1289, 1290, 1291, 1293, 1294, 1295, 1296, 1297, 1299, 1300, 1301, 1303, 1304, 1308, 1310, 1311, 1312, 1314, 1315, 1317, 1318, 1319, 1321, 1322, 1324, 1326, 1329, 1331, 1335, 1336, 1341, 1347, 1355, 1356, 1357, 1358, 1359, 1360, 1365, 1366, 1367, 1376, 1388, 1398, 1407, 1412, 1415, 1418, 1425, 1439, 1442, 1444, 1457, 1459, 1462, 1476, 1477, 1480, 1482, 1484, 1485, 1486, 1487, 1488, 1489, 1490, 1491, 1492, 1493, 1494, 1495, 1496, 1497, 1498, 1499, 1500, 1501, 1502, 1503, 1504, 1505, 1506], [747, 758, 759, 783, 787, 790, 800, 807, 813, 822, 828, 842, 895, 901, 925, 937, 954, 959, 961, 963, 998, 1059, 1064, 1080, 1082, 1096, 1098, 1100, 1119, 1135, 1152, 1155, 1158, 1172, 1174, 1185, 1199, 1200, 1212, 1215, 1221, 1228, 1230, 1232, 1241, 1245, 1246, 1251, 1257, 1269, 1272, 1275, 1277, 1279, 1280, 1281, 1284, 1286, 1289, 1291, 1294, 1295, 1296, 1297, 1299, 1300, 1301, 1303, 1304, 1308, 1310, 1312, 1315, 1317, 1318, 1319, 1321, 1322, 1324, 1326, 1335, 1341, 1356, 1357, 1365, 1366, 1367, 1375, 1383, 1386, 1390, 1393, 1394, 1400, 1401, 1404, 1409, 1410, 1411, 1414, 1422, 1429, 1433, 1434, 1437, 1446, 1447, 1450, 1451, 1454, 1455, 1456, 1461, 1464, 1465, 1466, 1469, 1470, 1471, 1472, 1473, 1474, 1475, 1476, 1482, 1483, 1484, 1485, 1486, 1487, 1488, 1489, 1490, 1491, 1492, 1493, 1494, 1495, 1496, 1497, 1498, 1499, 1500, 1501, 1502, 1503, 1504, 1505, 1506, 1507, 1509, 1510, 1511, 1512, 1513]!Vessel: FarSearcher
[237, 358, 390, 392, 398, 514, 564, 567, 613, 617, 641, 673, 749, 772, 781, 785, 831, 860, 864, 868, 898, 902, 920, 921, 933, 940, 941, 947, 974, 979, 1016, 1020, 1022, 1044, 1056, 1058, 1060, 1063, 1067, 1075, 1076, 1077, 1081, 1083, 1084, 1085, 1088, 1110, 1116, 1117, 1123, 1127, 1128, 1131, 1132, 1133, 1134, 1138, 1190, 1194, 1196, 1203, 1206, 1209, 1210, 1211, 1213, 1214, 1217, 1218, 1219, 1220, 1222, 1223, 1224, 1242, 1253, 1255, 1259, 1261, 1276, 1278, 1282, 1287, 1298, 1302, 1305, 1313, 1328, 1330, 1332, 1334, 1337, 1338, 1342, 1344, 1345, 1350, 1351, 1361, 1362, 1363, 1379, 1380, 1406, 1408, 1419, 1424, 1427, 1428, 1431, 1440, 1441, 1478, 1479], [237, 342, 377, 395, 401, 423, 427, 564, 582, 585, 594, 597, 613, 641, 648, 654, 660, 690, 718, 730, 736, 749, 753, 757, 784, 803, 860, 876, 882, 887, 898, 902, 913, 933, 943, 949, 966, 996, 1016, 1020, 1022, 1035, 1038, 1042, 1044, 1048, 1049, 1053, 1056, 1058, 1075, 1076, 1077, 1081, 1085, 1088, 1093, 1095, 1099, 1110, 1127, 1128, 1147, 1149, 1151, 1169, 1170, 1173, 1178, 1184, 1186, 1194, 1196, 1203, 1206, 1213, 1214, 1219, 1220, 1224, 1227, 1233, 1235, 1236, 1238, 1239, 1242, 1255, 1265, 1267, 1273, 1274, 1276, 1278, 1282, 1298, 1306, 1307, 1316, 1325, 1328, 1334, 1339, 1343, 1344, 1345, 1346, 1348, 1349, 1352, 1354, 1364, 1370, 1379, 1380, 1382, 1385, 1406, 1419, 1424, 1428, 1440, 1441, 1452, 1478, 1479], [398, 401, 407, 411, 413, 416, 510, 582, 585, 613, 617, 648, 650, 653, 654, 660, 673, 690, 694, 753, 785, 791, 798, 803, 831, 837, 840, 860, 864, 868, 876, 882, 898, 913, 920, 921, 923, 927, 928, 943, 944, 950, 951, 997, 1000, 1016, 1022, 1035, 1038, 1042, 1056, 1058, 1060, 1063, 1067, 1093, 1095, 1097, 1099, 1101, 1102, 1107, 1116, 1117, 1123, 1149, 1151, 1153, 1156, 1157, 1161, 1190, 1198, 1203, 1206, 1209, 1210, 1211, 1220, 1222, 1223, 1227, 1229, 1231, 1233, 1234, 1235, 1236, 1242, 1253, 1255, 1259, 1261, 1265, 1266, 1267, 1270, 1274, 1276, 1287, 1292, 1307, 1309, 1328, 1330, 1337, 1338, 1339, 1340, 1346, 1350, 1351, 1352, 1370, 1379, 1380, 1382, 1385, 1406, 1408, 1419, 1424, 1427, 1428, 1431, 1452, 1453, 1478, 1479], [342, 510, 514, 520, 523, 524, 525, 582, 594, 613, 617, 641, 648, 650, 653, 654, 660, 673, 690, 694, 718, 730, 736, 920, 921, 923, 927, 928, 933, 940, 941, 943, 944, 947, 949, 950, 951, 957, 958, 962, 966, 967, 974, 976, 991, 1035, 1048, 1053, 1056, 1058, 1060, 1063, 1067, 1075, 1076, 1077, 1081, 1083, 1084, 1085, 1088, 1093, 1095, 1097, 1099, 1101, 1102, 1107, 1110, 1116, 1117, 1123, 1127, 1128, 1131, 1132, 1133, 1134, 1138, 1147, 1149, 1151, 1153, 1156, 1157, 1161, 1169, 1170, 1173, 1175, 1176, 1178, 1182, 1184, 1186, 1187, 1253, 1287, 1292, 1298, 1302, 1305, 1306, 1307, 1309, 1313, 1316, 1320, 1323, 1325, 1327, 1330, 1332, 1348, 1361, 1379, 1380, 1382, 1385, 1406, 1408, 1419, 1424, 1427, 1428, 1431, 1440, 1441, 1452, 1453], [358, 377, 416, 421, 520, 544, 585, 594, 673, 690, 694, 718, 749, 753, 757, 791, 814, 837, 868, 882, 923, 947, 949, 950, 951, 957, 958, 976, 979, 983, 992, 996, 997, 1022, 1038, 1049, 1053, 1110, 1116, 1117, 1123, 1127, 1128, 1131, 1132, 1133, 1134, 1138, 1147, 1149, 1151, 1153, 1156, 1157, 1161, 1169, 1170, 1173, 1175, 1176, 1178, 1182, 1190, 1194, 1196, 1198, 1202, 1206, 1209, 1210, 1211, 1213, 1214, 1217, 1218, 1227, 1229, 1231, 1235, 1236, 1238, 1239, 1240, 1267, 1270, 1278, 1292, 1313, 1316, 1320, 1323, 1328, 1332, 1334, 1337, 1338, 1339, 1340, 1342, 1343, 1345, 1346, 1349, 1350, 1354, 1362, 1380, 1382, 1419, 1424, 1427, 1428, 1431, 1440, 1441, 1452, 1453, 1478, 1479], [237, 342, 358, 377, 390, 392, 395, 398, 401, 407, 411, 413, 416, 421, 423, 427, 432, 492, 510, 514, 520, 523, 524, 525, 544, 564, 567, 582, 585, 594, 597, 617, 648, 650, 653, 694, 730, 757, 772, 781, 784, 785, 791, 798, 803, 814, 825, 829, 830, 962, 974, 976, 979, 983, 991, 992, 1000, 1022, 1035, 1038, 1044, 1048, 1049, 1053, 1058, 1060, 1063, 1075, 1076, 1077, 1081, 1083, 1084, 1095, 1097, 1099, 1101, 1102, 1116, 1117, 1127, 1128, 1131, 1132, 1133, 1134, 1151, 1153, 1156, 1157, 1169, 1170, 1173, 1175, 1176, 1184, 1186, 1187, 1190, 1194, 1203, 1206, 1209, 1210, 1211, 1213, 1214, 1217, 1218, 1219, 1220, 1222, 1223, 1224, 1227, 1229, 1231, 1233, 1234, 1235, 1236, 1238, 1239, 1240, 1242, 1253, 1273, 1274, 1370], [407, 423, 492, 523, 567, 597, 650, 654, 736, 798, 825, 829, 831, 837, 840, 887, 913, 927, 940, 944, 950, 957, 967, 991, 992, 1016, 1020, 1022, 1035, 1038, 1042, 1044, 1048, 1049, 1053, 1060, 1067, 1075, 1077, 1083, 1085, 1093, 1097, 1101, 1107, 1116, 1127, 1131, 1132, 1138, 1147, 1153, 1161, 1170, 1175, 1182, 1184, 1187, 1194, 1198, 1202, 1209, 1210, 1213, 1217, 1222, 1224, 1229, 1234, 1236, 1239, 1240, 1242, 1259, 1266, 1270, 1273, 1274, 1278, 1302, 1306, 1309, 1320, 1327, 1344, 1345, 1346, 1348, 1349, 1350, 1351, 1352, 1354, 1361, 1362, 1363, 1364, 1370, 1379, 1380, 1382, 1385, 1408, 1424, 1427, 1441, 1453, 1479], [564, 567, 597, 757, 772, 781, 784, 785, 791, 798, 814, 825, 829, 830, 962, 974, 976, 979, 983, 991, 992, 1000, 1016, 1020, 1035, 1038, 1042, 1044, 1048, 1049, 1053, 1056, 1058, 1060, 1063, 1067, 1075, 1076, 1081, 1083, 1084, 1085, 1088, 1093, 1095, 1097, 1099, 1101, 1102, 1107, 1110, 1117, 1123, 1128, 1133, 1134, 1138, 1147, 1149, 1151, 1153, 1156, 1157, 1161, 1169, 1173, 1175, 1176, 1178, 1182, 1184, 1186, 1187, 1190, 1196, 1198, 1202, 1203, 1206, 1211, 1214, 1218, 1219, 1220, 1222, 1223, 1227, 1229, 1231, 1233, 1234, 1235, 1238, 1240, 1253, 1255, 1259, 1261, 1265, 1266, 1267, 1270, 1273, 1274, 1276, 1282, 1287, 1292, 1298, 1302, 1305, 1306, 1307, 1309, 1313, 1316, 1320, 1323, 1325, 1327, 1328, 1330, 1332, 1334, 1337, 1338, 1339, 1340, 1342, 1343, 1344, 1345, 1346, 1348, 1349, 1350, 1351, 1352, 1354, 1361, 1362, 1363, 1364, 1370, 1379, 1382, 1385, 1406, 1408, 1419, 1428, 1431, 1440, 1452, 1453, 1478], [390, 411, 421, 427, 432, 492, 524, 582, 585, 594, 617, 641, 650, 653, 660, 694, 718, 730, 736, 749, 781, 803, 829, 830, 831, 837, 840, 860, 864, 868, 876, 882, 887, 902, 913, 920, 923, 927, 928, 940, 941, 947, 957, 958, 966, 967, 983, 996, 997, 1020, 1042, 1044, 1048, 1049, 1081, 1083, 1084, 1088, 1099, 1101, 1102, 1107, 1131, 1134, 1157, 1173, 1175, 1176, 1178, 1182, 1186, 1187, 1196, 1202, 1209, 1211, 1213, 1214, 1217, 1218, 1219, 1220, 1222, 1223, 1224, 1227, 1229, 1231, 1233, 1234, 1238, 1239, 1240, 1253, 1255, 1259, 1261, 1265, 1266, 1267, 1270, 1273, 1274, 1282, 1305, 1323, 1325, 1327, 1330, 1332, 1337, 1340, 1342, 1343, 1348, 1349, 1361, 1362, 1363, 1364, 1379, 1380, 1382, 1385, 1406, 1408, 1427, 1428, 1431, 1440, 1441, 1452, 1453, 1478, 1479], [237, 342, 358, 377, 390, 392, 395, 398, 401, 407, 411, 413, 416, 421, 423, 427, 432, 492, 510, 514, 520, 523, 524, 525, 544, 564, 567, 597, 613, 641, 654, 660, 673, 690, 718, 736, 749, 753, 757, 772, 781, 784, 785, 791, 798, 814, 825, 829, 830, 831, 837, 840, 860, 864, 868, 876, 882, 887, 898, 902, 913, 920, 921, 923, 927, 928, 933, 940, 941, 943, 944, 947, 949, 950, 951, 957, 958, 962, 966, 967, 974, 976, 979, 983, 991, 992, 996, 997, 1000, 1016, 1020, 1042, 1056, 1067, 1085, 1088, 1093, 1107, 1110, 1123, 1138, 1147, 1149, 1161, 1178, 1182, 1196, 1198, 1202, 1255, 1259, 1261, 1265, 1266, 1267, 1270, 1276, 1278, 1282, 1287, 1292, 1298, 1302, 1305, 1306, 1307, 1309, 1313, 1316, 1320, 1323, 1325, 1327, 1328, 1330, 1332, 1334, 1337, 1338, 1339, 1340, 1342, 1343, 1344, 1345, 1346, 1348, 1349, 1350, 1351, 1352, 1354, 1361, 1362, 1363, 1364], [392, 395, 413, 432, 525, 544, 648, 653, 730, 753, 772, 784, 803, 814, 825, 830, 840, 864, 876, 887, 898, 902, 921, 928, 933, 941, 943, 944, 949, 951, 958, 962, 966, 967, 996, 997, 1000, 1063, 1076, 1077, 1084, 1095, 1097, 1102, 1132, 1133, 1156, 1169, 1170, 1176, 1184, 1186, 1187, 1190, 1194, 1198, 1202, 1203, 1210, 1217, 1218, 1219, 1223, 1224, 1231, 1233, 1234, 1235, 1236, 1238, 1239, 1240, 1242, 1261, 1265, 1266, 1273, 1276, 1278, 1282, 1287, 1292, 1298, 1302, 1305, 1306, 1307, 1309, 1313, 1316, 1320, 1323, 1325, 1327, 1334, 1338, 1339, 1340, 1342, 1343, 1344, 1351, 1352, 1354, 1363, 1364, 1370, 1385, 1406, 1408, 1419, 1424, 1427, 1431, 1440, 1441, 1452, 1453, 1478, 1479]!Vessel: FarSymphony
[564, 741, 747, 770, 781, 785, 787, 823, 842, 843, 888, 901, 905, 908, 935, 945, 974, 1022, 1023, 1024, 1025, 1027, 1029, 1045, 1046, 1056, 1059, 1061, 1062, 1064, 1065, 1077, 1080, 1082, 1088, 1090, 1114, 1116, 1118, 1119, 1123, 1127, 1129, 1131, 1132, 1135, 1136, 1142, 1207, 1209, 1210, 1212, 1213, 1215, 1217, 1221, 1224, 1242, 1243, 1245, 1246, 1247, 1253, 1255, 1261, 1263, 1272, 1277, 1278, 1279, 1280, 1282, 1283, 1284, 1285, 1286, 1287, 1288, 1291, 1299, 1300, 1301, 1304, 1305, 1310, 1311, 1312, 1314, 1315, 1330, 1332, 1337, 1355, 1366, 1374, 1375, 1378, 1380, 1390, 1391, 1395, 1397, 1401, 1405, 1409, 1411, 1415, 1421, 1422, 1424, 1427, 1429, 1432, 1433, 1434, 1436, 1441, 1459, 1461, 1462, 1464, 1466, 1468, 1470, 1471, 1473, 1479, 1484, 1491, 1498, 1505, 1507, 1508, 1510, 1511, 1512, 1513], [564, 660, 723, 725, 757, 758, 784, 788, 796, 822, 826, 891, 901, 905, 908, 914, 1022, 1023, 1024, 1025, 1027, 1029, 1032, 1033, 1036, 1039, 1042, 1045, 1046, 1047, 1056, 1059, 1065, 1077, 1082, 1088, 1090, 1093, 1096, 1099, 1105, 1114, 1127, 1129, 1136, 1142, 1149, 1152, 1159, 1170, 1174, 1178, 1180, 1185, 1186, 1200, 1207, 1213, 1215, 1221, 1224, 1228, 1236, 1239, 1242, 1243, 1249, 1251, 1255, 1263, 1265, 1267, 1275, 1277, 1278, 1279, 1282, 1283, 1284, 1285, 1286, 1299, 1301, 1307, 1308, 1310, 1316, 1319, 1325, 1326, 1343, 1348, 1365, 1374, 1375, 1378, 1380, 1381, 1386, 1387, 1390, 1391, 1392, 1394, 1395, 1397, 1405, 1409, 1415, 1424, 1429, 1432, 1433, 1441, 1451, 1454, 1459, 1461, 1462, 1464, 1470, 1479, 1498, 1507, 1508, 1509, 1510, 1512, 1513], [411, 510, 660, 741, 785, 787, 788, 791, 796, 798, 800, 805, 823, 929, 971, 1000, 1022, 1023, 1024, 1025, 1027, 1029, 1032, 1033, 1036, 1039, 1042, 1056, 1059, 1061, 1062, 1064, 1065, 1093, 1096, 1098, 1099, 1102, 1105, 1107, 1114, 1116, 1118, 1119, 1123, 1149, 1152, 1154, 1155, 1157, 1158, 1159, 1207, 1209, 1210, 1212, 1221, 1228, 1230, 1236, 1242, 1243, 1245, 1246, 1247, 1249, 1251, 1253, 1255, 1261, 1263, 1265, 1266, 1267, 1272, 1275, 1277, 1283, 1284, 1287, 1288, 1291, 1292, 1293, 1297, 1299, 1300, 1307, 1308, 1311, 1318, 1330, 1333, 1337, 1340, 1365, 1366, 1367, 1374, 1375, 1378, 1380, 1381, 1386, 1387, 1395, 1401, 1405, 1421, 1422, 1424, 1427, 1429, 1447, 1451, 1459, 1464, 1466, 1468, 1473, 1475, 1479, 1505, 1507, 1508, 1509, 1510, 1511, 1513], [510, 524, 660, 723, 725, 935, 945, 952, 961, 962, 971, 974, 976, 978, 991, 1024, 1025, 1029, 1032, 1033, 1036, 1045, 1046, 1047, 1056, 1059, 1061, 1062, 1064, 1065, 1077, 1080, 1082, 1088, 1090, 1093, 1096, 1098, 1099, 1102, 1105, 1107, 1114, 1116, 1118, 1119, 1123, 1127, 1129, 1131, 1132, 1135, 1136, 1142, 1149, 1152, 1154, 1155, 1157, 1158, 1159, 1170, 1172, 1174, 1178, 1180, 1185, 1186, 1253, 1287, 1288, 1291, 1292, 1293, 1297, 1299, 1300, 1301, 1304, 1305, 1307, 1308, 1310, 1311, 1312, 1314, 1315, 1316, 1318, 1319, 1322, 1323, 1325, 1326, 1327, 1330, 1332, 1333, 1348, 1378, 1380, 1381, 1391, 1392, 1401, 1405, 1409, 1411, 1415, 1421, 1422, 1424, 1427, 1429, 1432, 1433, 1434, 1436, 1441, 1447, 1451, 1454, 1456, 1491, 1507, 1508, 1509, 1510, 1511, 1512], [741, 747, 757, 758, 759, 770, 791, 814, 819, 843, 905, 914, 929, 945, 952, 976, 983, 1022, 1023, 1024, 1032, 1033, 1039, 1046, 1047, 1114, 1116, 1118, 1119, 1123, 1127, 1129, 1131, 1132, 1135, 1136, 1142, 1149, 1152, 1154, 1155, 1157, 1158, 1159, 1170, 1172, 1174, 1178, 1180, 1200, 1207, 1209, 1210, 1212, 1213, 1215, 1217, 1228, 1230, 1236, 1239, 1246, 1247, 1249, 1263, 1267, 1277, 1278, 1279, 1280, 1283, 1285, 1291, 1292, 1293, 1310, 1311, 1312, 1314, 1315, 1316, 1318, 1319, 1322, 1323, 1332, 1333, 1337, 1340, 1343, 1355, 1365, 1366, 1367, 1374, 1380, 1381, 1386, 1387, 1392, 1394, 1397, 1415, 1421, 1422, 1424, 1427, 1429, 1432, 1433, 1434, 1436, 1441, 1447, 1451, 1454, 1456, 1459, 1461, 1462, 1464, 1466, 1468, 1470, 1471, 1475, 1479, 1484, 1491, 1498, 1505, 1508, 1509, 1510, 1511, 1512, 1513], [411, 510, 524, 564, 723, 725, 741, 747, 757, 758, 759, 770, 781, 784, 785, 787, 788, 791, 796, 798, 800, 805, 814, 819, 822, 823, 826, 829, 830, 842, 843, 888, 891, 895, 901, 905, 908, 914, 929, 935, 945, 952, 961, 962, 971, 974, 976, 978, 983, 991, 1000, 1022, 1023, 1024, 1025, 1027, 1029, 1032, 1033, 1036, 1039, 1045, 1046, 1047, 1059, 1061, 1062, 1064, 1077, 1080, 1082, 1096, 1098, 1099, 1102, 1116, 1118, 1119, 1127, 1129, 1131, 1132, 1135, 1152, 1154, 1155, 1157, 1158, 1170, 1172, 1174, 1185, 1186, 1207, 1209, 1210, 1212, 1213, 1215, 1217, 1221, 1224, 1228, 1230, 1236, 1239, 1242, 1253, 1272, 1275, 1355, 1374, 1375, 1378, 1381, 1386, 1387, 1390, 1391, 1392, 1394, 1395, 1397, 1401, 1409, 1411, 1421, 1422, 1432, 1433, 1434, 1436, 1447, 1454, 1456, 1461, 1464, 1466, 1468, 1470, 1471, 1473, 1475], [725, 759, 796, 798, 800, 819, 822, 823, 829, 842, 843, 888, 891, 895, 908, 914, 929, 935, 952, 961, 991, 1022, 1027, 1029, 1032, 1036, 1039, 1042, 1045, 1047, 1061, 1062, 1065, 1077, 1080, 1090, 1093, 1096, 1098, 1107, 1116, 1127, 1131, 1132, 1136, 1154, 1155, 1159, 1170, 1172, 1180, 1185, 1200, 1209, 1210, 1213, 1217, 1224, 1230, 1236, 1239, 1242, 1243, 1245, 1246, 1247, 1249, 1251, 1266, 1272, 1275, 1278, 1280, 1283, 1284, 1285, 1286, 1288, 1293, 1300, 1301, 1304, 1308, 1311, 1312, 1314, 1318, 1319, 1322, 1326, 1327, 1348, 1355, 1365, 1367, 1374, 1375, 1378, 1380, 1381, 1386, 1387, 1390, 1391, 1392, 1394, 1395, 1397, 1401, 1405, 1409, 1411, 1415, 1421, 1424, 1427, 1432, 1434, 1436, 1441, 1447, 1451, 1454, 1456, 1459, 1461, 1462, 1466, 1468, 1471, 1473, 1475, 1479, 1484, 1491, 1498, 1505, 1507, 1508, 1509, 1510, 1511, 1512, 1513], [564, 723, 757, 781, 784, 785, 788, 791, 798, 805, 814, 826, 829, 830, 962, 971, 974, 976, 978, 983, 991, 1000, 1042, 1056, 1088, 1093, 1099, 1102, 1105, 1107, 1123, 1149, 1157, 1178, 1186, 1253, 1255, 1261, 1265, 1266, 1267, 1282, 1287, 1292, 1297, 1305, 1307, 1316, 1323, 1325, 1327, 1330, 1332, 1333, 1337, 1340, 1343, 1348, 1355, 1374, 1375, 1378, 1381, 1386, 1387, 1390, 1391, 1392, 1394, 1395, 1397, 1401, 1409, 1411, 1415, 1421, 1422, 1432, 1433, 1434, 1436, 1447, 1454, 1456, 1459, 1461, 1462, 1464, 1466, 1468, 1470, 1471, 1473, 1475, 1484, 1491, 1498, 1505, 1507, 1508, 1509, 1510, 1511, 1512, 1513], [411, 524, 660, 770, 781, 805, 819, 826, 829, 830, 888, 891, 895, 978, 983, 1023, 1025, 1027, 1033, 1036, 1039, 1042, 1045, 1046, 1047, 1061, 1064, 1080, 1082, 1088, 1090, 1098, 1099, 1102, 1105, 1107, 1118, 1131, 1135, 1142, 1154, 1157, 1158, 1172, 1174, 1178, 1180, 1185, 1186, 1200, 1209, 1212, 1213, 1215, 1217, 1221, 1224, 1228, 1230, 1239, 1243, 1245, 1247, 1249, 1251, 1253, 1255, 1261, 1263, 1265, 1266, 1267, 1272, 1275, 1279, 1280, 1282, 1285, 1286, 1288, 1293, 1297, 1304, 1305, 1314, 1315, 1322, 1323, 1325, 1326, 1327, 1330, 1332, 1333, 1337, 1340, 1343, 1348, 1366, 1367, 1380, 1387, 1390, 1391, 1392, 1394, 1395, 1397, 1405, 1411, 1427, 1429, 1436, 1441, 1451, 1456, 1462, 1468, 1470, 1471, 1473, 1475, 1479, 1484, 1507, 1508, 1509, 1511, 1512, 1513], [411, 510, 524, 564, 660, 723, 725, 741, 747, 757, 758, 759, 770, 781, 784, 785, 787, 788, 791, 796, 798, 800, 805, 814, 819, 822, 823, 826, 829, 830, 842, 843, 888, 891, 895, 901, 905, 908, 914, 929, 935, 945, 952, 961, 962, 971, 974, 976, 978, 983, 991, 1000, 1042, 1056, 1065, 1088, 1090, 1093, 1105, 1107, 1114, 1123, 1136, 1142, 1149, 1159, 1178, 1180, 1200, 1243, 1245, 1246, 1247, 1249, 1251, 1255, 1261, 1263, 1265, 1266, 1267, 1277, 1278, 1279, 1280, 1282, 1283, 1284, 1285, 1286, 1287, 1288, 1291, 1292, 1293, 1297, 1299, 1300, 1301, 1304, 1305, 1307, 1308, 1310, 1311, 1312, 1314, 1315, 1316, 1318, 1319, 1322, 1323, 1325, 1326, 1327, 1330, 1332, 1333, 1337, 1340, 1343, 1348, 1355, 1365, 1366, 1367, 1415, 1459, 1462, 1484, 1491, 1498, 1505], [747, 758, 759, 784, 787, 800, 814, 822, 830, 842, 895, 901, 961, 962, 1000, 1059, 1062, 1064, 1077, 1080, 1082, 1096, 1098, 1102, 1119, 1129, 1132, 1135, 1152, 1155, 1158, 1170, 1172, 1174, 1185, 1186, 1200, 1207, 1210, 1212, 1215, 1217, 1221, 1224, 1228, 1230, 1236, 1239, 1242, 1245, 1246, 1251, 1261, 1265, 1266, 1272, 1275, 1277, 1278, 1279, 1280, 1282, 1284, 1286, 1287, 1291, 1292, 1297, 1299, 1300, 1301, 1304, 1305, 1307, 1308, 1310, 1312, 1315, 1316, 1318, 1319, 1322, 1323, 1325, 1326, 1327, 1340, 1343, 1365, 1366, 1367, 1375, 1386, 1390, 1394, 1401, 1405, 1409, 1411, 1422, 1424, 1427, 1429, 1433, 1434, 1441, 1447, 1451, 1454, 1456, 1461, 1464, 1466, 1470, 1471, 1473, 1475, 1479, 1484, 1491, 1498, 1505, 1507, 1509, 1510, 1511, 1512, 1513]!Vessel: HavilaForesight
[237, 358, 392, 449, 571, 573, 574, 575, 576, 591, 592, 593, 615, 617, 618, 622, 626, 629, 631, 632, 635, 666, 669, 673, 675, 677, 678, 742, 745, 746, 749, 763, 764, 765, 767, 768, 771, 775, 776, 779, 824, 831, 833, 835, 841, 845, 862, 868, 881, 889, 898, 899, 900, 902, 903, 906, 907, 910, 911, 933, 934, 938, 940, 946, 947, 948, 975, 1019, 1026, 1030, 1031, 1044, 1052, 1060, 1066, 1069, 1072, 1075, 1079, 1083, 1091, 1112, 1115, 1121, 1126, 1128, 1130, 1133, 1138, 1140, 1143, 1145, 1190, 1193, 1205, 1206, 1208, 1214, 1216, 1218, 1222, 1226, 1244, 1262, 1264, 1344, 1345, 1350, 1353, 1372, 1377, 1379, 1396, 1399, 1408, 1413, 1416, 1417, 1419, 1426, 1430, 1438, 1440, 1443, 1460, 1463, 1478, 1481], [237, 377, 393, 423, 571, 573, 574, 575, 576, 579, 581, 584, 585, 591, 592, 593, 594, 595, 596, 626, 629, 644, 648, 654, 666, 702, 705, 712, 726, 730, 746, 749, 753, 763, 767, 775, 797, 803, 810, 817, 834, 873, 874, 884, 887, 892, 898, 899, 902, 903, 906, 907, 910, 911, 912, 915, 918, 933, 942, 949, 964, 969, 970, 995, 996, 1003, 1019, 1026, 1030, 1031, 1034, 1038, 1044, 1049, 1052, 1053, 1066, 1072, 1075, 1091, 1104, 1112, 1115, 1128, 1140, 1143, 1160, 1166, 1181, 1184, 1193, 1206, 1214, 1244, 1250, 1262, 1264, 1273, 1344, 1345, 1354, 1370, 1371, 1377, 1379, 1382, 1389, 1396, 1399, 1413, 1416, 1417, 1419, 1438, 1440, 1445, 1458, 1460, 1463, 1478], [407, 534, 573, 574, 575, 576, 579, 581, 584, 585, 615, 617, 618, 622, 644, 648, 650, 651, 654, 669, 673, 692, 694, 695, 742, 745, 753, 756, 763, 764, 765, 776, 779, 793, 795, 797, 803, 810, 812, 824, 831, 833, 834, 835, 837, 840, 853, 862, 868, 874, 880, 884, 894, 898, 903, 911, 912, 918, 926, 934, 944, 950, 972, 973, 982, 1026, 1030, 1031, 1034, 1038, 1060, 1066, 1069, 1072, 1104, 1112, 1115, 1121, 1126, 1153, 1160, 1163, 1166, 1190, 1205, 1206, 1208, 1222, 1237, 1244, 1250, 1262, 1264, 1350, 1370, 1377, 1379, 1382, 1389, 1396, 1399, 1408, 1417, 1419, 1426, 1430, 1445, 1453, 1460, 1478, 1481], [536, 574, 579, 581, 591, 593, 594, 595, 615, 617, 618, 622, 626, 629, 631, 632, 635, 644, 648, 650, 651, 654, 666, 669, 673, 675, 677, 678, 692, 694, 695, 702, 705, 707, 708, 711, 712, 726, 728, 730, 853, 906, 926, 933, 934, 938, 940, 942, 944, 946, 947, 948, 949, 950, 955, 957, 964, 967, 968, 969, 972, 973, 975, 977, 993, 1030, 1031, 1034, 1053, 1060, 1066, 1069, 1072, 1075, 1079, 1083, 1091, 1104, 1112, 1115, 1121, 1126, 1128, 1130, 1133, 1138, 1140, 1143, 1145, 1153, 1160, 1163, 1166, 1171, 1181, 1184, 1379, 1382, 1399, 1408, 1413, 1416, 1417, 1419, 1426, 1430, 1438, 1440, 1443, 1445, 1453, 1458], [358, 377, 530, 544, 573, 579, 584, 585, 591, 594, 596, 666, 669, 673, 675, 677, 678, 692, 694, 695, 702, 705, 707, 708, 711, 712, 742, 745, 746, 749, 753, 756, 764, 765, 767, 768, 771, 793, 795, 810, 812, 817, 820, 835, 837, 841, 868, 881, 899, 900, 903, 907, 912, 915, 946, 947, 948, 949, 950, 955, 957, 970, 973, 977, 982, 995, 996, 999, 1003, 1031, 1034, 1038, 1049, 1052, 1053, 1112, 1115, 1121, 1126, 1128, 1130, 1133, 1138, 1140, 1143, 1145, 1153, 1160, 1163, 1166, 1171, 1181, 1190, 1193, 1206, 1208, 1214, 1216, 1218, 1237, 1240, 1250, 1262, 1264, 1345, 1350, 1353, 1354, 1371, 1372, 1382, 1389, 1396, 1416, 1417, 1419, 1426, 1430, 1438, 1440, 1443, 1445, 1453, 1458, 1460, 1463, 1478, 1481], [237, 358, 377, 392, 393, 407, 423, 425, 430, 449, 530, 534, 536, 544, 546, 573, 574, 575, 576, 579, 581, 584, 585, 591, 592, 593, 594, 595, 596, 615, 617, 618, 626, 629, 631, 632, 635, 648, 650, 651, 669, 675, 677, 678, 692, 694, 695, 702, 705, 707, 708, 711, 726, 728, 730, 742, 746, 763, 764, 765, 767, 768, 771, 775, 776, 779, 793, 795, 797, 803, 810, 812, 817, 820, 824, 853, 884, 889, 892, 894, 1003, 1019, 1026, 1038, 1044, 1049, 1052, 1053, 1060, 1075, 1079, 1083, 1128, 1130, 1133, 1153, 1171, 1184, 1190, 1193, 1205, 1206, 1208, 1214, 1216, 1218, 1222, 1226, 1237, 1240, 1273, 1370, 1371, 1372], [407, 423, 425, 449, 530, 571, 575, 581, 584, 592, 595, 596, 615, 626, 631, 632, 650, 651, 654, 675, 692, 702, 707, 708, 712, 726, 728, 756, 764, 768, 776, 793, 797, 812, 820, 824, 831, 833, 834, 835, 837, 840, 841, 845, 884, 887, 889, 892, 894, 900, 906, 907, 910, 911, 912, 915, 934, 938, 940, 944, 946, 950, 955, 957, 964, 967, 993, 995, 999, 1003, 1019, 1026, 1030, 1034, 1038, 1044, 1049, 1052, 1053, 1060, 1066, 1069, 1075, 1079, 1083, 1091, 1104, 1112, 1121, 1130, 1138, 1140, 1145, 1153, 1160, 1163, 1171, 1181, 1184, 1205, 1208, 1216, 1222, 1226, 1237, 1240, 1244, 1250, 1262, 1273, 1344, 1345, 1350, 1353, 1354, 1370, 1371, 1372, 1377, 1379, 1382, 1389, 1396, 1399, 1408, 1413, 1416, 1417, 1426, 1430, 1438, 1443, 1445, 1453, 1458, 1460, 1463, 1481], [393, 430, 534, 536, 546, 622, 644, 853, 862, 873, 874, 880, 918, 926, 942, 968, 969, 970, 972, 973, 975, 977, 982, 993, 1019, 1026, 1038, 1044, 1049, 1052, 1053, 1060, 1075, 1079, 1083, 1128, 1130, 1133, 1138, 1153, 1171, 1184, 1190, 1193, 1205, 1206, 1208, 1214, 1216, 1218, 1222, 1226, 1237, 1240, 1273, 1344, 1345, 1350, 1353, 1354, 1370, 1371, 1372, 1377, 1379, 1382, 1389, 1396, 1399, 1408, 1413, 1416, 1417, 1419, 1426, 1430, 1438, 1440, 1443, 1445, 1453, 1458, 1460, 1463, 1478, 1481], [430, 571, 576, 585, 592, 593, 594, 595, 596, 617, 631, 635, 650, 677, 694, 707, 711, 728, 730, 749, 765, 767, 768, 771, 775, 776, 779, 793, 795, 803, 817, 820, 831, 837, 840, 845, 853, 862, 868, 873, 874, 880, 881, 884, 887, 889, 892, 894, 900, 902, 915, 940, 947, 957, 967, 968, 969, 970, 972, 975, 977, 982, 993, 996, 999, 1030, 1031, 1034, 1044, 1049, 1069, 1072, 1083, 1091, 1104, 1121, 1126, 1140, 1143, 1145, 1163, 1166, 1181, 1214, 1216, 1218, 1222, 1226, 1240, 1244, 1250, 1262, 1264, 1273, 1377, 1379, 1382, 1389, 1396, 1408, 1413, 1430, 1438, 1440, 1443, 1453, 1458, 1463, 1478, 1481], [237, 358, 377, 392, 393, 407, 423, 425, 430, 449, 530, 534, 536, 544, 546, 571, 622, 644, 654, 666, 673, 712, 745, 749, 753, 756, 831, 833, 834, 835, 837, 840, 841, 845, 862, 868, 873, 874, 880, 881, 887, 898, 899, 900, 902, 903, 906, 907, 910, 911, 912, 915, 918, 926, 933, 934, 938, 940, 942, 944, 946, 947, 948, 949, 950, 955, 957, 964, 967, 968, 969, 970, 972, 973, 975, 977, 982, 993, 995, 996, 999, 1138, 1344, 1345, 1350, 1353, 1354], [392, 425, 544, 546, 618, 629, 632, 635, 648, 651, 678, 695, 705, 708, 711, 726, 728, 730, 742, 745, 746, 753, 756, 763, 771, 775, 779, 795, 797, 803, 810, 812, 817, 820, 824, 833, 834, 840, 841, 845, 873, 880, 881, 887, 889, 892, 894, 898, 899, 902, 910, 918, 926, 933, 938, 942, 944, 948, 949, 955, 964, 967, 968, 995, 996, 999, 1003, 1019, 1066, 1069, 1072, 1079, 1091, 1104, 1115, 1126, 1133, 1143, 1145, 1160, 1163, 1166, 1171, 1181, 1184, 1190, 1193, 1205, 1218, 1226, 1237, 1240, 1244, 1250, 1264, 1273, 1344, 1353, 1354, 1370, 1371, 1372, 1377, 1389, 1399, 1408, 1413, 1416, 1419, 1426, 1440, 1443, 1445, 1453, 1458, 1460, 1463, 1478, 1481]!Vessel: FarStar
] 

Rvl : [
!l : 2, 3
[774, 787, 790, 796, 800, 802, 805, 822, 823, 826, 828, 842, 888, 891, 893, 895, 901, 904, 908, 1018, 1041, 1204, 1232, 1281, 1284, 1356, 1357], [628, 647, 704, 725, 741, 747, 758, 759, 770, 778, 783, 807, 809, 813, 816, 819, 843, 905, 914, 919, 922, 924, 925, 929, 930, 935, 936, 937, 945, 952, 953, 954, 959, 960, 961, 963, 971, 978, 998, 1023, 1024, 1025, 1027, 1029, 1032, 1033, 1036, 1039, 1045, 1046, 1047, 1059, 1061, 1064, 1065, 1071, 1078, 1080, 1082, 1090, 1096, 1098, 1100, 1103, 1105, 1114, 1118, 1119, 1135, 1136, 1142, 1152, 1154, 1155, 1158, 1159, 1165, 1172, 1174, 1180, 1185, 1199, 1200, 1212, 1215, 1221, 1225, 1228, 1230, 1241, 1243, 1245, 1246, 1247, 1249, 1251, 1257, 1263, 1269, 1272, 1275, 1277, 1279, 1280, 1283, 1285, 1286, 1288, 1289, 1290, 1291, 1293, 1294, 1295, 1296, 1297, 1299, 1300, 1301, 1303, 1304, 1308, 1310, 1311, 1312, 1314, 1315, 1317, 1318, 1319, 1321, 1322, 1324, 1326, 1329, 1331, 1335, 1336, 1341, 1347, 1355, 1358, 1359, 1360, 1365, 1366, 1367, 1374, 1375, 1376, 1378, 1381, 1383, 1384, 1386, 1387, 1388, 1390, 1391, 1392, 1393, 1394, 1395, 1397, 1398, 1400, 1401, 1402, 1403, 1404, 1407, 1409, 1410, 1411, 1412, 1414, 1415, 1418, 1420, 1421, 1422, 1423, 1425, 1429, 1432, 1433, 1434, 1435, 1436, 1437, 1439, 1442, 1444, 1446, 1447, 1448, 1449, 1450, 1451, 1454, 1455, 1456, 1457, 1459, 1461, 1462, 1464, 1465, 1466, 1467, 1468, 1469, 1470, 1471, 1472, 1473, 1474, 1475, 1476, 1477, 1480, 1482, 1483, 1484, 1485, 1486, 1487, 1488, 1489, 1490, 1491, 1492, 1493, 1494, 1495, 1496, 1497, 1498, 1499, 1500, 1501, 1502, 1503, 1504, 1505, 1506, 1507, 1508, 1509, 1510, 1511, 1512, 1513]!Vessel: FarSeeker
[774, 787, 790, 796, 800, 802, 805, 822, 823, 826, 828, 842, 888, 891, 893, 895, 901, 904, 908, 1018, 1041, 1204, 1232, 1281, 1284, 1356, 1357], [628, 647, 704, 725, 741, 747, 758, 759, 770, 778, 783, 807, 809, 813, 816, 819, 843, 905, 914, 919, 922, 924, 925, 929, 930, 935, 936, 937, 945, 952, 953, 954, 959, 960, 961, 963, 971, 978, 998, 1023, 1024, 1025, 1027, 1029, 1032, 1033, 1036, 1039, 1045, 1046, 1047, 1059, 1061, 1064, 1065, 1071, 1078, 1080, 1082, 1090, 1096, 1098, 1100, 1103, 1105, 1114, 1118, 1119, 1135, 1136, 1142, 1152, 1154, 1155, 1158, 1159, 1165, 1172, 1174, 1180, 1185, 1199, 1200, 1212, 1215, 1221, 1225, 1228, 1230, 1241, 1243, 1245, 1246, 1247, 1249, 1251, 1257, 1263, 1269, 1272, 1275, 1277, 1279, 1280, 1283, 1285, 1286, 1288, 1289, 1290, 1291, 1293, 1294, 1295, 1296, 1297, 1299, 1300, 1301, 1303, 1304, 1308, 1310, 1311, 1312, 1314, 1315, 1317, 1318, 1319, 1321, 1322, 1324, 1326, 1329, 1331, 1335, 1336, 1341, 1347, 1355, 1358, 1359, 1360, 1365, 1366, 1367, 1374, 1375, 1376, 1378, 1381, 1383, 1384, 1386, 1387, 1388, 1390, 1391, 1392, 1393, 1394, 1395, 1397, 1398, 1400, 1401, 1402, 1403, 1404, 1407, 1409, 1410, 1411, 1412, 1414, 1415, 1418, 1420, 1421, 1422, 1423, 1425, 1429, 1432, 1433, 1434, 1435, 1436, 1437, 1439, 1442, 1444, 1446, 1447, 1448, 1449, 1450, 1451, 1454, 1455, 1456, 1457, 1459, 1461, 1462, 1464, 1465, 1466, 1467, 1468, 1469, 1470, 1471, 1472, 1473, 1474, 1475, 1476, 1477, 1480, 1482, 1483, 1484, 1485, 1486, 1487, 1488, 1489, 1490, 1491, 1492, 1493, 1494, 1495, 1496, 1497, 1498, 1499, 1500, 1501, 1502, 1503, 1504, 1505, 1506, 1507, 1508, 1509, 1510, 1511, 1512, 1513]!Vessel: FarSearcher
[237, 377, 390, 392, 395, 398, 401, 407, 411, 413, 423, 427, 432, 492, 564, 567, 597, 772, 781, 784, 785, 798, 803, 825, 829, 830, 831, 840, 860, 876, 887, 898, 902, 913, 1000, 1016, 1044, 1203, 1242, 1273, 1276, 1344, 1351, 1352, 1370], [342, 358, 416, 421, 510, 514, 520, 523, 524, 525, 544, 582, 585, 594, 613, 617, 641, 648, 650, 653, 654, 660, 673, 690, 694, 718, 730, 736, 749, 753, 757, 791, 814, 837, 864, 868, 882, 920, 921, 923, 927, 928, 933, 940, 941, 943, 944, 947, 949, 950, 951, 957, 958, 962, 966, 967, 974, 976, 979, 983, 991, 992, 996, 997, 1020, 1022, 1035, 1038, 1042, 1048, 1049, 1053, 1056, 1058, 1060, 1063, 1067, 1075, 1076, 1077, 1081, 1083, 1084, 1085, 1088, 1093, 1095, 1097, 1099, 1101, 1102, 1107, 1110, 1116, 1117, 1123, 1127, 1128, 1131, 1132, 1133, 1134, 1138, 1147, 1149, 1151, 1153, 1156, 1157, 1161, 1169, 1170, 1173, 1175, 1176, 1178, 1182, 1184, 1186, 1187, 1190, 1194, 1196, 1198, 1202, 1206, 1209, 1210, 1211, 1213, 1214, 1217, 1218, 1219, 1220, 1222, 1223, 1224, 1227, 1229, 1231, 1233, 1234, 1235, 1236, 1238, 1239, 1240, 1253, 1255, 1259, 1261, 1265, 1266, 1267, 1270, 1274, 1278, 1282, 1287, 1292, 1298, 1302, 1305, 1306, 1307, 1309, 1313, 1316, 1320, 1323, 1325, 1327, 1328, 1330, 1332, 1334, 1337, 1338, 1339, 1340, 1342, 1343, 1345, 1346, 1348, 1349, 1350, 1354, 1361, 1362, 1363, 1364, 1379, 1380, 1382, 1385, 1406, 1408, 1419, 1424, 1427, 1428, 1431, 1440, 1441, 1452, 1453, 1478, 1479]!Vessel: FarSymphony
[411, 564, 781, 784, 785, 787, 788, 796, 798, 800, 805, 822, 823, 826, 829, 830, 842, 888, 891, 895, 901, 908, 1000, 1242, 1284], [510, 524, 660, 723, 725, 741, 747, 757, 758, 759, 770, 791, 814, 819, 843, 905, 914, 929, 935, 945, 952, 961, 962, 971, 974, 976, 978, 983, 991, 1022, 1023, 1024, 1025, 1027, 1029, 1032, 1033, 1036, 1039, 1042, 1045, 1046, 1047, 1056, 1059, 1061, 1062, 1064, 1065, 1077, 1080, 1082, 1088, 1090, 1093, 1096, 1098, 1099, 1102, 1105, 1107, 1114, 1116, 1118, 1119, 1123, 1127, 1129, 1131, 1132, 1135, 1136, 1142, 1149, 1152, 1154, 1155, 1157, 1158, 1159, 1170, 1172, 1174, 1178, 1180, 1185, 1186, 1200, 1207, 1209, 1210, 1212, 1213, 1215, 1217, 1221, 1224, 1228, 1230, 1236, 1239, 1243, 1245, 1246, 1247, 1249, 1251, 1253, 1255, 1261, 1263, 1265, 1266, 1267, 1272, 1275, 1277, 1278, 1279, 1280, 1282, 1283, 1285, 1286, 1287, 1288, 1291, 1292, 1293, 1297, 1299, 1300, 1301, 1304, 1305, 1307, 1308, 1310, 1311, 1312, 1314, 1315, 1316, 1318, 1319, 1322, 1323, 1325, 1326, 1327, 1330, 1332, 1333, 1337, 1340, 1343, 1348, 1355, 1365, 1366, 1367, 1374, 1375, 1378, 1380, 1381, 1386, 1387, 1390, 1391, 1392, 1394, 1395, 1397, 1401, 1405, 1409, 1411, 1415, 1421, 1422, 1424, 1427, 1429, 1432, 1433, 1434, 1436, 1441, 1447, 1451, 1454, 1456, 1459, 1461, 1462, 1464, 1466, 1468, 1470, 1471, 1473, 1475, 1479, 1484, 1491, 1498, 1505, 1507, 1508, 1509, 1510, 1511, 1512, 1513]!Vessel: HavilaForesight
[237, 377, 392, 393, 407, 423, 425, 430, 449, 530, 534, 546, 571, 575, 576, 592, 763, 775, 776, 779, 797, 803, 824, 831, 833, 834, 840, 845, 862, 873, 874, 880, 884, 887, 889, 892, 894, 898, 902, 910, 911, 918, 1019, 1026, 1044, 1205, 1226, 1273, 1344, 1370], [358, 536, 544, 573, 574, 579, 581, 584, 585, 591, 593, 594, 595, 596, 615, 617, 618, 622, 626, 629, 631, 632, 635, 644, 648, 650, 651, 654, 666, 669, 673, 675, 677, 678, 692, 694, 695, 702, 705, 707, 708, 711, 712, 726, 728, 730, 742, 745, 746, 749, 753, 756, 764, 765, 767, 768, 771, 793, 795, 810, 812, 817, 820, 835, 837, 841, 853, 868, 881, 899, 900, 903, 906, 907, 912, 915, 926, 933, 934, 938, 940, 942, 944, 946, 947, 948, 949, 950, 955, 957, 964, 967, 968, 969, 970, 972, 973, 975, 977, 982, 993, 995, 996, 999, 1003, 1030, 1031, 1034, 1038, 1049, 1052, 1053, 1060, 1066, 1069, 1072, 1075, 1079, 1083, 1091, 1104, 1112, 1115, 1121, 1126, 1128, 1130, 1133, 1138, 1140, 1143, 1145, 1153, 1160, 1163, 1166, 1171, 1181, 1184, 1190, 1193, 1206, 1208, 1214, 1216, 1218, 1222, 1237, 1240, 1244, 1250, 1262, 1264, 1345, 1350, 1353, 1354, 1371, 1372, 1377, 1379, 1382, 1389, 1396, 1399, 1408, 1413, 1416, 1417, 1419, 1426, 1430, 1438, 1440, 1443, 1445, 1453, 1458, 1460, 1463, 1478, 1481]!Vessel: FarStar
] 

minF : 1
maxF : 6
Nf : [
!f : 1, 2, 3, 4, 5, 6
[10], [5, 6], [], [11], [2, 3, 4, 7], [1, 8, 9]
]

! Parameters
VoyageCost: [37970, 39085, 64838, 53931, 37570, 44429, 45544, 73722, 62814, 42817, 43726, 43120, 46453, 44696, 43120, 43120, 73722, 62814, 40394, 38879, 38273, 44029, 39848, 38273, 74837, 63929, 43932, 42418, 44235, 47568, 45811, 44235, 72716, 73019, 72413, 75746, 73988, 72413, 62111, 64838, 63929, 72110, 61202, 39691, 41509, 44841, 43084, 41509, 37570, 43326, 41569, 39994, 61505, 45144, 36964, 46720, 45144, 65505, 38539, 33692, 50186, 51156, 49580, 49580, 81296, 70389, 50392, 48877, 50695, 54028, 52271, 50695, 81599, 49277, 48574, 48877, 49580, 49847, 48271, 52913, 52210, 80181, 69274, 78872, 67965, 47968, 46453, 48271, 51604, 49847, 48271, 81599, 78569, 67662, 46150, 51301, 79478, 68571, 44029, 78872, 67965, 44999, 82205, 71298, 82714, 47568, 50962, 49386, 78569, 78872, 80448, 80448, 78169, 79987, 83320, 79987, 79987, 80896, 83623, 77867, 83017, 79684, 78169, 80593, 77564, 83320, 83320, 81563, 67662, 67965, 69541, 67965, 69541, 67965, 67262, 72413, 70656, 69080, 80290, 66959, 70353, 68777, 67262, 69686, 68232, 66656, 73988, 72413, 73079, 47968, 51301, 49544, 47968, 45544, 47120, 79684, 68777, 47265, 52416, 50659, 49083, 68777, 72110, 44841, 50598, 47265, 46659, 52416, 53991, 52416, 50659, 79478, 68571, 50453, 48877, 45605, 44029, 50901, 49144, 47568, 44296, 42721, 81502, 70595, 49144, 51604, 49180, 69080, 49083, 52719, 80290, 72413, 79684, 48477, 82205, 71298, 53179, 51604, 50756, 49180, 54294, 52719, 49786, 52477, 50901, 51871, 50295, 54294, 49847, 44999, 81563, 50962, 81866, 81260, 82169, 84896, 71261, 48841, 79139, 48235, 43690, 78872, 78872, 45544, 43423, 55337, 55337, 54731, 56306, 54731, 89174, 54028, 57421, 55846, 55034, 54428, 56003, 54428, 53725, 55337, 55603, 56306, 54731, 58670, 58064, 59639, 58064, 57361, 88059, 85332, 74425, 54428, 58064, 86750, 86144, 89780, 75237, 78872, 53725, 58876, 51604, 57361, 74122, 57761, 86447, 89477, 78569, 51301, 85938, 75031, 84629, 73722, 87356, 84326, 73419, 84629, 73722, 50756, 87962, 77055, 85332, 74425, 86750, 88665, 77757, 54294, 52719, 85332, 86144, 84629, 86447, 89780, 88022, 86447, 85029, 84326, 86144, 89477, 86144, 84629, 85599, 84023, 87962, 85599, 84023, 84023, 85599, 84023, 85441, 90592, 87259, 83320, 89077, 85744, 85138, 90895, 90895, 86447, 87356, 86750, 90083, 88325, 86750, 88325, 86750, 87562, 86047, 91198, 87865, 85744, 87562, 90895, 87562, 86047, 88471, 85441, 90083, 89380, 91198, 91198, 83720, 85296, 83720, 83017, 88774, 85441, 84835, 90592, 90592, 84629, 83320, 87356, 88471, 74425, 75237, 75540, 77115, 76812, 74691, 73116, 77055, 78872, 77115, 74691, 73116, 77115, 73116, 74691, 73116, 76352, 72413, 76412, 74837, 74231, 81563, 72813, 74388, 72813, 72110, 74534, 72413, 78836, 76449, 81563, 75237, 78569, 54694, 57058, 58876, 60451, 58876, 57118, 52271, 50695, 54694, 55543, 58876, 57118, 55543, 53119, 54694, 53119, 76352, 79684, 52416, 58173, 56415, 54840, 54234, 59991, 61566, 59991, 58233, 75237, 74534, 77927, 75503, 73928, 77867, 79684, 81260, 79684, 52877, 49992, 56415, 56452, 58027, 56452, 55749, 59142, 57567, 61566, 87053, 58027, 53179, 73722, 53725, 57361, 55603, 54028, 53179, 51604, 78169, 60051, 58476, 56718, 77721, 73419, 55300, 53725, 73722, 51871, 58936, 57361, 89077, 89780, 78872, 56755, 54997, 53422, 87356, 76449, 59179, 87865, 79987, 87259, 56052, 86653, 75746, 78872, 60754, 59179, 89780, 58330, 56755, 60754, 55906, 54331, 58330, 58330, 56755, 59445, 57870, 61869, 80448, 79987, 77564, 57058, 54937, 56512, 54937, 59748, 58173, 55203, 60051, 59445, 56306, 54997, 86908, 76000, 56912, 86205, 75297, 50150, 88931, 78024, 57421, 54997, 89440, 88834, 92470, 89137, 56112, 87719, 88628, 91355, 88022, 88022, 87320, 89137, 90046, 92773, 87017, 92167, 88834, 89743, 86714, 90652, 92470, 76109, 79745, 86714, 75806, 55809, 87017, 86411, 90046, 79139, 84896, 73988, 51568, 78230, 89440, 77927, 75806, 55809, 75540, 76146, 73722, 51301, 78169, 53119, 54028, 49180, 53628, 60487, 60487, 61457, 59881, 60487, 60754, 59179, 60184, 61154, 59578, 60184, 60451, 63820, 64790, 63214, 65396, 62511, 81696, 92604, 60184, 65335, 63820, 96239, 94022, 97657, 91901, 97051, 95536, 80993, 86144, 84629, 58876, 58330, 56755, 62511, 92907, 63517, 95936, 97354, 95233, 84326, 58027, 80181, 92507, 79878, 80181, 92507, 94421, 83514, 89780, 78872, 89477, 78569, 93113, 82205, 91089, 90483, 92058, 90483, 91901, 93719, 97051, 93719, 89780, 95536, 92204, 93173, 91598, 97354, 97354, 90786, 90180, 91755, 90180, 89477, 95233, 91901, 91295, 97051, 97051, 91089, 91089, 92058, 90483, 93816, 95391, 93816, 93113, 90749, 89174, 91295, 92870, 91295, 90592, 96348, 93016, 92410, 98166, 91355, 89780, 90046, 88471, 96651, 94930, 96506, 94930, 94228, 96045, 93816, 93210, 94785, 93210, 93210, 94022, 92507, 94325, 97657, 95900, 94325, 92204, 94022, 97354, 94022, 92507, 94930, 93476, 91901, 96542, 95839, 97657, 97657, 93476, 91901, 91901, 93476, 91901, 93319, 95137, 98469, 95137, 91198, 96954, 93622, 93016, 98772, 98772, 92204, 91598, 93173, 91598, 90895, 96651, 93319, 92713, 98469, 98469, 94082, 92507, 92773, 91198, 95839, 95233, 96809, 95233, 94531, 96954, 96348, 90446, 88871, 91052, 89477, 88168, 96348, 94627, 94627, 93925, 95742, 91355, 89780, 92507, 94688, 93113, 79575, 79575, 82811, 84387, 82811, 82266, 80690, 84690, 79272, 84387, 82908, 84484, 82908, 84629, 79842, 82266, 78872, 79139, 83987, 79539, 81963, 83684, 81563, 81599, 82205, 59578, 80993, 86144, 80387, 85029, 84326, 86144, 87719, 86144, 62269, 62911, 64487, 62911, 64632, 66450, 68026, 66450, 62208, 65602, 64026, 68026, 59845, 62269, 60693, 64693, 59845, 58270, 62269, 83078, 81502, 85441, 87259, 87259, 60451, 58876, 59142, 57567, 63990, 64026, 65602, 64026, 63323, 66717, 65141, 69141, 80387, 81963, 80387, 79684, 82108, 85502, 83078, 83720, 85296, 83720, 83017, 87017, 85441, 84835, 60451, 62875, 61299, 59142, 63178, 61602, 65602, 62475, 66717, 66511, 64935, 63178, 60754, 82872, 81296, 87320, 85744, 62511, 67626, 85296, 62875, 82569, 80993, 66511, 95536, 86447, 79575, 59578, 63214, 84023, 79272, 98166, 78872, 58876, 62511, 83320, 78569, 82205, 64790, 63214, 65905, 64329, 68329, 94930, 85332, 84629, 88022, 86447, 85599, 84023, 65905, 63481, 63481, 61905, 65905, 85138, 62778, 61202, 67020, 88022, 85599, 84023, 64632, 61663, 60087, 64087, 66208, 64632, 62208, 63784, 62208, 67323, 65747, 67323, 62778, 61457, 61457, 83575, 86205, 61154, 64790, 81151, 61154, 80848, 92664, 81757, 61760, 62063, 62063, 62063, 80448, 64087, 80145, 83781, 81151, 62572, 60148, 95294, 98930, 95597, 96712, 100348, 94591, 96409, 94288, 98227, 100045, 83684, 88834, 83381, 59445, 94482, 93779, 93476, 98627, 95294, 96203, 93173, 97112, 98930, 93173, 93173, 94894, 95597, 96506, 99233, 95900, 95900, 95197, 97015, 94894, 100045, 96712, 97621, 94591, 98530, 100348, 92870, 97924, 94591, 93985, 99742, 93779, 92470, 96506, 98227, 97621, 94082, 83175, 93985, 97621, 94591, 92870, 96506, 94288, 97924, 97318, 81963, 82266, 82266, 86714, 86411, 86714, 91355, 80448, 64087, 60754, 80448, 55906, 89743, 78836, 93379, 82472, 82872, 85599, 89137, 88834, 87320, 63384, 80181, 63820, 78569, 78266, 77963, 89780, 78872, 58876, 78872, 56452, 77564, 77261, 60899, 91804, 80896, 67214, 65638, 66911, 65335, 70546, 68971, 87453, 92604, 100481, 103511, 65335, 71092, 68971, 98360, 101996, 104117, 99778, 104929, 103414, 97051, 102808, 100687, 86144, 91901, 89780, 65602, 69238, 67662, 68668, 101693, 103814, 103111, 100384, 89477, 85332, 97657, 85029, 97354, 88665, 96239, 97209, 95633, 97754, 97754, 97051, 102808, 99475, 98869, 104626, 97815, 96239, 96506, 94930, 103111, 101390, 102966, 101390, 100687, 102505, 95936, 95330, 95936, 96203, 94627, 102808, 101087, 101087, 100384, 102202, 97815, 96239, 99572, 100542, 98966, 101148, 99572, 98263, 96506, 94930, 96445, 97051, 95742, 103923, 102202, 102202, 101499, 103317, 102263, 100687, 101657, 100081, 100954, 99378, 98966, 99936, 98360, 98966, 98360, 99936, 98360, 99778, 101596, 104929, 101596, 97657, 103414, 100081, 101051, 99475, 105232, 105232, 98663, 98057, 98057, 97354, 103111, 99778, 99172, 104929, 104929, 100542, 98966, 99233, 97657, 102299, 101693, 103269, 101693, 100990, 103414, 102808, 99233, 97657, 98627, 97051, 99172, 99172, 98469, 104226, 100893, 100287, 106044, 106044, 99233, 97657, 97924, 96348, 104529, 102808, 104384, 102808, 102105, 103923, 96748, 97354, 96045, 104226, 102505, 102505, 101802, 103620, 100990, 101960, 100384, 102566, 100990, 101257, 99681, 94627, 100384, 99778, 99075, 98263, 84726, 87962, 85332, 84023, 84423, 85029, 85332, 89634, 88059, 86714, 86411, 91355, 87356, 90046, 64729, 65602, 64026, 86847, 86847, 86144, 91901, 88568, 93719, 93719, 90786, 90180, 90180, 89477, 91901, 91295, 68062, 70486, 70486, 69783, 71601, 68668, 68935, 67359, 91295, 91295, 90592, 93016, 92410, 66717, 69177, 68474, 85538, 86144, 84835, 88871, 89477, 88168, 70050, 65335, 70546, 68971, 74085, 90446, 93779, 92204, 91355, 89780, 71661, 90483, 104626, 89780, 69940, 68365, 72364, 91598, 69238, 67662, 73479, 91089, 92058, 90483, 71055, 70353, 90749, 89174, 93173, 90046, 88471, 72207, 67359, 69783, 69783, 66608, 88725, 89331, 92058, 93779, 66305, 69940, 86908, 67214, 90240, 70546, 100748, 104687, 106504, 106807, 103475, 102166, 106104, 107922, 104081, 105801, 105196, 99633, 99633, 101354, 100239, 98930, 102966, 104687, 104081, 98930, 98324, 98930, 97621, 102360, 101657, 104081, 101051, 104989, 106807, 101051, 101051, 102772, 101657, 100348, 104384, 106104, 105499, 97318, 101657, 102263, 100954, 86302, 85999, 104081, 100748, 104384, 105499, 88725, 89537, 89537, 93173, 89840, 87417, 94288, 87114, 93173, 90749, 67214, 86908, 85599, 85296, 99839, 88931, 85599, 65905, 63481, 88022, 88022, 85296, 65602, 63178, 86411, 97621, 89743, 99839, 88931, 69238, 66814, 88022, 95597, 94894, 88665, 84023, 64026, 83720, 83720, 87356, 92604, 70486, 75697, 74122, 103511, 107147, 109874, 104929, 108565, 102202, 107959, 105838, 91295, 97051, 96506, 94930, 73819, 106844, 108262, 105535, 94627, 76243, 96239, 95936, 102966, 101390, 102905, 102202, 108662, 107959, 109777, 107147, 106541, 107413, 105838, 101087, 106238, 105535, 106298, 104723, 106650, 105692, 104117, 104117, 105086, 103511, 105632, 104929, 106747, 112503, 104117, 104384, 102808, 110989, 109268, 109268, 108565, 110383, 103814, 103208, 102505, 108965, 108262, 110080, 107450, 108419, 106844, 107450, 107716, 106141, 104384, 102808, 104323, 103620, 110080, 109377, 111195, 108565, 107959, 107256, 102505, 107656, 106953, 107716, 106141, 92058, 90483, 90180, 95391, 93816, 91998, 92604, 91295, 97754, 97051, 98869, 95330, 94627, 75637, 74934, 96445, 95742, 76812, 97209, 95633, 96239, 96506, 94930, 97621, 74934, 96506, 108625, 105389, 104081, 107413, 104081, 107510, 106807, 111958, 106807, 105499, 108831, 107413, 93876, 94482, 97209, 100748, 93173, 96506, 72364, 75697, 93173, 74388, 112297, 115024, 113715, 109268, 113715, 112600, 101390]
VoyageDuration: [2, 2, 2, 2, 2, 2, 2, 2, 2, 2, 2, 2, 2, 2, 2, 2, 2, 2, 2, 2, 2, 2, 2, 2, 2, 2, 2, 2, 2, 2, 2, 2, 2, 2, 2, 2, 2, 2, 2, 2, 2, 2, 2, 2, 2, 2, 2, 2, 2, 2, 2, 2, 2, 2, 2, 2, 2, 2, 2, 2, 2, 2, 2, 2, 3, 2, 2, 2, 2, 2, 2, 2, 3, 2, 2, 2, 2, 2, 2, 2, 2, 2, 2, 2, 2, 2, 2, 2, 2, 2, 2, 3, 2, 2, 2, 2, 2, 2, 2, 2, 2, 2, 3, 2, 3, 2, 2, 2, 2, 2, 3, 3, 2, 2, 3, 2, 2, 2, 3, 2, 3, 2, 2, 2, 2, 3, 3, 3, 2, 2, 2, 2, 2, 2, 2, 2, 2, 2, 3, 2, 2, 2, 2, 2, 2, 2, 2, 2, 2, 2, 2, 2, 2, 2, 2, 2, 2, 2, 2, 2, 2, 2, 2, 2, 2, 2, 2, 2, 2, 2, 2, 2, 2, 2, 2, 2, 2, 2, 2, 2, 2, 2, 3, 2, 2, 2, 2, 2, 2, 2, 2, 2, 2, 2, 3, 2, 2, 2, 2, 2, 2, 2, 2, 2, 2, 2, 2, 2, 2, 2, 3, 2, 3, 3, 3, 3, 2, 2, 2, 2, 2, 2, 2, 2, 2, 2, 2, 2, 2, 2, 3, 2, 2, 2, 2, 2, 2, 2, 2, 2, 2, 2, 2, 2, 2, 2, 2, 2, 3, 3, 2, 2, 2, 3, 3, 3, 2, 3, 2, 2, 2, 2, 2, 2, 3, 3, 3, 2, 3, 2, 3, 2, 3, 3, 2, 3, 2, 2, 3, 3, 3, 2, 3, 3, 3, 2, 2, 3, 3, 3, 3, 3, 3, 3, 3, 3, 3, 3, 3, 3, 3, 3, 3, 3, 3, 3, 3, 3, 3, 3, 3, 3, 3, 3, 3, 3, 3, 3, 3, 3, 3, 3, 3, 3, 3, 3, 3, 3, 3, 3, 3, 3, 3, 3, 3, 3, 3, 3, 3, 3, 3, 3, 3, 3, 3, 3, 3, 3, 3, 3, 3, 3, 3, 2, 2, 2, 3, 3, 2, 2, 3, 3, 3, 2, 2, 3, 2, 2, 2, 2, 2, 3, 2, 2, 3, 2, 2, 2, 2, 2, 2, 3, 3, 3, 2, 3, 2, 2, 2, 2, 2, 2, 2, 2, 2, 2, 2, 2, 2, 2, 2, 2, 2, 3, 2, 2, 2, 2, 2, 2, 2, 2, 2, 2, 2, 3, 2, 2, 3, 3, 3, 3, 2, 2, 2, 2, 2, 2, 2, 2, 2, 2, 3, 2, 2, 2, 2, 2, 2, 2, 2, 2, 3, 2, 2, 2, 3, 2, 2, 2, 2, 2, 2, 2, 3, 3, 3, 2, 2, 2, 3, 3, 2, 3, 3, 3, 2, 3, 2, 3, 2, 2, 3, 2, 2, 2, 2, 2, 2, 2, 2, 2, 2, 2, 3, 3, 3, 2, 2, 2, 2, 2, 2, 2, 2, 2, 2, 2, 3, 2, 2, 3, 2, 2, 3, 3, 2, 2, 3, 3, 3, 3, 2, 3, 3, 3, 3, 3, 3, 3, 3, 3, 3, 3, 3, 3, 3, 3, 3, 2, 3, 3, 2, 2, 3, 3, 3, 3, 3, 2, 2, 3, 3, 3, 2, 2, 2, 2, 2, 2, 3, 2, 2, 2, 2, 2, 2, 2, 2, 2, 2, 2, 2, 2, 2, 2, 2, 2, 2, 2, 2, 2, 3, 3, 2, 2, 2, 3, 3, 3, 3, 3, 3, 3, 3, 3, 2, 2, 2, 2, 3, 2, 3, 3, 3, 3, 2, 3, 3, 3, 3, 3, 3, 3, 3, 3, 3, 3, 3, 3, 3, 3, 3, 3, 3, 3, 3, 3, 3, 3, 3, 3, 3, 3, 3, 3, 3, 3, 3, 3, 3, 3, 3, 3, 3, 3, 3, 3, 3, 3, 3, 3, 3, 3, 3, 3, 3, 3, 3, 3, 3, 3, 3, 3, 3, 3, 3, 3, 3, 3, 3, 3, 3, 3, 3, 3, 3, 3, 3, 3, 3, 3, 3, 3, 3, 3, 3, 3, 3, 3, 3, 3, 3, 3, 3, 3, 3, 3, 3, 3, 3, 3, 3, 3, 3, 3, 3, 3, 3, 3, 3, 3, 3, 3, 3, 3, 3, 3, 3, 3, 3, 3, 3, 3, 3, 3, 3, 3, 3, 3, 3, 3, 3, 3, 3, 3, 3, 3, 3, 3, 3, 3, 3, 3, 3, 3, 3, 3, 3, 3, 3, 3, 3, 3, 3, 3, 3, 3, 3, 3, 3, 3, 3, 3, 3, 3, 3, 3, 3, 3, 3, 3, 2, 3, 3, 3, 3, 3, 3, 3, 3, 2, 2, 2, 2, 2, 2, 3, 2, 2, 2, 2, 3, 2, 2, 2, 2, 2, 2, 2, 3, 3, 3, 3, 3, 2, 2, 2, 2, 2, 2, 2, 2, 2, 2, 2, 3, 3, 3, 3, 3, 3, 3, 3, 3, 3, 3, 3, 3, 3, 3, 2, 2, 2, 2, 2, 2, 2, 2, 2, 2, 2, 2, 2, 3, 3, 3, 3, 2, 2, 3, 2, 3, 3, 2, 3, 3, 3, 2, 2, 3, 3, 3, 3, 2, 2, 3, 3, 3, 2, 2, 2, 2, 3, 3, 3, 3, 3, 3, 3, 3, 2, 2, 2, 2, 2, 3, 2, 2, 2, 3, 3, 3, 2, 2, 2, 2, 2, 2, 2, 2, 2, 2, 2, 2, 2, 2, 2, 3, 3, 2, 2, 3, 2, 3, 3, 3, 2, 2, 2, 2, 3, 2, 3, 3, 3, 2, 2, 3, 3, 3, 3, 3, 3, 3, 3, 3, 3, 3, 3, 3, 2, 3, 3, 3, 3, 3, 3, 3, 3, 3, 3, 3, 3, 3, 3, 3, 3, 3, 3, 3, 3, 3, 3, 3, 3, 3, 3, 3, 3, 3, 3, 3, 3, 3, 3, 3, 3, 3, 3, 3, 3, 3, 3, 3, 3, 3, 3, 3, 3, 3, 3, 3, 3, 3, 3, 2, 2, 3, 2, 3, 3, 3, 3, 3, 3, 3, 3, 3, 2, 3, 2, 3, 3, 3, 3, 3, 2, 3, 2, 3, 3, 2, 3, 3, 2, 2, 2, 2, 3, 2, 3, 3, 3, 3, 2, 3, 2, 3, 3, 3, 3, 3, 3, 3, 3, 3, 3, 3, 3, 2, 3, 2, 2, 3, 3, 3, 3, 3, 3, 3, 3, 3, 3, 3, 3, 3, 3, 3, 3, 3, 3, 3, 3, 3, 3, 3, 3, 3, 3, 3, 3, 3, 3, 3, 3, 3, 3, 3, 3, 3, 3, 3, 3, 3, 3, 3, 3, 3, 3, 3, 3, 3, 3, 3, 3, 3, 3, 3, 3, 3, 3, 3, 3, 3, 3, 3, 3, 3, 3, 3, 3, 3, 3, 3, 3, 3, 3, 3, 3, 3, 3, 3, 3, 3, 3, 3, 3, 3, 3, 3, 3, 3, 3, 3, 3, 3, 3, 3, 3, 3, 3, 3, 3, 3, 3, 3, 3, 3, 3, 3, 3, 3, 3, 3, 3, 3, 3, 3, 3, 3, 3, 3, 3, 3, 3, 3, 3, 3, 3, 3, 3, 3, 3, 3, 3, 3, 3, 3, 3, 3, 3, 3, 3, 3, 3, 3, 3, 3, 3, 3, 3, 3, 3, 3, 3, 3, 3, 3, 3, 3, 3, 2, 2, 2, 3, 3, 3, 3, 3, 3, 3, 3, 3, 3, 3, 3, 3, 3, 3, 3, 3, 3, 3, 3, 2, 3, 3, 3, 3, 3, 2, 3, 3, 3, 3, 3, 3, 3, 3, 3, 2, 3, 3, 3, 3, 3, 3, 3, 3, 3, 3, 3, 3, 3, 3, 3, 3, 3, 2, 3, 3, 3, 3, 3, 3, 3, 3, 3, 3, 3, 3, 2, 3, 3, 2, 3, 3, 3, 3, 2, 3, 3, 2, 3, 3, 3, 3, 3, 3, 3, 3, 3, 3, 3, 3, 3, 3, 3, 3, 3, 3, 3, 3, 3, 3, 3, 3, 3, 3, 3, 3, 3, 3, 3, 3, 3, 3, 3, 3, 3, 3, 3, 3, 3, 3, 3, 3, 3, 3, 3, 3, 3, 3, 3, 3, 3, 3, 3, 3, 3, 3, 3, 2, 3, 3, 3, 3, 3, 3, 2, 2, 3, 3, 3, 2, 2, 3, 3, 3, 3, 3, 3, 3, 3, 3, 3, 3, 3, 2, 3, 3, 3, 3, 3, 3, 3, 3, 3, 3, 3, 3, 3, 3, 3, 3, 3, 3, 3, 3, 3, 3, 3, 3, 3, 3, 3, 3, 3, 3, 3, 3, 3, 3, 3, 3, 3, 3, 3, 3, 3, 3, 3, 3, 3, 3, 3, 3, 3, 3, 3, 3, 3, 3, 3, 3, 3, 3, 3, 3, 3, 3, 3, 3, 3, 3, 3, 3, 3, 3, 3, 3, 3, 3, 3, 3, 3, 3, 3, 3, 3, 3, 3, 3, 3, 3, 3, 3, 3, 3, 3, 3, 3, 3, 3, 3, 3, 3, 3, 3, 3, 3, 3, 3, 3, 3, 3, 3, 3, 3, 3, 3, 3, 3, 3, 3, 3, 3, 3, 3, 3, 3, 3, 3, 3, 3, 3, 3, 3, 3, 3, 3, 3, 3, 3, 3, 3, 3, 3, 3, 3, 3, 3]
TimeCharterCost: [120000, 125000, 130000, 110000, 104000]
RequiredVisits: [6, 5, 5, 5, 2, 2, 5, 6, 6, 1, 4]
NumberOfDaysAvailable: [7, 7, 7, 7, 7]
DepotCapacity: [3, 3, 3, 3, 3, 3, 0]
