!Summary:
!Execution time: 2,98 seconds
!Total # voyages: 1378 (2817 unique)
!Number of installations (excluding depot): 12
!Number of time windows: 0
!Number of vessels: 5

!Min. # installations: 1
!Max. number of installations: 8
!Min. duration: 56
!Max. duration: 80

!Name: FarStar	 # voyages: 271
!Name: FarSymphony	 # voyages: 289
!Name: FarSearcher	 # voyages: 270
!Name: FarSeeker	 # voyages: 270
!Name: HavilaForesight	 # voyages: 278
!------------------------------------------------------------------------------------------------------------------------
nV : 5
nR : 2817
nN : 12
nT : 7
minL : 2
maxL : 3

! Sets: 
Rv : [
[1131, 1137, 1148, 1149, 1168, 1186, 1190, 1194, 1199, 1204, 1210, 1215, 1219, 1227, 1231, 1233, 1236, 1238, 1243, 1246, 1250, 1253, 1256, 1266, 1268, 1269, 1272, 1274, 1280, 1282, 1287, 1294, 1298, 1320, 1321, 1400, 1403, 1405, 1407, 1422, 1426, 1428, 1432, 1438, 1457, 1458, 1552, 1580, 1593, 1595, 1603, 1606, 1607, 1609, 1614, 1617, 1618, 1623, 1626, 1630, 1631, 1641, 1642, 1643, 1673, 1730, 1766, 1966, 1967, 2002, 2010, 2013, 2019, 2024, 2028, 2034, 2036, 2038, 2046, 2048, 2051, 2056, 2059, 2061, 2071, 2084, 2085, 2086, 2089, 2091, 2092, 2096, 2098, 2101, 2102, 2104, 2106, 2111, 2130, 2138, 2140, 2153, 2157, 2161, 2162, 2165, 2169, 2173, 2175, 2176, 2178, 2179, 2185, 2186, 2190, 2191, 2192, 2193, 2255, 2256, 2268, 2269, 2274, 2280, 2281, 2285, 2288, 2298, 2299, 2300, 2301, 2303, 2304, 2305, 2316, 2320, 2322, 2323, 2326, 2348, 2351, 2352, 2354, 2355, 2356, 2363, 2365, 2370, 2371, 2372, 2374, 2376, 2377, 2380, 2381, 2384, 2385, 2387, 2389, 2391, 2392, 2399, 2469, 2480, 2484, 2508, 2556, 2591, 2593, 2594, 2597, 2599, 2600, 2608, 2610, 2616, 2618, 2619, 2622, 2623, 2624, 2625, 2626, 2627, 2628, 2629, 2630, 2631, 2632, 2633, 2634, 2635, 2637, 2639, 2642, 2643, 2646, 2647, 2648, 2649, 2650, 2651, 2653, 2654, 2655, 2656, 2657, 2659, 2663, 2664, 2666, 2677, 2678, 2681, 2683, 2685, 2687, 2689, 2690, 2693, 2695, 2696, 2697, 2698, 2699, 2700, 2701, 2702, 2703, 2704, 2705, 2707, 2708, 2727, 2728, 2729, 2738, 2739, 2740, 2741, 2742, 2743, 2744, 2746, 2747, 2748, 2750, 2751, 2755, 2756, 2757, 2758, 2759, 2760, 2761, 2762, 2763, 2766, 2767, 2769, 2770, 2776, 2804, 2805, 2808, 2810, 2811, 2813, 2814, 2817]!Vessel: FarSeeker
[1131, 1137, 1148, 1149, 1168, 1186, 1190, 1194, 1199, 1204, 1210, 1215, 1219, 1227, 1231, 1233, 1236, 1238, 1243, 1246, 1250, 1253, 1256, 1266, 1268, 1269, 1272, 1274, 1280, 1282, 1287, 1294, 1298, 1320, 1321, 1400, 1403, 1405, 1407, 1422, 1426, 1428, 1432, 1438, 1457, 1458, 1552, 1580, 1593, 1595, 1603, 1606, 1607, 1609, 1614, 1617, 1618, 1623, 1626, 1630, 1631, 1641, 1642, 1643, 1673, 1730, 1766, 1966, 1967, 2002, 2010, 2013, 2019, 2024, 2028, 2034, 2036, 2038, 2046, 2048, 2051, 2056, 2059, 2061, 2071, 2084, 2085, 2086, 2089, 2091, 2092, 2096, 2098, 2101, 2102, 2104, 2106, 2111, 2130, 2138, 2140, 2153, 2157, 2161, 2162, 2165, 2169, 2173, 2175, 2176, 2178, 2179, 2185, 2186, 2190, 2191, 2192, 2193, 2255, 2256, 2268, 2269, 2274, 2280, 2281, 2285, 2288, 2298, 2299, 2300, 2301, 2303, 2304, 2305, 2316, 2320, 2322, 2323, 2326, 2348, 2351, 2352, 2354, 2355, 2356, 2363, 2365, 2370, 2371, 2372, 2374, 2376, 2377, 2380, 2381, 2384, 2385, 2387, 2389, 2391, 2392, 2399, 2469, 2480, 2484, 2508, 2556, 2591, 2593, 2594, 2597, 2599, 2600, 2608, 2610, 2616, 2618, 2619, 2622, 2623, 2624, 2625, 2626, 2627, 2628, 2629, 2630, 2631, 2632, 2633, 2634, 2635, 2637, 2639, 2642, 2643, 2646, 2647, 2648, 2649, 2650, 2651, 2653, 2654, 2655, 2656, 2657, 2659, 2663, 2664, 2666, 2677, 2678, 2681, 2683, 2685, 2687, 2689, 2690, 2693, 2695, 2696, 2697, 2698, 2699, 2700, 2701, 2702, 2703, 2704, 2705, 2707, 2708, 2727, 2728, 2729, 2738, 2739, 2740, 2741, 2742, 2743, 2744, 2746, 2747, 2748, 2750, 2751, 2755, 2756, 2757, 2758, 2759, 2760, 2761, 2762, 2763, 2766, 2767, 2769, 2770, 2776, 2804, 2805, 2808, 2810, 2811, 2813, 2814, 2817]!Vessel: FarSearcher
[308, 503, 522, 549, 551, 557, 560, 563, 569, 573, 575, 580, 585, 589, 593, 598, 698, 768, 799, 802, 818, 843, 846, 865, 868, 871, 907, 940, 984, 1139, 1143, 1147, 1174, 1188, 1197, 1212, 1213, 1220, 1229, 1234, 1240, 1251, 1259, 1271, 1275, 1276, 1277, 1279, 1285, 1288, 1292, 1299, 1306, 1309, 1323, 1325, 1362, 1366, 1370, 1382, 1390, 1399, 1418, 1423, 1429, 1437, 1507, 1508, 1524, 1528, 1530, 1538, 1548, 1550, 1555, 1578, 1582, 1588, 1598, 1602, 1604, 1610, 1612, 1620, 1625, 1628, 1629, 1632, 1633, 1638, 1639, 1640, 1644, 1646, 1651, 1654, 1728, 1739, 1743, 1801, 1807, 1808, 1810, 1831, 1833, 1844, 1848, 1878, 1893, 1894, 1896, 1913, 1932, 1933, 1957, 1961, 1963, 1965, 1969, 1971, 1973, 1976, 1980, 1982, 1987, 1994, 1997, 1998, 1999, 2000, 2001, 2004, 2007, 2008, 2009, 2011, 2012, 2015, 2016, 2017, 2018, 2020, 2021, 2023, 2026, 2027, 2031, 2033, 2040, 2042, 2044, 2045, 2047, 2049, 2050, 2053, 2055, 2057, 2058, 2063, 2065, 2066, 2068, 2069, 2070, 2073, 2075, 2077, 2078, 2080, 2082, 2088, 2095, 2099, 2107, 2109, 2112, 2114, 2115, 2128, 2132, 2134, 2135, 2144, 2145, 2147, 2149, 2150, 2151, 2154, 2159, 2163, 2164, 2166, 2167, 2170, 2172, 2174, 2177, 2180, 2181, 2182, 2183, 2184, 2187, 2189, 2194, 2195, 2209, 2250, 2251, 2253, 2257, 2267, 2270, 2271, 2272, 2273, 2275, 2276, 2283, 2286, 2287, 2290, 2292, 2293, 2294, 2297, 2307, 2308, 2309, 2315, 2317, 2318, 2319, 2332, 2334, 2342, 2350, 2353, 2360, 2364, 2366, 2375, 2378, 2388, 2390, 2393, 2466, 2473, 2493, 2602, 2604, 2605, 2606, 2607, 2609, 2611, 2620, 2636, 2638, 2640, 2641, 2644, 2645, 2652, 2660, 2661, 2662, 2665, 2667, 2669, 2672, 2674, 2676, 2679, 2680, 2692, 2745, 2749, 2753, 2754, 2803, 2806, 2807, 2809, 2812, 2815, 2816]!Vessel: FarSymphony
[573, 799, 818, 1131, 1137, 1147, 1148, 1149, 1168, 1174, 1186, 1197, 1204, 1210, 1212, 1213, 1215, 1217, 1220, 1227, 1229, 1231, 1236, 1243, 1251, 1256, 1259, 1266, 1268, 1269, 1272, 1275, 1276, 1279, 1280, 1282, 1285, 1287, 1288, 1294, 1298, 1320, 1321, 1325, 1400, 1403, 1407, 1422, 1428, 1429, 1432, 1438, 1457, 1507, 1508, 1528, 1555, 1593, 1602, 1603, 1606, 1607, 1609, 1610, 1614, 1617, 1618, 1620, 1623, 1626, 1629, 1630, 1633, 1641, 1642, 1643, 1644, 1654, 1673, 1728, 1730, 1739, 1743, 1766, 1833, 1893, 1896, 1913, 1932, 1967, 1971, 1987, 1999, 2005, 2007, 2008, 2010, 2011, 2013, 2015, 2019, 2023, 2027, 2028, 2034, 2036, 2038, 2046, 2048, 2051, 2055, 2063, 2066, 2069, 2089, 2091, 2095, 2096, 2098, 2099, 2101, 2102, 2104, 2106, 2109, 2115, 2128, 2134, 2138, 2140, 2142, 2144, 2145, 2149, 2151, 2157, 2159, 2161, 2162, 2165, 2169, 2173, 2174, 2175, 2176, 2180, 2181, 2182, 2184, 2185, 2186, 2189, 2191, 2192, 2193, 2194, 2209, 2251, 2256, 2270, 2273, 2276, 2280, 2281, 2285, 2298, 2304, 2305, 2316, 2318, 2319, 2320, 2322, 2323, 2348, 2351, 2352, 2354, 2360, 2370, 2371, 2375, 2377, 2378, 2380, 2381, 2387, 2388, 2392, 2393, 2399, 2469, 2480, 2591, 2593, 2594, 2597, 2602, 2607, 2608, 2611, 2616, 2619, 2622, 2624, 2626, 2628, 2629, 2631, 2632, 2633, 2634, 2636, 2638, 2639, 2640, 2641, 2642, 2643, 2644, 2645, 2649, 2650, 2652, 2654, 2655, 2657, 2658, 2659, 2660, 2661, 2662, 2663, 2664, 2665, 2666, 2669, 2672, 2676, 2680, 2683, 2685, 2687, 2690, 2693, 2696, 2698, 2699, 2702, 2704, 2707, 2729, 2739, 2744, 2745, 2746, 2749, 2750, 2751, 2752, 2753, 2754, 2756, 2757, 2758, 2759, 2760, 2761, 2762, 2766, 2767, 2769, 2770, 2805, 2806, 2814, 2815, 2816]!Vessel: HavilaForesight
[308, 503, 522, 538, 551, 555, 569, 589, 591, 596, 600, 602, 605, 611, 613, 635, 638, 750, 755, 768, 770, 806, 813, 827, 830, 831, 832, 833, 840, 842, 845, 846, 850, 859, 860, 864, 865, 866, 867, 871, 905, 907, 916, 921, 940, 959, 965, 967, 982, 984, 992, 997, 1033, 1077, 1085, 1099, 1104, 1132, 1135, 1136, 1139, 1143, 1146, 1164, 1172, 1176, 1179, 1180, 1181, 1183, 1184, 1187, 1191, 1192, 1195, 1203, 1207, 1222, 1224, 1226, 1228, 1234, 1244, 1247, 1249, 1254, 1257, 1270, 1290, 1292, 1299, 1301, 1303, 1304, 1306, 1309, 1312, 1316, 1319, 1326, 1331, 1364, 1370, 1375, 1379, 1380, 1386, 1389, 1394, 1396, 1399, 1401, 1404, 1406, 1409, 1410, 1411, 1413, 1418, 1419, 1420, 1423, 1425, 1427, 1431, 1434, 1435, 1436, 1439, 1446, 1461, 1510, 1514, 1527, 1530, 1546, 1547, 1548, 1553, 1556, 1559, 1581, 1584, 1586, 1590, 1594, 1598, 1601, 1608, 1615, 1616, 1619, 1621, 1625, 1635, 1639, 1646, 1648, 1653, 1658, 1662, 1724, 1733, 1752, 1808, 1957, 1960, 1973, 1979, 1980, 1982, 1983, 1985, 1995, 1996, 1997, 2003, 2004, 2006, 2012, 2014, 2016, 2020, 2022, 2025, 2029, 2030, 2032, 2033, 2035, 2039, 2041, 2043, 2052, 2054, 2060, 2062, 2064, 2067, 2070, 2072, 2074, 2075, 2076, 2079, 2081, 2083, 2087, 2090, 2093, 2094, 2097, 2105, 2108, 2116, 2135, 2137, 2139, 2143, 2147, 2163, 2170, 2188, 2196, 2254, 2257, 2258, 2277, 2278, 2279, 2283, 2284, 2286, 2291, 2292, 2295, 2296, 2297, 2311, 2312, 2313, 2314, 2315, 2317, 2329, 2330, 2332, 2342, 2343, 2344, 2353, 2357, 2373, 2379, 2396, 2466, 2493, 2592, 2595, 2601, 2604, 2614, 2667, 2668, 2670, 2671, 2679, 2682, 2684, 2688, 2691]!Vessel: FarStar
] 

Rvi : [
!i : 1, 2, 3, 4, 5, 6, 7, 8, 9, 10, 11, 12
[1131, 1137, 1186, 1190, 1194, 1199, 1204, 1210, 1215, 1269, 1320, 1321, 1400, 1422, 1426, 1428, 1432, 1580, 1593, 1595, 1603, 1606, 1607, 1609, 1614, 1641, 1642, 1673, 1730, 2002, 2010, 2013, 2019, 2024, 2028, 2034, 2036, 2038, 2071, 2096, 2098, 2101, 2102, 2111, 2130, 2138, 2140, 2162, 2173, 2175, 2176, 2178, 2179, 2185, 2186, 2192, 2193, 2255, 2268, 2269, 2285, 2298, 2299, 2322, 2348, 2351, 2352, 2354, 2355, 2356, 2363, 2374, 2380, 2381, 2384, 2389, 2391, 2392, 2399, 2469, 2480, 2484, 2556, 2591, 2593, 2594, 2597, 2599, 2600, 2608, 2610, 2622, 2623, 2624, 2625, 2626, 2627, 2628, 2629, 2630, 2631, 2632, 2633, 2634, 2635, 2637, 2639, 2642, 2643, 2646, 2647, 2666, 2677, 2678, 2681, 2683, 2685, 2687, 2696, 2698, 2699, 2700, 2701, 2703, 2704, 2705, 2707, 2708, 2727, 2728, 2729, 2738, 2739, 2740, 2741, 2744, 2747, 2748, 2751, 2756, 2761, 2762, 2766, 2769, 2804, 2805, 2808, 2810, 2811, 2813, 2814, 2817], [1148, 1190, 1219, 1227, 1233, 1246, 1253, 1268, 1272, 1274, 1280, 1282, 1294, 1403, 1422, 1426, 1428, 1432, 1438, 1580, 1593, 1595, 1603, 1606, 1607, 1609, 1614, 1617, 1618, 1623, 1626, 1630, 1631, 1641, 1642, 1643, 1967, 2013, 2019, 2046, 2086, 2092, 2096, 2104, 2106, 2130, 2138, 2140, 2153, 2157, 2165, 2169, 2173, 2175, 2179, 2185, 2186, 2190, 2191, 2192, 2193, 2255, 2256, 2274, 2288, 2300, 2316, 2320, 2348, 2351, 2352, 2354, 2355, 2356, 2363, 2365, 2370, 2371, 2372, 2374, 2376, 2377, 2380, 2381, 2384, 2385, 2387, 2389, 2391, 2392, 2399, 2480, 2591, 2593, 2594, 2597, 2599, 2600, 2608, 2610, 2616, 2618, 2622, 2623, 2625, 2628, 2630, 2634, 2635, 2639, 2642, 2643, 2648, 2650, 2651, 2655, 2656, 2659, 2663, 2664, 2678, 2683, 2690, 2695, 2697, 2699, 2700, 2701, 2702, 2703, 2704, 2705, 2729, 2738, 2739, 2740, 2742, 2743, 2744, 2746, 2747, 2748, 2750, 2755, 2757, 2758, 2760, 2761, 2762, 2763, 2776, 2805, 2808, 2810, 2811, 2813, 2814], [1131, 1168, 1194, 1204, 1215, 1219, 1227, 1231, 1233, 1236, 1238, 1243, 1246, 1250, 1269, 1282, 1287, 1405, 1426, 1457, 1458, 1603, 1606, 1607, 1609, 1614, 1617, 1618, 1623, 1626, 1630, 1631, 1673, 1730, 1766, 2002, 2010, 2019, 2034, 2046, 2048, 2051, 2056, 2059, 2061, 2086, 2089, 2096, 2098, 2101, 2102, 2104, 2106, 2130, 2138, 2140, 2153, 2157, 2161, 2162, 2165, 2169, 2173, 2185, 2186, 2269, 2301, 2320, 2322, 2323, 2348, 2351, 2352, 2354, 2355, 2356, 2363, 2365, 2370, 2371, 2372, 2374, 2376, 2377, 2389, 2392, 2469, 2508, 2556, 2591, 2597, 2599, 2600, 2616, 2618, 2619, 2622, 2623, 2624, 2625, 2626, 2627, 2630, 2631, 2632, 2633, 2634, 2635, 2637, 2639, 2646, 2647, 2648, 2649, 2650, 2651, 2653, 2654, 2655, 2656, 2657, 2659, 2666, 2677, 2678, 2681, 2683, 2685, 2687, 2689, 2690, 2693, 2695, 2697, 2700, 2701, 2702, 2707, 2708, 2727, 2738, 2741, 2742, 2747, 2751, 2755, 2758, 2759, 2760, 2761, 2766, 2767, 2776, 2804, 2805, 2810, 2811, 2814], [1606, 1607, 1614, 1617, 1618, 1623, 1630, 1641, 1642, 1643, 1673, 1730, 1766, 2363, 2365, 2384, 2385, 2389, 2391, 2469, 2480, 2484, 2508, 2556], [1131, 1137, 1148, 1149, 1168, 1186, 1246, 1250, 1253, 1256, 1266, 1321, 1428, 1438, 1457, 1458, 1552, 1603, 1606, 1617, 1618, 1626, 1642, 1643, 1730, 1766, 1966, 1967, 2010, 2013, 2036, 2046, 2048, 2051, 2071, 2101, 2102, 2104, 2138, 2153, 2157, 2161, 2173, 2175, 2176, 2178, 2185, 2190, 2192, 2255, 2256, 2268, 2269, 2274, 2280, 2281, 2288, 2298, 2301, 2303, 2304, 2320, 2322, 2323, 2326, 2351, 2352, 2363, 2365, 2370, 2371, 2372, 2374, 2376, 2380, 2384, 2385, 2387, 2399, 2469, 2480, 2484, 2508, 2591, 2593, 2594, 2597, 2599, 2600, 2608, 2610, 2616, 2618, 2619, 2622, 2623, 2624, 2625, 2626, 2627, 2628, 2629, 2631, 2646, 2647, 2648, 2649, 2650, 2651, 2653, 2654, 2659, 2663, 2664, 2666, 2678, 2681, 2687, 2689, 2690, 2693, 2696, 2698, 2699, 2701, 2702, 2703, 2707, 2708, 2727, 2728, 2729, 2738, 2739, 2740, 2741, 2742, 2743, 2744, 2746, 2750, 2751, 2763, 2767, 2769, 2770, 2776, 2804, 2805, 2808, 2811, 2813, 2814, 2817], [1131, 1137, 1148, 1149, 1168, 1186, 1190, 1194, 1199, 1204, 1210, 1215, 1219, 1227, 1231, 1233, 1236, 1238, 1243, 1246, 1250, 1253, 1256, 1266, 1268, 1269, 1272, 1274, 1280, 1282, 1287, 1294, 1298, 1320, 1321, 1400, 1403, 1405, 1407, 1422, 1426, 1428, 1432, 1438, 1457, 1458, 1552, 1580, 1593, 1595, 1603, 1606, 1607, 1609, 1614, 1617, 1618, 1623, 1626, 1630, 1631, 1641, 1642, 1643, 1673, 1730, 1766, 1966, 2002, 2010, 2013, 2019, 2024, 2028, 2034, 2036, 2038, 2046, 2048, 2051, 2056, 2059, 2061, 2071, 2084, 2085, 2086, 2089, 2091, 2092, 2111, 2162, 2165, 2178, 2179, 2190, 2191, 2255, 2256, 2268, 2269, 2274, 2280, 2281, 2285, 2288, 2298, 2299, 2300, 2301, 2303, 2304, 2305, 2316, 2326, 2351, 2352, 2354, 2355, 2363, 2365, 2370, 2371, 2374, 2376, 2377, 2380, 2381, 2384, 2385, 2387, 2389, 2391, 2392, 2399, 2469, 2480, 2484, 2508, 2556, 2593, 2599, 2608, 2610, 2622, 2623, 2624, 2625, 2626, 2627, 2628, 2629, 2630, 2631, 2632, 2633, 2634, 2635, 2637, 2639, 2642, 2643, 2646, 2647, 2648, 2649, 2650, 2651, 2653, 2654, 2655, 2656, 2657, 2659, 2663, 2664, 2666, 2695, 2696, 2776, 2804, 2808, 2810, 2811, 2813, 2817], [1149, 1227, 1231, 1256, 1268, 1269, 1320, 1321, 1400, 1403, 1405, 1407, 1432, 1438, 1457, 1580, 1595, 1609, 1614, 1617, 1623, 1626, 1631, 1641, 1643, 1673, 1766, 1966, 1967, 2002, 2024, 2048, 2056, 2084, 2089, 2091, 2096, 2098, 2101, 2102, 2104, 2106, 2111, 2162, 2165, 2176, 2178, 2185, 2186, 2190, 2191, 2192, 2193, 2285, 2288, 2298, 2299, 2300, 2301, 2303, 2304, 2305, 2320, 2323, 2326, 2348, 2351, 2352, 2354, 2355, 2356, 2365, 2370, 2371, 2372, 2376, 2377, 2380, 2381, 2385, 2387, 2389, 2391, 2392, 2399, 2469, 2480, 2484, 2508, 2556, 2591, 2593, 2594, 2600, 2608, 2616, 2618, 2619, 2623, 2624, 2626, 2629, 2632, 2637, 2639, 2643, 2646, 2649, 2653, 2656, 2657, 2659, 2664, 2666, 2677, 2681, 2685, 2689, 2693, 2695, 2696, 2698, 2699, 2700, 2703, 2704, 2705, 2708, 2727, 2728, 2739, 2742, 2743, 2747, 2748, 2750, 2751, 2755, 2756, 2757, 2758, 2759, 2760, 2763, 2770, 2776, 2804, 2805, 2808, 2810, 2811, 2813, 2814, 2817], [1236, 1272, 1580, 1593, 1631, 1966, 2002, 2024, 2028, 2034, 2036, 2038, 2051, 2056, 2059, 2061, 2084, 2085, 2086, 2089, 2091, 2092, 2179, 2191, 2255, 2256, 2268, 2269, 2274, 2280, 2281, 2285, 2288, 2298, 2299, 2300, 2301, 2303, 2304, 2305, 2316, 2348, 2351, 2354, 2356, 2370, 2371, 2372, 2377, 2381, 2387, 2392, 2399, 2591, 2593, 2594, 2597, 2616, 2619, 2622, 2624, 2625, 2626, 2627, 2628, 2629, 2630, 2631, 2632, 2633, 2634, 2642, 2648, 2649, 2650, 2654, 2655, 2657, 2663, 2677, 2678, 2681, 2683, 2685, 2687, 2689, 2690, 2693, 2695, 2697, 2698, 2702, 2704, 2707, 2729, 2738, 2739, 2740, 2741, 2742, 2743, 2744, 2746, 2747, 2748, 2750, 2751, 2755, 2756, 2757, 2758, 2759, 2760, 2761, 2762, 2766, 2767, 2769, 2770, 2776, 2804, 2808, 2810, 2811, 2813, 2814, 2817], [1186, 1190, 1194, 1199, 1210, 1233, 1236, 1238, 1243, 1253, 1256, 1266, 1272, 1274, 1294, 1298, 1400, 1403, 1405, 1407, 1458, 1552, 1603, 1607, 1609, 1618, 1623, 1626, 1630, 1641, 1642, 1643, 1673, 1730, 1766, 1967, 2010, 2013, 2019, 2024, 2028, 2046, 2048, 2059, 2084, 2085, 2092, 2096, 2098, 2102, 2104, 2106, 2130, 2138, 2140, 2153, 2157, 2161, 2162, 2165, 2169, 2175, 2176, 2192, 2193, 2280, 2303, 2305, 2322, 2323, 2355, 2356, 2371, 2372, 2374, 2376, 2377, 2380, 2381, 2384, 2385, 2387, 2391, 2392, 2399, 2484, 2508, 2556, 2594, 2610, 2625, 2626, 2627, 2628, 2629, 2630, 2631, 2632, 2633, 2634, 2635, 2637, 2642, 2643, 2646, 2647, 2648, 2649, 2650, 2651, 2653, 2654, 2655, 2656, 2657, 2663, 2664, 2677, 2678, 2681, 2683, 2685, 2687, 2689, 2690, 2693, 2695, 2696, 2697, 2698, 2703, 2704, 2705, 2708, 2728, 2729, 2740, 2741, 2743, 2746, 2748, 2750, 2755, 2756, 2757, 2758, 2759, 2762, 2763, 2766, 2767, 2769, 2770, 2805, 2813, 2814, 2817], [1131, 1137, 1148, 1149, 1168, 1186, 1190, 1194, 1199, 1204, 1210, 1215, 1219, 1227, 1231, 1233, 1236, 1238, 1243, 1246, 1250, 1253, 1256, 1266, 1268, 1269, 1272, 1274, 1280, 1282, 1287, 1294, 1298, 1320, 1321, 1400, 1403, 1405, 1407, 1422, 1426, 1428, 1432, 1438, 1457, 1458, 1552, 1580, 1593, 1595, 1631, 1966, 1967, 2002, 2024, 2028, 2034, 2036, 2038, 2051, 2056, 2059, 2061, 2071, 2084, 2085, 2086, 2089, 2091, 2092, 2096, 2098, 2101, 2102, 2104, 2106, 2111, 2130, 2138, 2140, 2153, 2157, 2161, 2169, 2173, 2175, 2176, 2178, 2179, 2185, 2186, 2190, 2191, 2192, 2193, 2255, 2256, 2268, 2269, 2274, 2280, 2281, 2285, 2288, 2298, 2299, 2300, 2301, 2303, 2304, 2305, 2316, 2320, 2322, 2323, 2326, 2348, 2356, 2372, 2591, 2594, 2597, 2600, 2616, 2618, 2619, 2677, 2678, 2681, 2683, 2685, 2687, 2689, 2690, 2693, 2697, 2698, 2699, 2700, 2701, 2702, 2703, 2704, 2705, 2707, 2708, 2727, 2728, 2729, 2738, 2739, 2740, 2741, 2742, 2743, 2744, 2746, 2747, 2748, 2750, 2751, 2755, 2756, 2757, 2758, 2759, 2760, 2761, 2762, 2763, 2766, 2767, 2769, 2770], [1137, 1148, 1149, 1199, 1215, 1219, 1231, 1238, 1250, 1268, 1274, 1280, 1287, 1298, 1320, 1407, 1422, 1552, 1966, 1967, 2010, 2013, 2019, 2038, 2046, 2048, 2056, 2061, 2071, 2084, 2085, 2091, 2098, 2101, 2106, 2111, 2130, 2153, 2161, 2162, 2165, 2169, 2173, 2175, 2176, 2179, 2186, 2193, 2268, 2274, 2281, 2299, 2300, 2316, 2320, 2322, 2323, 2326, 2354, 2370, 2381, 2387, 2593, 2599, 2608, 2610, 2618, 2619, 2622, 2623, 2624, 2627, 2628, 2629, 2630, 2632, 2633, 2635, 2637, 2639, 2642, 2643, 2647, 2648, 2649, 2651, 2653, 2654, 2655, 2656, 2657, 2659, 2663, 2664, 2666, 2677, 2689, 2695, 2696, 2697, 2698, 2699, 2700, 2701, 2702, 2705, 2707, 2727, 2728, 2738, 2739, 2740, 2741, 2742, 2743, 2744, 2746, 2747, 2748, 2751, 2755, 2756, 2757, 2759, 2760, 2761, 2762, 2763, 2766, 2767, 2769, 2770, 2776, 2804, 2805, 2808, 2810, 2814, 2817], [1168, 1204, 1210, 1243, 1266, 1280, 1282, 1287, 1294, 1298, 1593, 1595, 1630, 2028, 2034, 2036, 2038, 2051, 2059, 2061, 2071, 2085, 2086, 2089, 2091, 2092, 2111, 2140, 2157, 2161, 2169, 2178, 2190, 2191, 2256, 2280, 2281, 2285, 2304, 2305, 2316, 2326, 2348, 2352, 2355, 2363, 2365, 2374, 2376, 2377, 2380, 2384, 2385, 2389, 2391, 2469, 2480, 2484, 2508, 2556, 2597, 2599, 2600, 2608, 2610, 2616, 2618, 2619, 2631, 2633, 2634, 2635, 2637, 2639, 2642, 2643, 2646, 2647, 2650, 2651, 2653, 2654, 2655, 2656, 2657, 2659, 2663, 2664, 2666, 2683, 2685, 2687, 2690, 2693, 2696, 2697, 2699, 2700, 2701, 2702, 2703, 2704, 2705, 2707, 2708, 2727, 2728, 2729, 2744, 2746, 2750, 2756, 2757, 2758, 2759, 2760, 2761, 2762, 2763, 2766, 2767, 2769, 2770, 2776, 2804, 2805, 2808, 2810, 2811, 2813, 2817]!Vessel: FarSeeker
[1131, 1137, 1186, 1190, 1194, 1199, 1204, 1210, 1215, 1269, 1320, 1321, 1400, 1422, 1426, 1428, 1432, 1580, 1593, 1595, 1603, 1606, 1607, 1609, 1614, 1641, 1642, 1673, 1730, 2002, 2010, 2013, 2019, 2024, 2028, 2034, 2036, 2038, 2071, 2096, 2098, 2101, 2102, 2111, 2130, 2138, 2140, 2162, 2173, 2175, 2176, 2178, 2179, 2185, 2186, 2192, 2193, 2255, 2268, 2269, 2285, 2298, 2299, 2322, 2348, 2351, 2352, 2354, 2355, 2356, 2363, 2374, 2380, 2381, 2384, 2389, 2391, 2392, 2399, 2469, 2480, 2484, 2556, 2591, 2593, 2594, 2597, 2599, 2600, 2608, 2610, 2622, 2623, 2624, 2625, 2626, 2627, 2628, 2629, 2630, 2631, 2632, 2633, 2634, 2635, 2637, 2639, 2642, 2643, 2646, 2647, 2666, 2677, 2678, 2681, 2683, 2685, 2687, 2696, 2698, 2699, 2700, 2701, 2703, 2704, 2705, 2707, 2708, 2727, 2728, 2729, 2738, 2739, 2740, 2741, 2744, 2747, 2748, 2751, 2756, 2761, 2762, 2766, 2769, 2804, 2805, 2808, 2810, 2811, 2813, 2814, 2817], [1148, 1190, 1219, 1227, 1233, 1246, 1253, 1268, 1272, 1274, 1280, 1282, 1294, 1403, 1422, 1426, 1428, 1432, 1438, 1580, 1593, 1595, 1603, 1606, 1607, 1609, 1614, 1617, 1618, 1623, 1626, 1630, 1631, 1641, 1642, 1643, 1967, 2013, 2019, 2046, 2086, 2092, 2096, 2104, 2106, 2130, 2138, 2140, 2153, 2157, 2165, 2169, 2173, 2175, 2179, 2185, 2186, 2190, 2191, 2192, 2193, 2255, 2256, 2274, 2288, 2300, 2316, 2320, 2348, 2351, 2352, 2354, 2355, 2356, 2363, 2365, 2370, 2371, 2372, 2374, 2376, 2377, 2380, 2381, 2384, 2385, 2387, 2389, 2391, 2392, 2399, 2480, 2591, 2593, 2594, 2597, 2599, 2600, 2608, 2610, 2616, 2618, 2622, 2623, 2625, 2628, 2630, 2634, 2635, 2639, 2642, 2643, 2648, 2650, 2651, 2655, 2656, 2659, 2663, 2664, 2678, 2683, 2690, 2695, 2697, 2699, 2700, 2701, 2702, 2703, 2704, 2705, 2729, 2738, 2739, 2740, 2742, 2743, 2744, 2746, 2747, 2748, 2750, 2755, 2757, 2758, 2760, 2761, 2762, 2763, 2776, 2805, 2808, 2810, 2811, 2813, 2814], [1131, 1168, 1194, 1204, 1215, 1219, 1227, 1231, 1233, 1236, 1238, 1243, 1246, 1250, 1269, 1282, 1287, 1405, 1426, 1457, 1458, 1603, 1606, 1607, 1609, 1614, 1617, 1618, 1623, 1626, 1630, 1631, 1673, 1730, 1766, 2002, 2010, 2019, 2034, 2046, 2048, 2051, 2056, 2059, 2061, 2086, 2089, 2096, 2098, 2101, 2102, 2104, 2106, 2130, 2138, 2140, 2153, 2157, 2161, 2162, 2165, 2169, 2173, 2185, 2186, 2269, 2301, 2320, 2322, 2323, 2348, 2351, 2352, 2354, 2355, 2356, 2363, 2365, 2370, 2371, 2372, 2374, 2376, 2377, 2389, 2392, 2469, 2508, 2556, 2591, 2597, 2599, 2600, 2616, 2618, 2619, 2622, 2623, 2624, 2625, 2626, 2627, 2630, 2631, 2632, 2633, 2634, 2635, 2637, 2639, 2646, 2647, 2648, 2649, 2650, 2651, 2653, 2654, 2655, 2656, 2657, 2659, 2666, 2677, 2678, 2681, 2683, 2685, 2687, 2689, 2690, 2693, 2695, 2697, 2700, 2701, 2702, 2707, 2708, 2727, 2738, 2741, 2742, 2747, 2751, 2755, 2758, 2759, 2760, 2761, 2766, 2767, 2776, 2804, 2805, 2810, 2811, 2814], [1606, 1607, 1614, 1617, 1618, 1623, 1630, 1641, 1642, 1643, 1673, 1730, 1766, 2363, 2365, 2384, 2385, 2389, 2391, 2469, 2480, 2484, 2508, 2556], [1131, 1137, 1148, 1149, 1168, 1186, 1246, 1250, 1253, 1256, 1266, 1321, 1428, 1438, 1457, 1458, 1552, 1603, 1606, 1617, 1618, 1626, 1642, 1643, 1730, 1766, 1966, 1967, 2010, 2013, 2036, 2046, 2048, 2051, 2071, 2101, 2102, 2104, 2138, 2153, 2157, 2161, 2173, 2175, 2176, 2178, 2185, 2190, 2192, 2255, 2256, 2268, 2269, 2274, 2280, 2281, 2288, 2298, 2301, 2303, 2304, 2320, 2322, 2323, 2326, 2351, 2352, 2363, 2365, 2370, 2371, 2372, 2374, 2376, 2380, 2384, 2385, 2387, 2399, 2469, 2480, 2484, 2508, 2591, 2593, 2594, 2597, 2599, 2600, 2608, 2610, 2616, 2618, 2619, 2622, 2623, 2624, 2625, 2626, 2627, 2628, 2629, 2631, 2646, 2647, 2648, 2649, 2650, 2651, 2653, 2654, 2659, 2663, 2664, 2666, 2678, 2681, 2687, 2689, 2690, 2693, 2696, 2698, 2699, 2701, 2702, 2703, 2707, 2708, 2727, 2728, 2729, 2738, 2739, 2740, 2741, 2742, 2743, 2744, 2746, 2750, 2751, 2763, 2767, 2769, 2770, 2776, 2804, 2805, 2808, 2811, 2813, 2814, 2817], [1131, 1137, 1148, 1149, 1168, 1186, 1190, 1194, 1199, 1204, 1210, 1215, 1219, 1227, 1231, 1233, 1236, 1238, 1243, 1246, 1250, 1253, 1256, 1266, 1268, 1269, 1272, 1274, 1280, 1282, 1287, 1294, 1298, 1320, 1321, 1400, 1403, 1405, 1407, 1422, 1426, 1428, 1432, 1438, 1457, 1458, 1552, 1580, 1593, 1595, 1603, 1606, 1607, 1609, 1614, 1617, 1618, 1623, 1626, 1630, 1631, 1641, 1642, 1643, 1673, 1730, 1766, 1966, 2002, 2010, 2013, 2019, 2024, 2028, 2034, 2036, 2038, 2046, 2048, 2051, 2056, 2059, 2061, 2071, 2084, 2085, 2086, 2089, 2091, 2092, 2111, 2162, 2165, 2178, 2179, 2190, 2191, 2255, 2256, 2268, 2269, 2274, 2280, 2281, 2285, 2288, 2298, 2299, 2300, 2301, 2303, 2304, 2305, 2316, 2326, 2351, 2352, 2354, 2355, 2363, 2365, 2370, 2371, 2374, 2376, 2377, 2380, 2381, 2384, 2385, 2387, 2389, 2391, 2392, 2399, 2469, 2480, 2484, 2508, 2556, 2593, 2599, 2608, 2610, 2622, 2623, 2624, 2625, 2626, 2627, 2628, 2629, 2630, 2631, 2632, 2633, 2634, 2635, 2637, 2639, 2642, 2643, 2646, 2647, 2648, 2649, 2650, 2651, 2653, 2654, 2655, 2656, 2657, 2659, 2663, 2664, 2666, 2695, 2696, 2776, 2804, 2808, 2810, 2811, 2813, 2817], [1149, 1227, 1231, 1256, 1268, 1269, 1320, 1321, 1400, 1403, 1405, 1407, 1432, 1438, 1457, 1580, 1595, 1609, 1614, 1617, 1623, 1626, 1631, 1641, 1643, 1673, 1766, 1966, 1967, 2002, 2024, 2048, 2056, 2084, 2089, 2091, 2096, 2098, 2101, 2102, 2104, 2106, 2111, 2162, 2165, 2176, 2178, 2185, 2186, 2190, 2191, 2192, 2193, 2285, 2288, 2298, 2299, 2300, 2301, 2303, 2304, 2305, 2320, 2323, 2326, 2348, 2351, 2352, 2354, 2355, 2356, 2365, 2370, 2371, 2372, 2376, 2377, 2380, 2381, 2385, 2387, 2389, 2391, 2392, 2399, 2469, 2480, 2484, 2508, 2556, 2591, 2593, 2594, 2600, 2608, 2616, 2618, 2619, 2623, 2624, 2626, 2629, 2632, 2637, 2639, 2643, 2646, 2649, 2653, 2656, 2657, 2659, 2664, 2666, 2677, 2681, 2685, 2689, 2693, 2695, 2696, 2698, 2699, 2700, 2703, 2704, 2705, 2708, 2727, 2728, 2739, 2742, 2743, 2747, 2748, 2750, 2751, 2755, 2756, 2757, 2758, 2759, 2760, 2763, 2770, 2776, 2804, 2805, 2808, 2810, 2811, 2813, 2814, 2817], [1236, 1272, 1580, 1593, 1631, 1966, 2002, 2024, 2028, 2034, 2036, 2038, 2051, 2056, 2059, 2061, 2084, 2085, 2086, 2089, 2091, 2092, 2179, 2191, 2255, 2256, 2268, 2269, 2274, 2280, 2281, 2285, 2288, 2298, 2299, 2300, 2301, 2303, 2304, 2305, 2316, 2348, 2351, 2354, 2356, 2370, 2371, 2372, 2377, 2381, 2387, 2392, 2399, 2591, 2593, 2594, 2597, 2616, 2619, 2622, 2624, 2625, 2626, 2627, 2628, 2629, 2630, 2631, 2632, 2633, 2634, 2642, 2648, 2649, 2650, 2654, 2655, 2657, 2663, 2677, 2678, 2681, 2683, 2685, 2687, 2689, 2690, 2693, 2695, 2697, 2698, 2702, 2704, 2707, 2729, 2738, 2739, 2740, 2741, 2742, 2743, 2744, 2746, 2747, 2748, 2750, 2751, 2755, 2756, 2757, 2758, 2759, 2760, 2761, 2762, 2766, 2767, 2769, 2770, 2776, 2804, 2808, 2810, 2811, 2813, 2814, 2817], [1186, 1190, 1194, 1199, 1210, 1233, 1236, 1238, 1243, 1253, 1256, 1266, 1272, 1274, 1294, 1298, 1400, 1403, 1405, 1407, 1458, 1552, 1603, 1607, 1609, 1618, 1623, 1626, 1630, 1641, 1642, 1643, 1673, 1730, 1766, 1967, 2010, 2013, 2019, 2024, 2028, 2046, 2048, 2059, 2084, 2085, 2092, 2096, 2098, 2102, 2104, 2106, 2130, 2138, 2140, 2153, 2157, 2161, 2162, 2165, 2169, 2175, 2176, 2192, 2193, 2280, 2303, 2305, 2322, 2323, 2355, 2356, 2371, 2372, 2374, 2376, 2377, 2380, 2381, 2384, 2385, 2387, 2391, 2392, 2399, 2484, 2508, 2556, 2594, 2610, 2625, 2626, 2627, 2628, 2629, 2630, 2631, 2632, 2633, 2634, 2635, 2637, 2642, 2643, 2646, 2647, 2648, 2649, 2650, 2651, 2653, 2654, 2655, 2656, 2657, 2663, 2664, 2677, 2678, 2681, 2683, 2685, 2687, 2689, 2690, 2693, 2695, 2696, 2697, 2698, 2703, 2704, 2705, 2708, 2728, 2729, 2740, 2741, 2743, 2746, 2748, 2750, 2755, 2756, 2757, 2758, 2759, 2762, 2763, 2766, 2767, 2769, 2770, 2805, 2813, 2814, 2817], [1131, 1137, 1148, 1149, 1168, 1186, 1190, 1194, 1199, 1204, 1210, 1215, 1219, 1227, 1231, 1233, 1236, 1238, 1243, 1246, 1250, 1253, 1256, 1266, 1268, 1269, 1272, 1274, 1280, 1282, 1287, 1294, 1298, 1320, 1321, 1400, 1403, 1405, 1407, 1422, 1426, 1428, 1432, 1438, 1457, 1458, 1552, 1580, 1593, 1595, 1631, 1966, 1967, 2002, 2024, 2028, 2034, 2036, 2038, 2051, 2056, 2059, 2061, 2071, 2084, 2085, 2086, 2089, 2091, 2092, 2096, 2098, 2101, 2102, 2104, 2106, 2111, 2130, 2138, 2140, 2153, 2157, 2161, 2169, 2173, 2175, 2176, 2178, 2179, 2185, 2186, 2190, 2191, 2192, 2193, 2255, 2256, 2268, 2269, 2274, 2280, 2281, 2285, 2288, 2298, 2299, 2300, 2301, 2303, 2304, 2305, 2316, 2320, 2322, 2323, 2326, 2348, 2356, 2372, 2591, 2594, 2597, 2600, 2616, 2618, 2619, 2677, 2678, 2681, 2683, 2685, 2687, 2689, 2690, 2693, 2697, 2698, 2699, 2700, 2701, 2702, 2703, 2704, 2705, 2707, 2708, 2727, 2728, 2729, 2738, 2739, 2740, 2741, 2742, 2743, 2744, 2746, 2747, 2748, 2750, 2751, 2755, 2756, 2757, 2758, 2759, 2760, 2761, 2762, 2763, 2766, 2767, 2769, 2770], [1137, 1148, 1149, 1199, 1215, 1219, 1231, 1238, 1250, 1268, 1274, 1280, 1287, 1298, 1320, 1407, 1422, 1552, 1966, 1967, 2010, 2013, 2019, 2038, 2046, 2048, 2056, 2061, 2071, 2084, 2085, 2091, 2098, 2101, 2106, 2111, 2130, 2153, 2161, 2162, 2165, 2169, 2173, 2175, 2176, 2179, 2186, 2193, 2268, 2274, 2281, 2299, 2300, 2316, 2320, 2322, 2323, 2326, 2354, 2370, 2381, 2387, 2593, 2599, 2608, 2610, 2618, 2619, 2622, 2623, 2624, 2627, 2628, 2629, 2630, 2632, 2633, 2635, 2637, 2639, 2642, 2643, 2647, 2648, 2649, 2651, 2653, 2654, 2655, 2656, 2657, 2659, 2663, 2664, 2666, 2677, 2689, 2695, 2696, 2697, 2698, 2699, 2700, 2701, 2702, 2705, 2707, 2727, 2728, 2738, 2739, 2740, 2741, 2742, 2743, 2744, 2746, 2747, 2748, 2751, 2755, 2756, 2757, 2759, 2760, 2761, 2762, 2763, 2766, 2767, 2769, 2770, 2776, 2804, 2805, 2808, 2810, 2814, 2817], [1168, 1204, 1210, 1243, 1266, 1280, 1282, 1287, 1294, 1298, 1593, 1595, 1630, 2028, 2034, 2036, 2038, 2051, 2059, 2061, 2071, 2085, 2086, 2089, 2091, 2092, 2111, 2140, 2157, 2161, 2169, 2178, 2190, 2191, 2256, 2280, 2281, 2285, 2304, 2305, 2316, 2326, 2348, 2352, 2355, 2363, 2365, 2374, 2376, 2377, 2380, 2384, 2385, 2389, 2391, 2469, 2480, 2484, 2508, 2556, 2597, 2599, 2600, 2608, 2610, 2616, 2618, 2619, 2631, 2633, 2634, 2635, 2637, 2639, 2642, 2643, 2646, 2647, 2650, 2651, 2653, 2654, 2655, 2656, 2657, 2659, 2663, 2664, 2666, 2683, 2685, 2687, 2690, 2693, 2696, 2697, 2699, 2700, 2701, 2702, 2703, 2704, 2705, 2707, 2708, 2727, 2728, 2729, 2744, 2746, 2750, 2756, 2757, 2758, 2759, 2760, 2761, 2762, 2763, 2766, 2767, 2769, 2770, 2776, 2804, 2805, 2808, 2810, 2811, 2813, 2817]!Vessel: FarSearcher
[308, 503, 549, 551, 560, 799, 802, 818, 907, 1139, 1188, 1197, 1213, 1259, 1279, 1299, 1323, 1362, 1366, 1370, 1418, 1423, 1524, 1578, 1582, 1588, 1598, 1602, 1604, 1610, 1612, 1638, 1639, 1640, 1728, 1739, 1743, 1801, 1807, 1808, 1810, 1878, 1893, 1894, 1896, 1932, 1933, 1957, 1961, 1963, 1971, 1973, 1976, 1980, 1982, 1987, 2001, 2004, 2007, 2008, 2009, 2011, 2012, 2015, 2016, 2017, 2018, 2020, 2021, 2023, 2026, 2027, 2031, 2033, 2040, 2042, 2044, 2050, 2077, 2095, 2099, 2107, 2112, 2114, 2128, 2132, 2134, 2135, 2145, 2172, 2174, 2177, 2180, 2181, 2182, 2183, 2184, 2195, 2209, 2250, 2253, 2267, 2270, 2271, 2275, 2283, 2286, 2292, 2293, 2307, 2308, 2318, 2332, 2350, 2353, 2360, 2364, 2390, 2393, 2466, 2473, 2493, 2602, 2604, 2605, 2606, 2607, 2609, 2611, 2636, 2638, 2640, 2641, 2644, 2645, 2661, 2667, 2669, 2672, 2674, 2676, 2679, 2680, 2749, 2753, 2754, 2803, 2806, 2807, 2809, 2812, 2815], [308, 522, 557, 563, 589, 593, 799, 818, 843, 846, 865, 868, 871, 1139, 1143, 1147, 1212, 1234, 1288, 1362, 1382, 1390, 1399, 1418, 1423, 1429, 1437, 1548, 1578, 1582, 1588, 1598, 1602, 1604, 1610, 1612, 1620, 1625, 1628, 1629, 1632, 1633, 1638, 1639, 1640, 1644, 1646, 1651, 1654, 1739, 1807, 1844, 1878, 1893, 1932, 1961, 1963, 1971, 1980, 1987, 1997, 1998, 1999, 2001, 2004, 2011, 2012, 2017, 2018, 2023, 2031, 2040, 2045, 2057, 2063, 2065, 2066, 2068, 2069, 2073, 2078, 2080, 2088, 2095, 2109, 2115, 2128, 2144, 2151, 2163, 2164, 2167, 2172, 2174, 2177, 2180, 2181, 2182, 2183, 2184, 2187, 2189, 2194, 2195, 2253, 2257, 2267, 2272, 2276, 2283, 2286, 2287, 2290, 2294, 2297, 2309, 2315, 2317, 2319, 2332, 2334, 2342, 2350, 2353, 2360, 2364, 2366, 2375, 2378, 2388, 2390, 2393, 2466, 2493, 2605, 2606, 2607, 2611, 2620, 2638, 2641, 2662, 2667, 2669, 2672, 2679, 2680, 2692, 2745, 2749, 2803, 2806, 2809, 2812, 2815, 2816], [560, 563, 569, 573, 575, 580, 843, 846, 907, 940, 984, 1143, 1213, 1220, 1229, 1234, 1240, 1285, 1299, 1306, 1309, 1362, 1366, 1370, 1382, 1390, 1418, 1437, 1550, 1555, 1578, 1588, 1602, 1604, 1610, 1612, 1620, 1625, 1628, 1629, 1632, 1633, 1651, 1728, 1801, 1831, 1833, 1893, 1894, 1896, 1913, 1957, 1965, 1971, 1973, 1976, 1994, 2001, 2004, 2007, 2008, 2009, 2018, 2020, 2021, 2026, 2027, 2031, 2033, 2044, 2045, 2047, 2049, 2050, 2053, 2055, 2057, 2058, 2063, 2065, 2066, 2073, 2075, 2088, 2095, 2099, 2107, 2109, 2128, 2132, 2134, 2135, 2144, 2145, 2147, 2149, 2150, 2151, 2154, 2159, 2164, 2166, 2167, 2170, 2172, 2181, 2187, 2189, 2209, 2251, 2253, 2270, 2271, 2272, 2273, 2287, 2292, 2293, 2294, 2315, 2319, 2342, 2353, 2360, 2364, 2366, 2375, 2378, 2390, 2393, 2466, 2473, 2602, 2604, 2605, 2636, 2638, 2640, 2645, 2652, 2660, 2667, 2669, 2674, 2679, 2680, 2692, 2803, 2806, 2807, 2812, 2815, 2816], [843, 865, 907, 940, 984, 1620, 1644, 1651, 1654, 1728, 1739, 1743, 1801, 1807, 1808, 1810, 1831, 1833, 1844, 1848, 1878, 1893, 1894, 1896, 1913, 1932, 1933, 2360, 2364, 2366, 2390, 2466, 2473, 2493], [503, 522, 580, 585, 768, 846, 865, 984, 1139, 1143, 1147, 1174, 1220, 1251, 1259, 1306, 1370, 1390, 1429, 1507, 1524, 1528, 1530, 1538, 1548, 1550, 1602, 1604, 1620, 1625, 1628, 1629, 1638, 1644, 1646, 1728, 1739, 1743, 1801, 1807, 1808, 1810, 1831, 1833, 1844, 1848, 1957, 1961, 1963, 1965, 1969, 1971, 1973, 1976, 1980, 1982, 1987, 1994, 1997, 1998, 1999, 2000, 2004, 2007, 2008, 2009, 2011, 2012, 2015, 2016, 2044, 2045, 2047, 2049, 2050, 2053, 2055, 2065, 2066, 2068, 2069, 2070, 2073, 2075, 2077, 2078, 2080, 2082, 2112, 2145, 2147, 2151, 2154, 2159, 2174, 2177, 2183, 2187, 2194, 2209, 2250, 2253, 2257, 2267, 2270, 2271, 2272, 2273, 2275, 2276, 2286, 2287, 2290, 2292, 2297, 2307, 2318, 2319, 2353, 2360, 2364, 2366, 2375, 2466, 2473, 2493, 2602, 2604, 2605, 2606, 2607, 2609, 2611, 2620, 2645, 2652, 2660, 2661, 2662, 2665, 2669, 2672, 2674, 2676, 2679, 2680, 2692, 2745, 2753, 2754, 2803, 2806, 2807, 2809, 2812, 2816], [308, 503, 522, 549, 551, 557, 560, 563, 569, 573, 575, 580, 585, 589, 593, 598, 698, 768, 799, 802, 818, 843, 846, 865, 868, 871, 907, 940, 984, 1147, 1174, 1188, 1197, 1212, 1213, 1220, 1229, 1234, 1240, 1251, 1259, 1271, 1275, 1276, 1277, 1279, 1285, 1288, 1292, 1323, 1325, 1429, 1507, 1508, 1524, 1528, 1530, 1538, 1555, 1602, 1604, 1610, 1612, 1620, 1625, 1628, 1629, 1632, 1638, 1639, 1640, 1644, 1646, 1651, 1654, 1728, 1739, 1743, 1801, 1807, 1808, 1810, 1831, 1833, 1844, 1848, 1878, 1893, 1894, 1896, 1913, 1932, 1933, 1957, 1961, 1973, 1980, 1982, 1997, 2001, 2004, 2007, 2008, 2009, 2011, 2012, 2015, 2016, 2017, 2018, 2020, 2021, 2023, 2026, 2027, 2031, 2033, 2040, 2042, 2044, 2045, 2047, 2049, 2050, 2053, 2055, 2057, 2058, 2063, 2065, 2066, 2068, 2069, 2070, 2073, 2075, 2077, 2078, 2080, 2082, 2088, 2095, 2163, 2164, 2166, 2332, 2334, 2342, 2350, 2375, 2378, 2388, 2393, 2606, 2607, 2609, 2620, 2636, 2638, 2640, 2641, 2644, 2645, 2652, 2660, 2661, 2662, 2665, 2669, 2672, 2674, 2676], [569, 589, 698, 802, 868, 940, 1229, 1271, 1275, 1285, 1288, 1299, 1306, 1309, 1323, 1325, 1399, 1437, 1507, 1508, 1538, 1578, 1582, 1588, 1602, 1612, 1625, 1628, 1632, 1633, 1639, 1640, 1646, 1651, 1654, 1728, 1739, 1743, 1808, 1831, 1844, 1848, 1878, 1894, 1913, 1933, 1961, 1965, 1969, 1973, 1976, 1982, 1994, 1997, 1998, 2000, 2007, 2008, 2011, 2015, 2020, 2023, 2026, 2033, 2042, 2047, 2053, 2058, 2066, 2069, 2070, 2075, 2078, 2082, 2088, 2095, 2099, 2107, 2109, 2112, 2114, 2115, 2132, 2149, 2154, 2159, 2163, 2164, 2166, 2170, 2174, 2183, 2184, 2187, 2189, 2194, 2195, 2250, 2251, 2283, 2286, 2287, 2290, 2292, 2293, 2294, 2297, 2307, 2308, 2309, 2332, 2334, 2342, 2350, 2353, 2360, 2366, 2375, 2378, 2388, 2390, 2393, 2466, 2473, 2493, 2602, 2604, 2606, 2609, 2611, 2620, 2636, 2640, 2641, 2644, 2652, 2660, 2662, 2665, 2667, 2674, 2676, 2680, 2692, 2745, 2749, 2753, 2754, 2803, 2807, 2809, 2812, 2815, 2816], [799, 802, 868, 871, 1147, 1188, 1197, 1212, 1213, 1220, 1229, 1240, 1251, 1271, 1275, 1276, 1277, 1292, 1524, 1528, 1530, 1538, 1555, 1578, 1582, 1598, 1625, 1633, 1639, 1646, 1957, 1963, 1965, 1969, 2001, 2004, 2009, 2012, 2016, 2017, 2018, 2020, 2021, 2045, 2047, 2049, 2057, 2058, 2065, 2068, 2070, 2128, 2132, 2134, 2135, 2144, 2147, 2149, 2150, 2151, 2154, 2163, 2164, 2167, 2170, 2172, 2180, 2253, 2257, 2267, 2270, 2271, 2272, 2273, 2275, 2276, 2283, 2286, 2287, 2290, 2292, 2293, 2294, 2297, 2307, 2308, 2309, 2315, 2317, 2342, 2350, 2375, 2378, 2388, 2393, 2602, 2606, 2607, 2609, 2611, 2620, 2636, 2638, 2640, 2641, 2644, 2645, 2652, 2660, 2661, 2662, 2665, 2669, 2672, 2674, 2676, 2679, 2745, 2749, 2753, 2754, 2803, 2806, 2807, 2809, 2812, 2815, 2816], [549, 573, 585, 593, 598, 698, 843, 846, 865, 907, 940, 984, 1139, 1197, 1234, 1275, 1276, 1277, 1299, 1306, 1309, 1362, 1366, 1370, 1382, 1390, 1399, 1423, 1437, 1508, 1528, 1548, 1550, 1582, 1598, 1610, 1629, 1632, 1633, 1638, 1639, 1640, 1644, 1646, 1654, 1743, 1810, 1833, 1848, 1896, 1913, 1932, 1933, 1963, 1969, 1982, 1987, 1999, 2000, 2007, 2009, 2011, 2012, 2015, 2016, 2017, 2018, 2020, 2021, 2023, 2026, 2027, 2040, 2042, 2044, 2045, 2047, 2049, 2053, 2055, 2057, 2058, 2063, 2068, 2069, 2070, 2077, 2078, 2080, 2082, 2099, 2109, 2112, 2114, 2115, 2128, 2132, 2134, 2135, 2144, 2145, 2147, 2149, 2150, 2151, 2154, 2159, 2163, 2164, 2166, 2167, 2170, 2180, 2182, 2184, 2194, 2251, 2257, 2270, 2273, 2275, 2276, 2290, 2307, 2308, 2309, 2317, 2318, 2334, 2353, 2360, 2364, 2366, 2388, 2390, 2473, 2493, 2604, 2605, 2636, 2641, 2644, 2652, 2661, 2662, 2665, 2667, 2672, 2676, 2679, 2680, 2692, 2754, 2806, 2807, 2809, 2812, 2815, 2816], [308, 503, 522, 549, 551, 557, 560, 563, 569, 573, 575, 580, 585, 589, 593, 598, 698, 768, 799, 802, 818, 868, 871, 1139, 1143, 1147, 1174, 1188, 1197, 1212, 1213, 1220, 1229, 1240, 1251, 1259, 1271, 1275, 1276, 1277, 1279, 1285, 1288, 1292, 1299, 1306, 1309, 1323, 1325, 1362, 1366, 1370, 1382, 1390, 1399, 1418, 1423, 1429, 1437, 1507, 1508, 1524, 1528, 1530, 1538, 1548, 1550, 1555, 1578, 1582, 1588, 1598, 1633, 1963, 1965, 1969, 1971, 1976, 1987, 1994, 1998, 1999, 2000, 2099, 2107, 2109, 2112, 2114, 2115, 2128, 2132, 2134, 2135, 2144, 2145, 2147, 2149, 2150, 2151, 2154, 2159, 2167, 2170, 2172, 2174, 2177, 2180, 2181, 2182, 2183, 2184, 2187, 2189, 2194, 2195, 2209, 2250, 2251, 2253, 2257, 2267, 2270, 2271, 2272, 2273, 2275, 2276, 2283, 2286, 2287, 2290, 2292, 2293, 2294, 2297, 2307, 2308, 2309, 2315, 2317, 2318, 2319, 2602, 2611, 2745, 2749, 2753, 2754], [551, 557, 575, 598, 768, 1143, 1174, 1188, 1212, 1234, 1251, 1271, 1276, 1279, 1292, 1309, 1325, 1366, 1382, 1399, 1418, 1423, 1548, 1550, 1555, 1957, 1961, 1965, 1969, 1980, 1994, 1997, 1998, 1999, 2000, 2001, 2008, 2015, 2016, 2017, 2021, 2023, 2027, 2031, 2033, 2040, 2042, 2049, 2050, 2055, 2057, 2058, 2063, 2065, 2066, 2068, 2069, 2070, 2073, 2075, 2077, 2080, 2082, 2088, 2095, 2107, 2114, 2115, 2134, 2144, 2149, 2150, 2163, 2166, 2172, 2174, 2177, 2180, 2181, 2182, 2189, 2195, 2209, 2250, 2251, 2267, 2271, 2272, 2273, 2275, 2276, 2283, 2293, 2294, 2297, 2308, 2309, 2315, 2317, 2318, 2319, 2332, 2334, 2342, 2350, 2378, 2388, 2604, 2605, 2607, 2609, 2620, 2638, 2640, 2644, 2645, 2660, 2661, 2665, 2667, 2679, 2680, 2692, 2745, 2749, 2753, 2803, 2806, 2807, 2809, 2815, 2816], [818, 871, 1174, 1240, 1259, 1277, 1279, 1285, 1288, 1292, 1323, 1325, 1429, 1507, 1508, 1530, 1588, 1598, 1604, 1610, 1612, 1620, 1628, 1629, 1632, 1638, 1640, 1644, 1651, 1654, 1801, 1807, 1808, 1810, 1831, 1833, 1844, 1848, 1878, 1893, 1894, 1896, 1913, 1932, 1933, 1971, 1973, 1976, 1980, 1982, 1987, 1994, 1997, 1998, 1999, 2000, 2026, 2027, 2031, 2033, 2040, 2042, 2044, 2050, 2053, 2055, 2063, 2073, 2075, 2077, 2078, 2080, 2082, 2088, 2099, 2107, 2109, 2112, 2114, 2115, 2135, 2145, 2147, 2150, 2159, 2166, 2167, 2170, 2177, 2181, 2182, 2183, 2184, 2187, 2189, 2194, 2195, 2209, 2250, 2251, 2257, 2315, 2317, 2318, 2319, 2332, 2334, 2350, 2353, 2364, 2366, 2375, 2378, 2388, 2390, 2393, 2466, 2473, 2493, 2602, 2604, 2605, 2606, 2607, 2609, 2611, 2620, 2636, 2638, 2640, 2641, 2644, 2645, 2652, 2660, 2661, 2662, 2665, 2667, 2669, 2672, 2674, 2676, 2692, 2745, 2749, 2753, 2754, 2803, 2806, 2807, 2809, 2812, 2815, 2816]!Vessel: FarSymphony
[799, 818, 1131, 1137, 1186, 1197, 1204, 1210, 1213, 1215, 1259, 1269, 1279, 1320, 1321, 1400, 1422, 1428, 1432, 1593, 1602, 1603, 1606, 1607, 1609, 1610, 1614, 1641, 1642, 1673, 1728, 1730, 1739, 1743, 1893, 1896, 1932, 1971, 1987, 2005, 2007, 2008, 2010, 2011, 2013, 2015, 2019, 2023, 2027, 2028, 2034, 2036, 2038, 2095, 2096, 2098, 2099, 2101, 2102, 2128, 2134, 2138, 2140, 2142, 2145, 2162, 2173, 2174, 2175, 2176, 2180, 2181, 2182, 2184, 2185, 2186, 2192, 2193, 2209, 2270, 2285, 2298, 2318, 2322, 2348, 2351, 2352, 2354, 2360, 2380, 2381, 2392, 2393, 2399, 2469, 2480, 2591, 2593, 2594, 2597, 2602, 2607, 2608, 2611, 2622, 2624, 2626, 2628, 2629, 2631, 2632, 2633, 2634, 2636, 2638, 2639, 2640, 2641, 2642, 2643, 2644, 2645, 2661, 2666, 2669, 2672, 2676, 2680, 2683, 2685, 2687, 2696, 2698, 2699, 2704, 2707, 2729, 2739, 2744, 2749, 2751, 2752, 2753, 2754, 2756, 2761, 2762, 2766, 2769, 2805, 2806, 2814, 2815], [799, 818, 1147, 1148, 1212, 1217, 1227, 1268, 1272, 1280, 1282, 1288, 1294, 1403, 1422, 1428, 1429, 1432, 1438, 1593, 1602, 1603, 1606, 1607, 1609, 1610, 1614, 1617, 1618, 1620, 1623, 1626, 1629, 1630, 1633, 1641, 1642, 1643, 1644, 1654, 1739, 1893, 1932, 1967, 1971, 1987, 1999, 2005, 2011, 2013, 2019, 2023, 2046, 2063, 2066, 2069, 2095, 2096, 2104, 2106, 2109, 2115, 2128, 2138, 2140, 2144, 2151, 2157, 2165, 2169, 2173, 2174, 2175, 2180, 2181, 2182, 2184, 2185, 2186, 2189, 2191, 2192, 2193, 2194, 2256, 2276, 2316, 2319, 2320, 2348, 2351, 2352, 2354, 2360, 2370, 2371, 2375, 2377, 2378, 2380, 2381, 2387, 2388, 2392, 2393, 2399, 2480, 2591, 2593, 2594, 2597, 2607, 2608, 2611, 2616, 2622, 2628, 2634, 2638, 2639, 2641, 2642, 2643, 2650, 2655, 2658, 2659, 2662, 2663, 2664, 2669, 2672, 2680, 2683, 2690, 2699, 2702, 2704, 2729, 2739, 2744, 2745, 2746, 2749, 2750, 2757, 2758, 2760, 2761, 2762, 2805, 2806, 2814, 2815, 2816], [573, 1131, 1168, 1204, 1213, 1215, 1217, 1220, 1227, 1229, 1231, 1236, 1243, 1269, 1282, 1285, 1287, 1457, 1555, 1602, 1603, 1606, 1607, 1609, 1610, 1614, 1617, 1618, 1620, 1623, 1626, 1629, 1630, 1633, 1673, 1728, 1730, 1766, 1833, 1893, 1896, 1913, 1971, 2005, 2007, 2008, 2010, 2019, 2027, 2034, 2046, 2048, 2051, 2055, 2063, 2066, 2089, 2095, 2096, 2098, 2099, 2101, 2102, 2104, 2106, 2109, 2128, 2134, 2138, 2140, 2142, 2144, 2145, 2149, 2151, 2157, 2159, 2161, 2162, 2165, 2169, 2173, 2181, 2185, 2186, 2189, 2209, 2251, 2270, 2273, 2319, 2320, 2322, 2323, 2348, 2351, 2352, 2354, 2360, 2370, 2371, 2375, 2377, 2378, 2392, 2393, 2469, 2591, 2597, 2602, 2616, 2619, 2622, 2624, 2626, 2631, 2632, 2633, 2634, 2636, 2638, 2639, 2640, 2645, 2649, 2650, 2652, 2654, 2655, 2657, 2658, 2659, 2660, 2666, 2669, 2680, 2683, 2685, 2687, 2690, 2693, 2702, 2707, 2751, 2752, 2758, 2759, 2760, 2761, 2766, 2767, 2805, 2806, 2814, 2815, 2816], [1606, 1607, 1614, 1617, 1618, 1620, 1623, 1630, 1641, 1642, 1643, 1644, 1654, 1673, 1728, 1730, 1739, 1743, 1766, 1833, 1893, 1896, 1913, 1932, 2360, 2469, 2480], [1131, 1137, 1147, 1148, 1149, 1168, 1174, 1186, 1220, 1251, 1256, 1259, 1266, 1321, 1428, 1429, 1438, 1457, 1507, 1528, 1602, 1603, 1606, 1617, 1618, 1620, 1626, 1629, 1642, 1643, 1644, 1728, 1730, 1739, 1743, 1766, 1833, 1967, 1971, 1987, 1999, 2005, 2007, 2008, 2010, 2011, 2013, 2015, 2036, 2046, 2048, 2051, 2055, 2066, 2069, 2101, 2102, 2104, 2138, 2145, 2151, 2157, 2159, 2161, 2173, 2174, 2175, 2176, 2185, 2192, 2194, 2209, 2256, 2270, 2273, 2276, 2280, 2281, 2298, 2304, 2318, 2319, 2320, 2322, 2323, 2351, 2352, 2360, 2370, 2371, 2375, 2380, 2387, 2399, 2469, 2480, 2591, 2593, 2594, 2597, 2602, 2607, 2608, 2611, 2616, 2619, 2622, 2624, 2626, 2628, 2629, 2631, 2645, 2649, 2650, 2652, 2654, 2658, 2659, 2660, 2661, 2662, 2663, 2664, 2665, 2666, 2669, 2672, 2676, 2680, 2687, 2690, 2693, 2696, 2698, 2699, 2702, 2707, 2729, 2739, 2744, 2745, 2746, 2750, 2751, 2753, 2754, 2767, 2769, 2770, 2805, 2806, 2814, 2816], [573, 799, 818, 1131, 1137, 1147, 1148, 1149, 1168, 1174, 1186, 1197, 1204, 1210, 1212, 1213, 1215, 1217, 1220, 1227, 1229, 1231, 1236, 1243, 1251, 1256, 1259, 1266, 1268, 1269, 1272, 1275, 1276, 1279, 1280, 1282, 1285, 1287, 1288, 1294, 1298, 1320, 1321, 1325, 1400, 1403, 1407, 1422, 1428, 1429, 1432, 1438, 1457, 1507, 1508, 1528, 1555, 1593, 1602, 1603, 1606, 1607, 1609, 1610, 1614, 1617, 1618, 1620, 1623, 1626, 1629, 1630, 1641, 1642, 1643, 1644, 1654, 1673, 1728, 1730, 1739, 1743, 1766, 1833, 1893, 1896, 1913, 1932, 2005, 2007, 2008, 2010, 2011, 2013, 2015, 2019, 2023, 2027, 2028, 2034, 2036, 2038, 2046, 2048, 2051, 2055, 2063, 2066, 2069, 2089, 2091, 2095, 2162, 2165, 2191, 2256, 2280, 2281, 2285, 2298, 2304, 2305, 2316, 2351, 2352, 2354, 2370, 2371, 2375, 2377, 2378, 2380, 2381, 2387, 2388, 2392, 2393, 2399, 2469, 2480, 2593, 2607, 2608, 2622, 2624, 2626, 2628, 2629, 2631, 2632, 2633, 2634, 2636, 2638, 2639, 2640, 2641, 2642, 2643, 2644, 2645, 2649, 2650, 2652, 2654, 2655, 2657, 2658, 2659, 2660, 2661, 2662, 2663, 2664, 2665, 2666, 2669, 2672, 2676, 2696], [1149, 1227, 1229, 1231, 1256, 1268, 1269, 1275, 1285, 1288, 1320, 1321, 1325, 1400, 1403, 1407, 1432, 1438, 1457, 1507, 1508, 1602, 1609, 1614, 1617, 1623, 1626, 1633, 1641, 1643, 1654, 1673, 1728, 1739, 1743, 1766, 1913, 1967, 2007, 2008, 2011, 2015, 2023, 2048, 2066, 2069, 2089, 2091, 2095, 2096, 2098, 2099, 2101, 2102, 2104, 2106, 2109, 2115, 2149, 2159, 2162, 2165, 2174, 2176, 2184, 2185, 2186, 2189, 2191, 2192, 2193, 2194, 2251, 2285, 2298, 2304, 2305, 2320, 2323, 2348, 2351, 2352, 2354, 2360, 2370, 2371, 2375, 2377, 2378, 2380, 2381, 2387, 2388, 2392, 2393, 2399, 2469, 2480, 2591, 2593, 2594, 2602, 2608, 2611, 2616, 2619, 2624, 2626, 2629, 2632, 2636, 2639, 2640, 2641, 2643, 2644, 2649, 2652, 2657, 2659, 2660, 2662, 2664, 2665, 2666, 2676, 2680, 2685, 2693, 2696, 2698, 2699, 2704, 2739, 2745, 2749, 2750, 2751, 2752, 2753, 2754, 2756, 2757, 2758, 2759, 2760, 2770, 2805, 2814, 2815, 2816], [799, 1147, 1197, 1212, 1213, 1217, 1220, 1229, 1236, 1251, 1272, 1275, 1276, 1528, 1555, 1593, 1633, 2028, 2034, 2036, 2038, 2051, 2089, 2091, 2128, 2134, 2144, 2149, 2151, 2180, 2191, 2256, 2270, 2273, 2276, 2280, 2281, 2285, 2298, 2304, 2305, 2316, 2348, 2351, 2354, 2370, 2371, 2375, 2377, 2378, 2381, 2387, 2388, 2392, 2393, 2399, 2591, 2593, 2594, 2597, 2602, 2607, 2611, 2616, 2619, 2622, 2624, 2626, 2628, 2629, 2631, 2632, 2633, 2634, 2636, 2638, 2640, 2641, 2642, 2644, 2645, 2649, 2650, 2652, 2654, 2655, 2657, 2658, 2660, 2661, 2662, 2663, 2665, 2669, 2672, 2676, 2683, 2685, 2687, 2690, 2693, 2698, 2702, 2704, 2707, 2729, 2739, 2744, 2745, 2746, 2749, 2750, 2751, 2752, 2753, 2754, 2756, 2757, 2758, 2759, 2760, 2761, 2762, 2766, 2767, 2769, 2770, 2806, 2814, 2815, 2816], [573, 1186, 1197, 1210, 1236, 1243, 1256, 1266, 1272, 1275, 1276, 1294, 1298, 1400, 1403, 1407, 1508, 1528, 1603, 1607, 1609, 1610, 1618, 1623, 1626, 1629, 1630, 1633, 1641, 1642, 1643, 1644, 1654, 1673, 1730, 1743, 1766, 1833, 1896, 1913, 1932, 1967, 1987, 1999, 2007, 2010, 2011, 2013, 2015, 2019, 2023, 2027, 2028, 2046, 2048, 2055, 2063, 2069, 2096, 2098, 2099, 2102, 2104, 2106, 2109, 2115, 2128, 2134, 2138, 2140, 2142, 2144, 2145, 2149, 2151, 2157, 2159, 2161, 2162, 2165, 2169, 2175, 2176, 2180, 2182, 2184, 2192, 2193, 2194, 2251, 2270, 2273, 2276, 2280, 2305, 2318, 2322, 2323, 2360, 2371, 2377, 2380, 2381, 2387, 2388, 2392, 2399, 2594, 2626, 2628, 2629, 2631, 2632, 2633, 2634, 2636, 2641, 2642, 2643, 2644, 2649, 2650, 2652, 2654, 2655, 2657, 2661, 2662, 2663, 2664, 2665, 2672, 2676, 2680, 2683, 2685, 2687, 2690, 2693, 2696, 2698, 2704, 2729, 2746, 2750, 2754, 2756, 2757, 2758, 2759, 2762, 2766, 2767, 2769, 2770, 2805, 2806, 2814, 2815, 2816], [573, 799, 818, 1131, 1137, 1147, 1148, 1149, 1168, 1174, 1186, 1197, 1204, 1210, 1212, 1213, 1215, 1217, 1220, 1227, 1229, 1231, 1236, 1243, 1251, 1256, 1259, 1266, 1268, 1269, 1272, 1275, 1276, 1279, 1280, 1282, 1285, 1287, 1288, 1294, 1298, 1320, 1321, 1325, 1400, 1403, 1407, 1422, 1428, 1429, 1432, 1438, 1457, 1507, 1508, 1528, 1555, 1593, 1633, 1967, 1971, 1987, 1999, 2028, 2034, 2036, 2038, 2051, 2089, 2091, 2096, 2098, 2099, 2101, 2102, 2104, 2106, 2109, 2115, 2128, 2134, 2138, 2140, 2142, 2144, 2145, 2149, 2151, 2157, 2159, 2161, 2169, 2173, 2174, 2175, 2176, 2180, 2181, 2182, 2184, 2185, 2186, 2189, 2191, 2192, 2193, 2194, 2209, 2251, 2256, 2270, 2273, 2276, 2280, 2281, 2285, 2298, 2304, 2305, 2316, 2318, 2319, 2320, 2322, 2323, 2348, 2591, 2594, 2597, 2602, 2611, 2616, 2619, 2683, 2685, 2687, 2690, 2693, 2698, 2699, 2702, 2704, 2707, 2729, 2739, 2744, 2745, 2746, 2749, 2750, 2751, 2752, 2753, 2754, 2756, 2757, 2758, 2759, 2760, 2761, 2762, 2766, 2767, 2769, 2770], [1137, 1148, 1149, 1174, 1212, 1215, 1231, 1251, 1268, 1276, 1279, 1280, 1287, 1298, 1320, 1325, 1407, 1422, 1555, 1967, 1999, 2005, 2008, 2010, 2013, 2015, 2019, 2023, 2027, 2038, 2046, 2048, 2055, 2063, 2066, 2069, 2091, 2095, 2098, 2101, 2106, 2115, 2134, 2142, 2144, 2149, 2161, 2162, 2165, 2169, 2173, 2174, 2175, 2176, 2180, 2181, 2182, 2186, 2189, 2193, 2209, 2251, 2273, 2276, 2281, 2316, 2318, 2319, 2320, 2322, 2323, 2354, 2370, 2378, 2381, 2387, 2388, 2593, 2607, 2608, 2619, 2622, 2624, 2628, 2629, 2632, 2633, 2638, 2639, 2640, 2642, 2643, 2644, 2645, 2649, 2654, 2655, 2657, 2658, 2659, 2660, 2661, 2663, 2664, 2665, 2666, 2680, 2696, 2698, 2699, 2702, 2707, 2739, 2744, 2745, 2746, 2749, 2751, 2752, 2753, 2756, 2757, 2759, 2760, 2761, 2762, 2766, 2767, 2769, 2770, 2805, 2806, 2814, 2815, 2816], [818, 1168, 1174, 1204, 1210, 1243, 1259, 1266, 1279, 1280, 1282, 1285, 1287, 1288, 1294, 1298, 1325, 1429, 1507, 1508, 1593, 1610, 1620, 1629, 1630, 1644, 1654, 1833, 1893, 1896, 1913, 1932, 1971, 1987, 1999, 2027, 2028, 2034, 2036, 2038, 2051, 2055, 2063, 2089, 2091, 2099, 2109, 2115, 2140, 2142, 2145, 2157, 2159, 2161, 2169, 2181, 2182, 2184, 2189, 2191, 2194, 2209, 2251, 2256, 2280, 2281, 2285, 2304, 2305, 2316, 2318, 2319, 2348, 2352, 2375, 2377, 2378, 2380, 2388, 2393, 2469, 2480, 2597, 2602, 2607, 2608, 2611, 2616, 2619, 2631, 2633, 2634, 2636, 2638, 2639, 2640, 2641, 2642, 2643, 2644, 2645, 2650, 2652, 2654, 2655, 2657, 2658, 2659, 2660, 2661, 2662, 2663, 2664, 2665, 2666, 2669, 2672, 2676, 2683, 2685, 2687, 2690, 2693, 2696, 2699, 2702, 2704, 2707, 2729, 2744, 2745, 2746, 2749, 2750, 2752, 2753, 2754, 2756, 2757, 2758, 2759, 2760, 2761, 2762, 2766, 2767, 2769, 2770, 2805, 2806, 2815, 2816]!Vessel: HavilaForesight
[308, 503, 551, 600, 635, 806, 813, 827, 830, 831, 832, 833, 859, 860, 864, 905, 907, 916, 921, 959, 965, 967, 1099, 1132, 1135, 1136, 1139, 1164, 1179, 1180, 1181, 1183, 1184, 1187, 1191, 1192, 1195, 1203, 1207, 1270, 1299, 1301, 1304, 1319, 1326, 1364, 1370, 1375, 1389, 1401, 1409, 1418, 1419, 1420, 1423, 1425, 1431, 1434, 1435, 1461, 1581, 1584, 1586, 1590, 1594, 1598, 1601, 1608, 1615, 1616, 1639, 1653, 1662, 1724, 1733, 1752, 1808, 1957, 1960, 1973, 1979, 1980, 1982, 1983, 1985, 2003, 2004, 2006, 2012, 2014, 2016, 2020, 2022, 2025, 2029, 2030, 2032, 2033, 2035, 2039, 2041, 2043, 2076, 2097, 2135, 2137, 2139, 2143, 2196, 2258, 2277, 2278, 2283, 2284, 2286, 2292, 2296, 2312, 2314, 2332, 2344, 2353, 2357, 2396, 2466, 2493, 2592, 2595, 2601, 2604, 2614, 2667, 2668, 2670, 2679, 2682, 2684, 2688], [308, 522, 555, 589, 602, 806, 813, 827, 830, 831, 832, 833, 840, 842, 845, 846, 850, 859, 860, 864, 865, 866, 867, 871, 916, 992, 1077, 1104, 1136, 1139, 1143, 1176, 1179, 1183, 1191, 1228, 1234, 1247, 1254, 1303, 1312, 1331, 1379, 1380, 1396, 1399, 1404, 1410, 1411, 1418, 1419, 1423, 1425, 1427, 1431, 1434, 1435, 1436, 1439, 1446, 1514, 1546, 1547, 1548, 1559, 1581, 1584, 1586, 1594, 1598, 1608, 1615, 1616, 1619, 1621, 1625, 1635, 1639, 1646, 1648, 1653, 1658, 1662, 1724, 1752, 1960, 1979, 1980, 1985, 1996, 1997, 2004, 2012, 2030, 2039, 2062, 2072, 2079, 2087, 2093, 2097, 2105, 2137, 2139, 2163, 2188, 2254, 2257, 2279, 2283, 2286, 2291, 2297, 2313, 2314, 2315, 2317, 2332, 2342, 2343, 2353, 2357, 2373, 2379, 2396, 2466, 2493, 2592, 2595, 2601, 2614, 2667, 2668, 2670, 2671, 2679, 2684, 2691], [569, 605, 755, 813, 830, 831, 832, 833, 840, 842, 845, 846, 850, 905, 907, 940, 959, 982, 984, 1077, 1085, 1132, 1135, 1143, 1146, 1172, 1179, 1180, 1181, 1192, 1195, 1203, 1222, 1224, 1226, 1228, 1234, 1244, 1247, 1249, 1270, 1299, 1301, 1303, 1304, 1306, 1309, 1312, 1316, 1364, 1370, 1375, 1380, 1386, 1394, 1396, 1406, 1411, 1413, 1418, 1425, 1427, 1435, 1436, 1446, 1461, 1527, 1546, 1586, 1590, 1608, 1615, 1616, 1619, 1621, 1625, 1635, 1724, 1733, 1957, 1973, 1995, 2003, 2004, 2006, 2020, 2022, 2030, 2032, 2033, 2035, 2043, 2052, 2054, 2060, 2062, 2064, 2067, 2072, 2074, 2075, 2087, 2090, 2097, 2105, 2108, 2135, 2137, 2139, 2147, 2170, 2188, 2196, 2254, 2258, 2292, 2295, 2315, 2342, 2353, 2357, 2373, 2379, 2396, 2466, 2592, 2601, 2604, 2667, 2668, 2670, 2671, 2679, 2682, 2684, 2688, 2691], [831, 840, 842, 859, 864, 865, 866, 905, 907, 916, 921, 940, 959, 965, 967, 982, 984, 992, 997, 1033, 1077, 1085, 1099, 1104, 1615, 1616, 1619, 1621, 1724, 1733, 1752, 1808, 2466, 2493], [503, 522, 538, 750, 768, 830, 840, 845, 846, 859, 865, 867, 959, 965, 967, 982, 984, 992, 997, 1033, 1132, 1135, 1136, 1139, 1143, 1146, 1164, 1172, 1176, 1180, 1181, 1183, 1184, 1187, 1222, 1224, 1226, 1247, 1249, 1254, 1257, 1304, 1306, 1319, 1370, 1389, 1394, 1419, 1420, 1425, 1427, 1431, 1436, 1439, 1514, 1527, 1530, 1547, 1548, 1553, 1556, 1559, 1616, 1619, 1621, 1625, 1646, 1653, 1662, 1724, 1733, 1752, 1808, 1957, 1960, 1973, 1979, 1980, 1982, 1983, 1985, 1995, 1996, 1997, 2004, 2006, 2012, 2014, 2016, 2043, 2052, 2054, 2067, 2070, 2072, 2074, 2075, 2076, 2079, 2081, 2083, 2105, 2137, 2139, 2147, 2254, 2257, 2258, 2277, 2278, 2279, 2284, 2286, 2291, 2292, 2295, 2296, 2297, 2311, 2329, 2330, 2343, 2344, 2353, 2373, 2396, 2466, 2493, 2592, 2595, 2601, 2604, 2614, 2670, 2671, 2679, 2682, 2688, 2691], [308, 503, 522, 538, 551, 555, 569, 589, 591, 596, 600, 602, 605, 611, 613, 635, 638, 750, 755, 768, 770, 830, 831, 832, 833, 840, 842, 845, 846, 850, 859, 860, 864, 865, 866, 867, 871, 905, 907, 916, 921, 940, 959, 965, 967, 982, 984, 992, 997, 1033, 1077, 1085, 1099, 1104, 1132, 1136, 1179, 1180, 1181, 1183, 1184, 1187, 1191, 1192, 1195, 1203, 1207, 1222, 1224, 1226, 1228, 1234, 1244, 1247, 1249, 1254, 1257, 1270, 1290, 1292, 1396, 1401, 1404, 1406, 1530, 1559, 1581, 1594, 1608, 1625, 1635, 1639, 1646, 1648, 1653, 1662, 1808, 1957, 1960, 1973, 1979, 1980, 1982, 1983, 1996, 1997, 2003, 2004, 2006, 2012, 2014, 2016, 2020, 2022, 2025, 2029, 2030, 2032, 2033, 2035, 2039, 2041, 2043, 2052, 2054, 2060, 2062, 2064, 2067, 2070, 2072, 2074, 2075, 2076, 2079, 2081, 2083, 2087, 2090, 2093, 2094, 2163, 2332, 2342, 2343, 2344], [569, 589, 591, 635, 638, 750, 806, 832, 842, 845, 860, 866, 867, 905, 916, 921, 940, 965, 982, 992, 997, 1146, 1180, 1184, 1192, 1222, 1228, 1249, 1257, 1270, 1290, 1299, 1301, 1303, 1304, 1306, 1309, 1312, 1316, 1319, 1326, 1331, 1396, 1399, 1401, 1404, 1406, 1420, 1431, 1434, 1435, 1436, 1439, 1510, 1547, 1553, 1559, 1581, 1584, 1590, 1601, 1608, 1615, 1619, 1625, 1635, 1639, 1646, 1648, 1653, 1658, 1662, 1724, 1733, 1752, 1808, 1973, 1982, 1983, 1997, 2003, 2006, 2014, 2020, 2025, 2032, 2033, 2041, 2064, 2067, 2070, 2074, 2075, 2081, 2090, 2094, 2097, 2105, 2108, 2116, 2137, 2163, 2170, 2188, 2283, 2284, 2286, 2291, 2292, 2295, 2296, 2297, 2311, 2312, 2313, 2330, 2332, 2342, 2343, 2344, 2353, 2357, 2373, 2379, 2396, 2466, 2493, 2592, 2595, 2601, 2604, 2614, 2667, 2668, 2671, 2682], [555, 596, 755, 770, 871, 1207, 1290, 1292, 1364, 1379, 1380, 1386, 1446, 1514, 1527, 1530, 1581, 1584, 1586, 1590, 1594, 1598, 1601, 1608, 1625, 1635, 1639, 1646, 1648, 1658, 1662, 1957, 1960, 1979, 1985, 1995, 1996, 2003, 2004, 2006, 2012, 2014, 2016, 2020, 2022, 2025, 2029, 2030, 2032, 2035, 2039, 2041, 2043, 2052, 2054, 2060, 2062, 2064, 2067, 2070, 2072, 2074, 2076, 2079, 2081, 2083, 2087, 2090, 2093, 2094, 2108, 2116, 2135, 2143, 2147, 2163, 2170, 2188, 2196, 2254, 2257, 2258, 2277, 2278, 2279, 2283, 2284, 2286, 2291, 2292, 2295, 2296, 2297, 2311, 2312, 2313, 2314, 2315, 2317, 2329, 2330, 2342, 2343, 2344, 2357, 2373, 2379, 2396, 2592, 2595, 2668, 2670, 2671, 2679, 2682, 2684, 2688, 2691], [596, 611, 806, 827, 833, 846, 850, 860, 864, 865, 866, 867, 907, 921, 940, 967, 984, 997, 1033, 1085, 1099, 1104, 1139, 1164, 1176, 1181, 1183, 1184, 1187, 1191, 1192, 1195, 1203, 1222, 1224, 1226, 1234, 1244, 1254, 1257, 1299, 1306, 1309, 1316, 1326, 1331, 1364, 1370, 1375, 1379, 1380, 1386, 1389, 1394, 1396, 1399, 1401, 1404, 1406, 1409, 1410, 1411, 1413, 1420, 1423, 1439, 1510, 1514, 1527, 1548, 1553, 1556, 1598, 1601, 1615, 1616, 1619, 1621, 1639, 1646, 1648, 1658, 1733, 1752, 1982, 2012, 2014, 2016, 2020, 2022, 2025, 2029, 2039, 2041, 2054, 2060, 2062, 2064, 2070, 2076, 2079, 2081, 2083, 2093, 2094, 2097, 2105, 2116, 2135, 2137, 2139, 2143, 2147, 2163, 2170, 2257, 2277, 2311, 2317, 2329, 2353, 2357, 2373, 2379, 2396, 2493, 2595, 2604, 2614, 2667, 2668, 2670, 2671, 2679, 2682, 2684, 2688, 2691], [308, 503, 522, 538, 551, 555, 569, 589, 591, 596, 600, 602, 605, 611, 613, 635, 638, 750, 755, 768, 770, 806, 813, 827, 871, 1135, 1139, 1143, 1146, 1164, 1172, 1176, 1207, 1290, 1292, 1299, 1301, 1303, 1304, 1306, 1309, 1312, 1316, 1319, 1326, 1331, 1364, 1370, 1375, 1379, 1380, 1386, 1389, 1394, 1399, 1409, 1410, 1411, 1413, 1418, 1419, 1420, 1423, 1425, 1427, 1431, 1434, 1435, 1436, 1439, 1446, 1461, 1510, 1514, 1527, 1530, 1546, 1547, 1548, 1553, 1556, 1584, 1586, 1590, 1598, 1601, 1658, 1985, 1995, 2108, 2116, 2135, 2143, 2147, 2170, 2188, 2196, 2254, 2257, 2258, 2277, 2278, 2279, 2283, 2284, 2286, 2291, 2292, 2295, 2296, 2297, 2311, 2312, 2313, 2314, 2315, 2317, 2329, 2330], [551, 591, 613, 768, 770, 1132, 1135, 1136, 1143, 1146, 1172, 1179, 1187, 1191, 1195, 1224, 1228, 1234, 1244, 1247, 1249, 1254, 1257, 1270, 1292, 1301, 1303, 1309, 1319, 1326, 1379, 1386, 1389, 1399, 1401, 1404, 1406, 1409, 1410, 1413, 1418, 1419, 1423, 1434, 1446, 1461, 1510, 1546, 1547, 1548, 1553, 1556, 1559, 1581, 1594, 1957, 1960, 1980, 1983, 1995, 1996, 1997, 2003, 2016, 2025, 2029, 2033, 2035, 2052, 2060, 2067, 2070, 2075, 2083, 2087, 2090, 2093, 2094, 2097, 2105, 2108, 2116, 2139, 2143, 2163, 2196, 2278, 2279, 2283, 2296, 2297, 2312, 2313, 2314, 2315, 2317, 2329, 2330, 2332, 2342, 2343, 2344, 2357, 2373, 2379, 2592, 2595, 2601, 2604, 2614, 2667, 2679, 2682, 2684, 2688, 2691], [538, 600, 602, 605, 611, 613, 638, 813, 827, 850, 871, 1033, 1077, 1085, 1099, 1104, 1164, 1172, 1176, 1203, 1207, 1226, 1244, 1290, 1292, 1312, 1316, 1331, 1375, 1394, 1409, 1410, 1411, 1413, 1427, 1461, 1510, 1530, 1546, 1556, 1584, 1586, 1590, 1594, 1598, 1601, 1621, 1635, 1648, 1653, 1658, 1808, 1973, 1979, 1980, 1982, 1983, 1985, 1995, 1996, 1997, 2022, 2029, 2030, 2032, 2033, 2035, 2039, 2041, 2043, 2052, 2054, 2060, 2062, 2064, 2072, 2074, 2075, 2076, 2079, 2081, 2083, 2087, 2090, 2093, 2094, 2108, 2116, 2135, 2143, 2147, 2170, 2188, 2196, 2254, 2257, 2258, 2277, 2278, 2279, 2284, 2291, 2295, 2311, 2312, 2313, 2314, 2315, 2317, 2329, 2330, 2332, 2353, 2379, 2466, 2493, 2601, 2604, 2614, 2667, 2668, 2670, 2671, 2684, 2688, 2691]!Vessel: FarStar
] 

Rvl : [
!l : 2, 3
[1190, 1215, 1219, 1227, 1231, 1233, 1236, 1268, 1269, 1272, 1274, 1282, 1320, 1400, 1403, 1405, 1407, 1422, 1426, 1432, 1580, 1631, 2002, 2056, 2179, 2186, 2299, 2300], [1131, 1137, 1148, 1149, 1168, 1186, 1194, 1199, 1204, 1210, 1238, 1243, 1246, 1250, 1253, 1256, 1266, 1280, 1287, 1294, 1298, 1321, 1428, 1438, 1457, 1458, 1552, 1593, 1595, 1603, 1606, 1607, 1609, 1614, 1617, 1618, 1623, 1626, 1630, 1641, 1642, 1643, 1673, 1730, 1766, 1966, 1967, 2010, 2013, 2019, 2024, 2028, 2034, 2036, 2038, 2046, 2048, 2051, 2059, 2061, 2071, 2084, 2085, 2086, 2089, 2091, 2092, 2096, 2098, 2101, 2102, 2104, 2106, 2111, 2130, 2138, 2140, 2153, 2157, 2161, 2162, 2165, 2169, 2173, 2175, 2176, 2178, 2185, 2190, 2191, 2192, 2193, 2255, 2256, 2268, 2269, 2274, 2280, 2281, 2285, 2288, 2298, 2301, 2303, 2304, 2305, 2316, 2320, 2322, 2323, 2326, 2348, 2351, 2352, 2354, 2355, 2356, 2363, 2365, 2370, 2371, 2372, 2374, 2376, 2377, 2380, 2381, 2384, 2385, 2387, 2389, 2391, 2392, 2399, 2469, 2480, 2484, 2508, 2556, 2591, 2593, 2594, 2597, 2599, 2600, 2608, 2610, 2616, 2618, 2619, 2622, 2623, 2624, 2625, 2626, 2627, 2628, 2629, 2630, 2631, 2632, 2633, 2634, 2635, 2637, 2639, 2642, 2643, 2646, 2647, 2648, 2649, 2650, 2651, 2653, 2654, 2655, 2656, 2657, 2659, 2663, 2664, 2666, 2677, 2678, 2681, 2683, 2685, 2687, 2689, 2690, 2693, 2695, 2696, 2697, 2698, 2699, 2700, 2701, 2702, 2703, 2704, 2705, 2707, 2708, 2727, 2728, 2729, 2738, 2739, 2740, 2741, 2742, 2743, 2744, 2746, 2747, 2748, 2750, 2751, 2755, 2756, 2757, 2758, 2759, 2760, 2761, 2762, 2763, 2766, 2767, 2769, 2770, 2776, 2804, 2805, 2808, 2810, 2811, 2813, 2814, 2817]!Vessel: FarSeeker
[1190, 1215, 1219, 1227, 1231, 1233, 1236, 1268, 1269, 1272, 1274, 1282, 1320, 1400, 1403, 1405, 1407, 1422, 1426, 1432, 1580, 1631, 2002, 2056, 2179, 2186, 2299, 2300], [1131, 1137, 1148, 1149, 1168, 1186, 1194, 1199, 1204, 1210, 1238, 1243, 1246, 1250, 1253, 1256, 1266, 1280, 1287, 1294, 1298, 1321, 1428, 1438, 1457, 1458, 1552, 1593, 1595, 1603, 1606, 1607, 1609, 1614, 1617, 1618, 1623, 1626, 1630, 1641, 1642, 1643, 1673, 1730, 1766, 1966, 1967, 2010, 2013, 2019, 2024, 2028, 2034, 2036, 2038, 2046, 2048, 2051, 2059, 2061, 2071, 2084, 2085, 2086, 2089, 2091, 2092, 2096, 2098, 2101, 2102, 2104, 2106, 2111, 2130, 2138, 2140, 2153, 2157, 2161, 2162, 2165, 2169, 2173, 2175, 2176, 2178, 2185, 2190, 2191, 2192, 2193, 2255, 2256, 2268, 2269, 2274, 2280, 2281, 2285, 2288, 2298, 2301, 2303, 2304, 2305, 2316, 2320, 2322, 2323, 2326, 2348, 2351, 2352, 2354, 2355, 2356, 2363, 2365, 2370, 2371, 2372, 2374, 2376, 2377, 2380, 2381, 2384, 2385, 2387, 2389, 2391, 2392, 2399, 2469, 2480, 2484, 2508, 2556, 2591, 2593, 2594, 2597, 2599, 2600, 2608, 2610, 2616, 2618, 2619, 2622, 2623, 2624, 2625, 2626, 2627, 2628, 2629, 2630, 2631, 2632, 2633, 2634, 2635, 2637, 2639, 2642, 2643, 2646, 2647, 2648, 2649, 2650, 2651, 2653, 2654, 2655, 2656, 2657, 2659, 2663, 2664, 2666, 2677, 2678, 2681, 2683, 2685, 2687, 2689, 2690, 2693, 2695, 2696, 2697, 2698, 2699, 2700, 2701, 2702, 2703, 2704, 2705, 2707, 2708, 2727, 2728, 2729, 2738, 2739, 2740, 2741, 2742, 2743, 2744, 2746, 2747, 2748, 2750, 2751, 2755, 2756, 2757, 2758, 2759, 2760, 2761, 2762, 2763, 2766, 2767, 2769, 2770, 2776, 2804, 2805, 2808, 2810, 2811, 2813, 2814, 2817]!Vessel: FarSearcher
[308, 522, 549, 551, 557, 560, 563, 569, 573, 575, 589, 593, 598, 698, 799, 802, 818, 868, 871, 1188, 1197, 1212, 1213, 1229, 1234, 1240, 1271, 1275, 1276, 1285, 1288, 1292, 1299, 1309, 1323, 1362, 1382, 1399, 1418, 1423, 1437, 1555, 1578, 1639, 2001, 2095, 2163, 2172, 2283, 2293, 2294, 2342], [503, 580, 585, 768, 843, 846, 865, 907, 940, 984, 1139, 1143, 1147, 1174, 1220, 1251, 1259, 1277, 1279, 1306, 1325, 1366, 1370, 1390, 1429, 1507, 1508, 1524, 1528, 1530, 1538, 1548, 1550, 1582, 1588, 1598, 1602, 1604, 1610, 1612, 1620, 1625, 1628, 1629, 1632, 1633, 1638, 1640, 1644, 1646, 1651, 1654, 1728, 1739, 1743, 1801, 1807, 1808, 1810, 1831, 1833, 1844, 1848, 1878, 1893, 1894, 1896, 1913, 1932, 1933, 1957, 1961, 1963, 1965, 1969, 1971, 1973, 1976, 1980, 1982, 1987, 1994, 1997, 1998, 1999, 2000, 2004, 2007, 2008, 2009, 2011, 2012, 2015, 2016, 2017, 2018, 2020, 2021, 2023, 2026, 2027, 2031, 2033, 2040, 2042, 2044, 2045, 2047, 2049, 2050, 2053, 2055, 2057, 2058, 2063, 2065, 2066, 2068, 2069, 2070, 2073, 2075, 2077, 2078, 2080, 2082, 2088, 2099, 2107, 2109, 2112, 2114, 2115, 2128, 2132, 2134, 2135, 2144, 2145, 2147, 2149, 2150, 2151, 2154, 2159, 2164, 2166, 2167, 2170, 2174, 2177, 2180, 2181, 2182, 2183, 2184, 2187, 2189, 2194, 2195, 2209, 2250, 2251, 2253, 2257, 2267, 2270, 2271, 2272, 2273, 2275, 2276, 2286, 2287, 2290, 2292, 2297, 2307, 2308, 2309, 2315, 2317, 2318, 2319, 2332, 2334, 2350, 2353, 2360, 2364, 2366, 2375, 2378, 2388, 2390, 2393, 2466, 2473, 2493, 2602, 2604, 2605, 2606, 2607, 2609, 2611, 2620, 2636, 2638, 2640, 2641, 2644, 2645, 2652, 2660, 2661, 2662, 2665, 2667, 2669, 2672, 2674, 2676, 2679, 2680, 2692, 2745, 2749, 2753, 2754, 2803, 2806, 2807, 2809, 2812, 2815, 2816]!Vessel: FarSymphony
[573, 799, 818, 1197, 1212, 1213, 1215, 1217, 1227, 1229, 1231, 1236, 1268, 1269, 1272, 1275, 1276, 1282, 1285, 1288, 1320, 1400, 1403, 1407, 1422, 1432, 1555, 2095, 2186], [1131, 1137, 1147, 1148, 1149, 1168, 1174, 1186, 1204, 1210, 1220, 1243, 1251, 1256, 1259, 1266, 1279, 1280, 1287, 1294, 1298, 1321, 1325, 1428, 1429, 1438, 1457, 1507, 1508, 1528, 1593, 1602, 1603, 1606, 1607, 1609, 1610, 1614, 1617, 1618, 1620, 1623, 1626, 1629, 1630, 1633, 1641, 1642, 1643, 1644, 1654, 1673, 1728, 1730, 1739, 1743, 1766, 1833, 1893, 1896, 1913, 1932, 1967, 1971, 1987, 1999, 2005, 2007, 2008, 2010, 2011, 2013, 2015, 2019, 2023, 2027, 2028, 2034, 2036, 2038, 2046, 2048, 2051, 2055, 2063, 2066, 2069, 2089, 2091, 2096, 2098, 2099, 2101, 2102, 2104, 2106, 2109, 2115, 2128, 2134, 2138, 2140, 2142, 2144, 2145, 2149, 2151, 2157, 2159, 2161, 2162, 2165, 2169, 2173, 2174, 2175, 2176, 2180, 2181, 2182, 2184, 2185, 2189, 2191, 2192, 2193, 2194, 2209, 2251, 2256, 2270, 2273, 2276, 2280, 2281, 2285, 2298, 2304, 2305, 2316, 2318, 2319, 2320, 2322, 2323, 2348, 2351, 2352, 2354, 2360, 2370, 2371, 2375, 2377, 2378, 2380, 2381, 2387, 2388, 2392, 2393, 2399, 2469, 2480, 2591, 2593, 2594, 2597, 2602, 2607, 2608, 2611, 2616, 2619, 2622, 2624, 2626, 2628, 2629, 2631, 2632, 2633, 2634, 2636, 2638, 2639, 2640, 2641, 2642, 2643, 2644, 2645, 2649, 2650, 2652, 2654, 2655, 2657, 2658, 2659, 2660, 2661, 2662, 2663, 2664, 2665, 2666, 2669, 2672, 2676, 2680, 2683, 2685, 2687, 2690, 2693, 2696, 2698, 2699, 2702, 2704, 2707, 2729, 2739, 2744, 2745, 2746, 2749, 2750, 2751, 2752, 2753, 2754, 2756, 2757, 2758, 2759, 2760, 2761, 2762, 2766, 2767, 2769, 2770, 2805, 2806, 2814, 2815, 2816]!Vessel: HavilaForesight
[308, 522, 551, 555, 569, 589, 591, 596, 600, 602, 605, 611, 613, 635, 638, 750, 755, 770, 806, 813, 832, 833, 860, 871, 1179, 1191, 1192, 1195, 1207, 1228, 1234, 1270, 1290, 1292, 1299, 1301, 1303, 1309, 1312, 1326, 1364, 1379, 1380, 1386, 1396, 1399, 1401, 1404, 1406, 1418, 1423, 1434, 1435, 1446, 1581, 1608, 1639, 2003, 2025, 2163, 2283, 2342], [503, 538, 768, 827, 830, 831, 840, 842, 845, 846, 850, 859, 864, 865, 866, 867, 905, 907, 916, 921, 940, 959, 965, 967, 982, 984, 992, 997, 1033, 1077, 1085, 1099, 1104, 1132, 1135, 1136, 1139, 1143, 1146, 1164, 1172, 1176, 1180, 1181, 1183, 1184, 1187, 1203, 1222, 1224, 1226, 1244, 1247, 1249, 1254, 1257, 1304, 1306, 1316, 1319, 1331, 1370, 1375, 1389, 1394, 1409, 1410, 1411, 1413, 1419, 1420, 1425, 1427, 1431, 1436, 1439, 1461, 1510, 1514, 1527, 1530, 1546, 1547, 1548, 1553, 1556, 1559, 1584, 1586, 1590, 1594, 1598, 1601, 1615, 1616, 1619, 1621, 1625, 1635, 1646, 1648, 1653, 1658, 1662, 1724, 1733, 1752, 1808, 1957, 1960, 1973, 1979, 1980, 1982, 1983, 1985, 1995, 1996, 1997, 2004, 2006, 2012, 2014, 2016, 2020, 2022, 2029, 2030, 2032, 2033, 2035, 2039, 2041, 2043, 2052, 2054, 2060, 2062, 2064, 2067, 2070, 2072, 2074, 2075, 2076, 2079, 2081, 2083, 2087, 2090, 2093, 2094, 2097, 2105, 2108, 2116, 2135, 2137, 2139, 2143, 2147, 2170, 2188, 2196, 2254, 2257, 2258, 2277, 2278, 2279, 2284, 2286, 2291, 2292, 2295, 2296, 2297, 2311, 2312, 2313, 2314, 2315, 2317, 2329, 2330, 2332, 2343, 2344, 2353, 2357, 2373, 2379, 2396, 2466, 2493, 2592, 2595, 2601, 2604, 2614, 2667, 2668, 2670, 2671, 2679, 2682, 2684, 2688, 2691]!Vessel: FarStar
] 

minF : 1
maxF : 6
Nf : [
!f : 1, 2, 3, 4, 5, 6
[10], [5, 6], [], [11, 12], [2, 3, 4, 7], [1, 8, 9]
]

! Parameters
VoyageCost: [37970, 39085, 64838, 53931, 37570, 47265, 44429, 45544, 73722, 62814, 42817, 43726, 43120, 46453, 44696, 43120, 53725, 43120, 73722, 62814, 40394, 38879, 38273, 44029, 39848, 38273, 53725, 74837, 63929, 43932, 42418, 44235, 47568, 45811, 44235, 54840, 72716, 73019, 72413, 75746, 73988, 72413, 73322, 62111, 64838, 63929, 62414, 72110, 61202, 39691, 41509, 44841, 43084, 41509, 52113, 37570, 43326, 41569, 39994, 53022, 61505, 45144, 36964, 52416, 46720, 45144, 55749, 65505, 38539, 33692, 56415, 54840, 50186, 51156, 49580, 49580, 81296, 70389, 50392, 48877, 50695, 54028, 52271, 50695, 61299, 81599, 49277, 48574, 48877, 49580, 49847, 48271, 52913, 52210, 60184, 79781, 68874, 58573, 59482, 58876, 62208, 80181, 69274, 78872, 67965, 47968, 46453, 48271, 51604, 49847, 48271, 58876, 81599, 78569, 67662, 46150, 51301, 58573, 79478, 68571, 44029, 59482, 78872, 67965, 44999, 58876, 82205, 71298, 62208, 79781, 68874, 82714, 47568, 50962, 49386, 80896, 69989, 59688, 59991, 63323, 78569, 78872, 80448, 80448, 78169, 79987, 83320, 79987, 79987, 80896, 83623, 81199, 77867, 83017, 79684, 78169, 80593, 77564, 83320, 83320, 81563, 78169, 78472, 82472, 80896, 67662, 67965, 69541, 67965, 69541, 67965, 67262, 72413, 70656, 69080, 80290, 66959, 70353, 68777, 67262, 69686, 68232, 66656, 73988, 72413, 73079, 67262, 67565, 71564, 69989, 47968, 51301, 49544, 47968, 45544, 47120, 79684, 68777, 47265, 52416, 50659, 49083, 68777, 72110, 44841, 50598, 47265, 46659, 52416, 53991, 52416, 50659, 57870, 57264, 60597, 59688, 79478, 68571, 50453, 48877, 45605, 44029, 50901, 49144, 47568, 58173, 44296, 42721, 58173, 81502, 70595, 61505, 49144, 79078, 68171, 62172, 60597, 51604, 49180, 69080, 49083, 52719, 80290, 72413, 79684, 48477, 60899, 82205, 71298, 53179, 51604, 50756, 49180, 54294, 52719, 49786, 52477, 50901, 51871, 50295, 54294, 81805, 70898, 64899, 63323, 49847, 60451, 44999, 60451, 81563, 50962, 81866, 81260, 82169, 84896, 71261, 48841, 79139, 48235, 43690, 63990, 61263, 78872, 78872, 45544, 43423, 59991, 57567, 58876, 58876, 61566, 59142, 55337, 55337, 54731, 56306, 54731, 89174, 54028, 57421, 55846, 76449, 66147, 66450, 69783, 55034, 54428, 56003, 54428, 53725, 55337, 55603, 56306, 54731, 58670, 58064, 59639, 58064, 57361, 65941, 65335, 66911, 65335, 65335, 64632, 68026, 66450, 87659, 65032, 64329, 64632, 65602, 64026, 68668, 67965, 88059, 86241, 75334, 85332, 74425, 54428, 58064, 86750, 86144, 89780, 75237, 78872, 53725, 58876, 51604, 57361, 84932, 74025, 63723, 64632, 64026, 67359, 74122, 57761, 86447, 89477, 78569, 51301, 73722, 64329, 63723, 67056, 85938, 75031, 84629, 73722, 87356, 84326, 73419, 84629, 73722, 50756, 64632, 87962, 77055, 67965, 85538, 74631, 85332, 74425, 86750, 84932, 74025, 67359, 88665, 77757, 88265, 77357, 87659, 65602, 64026, 54294, 52719, 88774, 66717, 65141, 85332, 86144, 84629, 86447, 89780, 88022, 86447, 85029, 84326, 86144, 89477, 86144, 84629, 85599, 84023, 87962, 85599, 84023, 84023, 85599, 84023, 85441, 90592, 87259, 83320, 89077, 85744, 85138, 90895, 90895, 86447, 87356, 86750, 90083, 88325, 86750, 88325, 86750, 87562, 86047, 91198, 87865, 85744, 87562, 90895, 87562, 86047, 88471, 85441, 90083, 89380, 91198, 91198, 86047, 86956, 86350, 89683, 88774, 83720, 85296, 83720, 83017, 88774, 85441, 84835, 90592, 90592, 84629, 83320, 87356, 88471, 84629, 85538, 88265, 86508, 84932, 86508, 84932, 87356, 85744, 84229, 86047, 89380, 87623, 86047, 84629, 83926, 85744, 89077, 87320, 85744, 84229, 85199, 83623, 87562, 89380, 90046, 74425, 75237, 75540, 77115, 76812, 74691, 73116, 77055, 78872, 77115, 74691, 73116, 77115, 73116, 74691, 73116, 76352, 72413, 76412, 74837, 74231, 81563, 72813, 74388, 72813, 72110, 74534, 72413, 78836, 76449, 81563, 74631, 77357, 74025, 74025, 74837, 75140, 76715, 75140, 76412, 74837, 74291, 72716, 76655, 78472, 75237, 78569, 54694, 57058, 58876, 60451, 58876, 57118, 73722, 63723, 67056, 52271, 50695, 54694, 55543, 58876, 57118, 55543, 53119, 54694, 53119, 76352, 79684, 52416, 58173, 56415, 54840, 54234, 59991, 61566, 59991, 58233, 64838, 68171, 75237, 74534, 77927, 75503, 73928, 77867, 79684, 81260, 79684, 74837, 78169, 52877, 49992, 56415, 56452, 58027, 56452, 55749, 59142, 57567, 61566, 68171, 65299, 63723, 65299, 63723, 63020, 66414, 64838, 63020, 63990, 62414, 66353, 69747, 68171, 68838, 87053, 58027, 53179, 73722, 53725, 57361, 55603, 54028, 53179, 51604, 78169, 60051, 58476, 56718, 73322, 63323, 66656, 67323, 65747, 77721, 73419, 55300, 53725, 73019, 67020, 65444, 73722, 51871, 73322, 66656, 58936, 57361, 89077, 70656, 69080, 66208, 64632, 66208, 64632, 64899, 69747, 89780, 78872, 84932, 74025, 67359, 56755, 54997, 53422, 87356, 76449, 59179, 87865, 79987, 87259, 68474, 89380, 78472, 56052, 86653, 75746, 78872, 60754, 59179, 89780, 58330, 56755, 60754, 55906, 54331, 58330, 58330, 56755, 59445, 57870, 61869, 78472, 80448, 79987, 77564, 57058, 54937, 56512, 54937, 59748, 58173, 55203, 60051, 59445, 68935, 67359, 68935, 67359, 70050, 68474, 67626, 66050, 72473, 56306, 54997, 75600, 86908, 76000, 65602, 56912, 86205, 75297, 50150, 88931, 78024, 75600, 57421, 54997, 89440, 88834, 92470, 89137, 56112, 87719, 88628, 91355, 88022, 88022, 87320, 89137, 90046, 92773, 87017, 92167, 88834, 89743, 86714, 90652, 92470, 88229, 90955, 76109, 79745, 77321, 86714, 75806, 55809, 87017, 86411, 90046, 79139, 84896, 73988, 51568, 80048, 68026, 68026, 78230, 89440, 77927, 75806, 55809, 79139, 69141, 90349, 66717, 75540, 76146, 73722, 51301, 78169, 86653, 75746, 53119, 54028, 49180, 53628, 63323, 64026, 60487, 60487, 61457, 59881, 60487, 60754, 59179, 95233, 73176, 71601, 60184, 61154, 59578, 60184, 60451, 63820, 64790, 63214, 65396, 62511, 71092, 72061, 70486, 71092, 70486, 72061, 70486, 69783, 70789, 70183, 71758, 70183, 69480, 72667, 71092, 71358, 69783, 74425, 73819, 75394, 73819, 73116, 81696, 92604, 60184, 65335, 63820, 91392, 80484, 70183, 73819, 96239, 94022, 97657, 91901, 97051, 95536, 80993, 86144, 84629, 81296, 58876, 74631, 58330, 56755, 62511, 69480, 69783, 70752, 69177, 73116, 92907, 63517, 91089, 80181, 73516, 95936, 97354, 95233, 84326, 58027, 92507, 69480, 70449, 68874, 72813, 81090, 80181, 92507, 79781, 79878, 79478, 80181, 92507, 79781, 73116, 94421, 83514, 94022, 83114, 71358, 69783, 91392, 80484, 89780, 78872, 89477, 78569, 93113, 82205, 83817, 74085, 72510, 91089, 90483, 92058, 90483, 91901, 93719, 97051, 93719, 89780, 95536, 92204, 93173, 91598, 97354, 97354, 90786, 90180, 91755, 90180, 89477, 95233, 91901, 91295, 97051, 97051, 91089, 91089, 92058, 90483, 93816, 95391, 93816, 93113, 90749, 89174, 91295, 92870, 91295, 90592, 96348, 93016, 92410, 98166, 91355, 89780, 90046, 88471, 96651, 94930, 96506, 94930, 94228, 96045, 93816, 93210, 94785, 93210, 93210, 94022, 92507, 94325, 97657, 95900, 94325, 92204, 94022, 97354, 94022, 92507, 94930, 93476, 91901, 96542, 95839, 97657, 97657, 93476, 91901, 91901, 93476, 91901, 93319, 95137, 98469, 95137, 91198, 96954, 93622, 93016, 98772, 98772, 92204, 91598, 93173, 91598, 90895, 96651, 93319, 92713, 98469, 98469, 94082, 92507, 92773, 91198, 95839, 95233, 96809, 95233, 94531, 96954, 96348, 94118, 92507, 93416, 92810, 96142, 94385, 92810, 93416, 92810, 94385, 92810, 92810, 93622, 92107, 93925, 97257, 95500, 93925, 91804, 93622, 96954, 95197, 93622, 92107, 96106, 94531, 93076, 91501, 96142, 95439, 97257, 98833, 97257, 90446, 88871, 91052, 89477, 88168, 96348, 94627, 94627, 93925, 95742, 91355, 89780, 92507, 94688, 93113, 91998, 92967, 91392, 90689, 90386, 90689, 93113, 90083, 94724, 94022, 95839, 92204, 92507, 95839, 94082, 92507, 92204, 90689, 90083, 95839, 91658, 90083, 91501, 93319, 96651, 94894, 93319, 89380, 95137, 93379, 91804, 92773, 91198, 96954, 98530, 96954, 95197, 92204, 95536, 93779, 92204, 90386, 89780, 95536, 91355, 89780, 89077, 94834, 93076, 91501, 92470, 90895, 96651, 98227, 96651, 94894, 90689, 90689, 91658, 90083, 92773, 93416, 94991, 93416, 92713, 95137, 94531, 79575, 79575, 82811, 84387, 82811, 82266, 80690, 84690, 79272, 84387, 82908, 84484, 82908, 84629, 79842, 82266, 78872, 79139, 83987, 79539, 81963, 83684, 81563, 81599, 82205, 82060, 80484, 79781, 84932, 81599, 79478, 84629, 79781, 82205, 79175, 84932, 86508, 84932, 79175, 79175, 83987, 82411, 80896, 81866, 84290, 78872, 83987, 81866, 84084, 82508, 84229, 59578, 80993, 86144, 80387, 85029, 84326, 86144, 87719, 86144, 62269, 62911, 64487, 62911, 64632, 66450, 68026, 66450, 62208, 65602, 64026, 68026, 74631, 69480, 71298, 74631, 72873, 71298, 81296, 70449, 68874, 72813, 76206, 74631, 59845, 62269, 60693, 64693, 81296, 59845, 58270, 62269, 83078, 81502, 85441, 87259, 87259, 82411, 85744, 60451, 58876, 59142, 57567, 63990, 64026, 65602, 64026, 63323, 66717, 65141, 69141, 75746, 71564, 69989, 73928, 77321, 75746, 80387, 81963, 80387, 79684, 82108, 85502, 83078, 83720, 85296, 83720, 83017, 87017, 85441, 84835, 82872, 81296, 80593, 79987, 84629, 83926, 85744, 87320, 85744, 60451, 62875, 61299, 59142, 63178, 61602, 65602, 62475, 66717, 74897, 73322, 72873, 72873, 68874, 70449, 68874, 68171, 72170, 70595, 73988, 71055, 69480, 69747, 68171, 71564, 72207, 73782, 72207, 71504, 73928, 77321, 66511, 64935, 63178, 73116, 60754, 82872, 81296, 87320, 85744, 62511, 67626, 71358, 69783, 71358, 69783, 70050, 68474, 75806, 74231, 74897, 85296, 62875, 82569, 80993, 71055, 69480, 74594, 66511, 83114, 95536, 74691, 73116, 74691, 73116, 73382, 71807, 73782, 73782, 86447, 74934, 79575, 59578, 63214, 84023, 79175, 72510, 79272, 78872, 82508, 81599, 86047, 98166, 95839, 78872, 58876, 62511, 83320, 78472, 71807, 78569, 78169, 82205, 81805, 64790, 63214, 65905, 64329, 68329, 94930, 85332, 84629, 88022, 86447, 85599, 84023, 65905, 76509, 74934, 74085, 72510, 63481, 63481, 61905, 65905, 85138, 62778, 61202, 67020, 75200, 73625, 88022, 85599, 84023, 84932, 84229, 87623, 86047, 64632, 61663, 60087, 64087, 66208, 64632, 62208, 63784, 62208, 67323, 65747, 67323, 62778, 76509, 76509, 74085, 72510, 77624, 85199, 83623, 75200, 61457, 61457, 83575, 86205, 83781, 61154, 64790, 72061, 81151, 61154, 80751, 80848, 80448, 92664, 81757, 61760, 62063, 62063, 62063, 80448, 64087, 80145, 83781, 92264, 81357, 81151, 80751, 62572, 83175, 60148, 95294, 98930, 95597, 96712, 100348, 94591, 96409, 94288, 98227, 100045, 83684, 88834, 83381, 59445, 73176, 71867, 94482, 93779, 93476, 98627, 95294, 96203, 93173, 97112, 98930, 93173, 93173, 94894, 95597, 96506, 99233, 95900, 95900, 95197, 97015, 94894, 100045, 96712, 97621, 94591, 98530, 100348, 92870, 97924, 94591, 93985, 99742, 93779, 92470, 96506, 98227, 97621, 94688, 97415, 94082, 94082, 95803, 96712, 98530, 82472, 82169, 75503, 85805, 78230, 91658, 80751, 94082, 83175, 93985, 97621, 94591, 92870, 96506, 94288, 97924, 97318, 96106, 81963, 82266, 82266, 86714, 86411, 86714, 81563, 91355, 80448, 64087, 60754, 80448, 55906, 89743, 78836, 93379, 82472, 90955, 80048, 70752, 70752, 83175, 73176, 82872, 85599, 83175, 89137, 97924, 88834, 87320, 84896, 63384, 87623, 80181, 63820, 78569, 79781, 80593, 78266, 77963, 80290, 89780, 78872, 58876, 78872, 56452, 77564, 77261, 60899, 91804, 80896, 89380, 78472, 72473, 67214, 65638, 66911, 65335, 70546, 68971, 77818, 76243, 77212, 75637, 77818, 76243, 76509, 74934, 75940, 76909, 75334, 77515, 74631, 79575, 80545, 78969, 79575, 79842, 87453, 92604, 87756, 91392, 100481, 103511, 65335, 71092, 81090, 68971, 75940, 79575, 98360, 101996, 104117, 99778, 104929, 103414, 100081, 103717, 97051, 102808, 100687, 86144, 91901, 89780, 87053, 92204, 103111, 65602, 80387, 69238, 67662, 74631, 74934, 78266, 91089, 68668, 79272, 101693, 103814, 103111, 103414, 100384, 89477, 74631, 77963, 97148, 86241, 97960, 101596, 85938, 101293, 97148, 86241, 89574, 79842, 85332, 97657, 84932, 85029, 97354, 84629, 88665, 88265, 96239, 97209, 95633, 97754, 97754, 97051, 102808, 99475, 98869, 104626, 97815, 96239, 96506, 94930, 103111, 101390, 102966, 101390, 100687, 102505, 95936, 95330, 95936, 96203, 94627, 102808, 101087, 101087, 100384, 102202, 97815, 96239, 99572, 100542, 98966, 101148, 99572, 98263, 96506, 94930, 96445, 97051, 95742, 103923, 102202, 102202, 101499, 103317, 102263, 100687, 101657, 100081, 100954, 99378, 98966, 99936, 98360, 98966, 98360, 99936, 98360, 99778, 101596, 104929, 101596, 97657, 103414, 100081, 101051, 99475, 105232, 105232, 98663, 98057, 98057, 97354, 103111, 99778, 99172, 104929, 104929, 100542, 98966, 99233, 97657, 102299, 101693, 103269, 101693, 100990, 103414, 102808, 99233, 97657, 98627, 97051, 99172, 99172, 98469, 104226, 100893, 100287, 106044, 106044, 99233, 97657, 97924, 96348, 104529, 102808, 104384, 102808, 102105, 103923, 96748, 97354, 96045, 104226, 102505, 102505, 101802, 103620, 100990, 101960, 100384, 102566, 100990, 101257, 99681, 99875, 99269, 100845, 99269, 99269, 100081, 98566, 100384, 103717, 101960, 100384, 98966, 98263, 100081, 103414, 100081, 98566, 102566, 100990, 99536, 97960, 102602, 101899, 103717, 105292, 103717, 101960, 98566, 99536, 97960, 101960, 98566, 97960, 99536, 97960, 99378, 101196, 104529, 101196, 97257, 103014, 101257, 99681, 100651, 99075, 104832, 104832, 103075, 98263, 97657, 97657, 96954, 102711, 99378, 98772, 104529, 104529, 100142, 98566, 98833, 97257, 100651, 101899, 101293, 102869, 101293, 100590, 104590, 103014, 102408, 94627, 100384, 99778, 99075, 98263, 98118, 96542, 96542, 98118, 96542, 95839, 98263, 96845, 96239, 96239, 95536, 97960, 98724, 97148, 97415, 95839, 100481, 99875, 101451, 99875, 99172, 101596, 98663, 97960, 99778, 103111, 99778, 99233, 97657, 102299, 101596, 103414, 104989, 103414, 101657, 95839, 96809, 95233, 99233, 97354, 97354, 96651, 102408, 99075, 98469, 104226, 97415, 95839, 96106, 94531, 104287, 102711, 100954, 100348, 100990, 102566, 100990, 100287, 102105, 98930, 97354, 101996, 101293, 103111, 103111, 95536, 96506, 94930, 95536, 95803, 94228, 102408, 100687, 100687, 99984, 101802, 99233, 97415, 95839, 99172, 100142, 98566, 100748, 99172, 97863, 84726, 87962, 85332, 84023, 84423, 85029, 85332, 89634, 88059, 86714, 86411, 91355, 87356, 90046, 85635, 87210, 85635, 87053, 84932, 90689, 88931, 87356, 86750, 85332, 85332, 84629, 90386, 87053, 84932, 87210, 85635, 90543, 88968, 90083, 84932, 84326, 84932, 83623, 90046, 89440, 84023, 84629, 88931, 91658, 93379, 64729, 65602, 64026, 86847, 86847, 86144, 91901, 88568, 93719, 93719, 90786, 90180, 90180, 89477, 91901, 91295, 68062, 70486, 70486, 69783, 71601, 82205, 68668, 68935, 67359, 80387, 82205, 81357, 79781, 75334, 75334, 74631, 77055, 78024, 76449, 88022, 86447, 78024, 78666, 78666, 77963, 80387, 88871, 92204, 91295, 91295, 90592, 93016, 92410, 88871, 89137, 87562, 91501, 93319, 93319, 66717, 69177, 68474, 82472, 80896, 79139, 79781, 79781, 79078, 85538, 86144, 84835, 88871, 89477, 88168, 90446, 86447, 86447, 85744, 88168, 92204, 92204, 90386, 89780, 89780, 89077, 91501, 90895, 70050, 82472, 75600, 74025, 74631, 74897, 73322, 77321, 78933, 77357, 76655, 65335, 70546, 68971, 74085, 82266, 80690, 90446, 93779, 92204, 91355, 89780, 71661, 78933, 77624, 79842, 78266, 78630, 92264, 90689, 82266, 82266, 80957, 90483, 78969, 90083, 88968, 92507, 104626, 104226, 89780, 78266, 89380, 88265, 69940, 68365, 72364, 91598, 69238, 67662, 73479, 81660, 80084, 91089, 92058, 90483, 80545, 78969, 84084, 81660, 71055, 94082, 92507, 92773, 91198, 70353, 82775, 90749, 89174, 93173, 90046, 88471, 90689, 91658, 90083, 93379, 91804, 95197, 72207, 67359, 69783, 69783, 81502, 79236, 77660, 81660, 78533, 76958, 66608, 88725, 89331, 92058, 93779, 89634, 88628, 66305, 69940, 77212, 80545, 87816, 81151, 86908, 67214, 86508, 76509, 78933, 86205, 76206, 90240, 70546, 89840, 77818, 78327, 100748, 104687, 106504, 106807, 103475, 102166, 106104, 107922, 106407, 104081, 105801, 105196, 90749, 99633, 99633, 101354, 100239, 98930, 102966, 104687, 104081, 98930, 98324, 98930, 97621, 102360, 101657, 104081, 101051, 104989, 106807, 101051, 101051, 102772, 101657, 100348, 104384, 106104, 105499, 97318, 101657, 102263, 100954, 100542, 99839, 102263, 99233, 103172, 104989, 99839, 98530, 102566, 104287, 91355, 83381, 102566, 86302, 85902, 85999, 85599, 89234, 88325, 104081, 100045, 103681, 100748, 104384, 105499, 100348, 103984, 88725, 89537, 89537, 93173, 89840, 87417, 94288, 87114, 93173, 90749, 91658, 88325, 88325, 92470, 89137, 103378, 67214, 86508, 76206, 86908, 85599, 85296, 99839, 88931, 86508, 85599, 65905, 63481, 85199, 88022, 88022, 85296, 65602, 63178, 86411, 97621, 89743, 84896, 78230, 99839, 88931, 69238, 66814, 99439, 88531, 76509, 76509, 77212, 75903, 75600, 79236, 94082, 88325, 88022, 106104, 95597, 94894, 103681, 106407, 89743, 100045, 103681, 92773, 87623, 86241, 75940, 76243, 77963, 88665, 88265, 78266, 100990, 87659, 78266, 84023, 64026, 83720, 83720, 83320, 87356, 86956, 82969, 81393, 81090, 92604, 93513, 97148, 70486, 86847, 75697, 74122, 103511, 107147, 109874, 104929, 108565, 106541, 110177, 105838, 109474, 102202, 107959, 105838, 91295, 97051, 96506, 94930, 98663, 92204, 97960, 85538, 79781, 83417, 96845, 73819, 106844, 108262, 109874, 109171, 105535, 94627, 83114, 104420, 108056, 107753, 76243, 81090, 103111, 106747, 96239, 101996, 106444, 95936, 94724, 102966, 101390, 102905, 102202, 108662, 107959, 109777, 107147, 106541, 107413, 105838, 101087, 106238, 105535, 106298, 104723, 106650, 105692, 104117, 104117, 105086, 103511, 105632, 104929, 106747, 112503, 104117, 104384, 102808, 110989, 109268, 109268, 108565, 110383, 103814, 103208, 102505, 108965, 108262, 110080, 107450, 108419, 106844, 107450, 107716, 106141, 104384, 102808, 104323, 103620, 110080, 109377, 111195, 108565, 107959, 107256, 102505, 107656, 106953, 107716, 106141, 105026, 105995, 104420, 108419, 105026, 104420, 104420, 105838, 107656, 107656, 103717, 109474, 107716, 106141, 107110, 105535, 111292, 111292, 104723, 104117, 104117, 103414, 109171, 105838, 105232, 110989, 110989, 106601, 105026, 105292, 103717, 108359, 107753, 107753, 107050, 111049, 109474, 108868, 105292, 103717, 103717, 104687, 103111, 105232, 105232, 104529, 110286, 106953, 106347, 112104, 103717, 103984, 102408, 110589, 108868, 108868, 108165, 109983, 103414, 102808, 103414, 102105, 110286, 108565, 107862, 109680, 107716, 106407, 107050, 108019, 106444, 107050, 107316, 105741, 103875, 102299, 102299, 103269, 101693, 102299, 102566, 100990, 101390, 101996, 100687, 105632, 106601, 105026, 105632, 105898, 104323, 103814, 103814, 103111, 108868, 105535, 104929, 107450, 107450, 106747, 109171, 108565, 102566, 100990, 104384, 102505, 103111, 101802, 108262, 107559, 109377, 103681, 106747, 107716, 106141, 107013, 105438, 107147, 107147, 106444, 108868, 108262, 100687, 106444, 105838, 105135, 104989, 105898, 104323, 92058, 90483, 90180, 95391, 93816, 91392, 92361, 90786, 92907, 92967, 91392, 91658, 90083, 98263, 96542, 91089, 90483, 91089, 89780, 96239, 92967, 91392, 94118, 94724, 93416, 91658, 90083, 94082, 92773, 89780, 93416, 91998, 92604, 91295, 97754, 97051, 98869, 95330, 94627, 75637, 99778, 74934, 87356, 86241, 86241, 85538, 87962, 80484, 81090, 79781, 84423, 83817, 84423, 83114, 94022, 97960, 99778, 96445, 95742, 97354, 97354, 96651, 99075, 98469, 84932, 85538, 84229, 91598, 92204, 90895, 97354, 95536, 94930, 95536, 94228, 94627, 84726, 84726, 92907, 96542, 95839, 96239, 110686, 92204, 95839, 95536, 76812, 97209, 95633, 96239, 96506, 94930, 85696, 84120, 84993, 83417, 99233, 97657, 97621, 96809, 95233, 95839, 96106, 94531, 74934, 97960, 86811, 96506, 95391, 82969, 94785, 93476, 96300, 86302, 86302, 107716, 95900, 99839, 108625, 108225, 105389, 104081, 107413, 104081, 107510, 106807, 111958, 106807, 105499, 108831, 107413, 105692, 107413, 106298, 104989, 107013, 96506, 99839, 95694, 110140, 106807, 111255, 110443, 107110, 107110, 111558, 111558, 93876, 94482, 97209, 100748, 93173, 96506, 94785, 94082, 96809, 72364, 75697, 82969, 94991, 93173, 81660, 94082, 94991, 74388, 84993, 84993, 84993, 86108, 81660, 82363, 85696, 97415, 110140, 108831, 89234, 100348, 110140, 99233, 96106, 84726, 112297, 115024, 113715, 114624, 97354, 113206, 109268, 113715, 112600, 110177, 110177, 109571, 110177, 108868, 114624, 109874, 108565, 113509, 112903, 113509, 112200, 108868, 113315, 112200, 107450, 107147, 110783, 112600, 113206, 111897, 111897, 96542, 97354, 102299, 101693, 100990, 96239, 99875, 86241, 98663, 102299, 101996, 101390, 89877, 100990, 100687]
VoyageDuration: [2, 2, 2, 2, 2, 2, 2, 2, 2, 2, 2, 2, 2, 2, 2, 2, 2, 2, 2, 2, 2, 2, 2, 2, 2, 2, 2, 2, 2, 2, 2, 2, 2, 2, 2, 2, 2, 2, 2, 2, 2, 2, 2, 2, 2, 2, 2, 2, 2, 2, 2, 2, 2, 2, 2, 2, 2, 2, 2, 2, 2, 2, 2, 2, 2, 2, 2, 2, 2, 2, 2, 2, 2, 2, 2, 2, 3, 2, 2, 2, 2, 2, 2, 2, 2, 3, 2, 2, 2, 2, 2, 2, 2, 2, 2, 2, 2, 2, 2, 2, 2, 2, 2, 2, 2, 2, 2, 2, 2, 2, 2, 2, 3, 2, 2, 2, 2, 2, 2, 2, 2, 2, 2, 2, 2, 2, 3, 2, 2, 2, 2, 3, 2, 2, 2, 2, 2, 2, 2, 2, 2, 2, 3, 3, 2, 2, 3, 2, 2, 2, 3, 2, 2, 3, 2, 2, 2, 2, 3, 3, 3, 2, 2, 3, 2, 2, 2, 2, 2, 2, 2, 2, 2, 2, 2, 3, 2, 2, 2, 2, 2, 2, 2, 2, 2, 2, 2, 2, 2, 2, 2, 2, 2, 2, 2, 2, 2, 2, 2, 2, 2, 2, 2, 2, 2, 2, 2, 2, 2, 2, 2, 2, 2, 2, 2, 2, 2, 2, 2, 2, 2, 2, 2, 2, 2, 2, 2, 2, 2, 3, 2, 2, 2, 2, 2, 2, 2, 2, 2, 2, 2, 2, 2, 2, 2, 2, 2, 3, 2, 2, 2, 2, 2, 2, 2, 2, 2, 2, 2, 2, 2, 3, 2, 2, 2, 2, 2, 2, 2, 3, 2, 3, 3, 3, 3, 2, 2, 2, 2, 2, 2, 2, 2, 2, 2, 2, 2, 2, 2, 2, 2, 2, 2, 2, 2, 2, 2, 3, 2, 2, 2, 2, 2, 2, 2, 2, 2, 2, 2, 2, 2, 2, 2, 2, 2, 2, 2, 2, 2, 2, 2, 2, 2, 2, 2, 2, 2, 3, 2, 2, 2, 2, 2, 2, 2, 3, 3, 2, 3, 2, 2, 2, 3, 3, 3, 2, 3, 2, 2, 2, 2, 3, 2, 2, 2, 2, 2, 2, 2, 3, 3, 3, 2, 2, 2, 2, 2, 3, 2, 3, 2, 3, 3, 2, 3, 2, 2, 2, 3, 3, 2, 3, 2, 3, 2, 3, 3, 2, 2, 3, 3, 3, 3, 3, 2, 2, 2, 2, 3, 2, 2, 3, 3, 3, 3, 3, 3, 3, 3, 3, 3, 3, 3, 3, 3, 3, 3, 3, 3, 3, 3, 3, 3, 3, 3, 3, 3, 3, 3, 3, 3, 3, 3, 3, 3, 3, 3, 3, 3, 3, 3, 3, 3, 3, 3, 3, 3, 3, 3, 3, 3, 3, 3, 3, 3, 3, 3, 3, 3, 3, 3, 3, 3, 3, 3, 3, 3, 3, 3, 3, 3, 3, 3, 3, 3, 3, 3, 3, 3, 3, 3, 3, 3, 3, 3, 3, 3, 3, 3, 3, 3, 3, 3, 3, 3, 3, 3, 3, 2, 2, 2, 3, 3, 2, 2, 3, 3, 3, 2, 2, 3, 2, 2, 2, 2, 2, 3, 2, 2, 3, 2, 2, 2, 2, 2, 2, 3, 3, 3, 2, 3, 2, 2, 2, 2, 3, 2, 3, 2, 2, 2, 3, 3, 2, 3, 2, 2, 2, 2, 2, 2, 2, 2, 2, 2, 2, 2, 2, 2, 2, 2, 2, 2, 2, 2, 3, 2, 2, 2, 2, 2, 2, 2, 2, 2, 2, 2, 2, 2, 3, 2, 2, 3, 3, 3, 3, 2, 3, 2, 2, 2, 2, 2, 2, 2, 2, 2, 2, 2, 2, 2, 2, 2, 2, 2, 2, 2, 2, 2, 2, 2, 2, 2, 3, 2, 2, 2, 2, 2, 2, 2, 2, 2, 3, 2, 2, 2, 2, 2, 2, 2, 2, 3, 2, 2, 2, 2, 2, 2, 2, 2, 2, 2, 2, 2, 3, 2, 2, 2, 2, 2, 2, 2, 2, 3, 3, 3, 2, 2, 2, 2, 2, 3, 3, 2, 3, 3, 3, 2, 3, 3, 2, 3, 2, 3, 2, 2, 3, 2, 2, 2, 2, 2, 2, 2, 2, 2, 2, 2, 3, 3, 3, 3, 2, 2, 2, 2, 2, 2, 2, 2, 2, 2, 2, 2, 2, 2, 2, 2, 2, 2, 2, 2, 2, 3, 2, 2, 2, 3, 2, 2, 3, 3, 2, 2, 2, 3, 3, 3, 3, 2, 3, 3, 3, 3, 3, 3, 3, 3, 3, 3, 3, 3, 3, 3, 3, 3, 3, 3, 2, 3, 2, 3, 2, 2, 3, 3, 3, 3, 3, 2, 2, 3, 2, 2, 3, 3, 3, 2, 2, 3, 2, 3, 2, 2, 2, 2, 2, 3, 3, 2, 2, 2, 2, 2, 2, 2, 2, 2, 2, 2, 2, 2, 2, 3, 2, 2, 2, 2, 2, 2, 2, 2, 2, 2, 2, 2, 2, 2, 2, 2, 2, 2, 2, 2, 2, 2, 2, 2, 2, 2, 2, 2, 2, 3, 2, 3, 3, 2, 3, 3, 2, 2, 2, 3, 3, 2, 3, 3, 3, 3, 3, 3, 3, 3, 3, 3, 3, 2, 3, 2, 2, 2, 2, 2, 2, 2, 3, 3, 2, 3, 3, 3, 3, 3, 3, 3, 2, 3, 2, 2, 2, 3, 3, 3, 3, 3, 3, 3, 3, 3, 3, 2, 3, 3, 3, 3, 2, 2, 3, 3, 3, 3, 3, 3, 3, 3, 3, 3, 2, 3, 3, 3, 3, 3, 3, 3, 3, 3, 3, 3, 3, 3, 3, 3, 3, 3, 3, 3, 3, 3, 3, 3, 3, 3, 3, 3, 3, 3, 3, 3, 3, 3, 3, 3, 3, 3, 3, 3, 3, 3, 3, 3, 3, 3, 3, 3, 3, 3, 3, 3, 3, 3, 3, 3, 3, 3, 3, 3, 3, 3, 3, 3, 3, 3, 3, 3, 3, 3, 3, 3, 3, 3, 3, 3, 3, 3, 3, 3, 3, 3, 3, 3, 3, 3, 3, 3, 3, 3, 3, 3, 3, 3, 3, 3, 3, 3, 3, 3, 3, 3, 3, 3, 3, 3, 3, 3, 3, 3, 3, 3, 3, 3, 3, 3, 3, 3, 3, 3, 3, 3, 3, 3, 3, 3, 3, 3, 3, 3, 3, 3, 3, 3, 3, 3, 3, 3, 3, 3, 3, 3, 3, 3, 3, 3, 3, 3, 3, 3, 3, 3, 3, 3, 3, 3, 3, 3, 3, 3, 3, 3, 3, 3, 3, 3, 3, 3, 3, 3, 3, 3, 3, 3, 3, 3, 3, 3, 3, 3, 3, 3, 3, 3, 3, 3, 3, 3, 3, 3, 3, 3, 3, 3, 3, 3, 3, 3, 3, 3, 3, 3, 3, 3, 3, 3, 3, 3, 3, 3, 3, 3, 3, 3, 3, 3, 3, 3, 3, 3, 3, 3, 3, 3, 3, 3, 3, 3, 3, 3, 3, 3, 3, 3, 3, 3, 3, 3, 3, 3, 3, 3, 3, 3, 3, 3, 3, 3, 3, 3, 3, 3, 3, 3, 3, 3, 3, 3, 3, 3, 3, 3, 3, 3, 3, 3, 3, 3, 3, 3, 3, 3, 3, 3, 3, 3, 3, 3, 3, 2, 3, 3, 3, 3, 3, 3, 3, 3, 2, 2, 2, 2, 2, 2, 3, 2, 2, 2, 2, 3, 3, 2, 2, 3, 3, 2, 3, 2, 2, 3, 3, 3, 2, 2, 2, 2, 3, 2, 2, 2, 3, 3, 3, 3, 3, 3, 3, 2, 2, 2, 2, 2, 2, 2, 2, 2, 2, 2, 3, 3, 2, 2, 3, 3, 3, 3, 3, 3, 3, 3, 3, 3, 3, 3, 3, 3, 3, 3, 3, 3, 3, 3, 3, 3, 3, 3, 3, 3, 2, 2, 2, 2, 2, 2, 2, 2, 2, 3, 3, 3, 3, 2, 2, 2, 2, 2, 2, 3, 2, 2, 2, 2, 2, 2, 3, 3, 2, 3, 3, 2, 2, 2, 3, 2, 3, 3, 3, 3, 2, 2, 2, 2, 2, 2, 2, 2, 3, 3, 3, 3, 2, 3, 3, 2, 2, 3, 2, 3, 3, 3, 3, 3, 3, 3, 2, 2, 2, 3, 3, 3, 2, 2, 3, 3, 2, 3, 3, 3, 3, 3, 3, 3, 3, 2, 2, 3, 3, 2, 3, 3, 3, 3, 2, 2, 2, 2, 3, 3, 3, 3, 3, 3, 3, 3, 2, 3, 3, 3, 2, 2, 2, 2, 2, 3, 2, 2, 2, 3, 3, 3, 3, 3, 3, 3, 3, 3, 2, 2, 2, 2, 2, 2, 2, 2, 2, 2, 2, 2, 2, 3, 3, 3, 3, 3, 3, 3, 3, 2, 2, 3, 3, 3, 2, 2, 2, 3, 2, 3, 3, 3, 3, 3, 2, 2, 2, 2, 3, 2, 3, 3, 3, 3, 3, 3, 2, 3, 2, 3, 3, 3, 3, 3, 3, 3, 3, 3, 3, 3, 3, 3, 2, 3, 2, 3, 3, 3, 3, 3, 3, 3, 3, 3, 3, 3, 3, 3, 3, 3, 3, 3, 3, 3, 3, 3, 3, 3, 3, 3, 3, 3, 3, 3, 3, 3, 3, 3, 3, 3, 3, 3, 3, 3, 3, 3, 3, 3, 3, 3, 3, 3, 3, 3, 3, 3, 3, 3, 3, 3, 3, 3, 3, 3, 3, 3, 3, 3, 3, 3, 3, 3, 3, 3, 3, 2, 2, 3, 2, 3, 3, 3, 3, 3, 3, 2, 2, 3, 3, 3, 3, 3, 3, 3, 3, 3, 3, 2, 3, 3, 2, 3, 3, 3, 3, 3, 3, 3, 3, 2, 3, 2, 3, 3, 2, 3, 3, 3, 3, 2, 2, 2, 2, 2, 3, 2, 3, 3, 3, 3, 3, 3, 3, 3, 3, 3, 3, 3, 3, 3, 3, 3, 3, 3, 3, 3, 3, 3, 3, 3, 2, 3, 3, 2, 3, 3, 3, 3, 3, 3, 3, 3, 3, 3, 3, 3, 3, 3, 3, 3, 3, 3, 3, 2, 3, 3, 2, 3, 3, 3, 3, 2, 3, 3, 3, 3, 3, 3, 3, 3, 3, 3, 3, 3, 3, 3, 3, 3, 3, 3, 3, 3, 3, 3, 3, 3, 3, 3, 3, 3, 3, 3, 3, 3, 3, 3, 3, 3, 3, 3, 3, 3, 3, 3, 3, 3, 3, 3, 3, 3, 3, 3, 3, 3, 3, 3, 3, 3, 3, 3, 3, 3, 3, 3, 3, 3, 3, 3, 3, 3, 3, 3, 3, 3, 3, 3, 3, 3, 3, 3, 3, 3, 3, 3, 3, 3, 3, 3, 3, 3, 3, 3, 3, 3, 3, 3, 3, 3, 3, 3, 3, 3, 3, 3, 3, 3, 3, 3, 3, 3, 3, 3, 3, 3, 3, 3, 3, 3, 3, 3, 3, 3, 3, 3, 3, 3, 3, 3, 3, 3, 3, 3, 3, 3, 3, 3, 3, 3, 3, 3, 3, 3, 3, 3, 3, 3, 3, 3, 3, 3, 3, 3, 3, 3, 3, 3, 3, 3, 3, 3, 3, 3, 3, 3, 3, 3, 3, 3, 3, 3, 3, 3, 3, 3, 3, 3, 3, 3, 3, 3, 3, 3, 3, 3, 3, 3, 3, 3, 3, 3, 3, 3, 3, 3, 3, 3, 3, 3, 3, 3, 3, 3, 3, 3, 3, 3, 3, 3, 3, 3, 3, 3, 3, 3, 3, 3, 3, 3, 3, 3, 3, 3, 3, 3, 3, 3, 3, 3, 3, 3, 3, 3, 3, 3, 3, 3, 3, 3, 3, 3, 3, 3, 3, 3, 3, 3, 3, 3, 3, 3, 3, 3, 3, 3, 3, 3, 3, 3, 3, 3, 3, 3, 3, 3, 3, 3, 3, 3, 3, 3, 3, 3, 3, 3, 3, 3, 3, 3, 3, 3, 3, 3, 3, 3, 3, 3, 3, 3, 3, 3, 3, 3, 3, 3, 3, 3, 3, 3, 3, 3, 3, 3, 3, 3, 3, 3, 3, 3, 3, 3, 3, 3, 3, 3, 3, 3, 3, 3, 3, 3, 3, 3, 3, 3, 3, 3, 3, 3, 3, 3, 3, 3, 3, 3, 3, 3, 3, 3, 3, 3, 3, 3, 3, 3, 3, 3, 3, 3, 3, 3, 3, 3, 3, 3, 3, 3, 3, 3, 3, 3, 3, 3, 3, 2, 2, 2, 3, 3, 3, 3, 3, 3, 3, 3, 3, 3, 3, 3, 3, 3, 3, 3, 3, 3, 3, 3, 3, 2, 3, 3, 3, 3, 3, 3, 3, 3, 3, 3, 3, 3, 3, 3, 3, 3, 3, 3, 3, 3, 3, 3, 3, 3, 3, 3, 3, 3, 3, 3, 2, 3, 3, 3, 3, 3, 3, 3, 3, 3, 3, 3, 3, 3, 3, 3, 3, 3, 3, 3, 3, 3, 3, 3, 3, 3, 3, 3, 3, 3, 3, 3, 3, 3, 3, 3, 3, 3, 3, 2, 3, 3, 3, 3, 3, 3, 3, 3, 3, 3, 3, 3, 3, 3, 3, 3, 3, 3, 3, 3, 3, 3, 3, 3, 3, 3, 3, 3, 3, 3, 3, 3, 3, 3, 3, 3, 3, 2, 3, 3, 3, 3, 3, 3, 3, 3, 3, 3, 3, 3, 3, 3, 3, 3, 3, 3, 3, 3, 3, 3, 3, 3, 3, 3, 3, 3, 3, 2, 3, 3, 3, 3, 3, 3, 3, 3, 2, 3, 3, 3, 3, 3, 3, 2, 3, 3, 3, 3, 3, 3, 2, 3, 3, 3, 3, 3, 3, 3, 3, 3, 3, 3, 3, 3, 3, 3, 3, 3, 3, 3, 3, 3, 3, 3, 3, 3, 3, 3, 3, 3, 3, 3, 3, 3, 3, 3, 3, 3, 3, 3, 3, 3, 3, 3, 3, 3, 3, 3, 3, 3, 3, 3, 3, 3, 3, 3, 3, 3, 3, 3, 3, 3, 3, 3, 3, 3, 3, 3, 3, 3, 3, 3, 3, 3, 3, 3, 3, 3, 3, 3, 3, 3, 3, 3, 3, 3, 3, 3, 3, 3, 3, 3, 3, 3, 3, 3, 3, 2, 3, 3, 3, 3, 3, 3, 3, 3, 3, 2, 2, 3, 3, 3, 3, 2, 2, 3, 3, 3, 3, 3, 3, 3, 3, 3, 3, 3, 3, 3, 3, 3, 3, 3, 3, 3, 3, 3, 3, 3, 3, 3, 3, 3, 3, 3, 3, 3, 3, 3, 3, 3, 3, 3, 3, 3, 3, 3, 2, 3, 3, 3, 3, 3, 3, 3, 3, 3, 3, 3, 3, 3, 3, 3, 3, 3, 3, 3, 3, 3, 3, 3, 3, 3, 3, 3, 3, 3, 3, 3, 3, 3, 3, 3, 3, 3, 3, 3, 3, 3, 3, 3, 3, 3, 3, 3, 3, 3, 3, 3, 3, 3, 3, 3, 3, 3, 3, 3, 3, 3, 3, 3, 3, 3, 3, 3, 3, 3, 3, 3, 3, 3, 3, 3, 3, 3, 3, 3, 3, 3, 3, 3, 3, 3, 3, 3, 3, 3, 3, 3, 3, 3, 3, 3, 3, 3, 3, 3, 3, 3, 3, 3, 3, 3, 3, 3, 3, 3, 3, 3, 3, 3, 3, 3, 3, 3, 3, 3, 3, 3, 3, 3, 3, 3, 3, 3, 3, 3, 3, 3, 3, 3, 3, 3, 3, 3, 3, 3, 3, 3, 3, 3, 3, 3, 3, 3, 3, 3, 3, 3, 3, 3, 3, 3, 3, 3, 3, 3, 3, 3, 3, 3, 3, 3, 3, 3, 3, 3, 3, 3, 3, 3, 3, 3, 3, 3, 3, 3, 3, 3, 3, 3, 3, 3, 3, 3, 3, 3, 3, 3, 3, 3, 3, 3, 3, 3, 3, 3, 3, 3, 3, 3, 3, 3, 3, 3, 3, 3, 3, 3, 3, 3, 3, 3, 3, 3, 3, 3, 3, 3, 3, 3, 3, 3, 3, 3, 3, 3, 3, 3, 3, 3, 3, 3, 3, 3, 3, 3, 3, 3, 3, 3, 3, 3, 3, 3, 3, 3, 3, 3, 3, 3, 3, 3, 3, 3, 3, 3, 3, 3, 3, 3, 3, 3, 3, 3, 3, 3, 3, 3, 3, 3, 3, 3, 3, 3, 3, 3, 3, 3, 3, 3, 3, 3, 3, 3, 3, 3, 3, 3, 3, 3, 3, 3, 3, 3, 3, 3, 3, 3, 3, 3, 3, 3, 3, 3, 3, 3, 3, 3, 3, 3, 3, 3, 3, 3, 3, 3, 3, 3, 3, 3, 3, 3, 3, 3, 3, 3, 3, 3, 3, 3, 3, 3, 3, 3, 3, 3, 3, 3, 3, 3, 3, 3, 3, 3, 3, 3, 3, 3, 3, 3, 3, 3, 3, 3, 3, 3, 3, 3, 3, 3, 3, 3, 3, 3, 3, 3, 3, 3, 3, 3, 3, 3, 3, 3, 3, 3, 3, 3, 3, 3, 3, 3, 3, 3, 3, 3, 3, 3, 3, 3, 3, 3, 3, 3, 3, 3, 3, 3, 3, 3, 3, 3, 3, 3, 3, 3, 3, 3, 3, 3, 3, 3, 3, 3, 3, 3, 3, 3, 3, 3, 3, 3, 3, 3, 3, 3, 3, 3, 3, 3, 3, 3, 3, 3, 3, 3, 3, 3, 3, 3, 3, 3, 3, 3, 3, 3, 3, 3, 3, 3, 3, 3, 3, 3, 3, 3, 3, 3, 3, 3, 3, 3, 3, 3, 3, 3, 3, 3, 3, 3, 3, 3]
TimeCharterCost: [120000, 125000, 130000, 110000, 104000]
RequiredVisits: [6, 5, 5, 5, 2, 2, 5, 6, 6, 1, 4, 4]
NumberOfDaysAvailable: [7, 7, 7, 7, 7]
DepotCapacity: [3, 3, 3, 3, 3, 3, 3]
