!Summary:
!Execution time: 0,47 seconds
!Total # voyages: 222 (492 unique)
!Number of installations (excluding depot): 9
!Number of time windows: 2
!Number of vessels: 5

!Min. # installations: 1
!Max. number of installations: 8
!Min. duration: 56
!Max. duration: 80

!Name: FarStar	 # voyages: 64
!Name: FarSymphony	 # voyages: 46
!Name: FarSearcher	 # voyages: 37
!Name: FarSeeker	 # voyages: 37
!Name: HavilaForesight	 # voyages: 38
!------------------------------------------------------------------------------------------------------------------------
nV : 5
nR : 492
nN : 9
nT : 7
minL : 2
maxL : 3

! Sets: 
Rv : [
[379, 380, 382, 385, 388, 389, 392, 393, 395, 410, 412, 421, 426, 433, 437, 464, 466, 468, 469, 470, 471, 472, 473, 474, 475, 477, 478, 479, 483, 484, 485, 486, 487, 488, 490, 491, 492]!Vessel: FarSeeker
[379, 380, 382, 385, 388, 389, 392, 393, 395, 410, 412, 421, 426, 433, 437, 464, 466, 468, 469, 470, 471, 472, 473, 474, 475, 477, 478, 479, 483, 484, 485, 486, 487, 488, 490, 491, 492]!Vessel: FarSearcher
[264, 271, 299, 304, 325, 328, 391, 396, 397, 398, 401, 402, 403, 404, 405, 406, 407, 408, 409, 419, 420, 429, 430, 435, 439, 442, 443, 444, 445, 446, 447, 448, 449, 450, 451, 452, 453, 456, 457, 458, 459, 462, 463, 465, 467, 480]!Vessel: FarSymphony
[379, 380, 382, 385, 388, 389, 392, 393, 395, 396, 397, 398, 410, 412, 419, 421, 426, 429, 433, 435, 437, 439, 444, 450, 465, 466, 468, 469, 470, 471, 472, 473, 478, 484, 487, 490, 491, 492]!Vessel: HavilaForesight
[259, 260, 261, 266, 267, 269, 271, 274, 276, 278, 279, 280, 292, 293, 294, 299, 304, 310, 314, 317, 322, 325, 328, 331, 333, 334, 335, 336, 340, 341, 360, 371, 376, 378, 381, 384, 387, 390, 391, 399, 401, 402, 403, 405, 407, 408, 417, 423, 425, 427, 440, 447, 451, 452, 454, 456, 458, 460, 463, 467, 476, 481, 482, 489]!Vessel: FarStar
] 

Rvi : [
!i : 1, 2, 3, 4, 5, 6, 7, 8, 9
[379, 380, 382, 392, 395, 410, 412, 421, 426, 468, 469, 470, 471, 472, 473, 474, 475, 477, 478, 479, 483, 484, 488, 490, 492], [379, 380, 382, 385, 388, 389, 392, 393, 395, 410, 426, 437, 464, 466, 468, 469, 470, 471, 472, 473, 474, 477, 483, 485, 487, 488, 491, 492], [379, 380, 382, 385, 388, 389, 392, 393, 395, 412, 421, 433, 464, 466, 468, 469, 470, 474, 475, 477, 478, 479, 485, 486, 488, 490, 491, 492], [379, 380, 385, 388, 389, 395, 410, 412, 421, 426, 433, 437, 464, 466, 469, 471, 473, 474, 475, 477, 478, 479, 483, 484, 485, 486, 487, 492], [379, 388, 389, 392, 393, 421, 426, 433, 437, 466, 468, 471, 472, 477, 478, 479, 483, 484, 485, 486, 487, 488, 490, 491, 492], [379, 380, 382, 385, 388, 389, 392, 393, 395, 410, 412, 421, 426, 433, 437, 464, 466, 468, 469, 470, 471, 472, 473, 474, 475, 477, 478, 479, 483, 484, 485, 486, 487, 488, 490, 491], [382, 385, 388, 393, 395, 410, 412, 433, 437, 464, 466, 468, 469, 470, 471, 472, 473, 475, 478, 484, 486, 487, 490, 491, 492], [464, 466, 468, 469, 470, 471, 472, 473, 474, 475, 477, 478, 479, 483, 484, 485, 486, 487, 488, 490, 491, 492], [380, 382, 385, 389, 392, 393, 410, 412, 421, 426, 433, 437, 464, 470, 472, 473, 474, 475, 479, 483, 484, 485, 486, 487, 488, 490, 491, 492]!Vessel: FarSeeker
[379, 380, 382, 392, 395, 410, 412, 421, 426, 468, 469, 470, 471, 472, 473, 474, 475, 477, 478, 479, 483, 484, 488, 490, 492], [379, 380, 382, 385, 388, 389, 392, 393, 395, 410, 426, 437, 464, 466, 468, 469, 470, 471, 472, 473, 474, 477, 483, 485, 487, 488, 491, 492], [379, 380, 382, 385, 388, 389, 392, 393, 395, 412, 421, 433, 464, 466, 468, 469, 470, 474, 475, 477, 478, 479, 485, 486, 488, 490, 491, 492], [379, 380, 385, 388, 389, 395, 410, 412, 421, 426, 433, 437, 464, 466, 469, 471, 473, 474, 475, 477, 478, 479, 483, 484, 485, 486, 487, 492], [379, 388, 389, 392, 393, 421, 426, 433, 437, 466, 468, 471, 472, 477, 478, 479, 483, 484, 485, 486, 487, 488, 490, 491, 492], [379, 380, 382, 385, 388, 389, 392, 393, 395, 410, 412, 421, 426, 433, 437, 464, 466, 468, 469, 470, 471, 472, 473, 474, 475, 477, 478, 479, 483, 484, 485, 486, 487, 488, 490, 491], [382, 385, 388, 393, 395, 410, 412, 433, 437, 464, 466, 468, 469, 470, 471, 472, 473, 475, 478, 484, 486, 487, 490, 491, 492], [464, 466, 468, 469, 470, 471, 472, 473, 474, 475, 477, 478, 479, 483, 484, 485, 486, 487, 488, 490, 491, 492], [380, 382, 385, 389, 392, 393, 410, 412, 421, 426, 433, 437, 464, 470, 472, 473, 474, 475, 479, 483, 484, 485, 486, 487, 488, 490, 491, 492]!Vessel: FarSearcher
[299, 396, 397, 398, 403, 405, 407, 408, 419, 420, 429, 430, 439, 442, 443, 445, 447, 448, 450, 451, 452, 458, 463, 465, 480], [264, 271, 328, 391, 396, 397, 398, 401, 402, 403, 404, 405, 406, 407, 408, 409, 443, 444, 445, 446, 447, 448, 449, 462, 463, 465, 467, 480], [264, 271, 299, 304, 325, 391, 396, 403, 404, 406, 419, 420, 435, 439, 442, 443, 444, 445, 446, 450, 451, 452, 453, 456, 457, 462, 463, 465, 467, 480], [264, 299, 304, 325, 328, 398, 401, 406, 407, 409, 419, 420, 429, 430, 435, 443, 444, 446, 447, 448, 449, 450, 451, 453, 456, 458, 459, 463, 465, 467, 480], [271, 325, 328, 391, 396, 397, 398, 401, 402, 403, 404, 405, 419, 420, 429, 430, 435, 439, 442, 446, 447, 449, 456, 457, 459, 465, 467, 480], [264, 271, 299, 304, 325, 328, 391, 396, 397, 398, 401, 402, 403, 404, 405, 406, 407, 408, 409, 419, 420, 429, 430, 435, 439, 442, 443, 444, 445, 446, 447, 448, 449, 450, 451, 452, 453, 456, 457, 458, 459, 462], [304, 391, 396, 397, 398, 401, 402, 406, 407, 408, 409, 419, 429, 439, 451, 452, 453, 456, 457, 458, 459, 462, 463, 465, 467], [391, 401, 402, 403, 404, 405, 406, 407, 408, 409, 420, 430, 435, 442, 443, 444, 445, 446, 447, 448, 449, 450, 451, 452, 453, 456, 457, 458, 459, 462, 463, 467, 480], [264, 271, 299, 304, 325, 328, 397, 402, 404, 405, 408, 409, 429, 430, 435, 439, 442, 444, 445, 448, 449, 450, 452, 453, 457, 458, 459, 462, 463, 465, 467, 480]!Vessel: FarSymphony
[379, 380, 382, 392, 395, 396, 397, 398, 410, 412, 419, 421, 426, 429, 439, 450, 465, 468, 469, 470, 471, 472, 473, 478, 484, 490, 492], [379, 380, 382, 385, 388, 389, 392, 393, 395, 396, 397, 398, 410, 426, 437, 444, 465, 466, 468, 469, 470, 471, 472, 473, 487, 491, 492], [379, 380, 382, 385, 388, 389, 392, 393, 395, 396, 412, 419, 421, 433, 435, 439, 444, 450, 465, 466, 468, 469, 470, 478, 490, 491, 492], [379, 380, 385, 388, 389, 395, 398, 410, 412, 419, 421, 426, 429, 433, 435, 437, 444, 450, 465, 466, 469, 471, 473, 478, 484, 487, 492], [379, 388, 389, 392, 393, 396, 397, 398, 419, 421, 426, 429, 433, 435, 437, 439, 465, 466, 468, 471, 472, 478, 484, 487, 490, 491, 492], [379, 380, 382, 385, 388, 389, 392, 393, 395, 396, 397, 398, 410, 412, 419, 421, 426, 429, 433, 435, 437, 439, 444, 450, 466, 468, 469, 470, 471, 472, 473, 478, 484, 487, 490, 491], [382, 385, 388, 393, 395, 396, 397, 398, 410, 412, 419, 429, 433, 437, 439, 465, 466, 468, 469, 470, 471, 472, 473, 478, 484, 487, 490, 491, 492], [435, 444, 450, 466, 468, 469, 470, 471, 472, 473, 478, 484, 487, 490, 491, 492], [380, 382, 385, 389, 392, 393, 397, 410, 412, 421, 426, 429, 433, 435, 437, 439, 444, 450, 465, 470, 472, 473, 484, 487, 490, 491, 492]!Vessel: HavilaForesight
[259, 260, 261, 266, 276, 280, 292, 293, 294, 299, 310, 314, 317, 333, 334, 335, 340, 341, 371, 381, 384, 387, 399, 403, 405, 407, 408, 417, 423, 425, 427, 440, 447, 451, 452, 454, 458, 460, 463, 476, 481, 482, 489], [259, 260, 261, 266, 267, 269, 271, 274, 276, 278, 279, 280, 292, 293, 294, 328, 376, 378, 381, 384, 387, 390, 391, 399, 401, 402, 403, 405, 407, 408, 417, 427, 447, 460, 463, 467, 476, 482, 489], [259, 260, 261, 266, 267, 269, 271, 274, 299, 304, 310, 322, 325, 333, 334, 335, 336, 360, 371, 378, 381, 384, 387, 390, 391, 403, 417, 423, 451, 452, 454, 456, 460, 463, 467, 476, 481, 489], [259, 267, 274, 276, 278, 280, 293, 299, 304, 310, 314, 317, 322, 325, 328, 331, 333, 340, 360, 376, 384, 387, 390, 401, 407, 417, 423, 425, 427, 447, 451, 456, 458, 463, 467, 476, 481, 482], [266, 267, 269, 271, 276, 278, 279, 294, 310, 314, 317, 322, 325, 328, 331, 335, 336, 341, 371, 387, 390, 391, 399, 401, 402, 403, 405, 417, 423, 425, 427, 440, 447, 454, 456, 460, 467, 476, 481, 482, 489], [259, 260, 261, 266, 267, 269, 271, 274, 276, 278, 279, 280, 292, 293, 294, 299, 304, 310, 314, 317, 322, 325, 328, 331, 333, 334, 335, 336, 340, 341, 360, 371, 376, 378, 381, 391, 399, 401, 402, 403, 405, 407, 408, 425, 440, 447, 451, 452, 454, 456, 458], [260, 269, 274, 278, 279, 280, 292, 304, 314, 322, 331, 333, 334, 335, 336, 340, 341, 376, 378, 381, 384, 390, 391, 399, 401, 402, 407, 408, 417, 423, 425, 427, 440, 451, 452, 454, 456, 458, 460, 463, 467, 476, 481, 482, 489], [360, 381, 391, 399, 401, 402, 403, 405, 407, 408, 425, 440, 447, 451, 452, 454, 456, 458, 463, 467, 476, 481, 482, 489], [261, 271, 279, 292, 293, 294, 299, 304, 317, 325, 328, 331, 334, 336, 340, 341, 360, 371, 376, 378, 384, 387, 390, 402, 405, 408, 423, 427, 440, 452, 458, 460, 463, 467, 481, 482, 489]!Vessel: FarStar
] 

Rvl : [
!l : 2, 3
[], [379, 380, 382, 385, 388, 389, 392, 393, 395, 410, 412, 421, 426, 433, 437, 464, 466, 468, 469, 470, 471, 472, 473, 474, 475, 477, 478, 479, 483, 484, 485, 486, 487, 488, 490, 491, 492]!Vessel: FarSeeker
[], [379, 380, 382, 385, 388, 389, 392, 393, 395, 410, 412, 421, 426, 433, 437, 464, 466, 468, 469, 470, 471, 472, 473, 474, 475, 477, 478, 479, 483, 484, 485, 486, 487, 488, 490, 491, 492]!Vessel: FarSearcher
[408], [264, 271, 299, 304, 325, 328, 391, 396, 397, 398, 401, 402, 403, 404, 405, 406, 407, 409, 419, 420, 429, 430, 435, 439, 442, 443, 444, 445, 446, 447, 448, 449, 450, 451, 452, 453, 456, 457, 458, 459, 462, 463, 465, 467, 480]!Vessel: FarSymphony
[], [379, 380, 382, 385, 388, 389, 392, 393, 395, 396, 397, 398, 410, 412, 419, 421, 426, 429, 433, 435, 437, 439, 444, 450, 465, 466, 468, 469, 470, 471, 472, 473, 478, 484, 487, 490, 491, 492]!Vessel: HavilaForesight
[260, 261, 292, 334, 378, 381, 408], [259, 266, 267, 269, 271, 274, 276, 278, 279, 280, 293, 294, 299, 304, 310, 314, 317, 322, 325, 328, 331, 333, 335, 336, 340, 341, 360, 371, 376, 384, 387, 390, 391, 399, 401, 402, 403, 405, 407, 417, 423, 425, 427, 440, 447, 451, 452, 454, 456, 458, 460, 463, 467, 476, 481, 482, 489]!Vessel: FarStar
] 

minF : 2
maxF : 6
Nf : [
!f : 2, 3, 4, 5, 6
[5, 6], [], [], [2, 3, 4, 7], [1, 8, 9]
]

! Parameters
VoyageCost: [37970, 39085, 64838, 59991, 44841, 37570, 44429, 45544, 73722, 62814, 47265, 43726, 43120, 46453, 43120, 73722, 62814, 46053, 38879, 38273, 44029, 74837, 63929, 47265, 42418, 44235, 47568, 72716, 73019, 72413, 75746, 81805, 83017, 62414, 46053, 37570, 43326, 62414, 47265, 45144, 64838, 46053, 50186, 49580, 81296, 70389, 50392, 48877, 50695, 54028, 81599, 84629, 85441, 48877, 49580, 52913, 52210, 80181, 69274, 49277, 78872, 67965, 47968, 46453, 48271, 51604, 81599, 84629, 84229, 79478, 68571, 47265, 44029, 78872, 67965, 82205, 71298, 51301, 82714, 85744, 74837, 85441, 47568, 78872, 78169, 79987, 83320, 90895, 80896, 80290, 83623, 78169, 83320, 79478, 68571, 48574, 67262, 47265, 50901, 84229, 84229, 67262, 81502, 70595, 67965, 48477, 51604, 47265, 49180, 69080, 49083, 52719, 84229, 85441, 47265, 48477, 72413, 52416, 82205, 71298, 51301, 52416, 86047, 84229, 49786, 50598, 55337, 55337, 54731, 89174, 88471, 77963, 81296, 88568, 61299, 54028, 76848, 76146, 76848, 58670, 58064, 57361, 88059, 88471, 77454, 87453, 55034, 85332, 54428, 58064, 89780, 86750, 87259, 76146, 75540, 78872, 86144, 53725, 58876, 51604, 57361, 93319, 85938, 84629, 87356, 88471, 79478, 85441, 84629, 73722, 87962, 85332, 54428, 86750, 88471, 78872, 51301, 88665, 57761, 87259, 89477, 84629, 86447, 89780, 84629, 87962, 84023, 83320, 89077, 90895, 92107, 87356, 86750, 90083, 92107, 86047, 91198, 93319, 86047, 90083, 92107, 89380, 91198, 88471, 86750, 53725, 57361, 87259, 78169, 85441, 58173, 73722, 53725, 88471, 78169, 57058, 87259, 89780, 88471, 78872, 86653, 58876, 53119, 56755, 85441, 87356, 56452, 55543, 59179, 87865, 88471, 79987, 87259, 59991, 93319, 88471, 72413, 52416, 56052, 85441, 86653, 55749, 90592, 80181, 87259, 79478, 89477, 90592, 87259, 57058, 54937, 88774, 60487, 62002, 82605, 63820, 82605, 60184, 92604, 60184, 65335, 63820, 96239, 97051, 95536, 88471, 94022, 97657, 89683, 81296, 88471, 84629, 58876, 91901, 62511, 95330, 89683, 94627, 89683, 91901, 92507, 89683, 84629, 94421, 89683, 89683, 94531, 89683, 89780, 89477, 93113, 63517, 95936, 88471, 91089, 90483, 89780, 95536, 97051, 97354, 91089, 93816, 93113, 96348, 94930, 94228, 93816, 93210, 93210, 94022, 92507, 94325, 97657, 94627, 92507, 96542, 97354, 95839, 97657, 92507, 91901, 93319, 91198, 96954, 98469, 98772, 94531, 97354, 95839, 95233, 96651, 94531, 91901, 64632, 88471, 88471, 89683, 91901, 89683, 95233, 88471, 97051, 81999, 89683, 81296, 86447, 94531, 85332, 89683, 84629, 63214, 91295, 64026, 91901, 94627, 93719, 66450, 95137, 89683, 98166, 58876, 62511, 88471, 83320, 90592, 63323, 93925, 98469, 85938, 85332, 88471, 84629, 62911, 62208, 84023, 95233, 62208, 64632, 100481, 103511, 65335, 71092, 68971, 101996, 102808, 100687, 104117, 99778, 104929, 103414, 90895, 92604, 91901, 89780, 98360, 90895, 93210, 99984, 90895, 91089, 99778, 91901, 90895, 93719, 92604, 97051, 95936, 68668, 100384, 101693, 96239, 102808, 101390, 100687, 99572, 98966, 98966, 98360, 99778, 101596, 104929, 97657, 103414, 105232, 99778, 103814, 102299, 101693, 103111, 104929, 100990, 97657, 104226, 102808, 106044, 102105, 103111, 100990, 91901, 91901, 87756, 93719, 97754, 102202, 70486, 99984, 99984, 101087, 102505, 104626, 97051, 69783, 101499, 89683, 89780, 98469, 90592, 100384, 101802, 91089, 90483, 69783, 107147, 107959, 109874, 104929, 108565, 95027, 103511, 76243, 103814, 96348, 106844, 108662, 107959, 104117, 105632, 104929, 112503, 109268, 108565, 107450, 108965, 108262, 110080, 109377, 108262, 97754, 96239, 97051, 97051, 115024]
VoyageDuration: [2, 2, 2, 2, 2, 2, 2, 2, 2, 2, 2, 2, 2, 2, 2, 2, 2, 2, 2, 2, 2, 2, 2, 2, 2, 2, 2, 2, 2, 2, 2, 3, 3, 2, 2, 2, 2, 2, 2, 2, 2, 2, 2, 2, 3, 2, 2, 2, 2, 2, 3, 3, 3, 2, 2, 2, 2, 2, 2, 2, 2, 2, 2, 2, 2, 2, 3, 3, 3, 2, 2, 2, 2, 2, 2, 3, 2, 2, 3, 3, 2, 3, 2, 2, 2, 2, 3, 3, 2, 2, 3, 2, 3, 2, 2, 2, 2, 2, 2, 3, 3, 2, 3, 2, 2, 2, 2, 2, 2, 2, 2, 2, 3, 3, 2, 2, 2, 2, 3, 2, 2, 2, 3, 3, 2, 2, 2, 2, 2, 3, 3, 2, 3, 3, 2, 2, 2, 2, 2, 2, 2, 2, 3, 3, 2, 3, 2, 3, 2, 2, 3, 3, 3, 2, 2, 3, 3, 2, 2, 2, 2, 3, 3, 3, 3, 3, 3, 3, 3, 2, 3, 3, 2, 3, 3, 3, 2, 3, 2, 3, 3, 3, 3, 3, 3, 3, 3, 3, 3, 3, 3, 3, 3, 3, 3, 3, 3, 3, 3, 3, 3, 3, 3, 3, 3, 2, 2, 3, 3, 3, 2, 2, 2, 3, 3, 2, 3, 3, 3, 3, 3, 2, 2, 2, 3, 3, 2, 2, 2, 3, 3, 3, 3, 2, 3, 3, 2, 2, 2, 3, 3, 2, 3, 3, 3, 3, 3, 3, 3, 2, 2, 3, 2, 2, 3, 2, 3, 2, 3, 2, 2, 2, 3, 3, 3, 3, 3, 3, 3, 3, 3, 3, 2, 3, 2, 3, 3, 3, 3, 3, 3, 3, 3, 3, 3, 3, 3, 3, 3, 3, 3, 2, 3, 3, 3, 3, 3, 3, 3, 3, 3, 3, 3, 3, 3, 3, 3, 3, 3, 3, 3, 3, 3, 3, 3, 3, 3, 3, 3, 3, 3, 3, 3, 3, 3, 3, 3, 3, 3, 3, 3, 3, 3, 2, 3, 3, 3, 3, 3, 3, 3, 3, 3, 3, 3, 3, 3, 3, 3, 3, 2, 3, 2, 3, 3, 3, 2, 3, 3, 3, 2, 2, 3, 3, 3, 2, 3, 3, 3, 3, 3, 3, 2, 2, 3, 3, 2, 2, 3, 3, 2, 3, 2, 3, 3, 3, 3, 3, 3, 3, 3, 3, 3, 3, 3, 3, 3, 3, 3, 3, 3, 3, 3, 3, 3, 3, 3, 2, 3, 3, 3, 3, 3, 3, 3, 3, 3, 3, 3, 3, 3, 3, 3, 3, 3, 3, 3, 3, 3, 3, 3, 3, 3, 3, 3, 3, 3, 3, 3, 3, 3, 3, 3, 3, 3, 3, 3, 3, 3, 3, 3, 3, 3, 3, 3, 3, 3, 3, 3, 3, 3, 3, 3, 3, 3, 3, 3, 3, 3, 3, 3, 3, 3, 3, 3, 3, 3, 3, 3, 3, 3, 3, 3, 3, 3, 3, 3, 3, 3, 3, 3, 3]
TimeCharterCost: [120000, 125000, 130000, 110000, 104000]
RequiredVisits: [6, 5, 5, 5, 2, 2, 5, 6, 6]
NumberOfDaysAvailable: [7, 7, 7, 7, 7]
DepotCapacity: [3, 3, 3, 3, 3, 3, 0]
