!Summary:
!Execution time: 0,64 seconds
!Total # voyages: 1017 (813 unique)
!Number of installations (excluding depot): 10
!Number of time windows: 3
!Number of vessels: 5

!Min. # installations: 1
!Max. number of installations: 8
!Min. duration: 56
!Max. duration: 80

!Name: FarStar	 # voyages: 194
!Name: FarSymphony	 # voyages: 197
!Name: FarSearcher	 # voyages: 210
!Name: FarSeeker	 # voyages: 210
!Name: HavilaForesight	 # voyages: 206
!------------------------------------------------------------------------------------------------------------------------
nV : 5
nR : 813
nN : 10
nT : 7
minL : 2
maxL : 3

! Sets: 
Rv : [
[182, 191, 206, 220, 224, 233, 248, 306, 359, 365, 373, 379, 381, 386, 388, 390, 393, 394, 395, 396, 402, 404, 407, 410, 415, 419, 440, 442, 444, 448, 449, 450, 453, 456, 458, 460, 466, 469, 471, 472, 474, 479, 485, 494, 498, 502, 504, 506, 510, 513, 516, 520, 523, 525, 527, 528, 531, 541, 542, 544, 545, 549, 565, 590, 594, 597, 598, 601, 605, 606, 610, 612, 614, 618, 621, 622, 623, 624, 625, 626, 627, 628, 629, 632, 635, 636, 639, 640, 642, 643, 644, 647, 657, 658, 659, 660, 661, 664, 665, 666, 667, 668, 671, 672, 674, 675, 676, 677, 678, 679, 681, 684, 685, 686, 687, 690, 691, 693, 694, 695, 697, 700, 701, 703, 704, 705, 706, 708, 709, 710, 711, 712, 714, 716, 717, 719, 720, 721, 722, 725, 728, 730, 732, 734, 735, 736, 737, 738, 739, 740, 741, 742, 743, 744, 745, 746, 747, 751, 752, 753, 754, 755, 756, 759, 760, 763, 764, 765, 766, 769, 770, 771, 772, 773, 774, 775, 777, 778, 779, 780, 781, 782, 783, 784, 785, 786, 787, 789, 790, 791, 792, 793, 794, 795, 797, 798, 799, 800, 801, 802, 803, 804, 805, 806, 807, 809, 810, 811, 812, 813]!Vessel: FarSeeker
[182, 191, 206, 220, 224, 233, 248, 306, 359, 365, 373, 379, 381, 386, 388, 390, 393, 394, 395, 396, 402, 404, 407, 410, 415, 419, 440, 442, 444, 448, 449, 450, 453, 456, 458, 460, 466, 469, 471, 472, 474, 479, 485, 494, 498, 502, 504, 506, 510, 513, 516, 520, 523, 525, 527, 528, 531, 541, 542, 544, 545, 549, 565, 590, 594, 597, 598, 601, 605, 606, 610, 612, 614, 618, 621, 622, 623, 624, 625, 626, 627, 628, 629, 632, 635, 636, 639, 640, 642, 643, 644, 647, 657, 658, 659, 660, 661, 664, 665, 666, 667, 668, 671, 672, 674, 675, 676, 677, 678, 679, 681, 684, 685, 686, 687, 690, 691, 693, 694, 695, 697, 700, 701, 703, 704, 705, 706, 708, 709, 710, 711, 712, 714, 716, 717, 719, 720, 721, 722, 725, 728, 730, 732, 734, 735, 736, 737, 738, 739, 740, 741, 742, 743, 744, 745, 746, 747, 751, 752, 753, 754, 755, 756, 759, 760, 763, 764, 765, 766, 769, 770, 771, 772, 773, 774, 775, 777, 778, 779, 780, 781, 782, 783, 784, 785, 786, 787, 789, 790, 791, 792, 793, 794, 795, 797, 798, 799, 800, 801, 802, 803, 804, 805, 806, 807, 809, 810, 811, 812, 813]!Vessel: FarSearcher
[100, 168, 182, 191, 206, 220, 224, 233, 248, 262, 268, 290, 295, 306, 325, 331, 341, 350, 359, 365, 366, 373, 375, 379, 381, 388, 389, 390, 391, 393, 396, 402, 403, 404, 407, 409, 410, 415, 420, 422, 428, 440, 442, 443, 444, 445, 450, 453, 456, 457, 458, 460, 461, 464, 466, 468, 469, 470, 471, 472, 474, 476, 479, 481, 485, 486, 488, 489, 491, 494, 495, 498, 499, 502, 503, 504, 506, 510, 513, 514, 516, 517, 518, 519, 520, 521, 525, 527, 529, 530, 535, 536, 538, 540, 541, 544, 549, 550, 552, 554, 556, 565, 568, 569, 572, 573, 574, 575, 576, 577, 587, 590, 592, 594, 601, 604, 607, 608, 610, 611, 614, 615, 619, 628, 631, 634, 637, 647, 657, 658, 659, 660, 664, 667, 669, 671, 672, 674, 675, 676, 678, 681, 682, 685, 686, 689, 691, 695, 696, 698, 700, 701, 705, 706, 708, 712, 713, 714, 720, 721, 722, 728, 732, 734, 735, 736, 737, 738, 739, 740, 741, 742, 743, 744, 745, 746, 747, 748, 751, 752, 753, 754, 755, 756, 757, 760, 764, 765, 766, 770, 772, 774, 788, 794, 795, 796, 808]!Vessel: FarSymphony
[182, 191, 206, 220, 224, 233, 248, 295, 306, 341, 359, 365, 373, 375, 379, 381, 388, 390, 393, 394, 395, 396, 402, 404, 407, 409, 410, 415, 419, 420, 422, 440, 442, 444, 445, 449, 450, 453, 456, 458, 460, 461, 466, 469, 471, 472, 474, 476, 479, 481, 485, 488, 491, 494, 498, 499, 502, 504, 506, 510, 513, 514, 516, 519, 520, 523, 525, 527, 528, 529, 530, 531, 538, 540, 541, 542, 544, 549, 550, 554, 565, 590, 592, 594, 601, 606, 607, 610, 612, 614, 615, 618, 619, 622, 624, 626, 627, 628, 629, 631, 632, 634, 635, 636, 637, 639, 640, 644, 647, 657, 658, 659, 660, 661, 664, 666, 667, 668, 671, 672, 674, 675, 676, 678, 679, 681, 684, 685, 686, 687, 690, 691, 694, 695, 696, 697, 700, 701, 703, 704, 705, 706, 708, 710, 711, 712, 714, 716, 717, 719, 720, 721, 722, 725, 728, 730, 732, 734, 735, 736, 737, 738, 739, 740, 741, 742, 743, 744, 745, 746, 747, 748, 751, 752, 753, 754, 755, 756, 759, 760, 764, 765, 766, 770, 772, 773, 774, 777, 778, 779, 780, 781, 787, 788, 791, 794, 795, 796, 798, 803, 805, 806, 808, 809, 810, 813]!Vessel: HavilaForesight
[66, 85, 100, 123, 139, 168, 180, 181, 184, 186, 187, 190, 191, 206, 212, 216, 217, 219, 223, 224, 233, 245, 246, 247, 252, 256, 262, 265, 268, 274, 275, 278, 284, 287, 288, 290, 295, 296, 300, 303, 304, 305, 306, 307, 325, 331, 341, 350, 358, 364, 366, 369, 370, 371, 375, 378, 382, 385, 389, 391, 393, 401, 402, 403, 404, 406, 408, 409, 410, 411, 415, 418, 420, 422, 428, 439, 443, 444, 445, 456, 457, 458, 461, 462, 464, 468, 469, 470, 471, 476, 479, 481, 485, 486, 488, 489, 491, 494, 495, 499, 502, 503, 504, 510, 514, 516, 517, 518, 519, 521, 529, 530, 535, 536, 538, 540, 541, 547, 550, 552, 554, 556, 558, 561, 563, 568, 569, 570, 572, 573, 574, 575, 576, 577, 579, 581, 583, 584, 586, 587, 590, 592, 594, 596, 600, 604, 607, 608, 611, 615, 617, 619, 628, 630, 631, 633, 634, 637, 641, 658, 659, 663, 669, 670, 673, 682, 683, 688, 689, 692, 695, 696, 698, 699, 702, 707, 713, 715, 718, 741, 745, 746, 748, 749, 751, 753, 757, 758, 770, 774, 788, 795, 796, 808]!Vessel: FarStar
] 

Rvi : [
!i : 1, 2, 3, 4, 5, 6, 7, 8, 9, 10
[182, 191, 206, 359, 386, 388, 390, 393, 394, 395, 396, 402, 404, 444, 453, 456, 458, 460, 466, 479, 485, 494, 523, 525, 531, 565, 590, 594, 597, 598, 601, 621, 622, 623, 624, 625, 626, 627, 628, 629, 639, 644, 647, 658, 659, 661, 664, 665, 666, 667, 668, 671, 672, 674, 675, 681, 684, 685, 686, 687, 690, 691, 693, 694, 695, 697, 700, 701, 703, 704, 705, 725, 728, 734, 735, 736, 737, 739, 741, 742, 744, 745, 746, 753, 755, 756, 759, 760, 763, 769, 770, 772, 777, 778, 779, 780, 781, 782, 783, 784, 785, 786, 787, 789, 790, 791, 792, 793, 794, 795, 797, 798, 799, 805, 806, 807, 809, 811, 812, 813], [206, 220, 224, 233, 373, 386, 390, 393, 394, 402, 404, 407, 410, 415, 419, 440, 442, 444, 448, 453, 466, 469, 474, 479, 498, 510, 513, 520, 523, 527, 528, 542, 565, 590, 597, 605, 610, 612, 618, 622, 623, 625, 626, 627, 628, 629, 632, 635, 636, 639, 640, 642, 643, 644, 647, 657, 658, 659, 660, 661, 664, 665, 666, 672, 674, 676, 677, 679, 681, 684, 694, 697, 703, 706, 708, 709, 710, 717, 719, 720, 722, 725, 730, 732, 734, 736, 737, 738, 739, 740, 741, 742, 743, 755, 759, 764, 766, 769, 770, 771, 772, 773, 774, 775, 777, 778, 779, 780, 781, 782, 784, 786, 787, 789, 790, 794, 797, 800, 801, 803, 804, 805, 806, 807, 810, 811, 813], [182, 220, 248, 306, 365, 386, 388, 390, 393, 402, 404, 407, 410, 415, 419, 448, 449, 450, 453, 456, 458, 460, 469, 471, 472, 474, 485, 498, 502, 504, 506, 527, 531, 541, 542, 544, 545, 594, 598, 605, 606, 610, 621, 622, 626, 627, 628, 629, 632, 635, 636, 639, 640, 642, 644, 657, 664, 665, 666, 667, 668, 671, 676, 677, 678, 679, 684, 685, 686, 687, 690, 691, 693, 708, 709, 710, 711, 712, 714, 716, 725, 728, 730, 732, 734, 735, 737, 738, 739, 740, 744, 745, 746, 747, 751, 752, 755, 756, 759, 760, 764, 765, 766, 769, 770, 771, 772, 773, 774, 775, 777, 778, 782, 783, 784, 785, 789, 790, 791, 792, 793, 794, 795, 800, 801, 802, 805, 807, 809, 810, 811, 812, 813], [402, 407, 410, 444, 453, 456, 458, 460, 466, 469, 471, 472, 474, 479, 485, 494, 498, 502, 504, 506, 510, 513, 516, 520, 626, 627, 632, 635, 636, 644, 647, 657, 658, 660, 661, 664, 665, 666, 667, 668, 671, 672, 674, 675, 676, 677, 678, 679, 681, 684, 685, 686, 687, 690, 691, 693, 694, 695, 697, 700, 701, 703, 704, 705, 706, 708, 709, 710, 711, 712, 714, 716, 717, 719, 720, 721, 722, 737, 738, 740, 741, 742, 743, 744, 745, 747, 751, 753, 754, 770, 771, 772, 773, 774, 777, 779, 781, 782, 783, 784, 785, 786, 787, 789, 790, 791, 792, 793, 794, 795, 797, 798, 799, 800, 801, 802, 803, 804, 813], [191, 224, 248, 381, 393, 394, 395, 396, 410, 415, 442, 448, 449, 450, 479, 485, 494, 498, 502, 504, 506, 510, 513, 516, 528, 541, 549, 590, 594, 610, 622, 623, 624, 626, 635, 636, 639, 640, 643, 647, 681, 684, 685, 686, 687, 690, 691, 693, 694, 695, 697, 700, 701, 703, 704, 705, 706, 708, 709, 710, 711, 712, 714, 716, 717, 719, 720, 721, 728, 730, 734, 735, 736, 740, 741, 743, 751, 752, 754, 759, 760, 764, 765, 772, 773, 774, 775, 779, 780, 787, 789, 790, 791, 792, 793, 794, 795, 797, 798, 799, 800, 801, 802, 803, 804, 805, 806, 807, 809, 810, 811, 812, 813], [182, 191, 206, 220, 224, 233, 248, 306, 359, 365, 373, 379, 381, 386, 388, 394, 395, 396, 402, 404, 407, 410, 415, 419, 440, 442, 444, 448, 449, 450, 458, 471, 504, 510, 523, 525, 528, 531, 542, 544, 545, 549, 565, 597, 598, 601, 605, 606, 612, 614, 618, 621, 623, 624, 625, 626, 627, 628, 629, 632, 635, 636, 639, 640, 642, 643, 644, 647, 657, 658, 659, 660, 661, 668, 685, 686, 687, 697, 700, 701, 711, 714, 717, 728, 735, 737, 738, 739, 740, 741, 742, 743, 744, 745, 746, 747, 751, 752, 753, 754, 763, 766, 771, 773, 777, 778, 779, 780, 781, 784, 785, 790, 791, 792, 797, 798, 801, 802, 803, 807, 809, 810], [233, 306, 379, 395, 440, 449, 456, 469, 471, 472, 502, 516, 520, 523, 525, 527, 528, 531, 541, 542, 544, 545, 549, 614, 618, 621, 622, 624, 625, 628, 629, 632, 635, 640, 642, 643, 644, 647, 657, 658, 659, 660, 661, 666, 667, 668, 672, 675, 676, 677, 678, 685, 690, 694, 695, 700, 704, 706, 710, 711, 712, 717, 719, 721, 722, 725, 728, 730, 732, 745, 746, 747, 751, 752, 753, 754, 756, 763, 765, 766, 769, 770, 771, 772, 773, 774, 775, 777, 778, 779, 780, 781, 782, 783, 785, 786, 787, 791, 793, 795, 798, 799, 800, 802, 803, 804, 805, 806, 809, 810, 812, 813], [388, 396, 419, 440, 442, 450, 525, 544, 549, 565, 601, 606, 612, 614, 621, 623, 624, 625, 628, 642, 643, 657, 658, 659, 660, 664, 667, 671, 672, 674, 675, 676, 678, 679, 681, 686, 691, 695, 701, 705, 706, 708, 712, 714, 716, 720, 721, 722, 732, 734, 735, 736, 737, 738, 739, 740, 741, 742, 743, 744, 745, 746, 747, 751, 752, 753, 754, 755, 756, 760, 763, 764, 765, 766, 769, 770, 771, 773, 774, 775, 777, 778, 779, 780, 781, 782, 783, 784, 785, 786, 787, 789, 790, 791, 792, 793, 794, 795, 797, 798, 799, 800, 801, 802, 803, 804, 805, 806, 807, 809, 810, 811, 812, 813], [359, 365, 373, 379, 381, 390, 404, 407, 415, 444, 458, 460, 466, 471, 472, 474, 494, 504, 506, 510, 513, 516, 520, 527, 541, 545, 590, 594, 597, 598, 601, 605, 606, 610, 612, 614, 618, 627, 629, 632, 636, 639, 640, 659, 660, 661, 665, 668, 671, 674, 675, 677, 678, 679, 687, 693, 697, 700, 701, 703, 704, 705, 709, 711, 714, 716, 717, 719, 720, 721, 722, 725, 728, 730, 732, 735, 736, 738, 739, 742, 743, 744, 746, 747, 752, 753, 754, 755, 756, 759, 760, 763, 764, 765, 766, 769, 770, 771, 772, 774, 775, 778, 780, 781, 783, 784, 785, 786, 792, 794, 795, 797, 798, 799, 801, 802, 803, 804, 806, 807, 809, 810, 811, 812, 813], [182, 191, 206, 220, 224, 233, 248, 306, 359, 365, 373, 379, 381, 386, 388, 390, 393, 394, 395, 396, 419, 440, 442, 448, 449, 450, 453, 456, 460, 466, 469, 472, 474, 479, 485, 494, 498, 502, 506, 513, 516, 520, 523, 525, 527, 528, 531, 541, 542, 544, 545, 549, 565, 590, 594, 597, 598, 601, 605, 606, 610, 612, 614, 618, 621, 622, 623, 624, 625, 642, 643, 664, 665, 666, 667, 671, 672, 674, 675, 676, 677, 678, 679, 681, 684, 690, 691, 693, 694, 695, 703, 704, 705, 706, 708, 709, 710, 712, 716, 719, 720, 721, 722, 725, 730, 732, 734, 736, 755, 756, 759, 760, 763, 764, 765, 769, 775, 782, 783, 786, 787, 789, 793, 799, 800, 804, 805, 806, 811, 812]!Vessel: FarSeeker
[182, 191, 206, 359, 386, 388, 390, 393, 394, 395, 396, 402, 404, 444, 453, 456, 458, 460, 466, 479, 485, 494, 523, 525, 531, 565, 590, 594, 597, 598, 601, 621, 622, 623, 624, 625, 626, 627, 628, 629, 639, 644, 647, 658, 659, 661, 664, 665, 666, 667, 668, 671, 672, 674, 675, 681, 684, 685, 686, 687, 690, 691, 693, 694, 695, 697, 700, 701, 703, 704, 705, 725, 728, 734, 735, 736, 737, 739, 741, 742, 744, 745, 746, 753, 755, 756, 759, 760, 763, 769, 770, 772, 777, 778, 779, 780, 781, 782, 783, 784, 785, 786, 787, 789, 790, 791, 792, 793, 794, 795, 797, 798, 799, 805, 806, 807, 809, 811, 812, 813], [206, 220, 224, 233, 373, 386, 390, 393, 394, 402, 404, 407, 410, 415, 419, 440, 442, 444, 448, 453, 466, 469, 474, 479, 498, 510, 513, 520, 523, 527, 528, 542, 565, 590, 597, 605, 610, 612, 618, 622, 623, 625, 626, 627, 628, 629, 632, 635, 636, 639, 640, 642, 643, 644, 647, 657, 658, 659, 660, 661, 664, 665, 666, 672, 674, 676, 677, 679, 681, 684, 694, 697, 703, 706, 708, 709, 710, 717, 719, 720, 722, 725, 730, 732, 734, 736, 737, 738, 739, 740, 741, 742, 743, 755, 759, 764, 766, 769, 770, 771, 772, 773, 774, 775, 777, 778, 779, 780, 781, 782, 784, 786, 787, 789, 790, 794, 797, 800, 801, 803, 804, 805, 806, 807, 810, 811, 813], [182, 220, 248, 306, 365, 386, 388, 390, 393, 402, 404, 407, 410, 415, 419, 448, 449, 450, 453, 456, 458, 460, 469, 471, 472, 474, 485, 498, 502, 504, 506, 527, 531, 541, 542, 544, 545, 594, 598, 605, 606, 610, 621, 622, 626, 627, 628, 629, 632, 635, 636, 639, 640, 642, 644, 657, 664, 665, 666, 667, 668, 671, 676, 677, 678, 679, 684, 685, 686, 687, 690, 691, 693, 708, 709, 710, 711, 712, 714, 716, 725, 728, 730, 732, 734, 735, 737, 738, 739, 740, 744, 745, 746, 747, 751, 752, 755, 756, 759, 760, 764, 765, 766, 769, 770, 771, 772, 773, 774, 775, 777, 778, 782, 783, 784, 785, 789, 790, 791, 792, 793, 794, 795, 800, 801, 802, 805, 807, 809, 810, 811, 812, 813], [402, 407, 410, 444, 453, 456, 458, 460, 466, 469, 471, 472, 474, 479, 485, 494, 498, 502, 504, 506, 510, 513, 516, 520, 626, 627, 632, 635, 636, 644, 647, 657, 658, 660, 661, 664, 665, 666, 667, 668, 671, 672, 674, 675, 676, 677, 678, 679, 681, 684, 685, 686, 687, 690, 691, 693, 694, 695, 697, 700, 701, 703, 704, 705, 706, 708, 709, 710, 711, 712, 714, 716, 717, 719, 720, 721, 722, 737, 738, 740, 741, 742, 743, 744, 745, 747, 751, 753, 754, 770, 771, 772, 773, 774, 777, 779, 781, 782, 783, 784, 785, 786, 787, 789, 790, 791, 792, 793, 794, 795, 797, 798, 799, 800, 801, 802, 803, 804, 813], [191, 224, 248, 381, 393, 394, 395, 396, 410, 415, 442, 448, 449, 450, 479, 485, 494, 498, 502, 504, 506, 510, 513, 516, 528, 541, 549, 590, 594, 610, 622, 623, 624, 626, 635, 636, 639, 640, 643, 647, 681, 684, 685, 686, 687, 690, 691, 693, 694, 695, 697, 700, 701, 703, 704, 705, 706, 708, 709, 710, 711, 712, 714, 716, 717, 719, 720, 721, 728, 730, 734, 735, 736, 740, 741, 743, 751, 752, 754, 759, 760, 764, 765, 772, 773, 774, 775, 779, 780, 787, 789, 790, 791, 792, 793, 794, 795, 797, 798, 799, 800, 801, 802, 803, 804, 805, 806, 807, 809, 810, 811, 812, 813], [182, 191, 206, 220, 224, 233, 248, 306, 359, 365, 373, 379, 381, 386, 388, 394, 395, 396, 402, 404, 407, 410, 415, 419, 440, 442, 444, 448, 449, 450, 458, 471, 504, 510, 523, 525, 528, 531, 542, 544, 545, 549, 565, 597, 598, 601, 605, 606, 612, 614, 618, 621, 623, 624, 625, 626, 627, 628, 629, 632, 635, 636, 639, 640, 642, 643, 644, 647, 657, 658, 659, 660, 661, 668, 685, 686, 687, 697, 700, 701, 711, 714, 717, 728, 735, 737, 738, 739, 740, 741, 742, 743, 744, 745, 746, 747, 751, 752, 753, 754, 763, 766, 771, 773, 777, 778, 779, 780, 781, 784, 785, 790, 791, 792, 797, 798, 801, 802, 803, 807, 809, 810], [233, 306, 379, 395, 440, 449, 456, 469, 471, 472, 502, 516, 520, 523, 525, 527, 528, 531, 541, 542, 544, 545, 549, 614, 618, 621, 622, 624, 625, 628, 629, 632, 635, 640, 642, 643, 644, 647, 657, 658, 659, 660, 661, 666, 667, 668, 672, 675, 676, 677, 678, 685, 690, 694, 695, 700, 704, 706, 710, 711, 712, 717, 719, 721, 722, 725, 728, 730, 732, 745, 746, 747, 751, 752, 753, 754, 756, 763, 765, 766, 769, 770, 771, 772, 773, 774, 775, 777, 778, 779, 780, 781, 782, 783, 785, 786, 787, 791, 793, 795, 798, 799, 800, 802, 803, 804, 805, 806, 809, 810, 812, 813], [388, 396, 419, 440, 442, 450, 525, 544, 549, 565, 601, 606, 612, 614, 621, 623, 624, 625, 628, 642, 643, 657, 658, 659, 660, 664, 667, 671, 672, 674, 675, 676, 678, 679, 681, 686, 691, 695, 701, 705, 706, 708, 712, 714, 716, 720, 721, 722, 732, 734, 735, 736, 737, 738, 739, 740, 741, 742, 743, 744, 745, 746, 747, 751, 752, 753, 754, 755, 756, 760, 763, 764, 765, 766, 769, 770, 771, 773, 774, 775, 777, 778, 779, 780, 781, 782, 783, 784, 785, 786, 787, 789, 790, 791, 792, 793, 794, 795, 797, 798, 799, 800, 801, 802, 803, 804, 805, 806, 807, 809, 810, 811, 812, 813], [359, 365, 373, 379, 381, 390, 404, 407, 415, 444, 458, 460, 466, 471, 472, 474, 494, 504, 506, 510, 513, 516, 520, 527, 541, 545, 590, 594, 597, 598, 601, 605, 606, 610, 612, 614, 618, 627, 629, 632, 636, 639, 640, 659, 660, 661, 665, 668, 671, 674, 675, 677, 678, 679, 687, 693, 697, 700, 701, 703, 704, 705, 709, 711, 714, 716, 717, 719, 720, 721, 722, 725, 728, 730, 732, 735, 736, 738, 739, 742, 743, 744, 746, 747, 752, 753, 754, 755, 756, 759, 760, 763, 764, 765, 766, 769, 770, 771, 772, 774, 775, 778, 780, 781, 783, 784, 785, 786, 792, 794, 795, 797, 798, 799, 801, 802, 803, 804, 806, 807, 809, 810, 811, 812, 813], [182, 191, 206, 220, 224, 233, 248, 306, 359, 365, 373, 379, 381, 386, 388, 390, 393, 394, 395, 396, 419, 440, 442, 448, 449, 450, 453, 456, 460, 466, 469, 472, 474, 479, 485, 494, 498, 502, 506, 513, 516, 520, 523, 525, 527, 528, 531, 541, 542, 544, 545, 549, 565, 590, 594, 597, 598, 601, 605, 606, 610, 612, 614, 618, 621, 622, 623, 624, 625, 642, 643, 664, 665, 666, 667, 671, 672, 674, 675, 676, 677, 678, 679, 681, 684, 690, 691, 693, 694, 695, 703, 704, 705, 706, 708, 709, 710, 712, 716, 719, 720, 721, 722, 725, 730, 732, 734, 736, 755, 756, 759, 760, 763, 764, 765, 769, 775, 782, 783, 786, 787, 789, 793, 799, 800, 804, 805, 806, 811, 812]!Vessel: FarSearcher
[182, 191, 206, 295, 325, 359, 388, 389, 390, 391, 393, 396, 402, 403, 404, 409, 422, 428, 443, 444, 445, 453, 456, 457, 458, 460, 461, 464, 466, 479, 481, 485, 486, 488, 489, 491, 494, 525, 529, 530, 536, 550, 552, 556, 565, 573, 574, 590, 592, 594, 601, 628, 631, 634, 647, 658, 659, 664, 667, 669, 671, 672, 674, 675, 681, 682, 685, 686, 689, 691, 695, 696, 698, 700, 701, 705, 728, 734, 735, 736, 737, 739, 741, 742, 744, 745, 746, 748, 753, 755, 756, 757, 760, 770, 772, 788, 794, 795, 796, 808], [206, 220, 224, 233, 262, 290, 331, 366, 373, 389, 390, 393, 402, 403, 404, 407, 409, 410, 415, 420, 422, 428, 440, 442, 443, 444, 445, 453, 461, 464, 466, 468, 469, 474, 479, 495, 498, 510, 513, 518, 519, 520, 527, 535, 538, 554, 565, 568, 569, 572, 590, 604, 607, 610, 615, 619, 628, 631, 634, 637, 647, 657, 658, 659, 660, 664, 669, 672, 674, 676, 681, 682, 698, 706, 708, 713, 720, 722, 732, 734, 736, 737, 738, 739, 740, 741, 742, 743, 755, 757, 764, 766, 770, 772, 774, 788, 794, 796, 808], [100, 182, 220, 248, 262, 268, 306, 341, 365, 366, 388, 389, 390, 391, 393, 402, 403, 404, 407, 409, 410, 415, 420, 450, 453, 456, 457, 458, 460, 468, 469, 470, 471, 472, 474, 476, 481, 485, 498, 499, 502, 503, 504, 506, 527, 529, 530, 535, 536, 538, 540, 541, 544, 568, 569, 573, 574, 575, 576, 577, 592, 594, 607, 608, 610, 611, 619, 628, 631, 634, 637, 657, 664, 667, 669, 671, 676, 678, 682, 685, 686, 689, 691, 708, 712, 713, 714, 728, 732, 734, 735, 737, 738, 739, 740, 744, 745, 746, 747, 748, 751, 752, 755, 756, 757, 760, 764, 765, 766, 770, 772, 774, 788, 794, 795, 808], [262, 268, 290, 402, 407, 410, 420, 422, 428, 444, 453, 456, 457, 458, 460, 461, 464, 466, 468, 469, 470, 471, 472, 474, 476, 479, 481, 485, 486, 488, 489, 491, 494, 495, 498, 499, 502, 503, 504, 506, 510, 513, 514, 516, 517, 518, 519, 520, 521, 529, 550, 556, 568, 572, 573, 575, 577, 587, 615, 631, 634, 637, 647, 657, 658, 660, 664, 667, 669, 671, 672, 674, 675, 676, 678, 681, 682, 685, 686, 689, 691, 695, 696, 698, 700, 701, 705, 706, 708, 712, 713, 714, 720, 721, 722, 737, 738, 740, 741, 742, 743, 744, 745, 747, 751, 753, 754, 770, 772, 774, 788, 794, 795, 796], [191, 224, 248, 381, 393, 396, 409, 410, 415, 422, 442, 445, 450, 479, 481, 485, 486, 488, 489, 491, 494, 495, 498, 499, 502, 503, 504, 506, 510, 513, 514, 516, 517, 536, 538, 540, 541, 549, 552, 554, 575, 576, 587, 590, 592, 594, 610, 611, 634, 637, 647, 681, 682, 685, 686, 689, 691, 695, 696, 698, 700, 701, 705, 706, 708, 712, 713, 714, 720, 721, 728, 734, 735, 736, 740, 741, 743, 748, 751, 752, 754, 757, 760, 764, 765, 772, 774, 788, 794, 795, 796, 808], [100, 168, 182, 191, 206, 220, 224, 233, 248, 295, 306, 325, 331, 341, 350, 359, 365, 373, 375, 379, 381, 388, 396, 402, 403, 404, 407, 409, 410, 415, 420, 422, 428, 440, 442, 443, 444, 445, 450, 458, 471, 481, 486, 491, 499, 504, 510, 514, 525, 529, 530, 536, 540, 544, 549, 550, 552, 556, 565, 568, 569, 572, 573, 574, 575, 576, 577, 587, 592, 601, 614, 615, 619, 628, 647, 657, 658, 659, 660, 685, 686, 696, 700, 701, 714, 728, 735, 737, 738, 739, 740, 741, 742, 743, 744, 745, 746, 747, 748, 751, 752, 753, 754, 766], [233, 295, 306, 350, 379, 403, 420, 428, 440, 443, 456, 461, 469, 470, 471, 472, 486, 488, 499, 502, 514, 516, 518, 520, 521, 525, 527, 529, 530, 535, 536, 538, 540, 541, 544, 549, 550, 552, 554, 604, 608, 614, 615, 619, 628, 631, 637, 647, 657, 658, 659, 660, 667, 672, 675, 676, 678, 682, 685, 689, 695, 696, 698, 700, 706, 712, 721, 722, 728, 732, 745, 746, 747, 748, 751, 752, 753, 754, 756, 757, 765, 766, 770, 772, 774, 788, 795, 796, 808], [325, 331, 341, 350, 375, 388, 389, 391, 396, 440, 442, 450, 457, 464, 468, 470, 476, 489, 495, 503, 517, 518, 519, 521, 525, 535, 544, 549, 556, 565, 568, 569, 572, 573, 574, 575, 576, 577, 587, 601, 604, 607, 608, 611, 614, 628, 657, 658, 659, 660, 664, 667, 669, 671, 672, 674, 675, 676, 678, 681, 686, 691, 695, 696, 701, 705, 706, 708, 712, 713, 714, 720, 721, 722, 732, 734, 735, 736, 737, 738, 739, 740, 741, 742, 743, 744, 745, 746, 747, 748, 751, 752, 753, 754, 755, 756, 760, 764, 765, 766, 770, 774, 788, 794, 795, 796, 808], [168, 268, 290, 359, 365, 366, 373, 375, 379, 381, 390, 391, 404, 407, 415, 443, 444, 445, 458, 460, 466, 471, 472, 474, 476, 491, 494, 504, 506, 510, 513, 514, 516, 517, 519, 520, 521, 527, 530, 540, 541, 550, 552, 554, 556, 569, 572, 574, 576, 577, 587, 590, 592, 594, 601, 604, 607, 608, 610, 611, 614, 615, 619, 631, 634, 637, 659, 660, 669, 671, 674, 675, 678, 689, 698, 700, 701, 705, 713, 714, 720, 721, 722, 728, 732, 735, 736, 738, 739, 742, 743, 744, 746, 747, 752, 753, 754, 755, 756, 757, 760, 764, 765, 766, 770, 772, 774, 794, 795, 796, 808], [100, 168, 182, 191, 206, 220, 224, 233, 248, 262, 268, 290, 295, 306, 325, 331, 341, 350, 359, 365, 366, 373, 375, 379, 381, 388, 389, 390, 391, 393, 396, 440, 442, 450, 453, 456, 457, 460, 461, 464, 466, 468, 469, 470, 472, 474, 476, 479, 485, 488, 489, 494, 495, 498, 502, 503, 506, 513, 516, 517, 518, 519, 520, 521, 525, 527, 535, 538, 541, 544, 549, 554, 565, 590, 594, 601, 604, 607, 608, 610, 611, 614, 664, 667, 671, 672, 674, 675, 676, 678, 681, 691, 695, 705, 706, 708, 712, 720, 721, 722, 732, 734, 736, 755, 756, 760, 764, 765]!Vessel: FarSymphony
[182, 191, 206, 295, 359, 388, 390, 393, 394, 395, 396, 402, 404, 409, 422, 444, 445, 453, 456, 458, 460, 461, 466, 479, 481, 485, 488, 491, 494, 523, 525, 529, 530, 531, 550, 565, 590, 592, 594, 601, 622, 624, 626, 627, 628, 629, 631, 634, 639, 644, 647, 658, 659, 661, 664, 666, 667, 668, 671, 672, 674, 675, 681, 684, 685, 686, 687, 690, 691, 694, 695, 696, 697, 700, 701, 703, 704, 705, 725, 728, 734, 735, 736, 737, 739, 741, 742, 744, 745, 746, 748, 753, 755, 756, 759, 760, 770, 772, 777, 778, 779, 780, 781, 787, 788, 791, 794, 795, 796, 798, 805, 806, 808, 809, 813], [206, 220, 224, 233, 373, 390, 393, 394, 402, 404, 407, 409, 410, 415, 419, 420, 422, 440, 442, 444, 445, 453, 461, 466, 469, 474, 479, 498, 510, 513, 519, 520, 523, 527, 528, 538, 542, 554, 565, 590, 607, 610, 612, 615, 618, 619, 622, 626, 627, 628, 629, 631, 632, 634, 635, 636, 637, 639, 640, 644, 647, 657, 658, 659, 660, 661, 664, 666, 672, 674, 676, 679, 681, 684, 694, 697, 703, 706, 708, 710, 717, 719, 720, 722, 725, 730, 732, 734, 736, 737, 738, 739, 740, 741, 742, 743, 755, 759, 764, 766, 770, 772, 773, 774, 777, 778, 779, 780, 781, 787, 788, 794, 796, 803, 805, 806, 808, 810, 813], [182, 220, 248, 306, 341, 365, 388, 390, 393, 402, 404, 407, 409, 410, 415, 419, 420, 449, 450, 453, 456, 458, 460, 469, 471, 472, 474, 476, 481, 485, 498, 499, 502, 504, 506, 527, 529, 530, 531, 538, 540, 541, 542, 544, 592, 594, 606, 607, 610, 619, 622, 626, 627, 628, 629, 631, 632, 634, 635, 636, 637, 639, 640, 644, 657, 664, 666, 667, 668, 671, 676, 678, 679, 684, 685, 686, 687, 690, 691, 708, 710, 711, 712, 714, 716, 725, 728, 730, 732, 734, 735, 737, 738, 739, 740, 744, 745, 746, 747, 748, 751, 752, 755, 756, 759, 760, 764, 765, 766, 770, 772, 773, 774, 777, 778, 788, 791, 794, 795, 805, 808, 809, 810, 813], [402, 407, 410, 420, 422, 444, 453, 456, 458, 460, 461, 466, 469, 471, 472, 474, 476, 479, 481, 485, 488, 491, 494, 498, 499, 502, 504, 506, 510, 513, 514, 516, 519, 520, 529, 550, 615, 626, 627, 631, 632, 634, 635, 636, 637, 644, 647, 657, 658, 660, 661, 664, 666, 667, 668, 671, 672, 674, 675, 676, 678, 679, 681, 684, 685, 686, 687, 690, 691, 694, 695, 696, 697, 700, 701, 703, 704, 705, 706, 708, 710, 711, 712, 714, 716, 717, 719, 720, 721, 722, 737, 738, 740, 741, 742, 743, 744, 745, 747, 751, 753, 754, 770, 772, 773, 774, 777, 779, 781, 787, 788, 791, 794, 795, 796, 798, 803, 813], [191, 224, 248, 381, 393, 394, 395, 396, 409, 410, 415, 422, 442, 445, 449, 450, 479, 481, 485, 488, 491, 494, 498, 499, 502, 504, 506, 510, 513, 514, 516, 528, 538, 540, 541, 549, 554, 590, 592, 594, 610, 622, 624, 626, 634, 635, 636, 637, 639, 640, 647, 681, 684, 685, 686, 687, 690, 691, 694, 695, 696, 697, 700, 701, 703, 704, 705, 706, 708, 710, 711, 712, 714, 716, 717, 719, 720, 721, 728, 730, 734, 735, 736, 740, 741, 743, 748, 751, 752, 754, 759, 760, 764, 765, 772, 773, 774, 779, 780, 787, 788, 791, 794, 795, 796, 798, 803, 805, 806, 808, 809, 810, 813], [182, 191, 206, 220, 224, 233, 248, 295, 306, 341, 359, 365, 373, 375, 379, 381, 388, 394, 395, 396, 402, 404, 407, 409, 410, 415, 419, 420, 422, 440, 442, 444, 445, 449, 450, 458, 471, 481, 491, 499, 504, 510, 514, 523, 525, 528, 529, 530, 531, 540, 542, 544, 549, 550, 565, 592, 601, 606, 612, 614, 615, 618, 619, 624, 626, 627, 628, 629, 632, 635, 636, 639, 640, 644, 647, 657, 658, 659, 660, 661, 668, 685, 686, 687, 696, 697, 700, 701, 711, 714, 717, 728, 735, 737, 738, 739, 740, 741, 742, 743, 744, 745, 746, 747, 748, 751, 752, 753, 754, 766, 773, 777, 778, 779, 780, 781, 791, 798, 803, 809, 810], [233, 295, 306, 379, 395, 420, 440, 449, 456, 461, 469, 471, 472, 488, 499, 502, 514, 516, 520, 523, 525, 527, 528, 529, 530, 531, 538, 540, 541, 542, 544, 549, 550, 554, 614, 615, 618, 619, 622, 624, 628, 629, 631, 632, 635, 637, 640, 644, 647, 657, 658, 659, 660, 661, 666, 667, 668, 672, 675, 676, 678, 685, 690, 694, 695, 696, 700, 704, 706, 710, 711, 712, 717, 719, 721, 722, 725, 728, 730, 732, 745, 746, 747, 748, 751, 752, 753, 754, 756, 765, 766, 770, 772, 773, 774, 777, 778, 779, 780, 781, 787, 788, 791, 795, 796, 798, 803, 805, 806, 808, 809, 810, 813], [341, 375, 388, 396, 419, 440, 442, 450, 476, 519, 525, 544, 549, 565, 601, 606, 607, 612, 614, 624, 628, 657, 658, 659, 660, 664, 667, 671, 672, 674, 675, 676, 678, 679, 681, 686, 691, 695, 696, 701, 705, 706, 708, 712, 714, 716, 720, 721, 722, 732, 734, 735, 736, 737, 738, 739, 740, 741, 742, 743, 744, 745, 746, 747, 748, 751, 752, 753, 754, 755, 756, 760, 764, 765, 766, 770, 773, 774, 777, 778, 779, 780, 781, 787, 788, 791, 794, 795, 796, 798, 803, 805, 806, 808, 809, 810, 813], [359, 365, 373, 375, 379, 381, 390, 404, 407, 415, 444, 445, 458, 460, 466, 471, 472, 474, 476, 491, 494, 504, 506, 510, 513, 514, 516, 519, 520, 527, 530, 540, 541, 550, 554, 590, 592, 594, 601, 606, 607, 610, 612, 614, 615, 618, 619, 627, 629, 631, 632, 634, 636, 637, 639, 640, 659, 660, 661, 668, 671, 674, 675, 678, 679, 687, 697, 700, 701, 703, 704, 705, 711, 714, 716, 717, 719, 720, 721, 722, 725, 728, 730, 732, 735, 736, 738, 739, 742, 743, 744, 746, 747, 752, 753, 754, 755, 756, 759, 760, 764, 765, 766, 770, 772, 774, 778, 780, 781, 794, 795, 796, 798, 803, 806, 808, 809, 810, 813], [182, 191, 206, 220, 224, 233, 248, 295, 306, 341, 359, 365, 373, 375, 379, 381, 388, 390, 393, 394, 395, 396, 419, 440, 442, 449, 450, 453, 456, 460, 461, 466, 469, 472, 474, 476, 479, 485, 488, 494, 498, 502, 506, 513, 516, 519, 520, 523, 525, 527, 528, 531, 538, 541, 542, 544, 549, 554, 565, 590, 594, 601, 606, 607, 610, 612, 614, 618, 622, 624, 664, 666, 667, 671, 672, 674, 675, 676, 678, 679, 681, 684, 690, 691, 694, 695, 703, 704, 705, 706, 708, 710, 712, 716, 719, 720, 721, 722, 725, 730, 732, 734, 736, 755, 756, 759, 760, 764, 765, 787, 805, 806]!Vessel: HavilaForesight
[66, 180, 181, 184, 186, 187, 190, 191, 206, 245, 252, 256, 295, 325, 358, 382, 385, 389, 391, 393, 401, 402, 403, 404, 406, 409, 422, 428, 443, 444, 445, 456, 457, 458, 461, 462, 464, 479, 481, 485, 486, 488, 489, 491, 494, 529, 530, 536, 547, 550, 552, 556, 558, 561, 563, 570, 573, 574, 579, 590, 592, 594, 596, 600, 628, 630, 631, 634, 658, 659, 663, 669, 670, 673, 682, 683, 688, 689, 692, 695, 696, 698, 699, 702, 741, 745, 746, 748, 749, 753, 757, 758, 770, 788, 795, 796, 808], [85, 184, 187, 206, 212, 216, 217, 219, 223, 224, 233, 245, 246, 247, 252, 262, 274, 288, 290, 296, 300, 331, 366, 369, 382, 385, 389, 393, 401, 402, 403, 404, 406, 408, 409, 410, 411, 415, 418, 420, 422, 428, 439, 443, 444, 445, 461, 464, 468, 469, 479, 495, 510, 518, 519, 535, 538, 554, 568, 569, 570, 572, 590, 596, 604, 607, 615, 617, 619, 628, 630, 631, 633, 634, 637, 641, 658, 659, 663, 669, 673, 682, 683, 698, 699, 707, 713, 718, 741, 757, 758, 770, 774, 788, 796, 808], [100, 180, 181, 184, 186, 190, 212, 216, 217, 219, 256, 262, 265, 268, 275, 278, 300, 303, 304, 305, 306, 307, 341, 364, 366, 370, 371, 385, 389, 391, 393, 402, 403, 404, 406, 408, 409, 410, 411, 415, 418, 420, 456, 457, 458, 468, 469, 470, 471, 476, 481, 485, 499, 502, 503, 504, 529, 530, 535, 536, 538, 540, 541, 558, 568, 569, 573, 574, 575, 576, 577, 579, 581, 583, 584, 592, 594, 607, 608, 611, 619, 628, 630, 631, 633, 634, 637, 641, 663, 669, 670, 682, 683, 688, 689, 692, 707, 713, 715, 745, 746, 748, 749, 751, 757, 758, 770, 774, 788, 795, 808], [180, 217, 223, 247, 252, 256, 262, 265, 268, 274, 275, 278, 284, 287, 288, 290, 304, 358, 364, 378, 402, 406, 408, 410, 411, 420, 422, 428, 439, 444, 456, 457, 458, 461, 462, 464, 468, 469, 470, 471, 476, 479, 481, 485, 486, 488, 489, 491, 494, 495, 499, 502, 503, 504, 510, 514, 516, 517, 518, 519, 521, 529, 547, 550, 556, 561, 568, 570, 572, 573, 575, 577, 583, 586, 587, 615, 631, 633, 634, 637, 658, 663, 669, 670, 673, 682, 683, 688, 689, 692, 695, 696, 698, 699, 702, 707, 713, 715, 718, 741, 745, 751, 753, 770, 774, 788, 795, 796], [123, 187, 190, 191, 212, 216, 223, 224, 246, 274, 275, 278, 284, 287, 303, 369, 370, 371, 393, 409, 410, 411, 415, 422, 445, 479, 481, 485, 486, 488, 489, 491, 494, 495, 499, 502, 503, 504, 510, 514, 516, 517, 536, 538, 540, 541, 552, 554, 558, 561, 563, 575, 576, 581, 587, 590, 592, 594, 611, 634, 637, 641, 682, 683, 688, 689, 692, 695, 696, 698, 699, 702, 707, 713, 715, 718, 741, 748, 749, 751, 757, 758, 774, 788, 795, 796, 808], [66, 85, 100, 123, 139, 168, 180, 181, 191, 206, 212, 217, 219, 223, 224, 233, 245, 246, 247, 275, 284, 295, 304, 305, 306, 325, 331, 341, 350, 358, 364, 370, 375, 378, 385, 401, 402, 403, 404, 409, 410, 415, 418, 420, 422, 428, 439, 443, 444, 445, 458, 471, 481, 486, 491, 499, 504, 510, 514, 529, 530, 536, 540, 547, 550, 552, 556, 558, 561, 563, 568, 569, 570, 572, 573, 574, 575, 576, 577, 579, 581, 583, 584, 586, 587, 592, 596, 600, 615, 617, 619, 628, 658, 659, 696, 741, 745, 746, 748, 751, 753], [139, 233, 265, 288, 295, 296, 300, 303, 304, 305, 306, 307, 350, 378, 382, 401, 403, 408, 418, 420, 428, 439, 443, 456, 461, 462, 469, 470, 471, 486, 488, 499, 502, 514, 516, 518, 521, 529, 530, 535, 536, 538, 540, 541, 547, 550, 552, 554, 579, 581, 583, 584, 586, 600, 604, 608, 615, 617, 619, 628, 630, 631, 633, 637, 641, 658, 659, 663, 670, 673, 682, 688, 689, 695, 696, 698, 702, 707, 715, 718, 745, 746, 748, 749, 751, 753, 757, 770, 774, 788, 795, 796, 808], [325, 331, 341, 350, 375, 382, 385, 389, 391, 401, 418, 439, 457, 462, 464, 468, 470, 476, 489, 495, 503, 517, 518, 519, 521, 535, 547, 556, 558, 561, 563, 568, 569, 570, 572, 573, 574, 575, 576, 577, 579, 581, 583, 584, 586, 587, 596, 600, 604, 607, 608, 611, 617, 628, 630, 633, 641, 658, 659, 663, 669, 670, 673, 683, 688, 692, 695, 696, 699, 702, 707, 713, 715, 718, 741, 745, 746, 748, 749, 751, 753, 758, 770, 774, 788, 795, 796, 808], [168, 181, 186, 219, 245, 246, 247, 268, 284, 287, 290, 296, 305, 307, 358, 364, 366, 369, 370, 371, 375, 378, 391, 404, 406, 408, 411, 415, 443, 444, 445, 458, 471, 476, 491, 494, 504, 510, 514, 516, 517, 519, 521, 530, 540, 541, 550, 552, 554, 556, 563, 569, 572, 574, 576, 577, 584, 586, 587, 590, 592, 594, 596, 600, 604, 607, 608, 611, 615, 617, 619, 630, 631, 633, 634, 637, 641, 659, 669, 670, 673, 689, 692, 698, 699, 702, 713, 715, 718, 746, 749, 753, 757, 758, 770, 774, 795, 796, 808], [66, 85, 100, 123, 139, 168, 184, 186, 187, 190, 191, 206, 216, 224, 233, 252, 256, 262, 265, 268, 274, 278, 287, 288, 290, 295, 296, 300, 303, 306, 307, 325, 331, 341, 350, 366, 369, 371, 375, 382, 389, 391, 393, 456, 457, 461, 462, 464, 468, 469, 470, 476, 479, 485, 488, 489, 494, 495, 502, 503, 516, 517, 518, 519, 521, 535, 538, 541, 554, 590, 594, 604, 607, 608, 611, 695]!Vessel: FarStar
] 

Rvl : [
!l : 2, 3
[404, 628, 659], [182, 191, 206, 220, 224, 233, 248, 306, 359, 365, 373, 379, 381, 386, 388, 390, 393, 394, 395, 396, 402, 407, 410, 415, 419, 440, 442, 444, 448, 449, 450, 453, 456, 458, 460, 466, 469, 471, 472, 474, 479, 485, 494, 498, 502, 504, 506, 510, 513, 516, 520, 523, 525, 527, 528, 531, 541, 542, 544, 545, 549, 565, 590, 594, 597, 598, 601, 605, 606, 610, 612, 614, 618, 621, 622, 623, 624, 625, 626, 627, 629, 632, 635, 636, 639, 640, 642, 643, 644, 647, 657, 658, 660, 661, 664, 665, 666, 667, 668, 671, 672, 674, 675, 676, 677, 678, 679, 681, 684, 685, 686, 687, 690, 691, 693, 694, 695, 697, 700, 701, 703, 704, 705, 706, 708, 709, 710, 711, 712, 714, 716, 717, 719, 720, 721, 722, 725, 728, 730, 732, 734, 735, 736, 737, 738, 739, 740, 741, 742, 743, 744, 745, 746, 747, 751, 752, 753, 754, 755, 756, 759, 760, 763, 764, 765, 766, 769, 770, 771, 772, 773, 774, 775, 777, 778, 779, 780, 781, 782, 783, 784, 785, 786, 787, 789, 790, 791, 792, 793, 794, 795, 797, 798, 799, 800, 801, 802, 803, 804, 805, 806, 807, 809, 810, 811, 812, 813]!Vessel: FarSeeker
[404, 628, 659], [182, 191, 206, 220, 224, 233, 248, 306, 359, 365, 373, 379, 381, 386, 388, 390, 393, 394, 395, 396, 402, 407, 410, 415, 419, 440, 442, 444, 448, 449, 450, 453, 456, 458, 460, 466, 469, 471, 472, 474, 479, 485, 494, 498, 502, 504, 506, 510, 513, 516, 520, 523, 525, 527, 528, 531, 541, 542, 544, 545, 549, 565, 590, 594, 597, 598, 601, 605, 606, 610, 612, 614, 618, 621, 622, 623, 624, 625, 626, 627, 629, 632, 635, 636, 639, 640, 642, 643, 644, 647, 657, 658, 660, 661, 664, 665, 666, 667, 668, 671, 672, 674, 675, 676, 677, 678, 679, 681, 684, 685, 686, 687, 690, 691, 693, 694, 695, 697, 700, 701, 703, 704, 705, 706, 708, 709, 710, 711, 712, 714, 716, 717, 719, 720, 721, 722, 725, 728, 730, 732, 734, 735, 736, 737, 738, 739, 740, 741, 742, 743, 744, 745, 746, 747, 751, 752, 753, 754, 755, 756, 759, 760, 763, 764, 765, 766, 769, 770, 771, 772, 773, 774, 775, 777, 778, 779, 780, 781, 782, 783, 784, 785, 786, 787, 789, 790, 791, 792, 793, 794, 795, 797, 798, 799, 800, 801, 802, 803, 804, 805, 806, 807, 809, 810, 811, 812, 813]!Vessel: FarSearcher
[366, 389, 403, 404, 443, 530, 535, 569, 574, 604, 619, 628, 659], [100, 168, 182, 191, 206, 220, 224, 233, 248, 262, 268, 290, 295, 306, 325, 331, 341, 350, 359, 365, 373, 375, 379, 381, 388, 390, 391, 393, 396, 402, 407, 409, 410, 415, 420, 422, 428, 440, 442, 444, 445, 450, 453, 456, 457, 458, 460, 461, 464, 466, 468, 469, 470, 471, 472, 474, 476, 479, 481, 485, 486, 488, 489, 491, 494, 495, 498, 499, 502, 503, 504, 506, 510, 513, 514, 516, 517, 518, 519, 520, 521, 525, 527, 529, 536, 538, 540, 541, 544, 549, 550, 552, 554, 556, 565, 568, 572, 573, 575, 576, 577, 587, 590, 592, 594, 601, 607, 608, 610, 611, 614, 615, 631, 634, 637, 647, 657, 658, 660, 664, 667, 669, 671, 672, 674, 675, 676, 678, 681, 682, 685, 686, 689, 691, 695, 696, 698, 700, 701, 705, 706, 708, 712, 713, 714, 720, 721, 722, 728, 732, 734, 735, 736, 737, 738, 739, 740, 741, 742, 743, 744, 745, 746, 747, 748, 751, 752, 753, 754, 755, 756, 757, 760, 764, 765, 766, 770, 772, 774, 788, 794, 795, 796, 808]!Vessel: FarSymphony
[404, 530, 619, 628, 659], [182, 191, 206, 220, 224, 233, 248, 295, 306, 341, 359, 365, 373, 375, 379, 381, 388, 390, 393, 394, 395, 396, 402, 407, 409, 410, 415, 419, 420, 422, 440, 442, 444, 445, 449, 450, 453, 456, 458, 460, 461, 466, 469, 471, 472, 474, 476, 479, 481, 485, 488, 491, 494, 498, 499, 502, 504, 506, 510, 513, 514, 516, 519, 520, 523, 525, 527, 528, 529, 531, 538, 540, 541, 542, 544, 549, 550, 554, 565, 590, 592, 594, 601, 606, 607, 610, 612, 614, 615, 618, 622, 624, 626, 627, 629, 631, 632, 634, 635, 636, 637, 639, 640, 644, 647, 657, 658, 660, 661, 664, 666, 667, 668, 671, 672, 674, 675, 676, 678, 679, 681, 684, 685, 686, 687, 690, 691, 694, 695, 696, 697, 700, 701, 703, 704, 705, 706, 708, 710, 711, 712, 714, 716, 717, 719, 720, 721, 722, 725, 728, 730, 732, 734, 735, 736, 737, 738, 739, 740, 741, 742, 743, 744, 745, 746, 747, 748, 751, 752, 753, 754, 755, 756, 759, 760, 764, 765, 766, 770, 772, 773, 774, 777, 778, 779, 780, 781, 787, 788, 791, 794, 795, 796, 798, 803, 805, 806, 808, 809, 810, 813]!Vessel: HavilaForesight
[181, 184, 219, 245, 296, 300, 305, 307, 366, 382, 385, 389, 401, 403, 404, 418, 443, 530, 535, 569, 574, 579, 584, 596, 600, 604, 617, 619, 628, 630, 659], [66, 85, 100, 123, 139, 168, 180, 186, 187, 190, 191, 206, 212, 216, 217, 223, 224, 233, 246, 247, 252, 256, 262, 265, 268, 274, 275, 278, 284, 287, 288, 290, 295, 303, 304, 306, 325, 331, 341, 350, 358, 364, 369, 370, 371, 375, 378, 391, 393, 402, 406, 408, 409, 410, 411, 415, 420, 422, 428, 439, 444, 445, 456, 457, 458, 461, 462, 464, 468, 469, 470, 471, 476, 479, 481, 485, 486, 488, 489, 491, 494, 495, 499, 502, 503, 504, 510, 514, 516, 517, 518, 519, 521, 529, 536, 538, 540, 541, 547, 550, 552, 554, 556, 558, 561, 563, 568, 570, 572, 573, 575, 576, 577, 581, 583, 586, 587, 590, 592, 594, 607, 608, 611, 615, 631, 633, 634, 637, 641, 658, 663, 669, 670, 673, 682, 683, 688, 689, 692, 695, 696, 698, 699, 702, 707, 713, 715, 718, 741, 745, 746, 748, 749, 751, 753, 757, 758, 770, 774, 788, 795, 796, 808]!Vessel: FarStar
] 

minF : 1
maxF : 6
Nf : [
!f : 1, 2, 3, 4, 5, 6
[10], [5, 6], [], [], [2, 3, 4, 7], [1, 8, 9]
]

! Parameters
VoyageCost: [37970, 39085, 64838, 59991, 44841, 37570, 39448, 44429, 45544, 73722, 62814, 47265, 43726, 43120, 46453, 46720, 43120, 73722, 62814, 46053, 38879, 38273, 44029, 44296, 74837, 63929, 47265, 42418, 44235, 47568, 46720, 72716, 73019, 72413, 75746, 81805, 85502, 83017, 68535, 62414, 46053, 37570, 43326, 45508, 62414, 47265, 45144, 44296, 64838, 46053, 46720, 87320, 50186, 51156, 49580, 81296, 70389, 50392, 48877, 50695, 54028, 52271, 81599, 84629, 85441, 70959, 48877, 49580, 49847, 52913, 52210, 80181, 69274, 49277, 78872, 67965, 47968, 46453, 48271, 51604, 49847, 81599, 84629, 84229, 69747, 79478, 68571, 47265, 44029, 78872, 67965, 45508, 82205, 71298, 51301, 82714, 85744, 74837, 85441, 70959, 47568, 50962, 78872, 90349, 90349, 78169, 79987, 83320, 90349, 90895, 80896, 80290, 83623, 78169, 91561, 90349, 83320, 90349, 85502, 85502, 85502, 90349, 90955, 86714, 85502, 85502, 92167, 79478, 68571, 48574, 50453, 45605, 67262, 47265, 50901, 49144, 84229, 84229, 69747, 67262, 45508, 81502, 70595, 67965, 48477, 51604, 47265, 49180, 69080, 49083, 52719, 84229, 85441, 70959, 47265, 48477, 72413, 52416, 82205, 71298, 51301, 53179, 50756, 52416, 54294, 86047, 84229, 69747, 49786, 50598, 52477, 51871, 55337, 55337, 54731, 89174, 88471, 77963, 81296, 88568, 61299, 74085, 54028, 66002, 64693, 72873, 87926, 76848, 76146, 87926, 93779, 76848, 87926, 94591, 56912, 55603, 56306, 58670, 58064, 57361, 88059, 88471, 77454, 87453, 55034, 72970, 85332, 54428, 58064, 89780, 86750, 87259, 76146, 75540, 78872, 87926, 86144, 53725, 58876, 71661, 51604, 57361, 93319, 93779, 87926, 93379, 85938, 84629, 87356, 88471, 79478, 85441, 70959, 84629, 73722, 50756, 87962, 85332, 54428, 86750, 88471, 78872, 51301, 88665, 57761, 87259, 89477, 94894, 87926, 94591, 54294, 91561, 84629, 86447, 89780, 91561, 84629, 91561, 87962, 91561, 84023, 90349, 83320, 89077, 91561, 91561, 90895, 92470, 92107, 87356, 86750, 90083, 91561, 91561, 92107, 86047, 91198, 91561, 93319, 86047, 92773, 91561, 90083, 92107, 89380, 91198, 92773, 91561, 91561, 90349, 91561, 92773, 88471, 86750, 72267, 66208, 53725, 57361, 55603, 53179, 87259, 78169, 87926, 85441, 58173, 70959, 69747, 87926, 87926, 93379, 87926, 87926, 93379, 73722, 53725, 88471, 78169, 57058, 91561, 87259, 89780, 88471, 78872, 86653, 72170, 58876, 53119, 56755, 54997, 85441, 70959, 87356, 56452, 55543, 59179, 87865, 88471, 79987, 87259, 59991, 72776, 93319, 93379, 88471, 94591, 72413, 52416, 56052, 85441, 70959, 86653, 55749, 90592, 91561, 80181, 87259, 79478, 89477, 74994, 66911, 68632, 65602, 63178, 90592, 76109, 68026, 66717, 86714, 86714, 87259, 86714, 86714, 73782, 93379, 74897, 57058, 54937, 88774, 74291, 64899, 105499, 69335, 60487, 89137, 62002, 78121, 97718, 79236, 71152, 76909, 78024, 82605, 87926, 107510, 109231, 106201, 89137, 63820, 82605, 96603, 60184, 92604, 60184, 65335, 63820, 96239, 97051, 95536, 88471, 94022, 97657, 89683, 81296, 87926, 88471, 84629, 95294, 58876, 76812, 91901, 62511, 95330, 89683, 89137, 94627, 89137, 89683, 91901, 94591, 92507, 89683, 84629, 94421, 89683, 89683, 94531, 89683, 89780, 89477, 74994, 93113, 104287, 63517, 95936, 88471, 87926, 113473, 108625, 110346, 107316, 91089, 90483, 92058, 89780, 95536, 93779, 93173, 97051, 97354, 98930, 92773, 92773, 91089, 92773, 93816, 95391, 93113, 91561, 91561, 91561, 96348, 98227, 94930, 96506, 94228, 97621, 93816, 93210, 94785, 93210, 94022, 92507, 94325, 97657, 95900, 94627, 92507, 96506, 93476, 96542, 97354, 95839, 97657, 99233, 93476, 92507, 91901, 93476, 93319, 91198, 96954, 95197, 94591, 98469, 98772, 100348, 94082, 92773, 94531, 97354, 95839, 95233, 96809, 96651, 94531, 98530, 97924, 92773, 94082, 94688, 93379, 89137, 76303, 95900, 77418, 72667, 73782, 104384, 91901, 64632, 77418, 69335, 68026, 76206, 65602, 88471, 87926, 87926, 87926, 88471, 87926, 74994, 94591, 76109, 78230, 89683, 91901, 89683, 104287, 95233, 97112, 88471, 87926, 87926, 87926, 97051, 81999, 89683, 81296, 86447, 94531, 85332, 89683, 84629, 76206, 95803, 63214, 91295, 64026, 91901, 94591, 94627, 93719, 66450, 95137, 89683, 98166, 96409, 58876, 62511, 88471, 83320, 90592, 63323, 94591, 93925, 98469, 96506, 85938, 87926, 85332, 88471, 84629, 88022, 87926, 62911, 77018, 78230, 98627, 62208, 78230, 72061, 71358, 68935, 77018, 78230, 73176, 72473, 84023, 86714, 87926, 77018, 98530, 77018, 95233, 78230, 62208, 77018, 64632, 97924, 79442, 89331, 112661, 111958, 79442, 100481, 103511, 65335, 71092, 68971, 101996, 102808, 100687, 104117, 99778, 104929, 103414, 90895, 92604, 91901, 89780, 78230, 111958, 98360, 90895, 93210, 99984, 90895, 91089, 90349, 99778, 91901, 77818, 90895, 93719, 92604, 97051, 95936, 68668, 100384, 101693, 91355, 96239, 97209, 112661, 97815, 96506, 102808, 101390, 100687, 111352, 97815, 99572, 100542, 99839, 96506, 111958, 110649, 108928, 98966, 99936, 98966, 98360, 99936, 99778, 101596, 104929, 97657, 103414, 101657, 101051, 105232, 116503, 100542, 99233, 99778, 103814, 102299, 101693, 103111, 104929, 100990, 112964, 114685, 111655, 99233, 97657, 98627, 114079, 99233, 104226, 97924, 102808, 106044, 102105, 112770, 103111, 100990, 112261, 109231, 110952, 99839, 101051, 110843, 78230, 74485, 89137, 91901, 93779, 91355, 91901, 77721, 87756, 89137, 93719, 92058, 97754, 102202, 70486, 99984, 99984, 101087, 102505, 104626, 97051, 69783, 101499, 89683, 89780, 89137, 98469, 90592, 100384, 101802, 78230, 78230, 91089, 90483, 92058, 93173, 92664, 91355, 78230, 90749, 90046, 69783, 114382, 115800, 79442, 107147, 107959, 109874, 104929, 108565, 96506, 95027, 103511, 76243, 103814, 96348, 106844, 110237, 117109, 108662, 107959, 113570, 112964, 104117, 112358, 105632, 104929, 112503, 114079, 109268, 108565, 107450, 108965, 108262, 117412, 111655, 110080, 109377, 108262, 114988, 94482, 97815, 97754, 96239, 97051, 97051, 104480, 96506, 115024]
VoyageDuration: [2, 2, 2, 2, 2, 2, 2, 2, 2, 2, 2, 2, 2, 2, 2, 2, 2, 2, 2, 2, 2, 2, 2, 2, 2, 2, 2, 2, 2, 2, 2, 2, 2, 2, 2, 3, 3, 3, 3, 2, 2, 2, 2, 2, 2, 2, 2, 2, 2, 2, 2, 3, 2, 2, 2, 3, 2, 2, 2, 2, 2, 2, 3, 3, 3, 3, 2, 2, 2, 2, 2, 2, 2, 2, 2, 2, 2, 2, 2, 2, 2, 3, 3, 3, 3, 2, 2, 2, 2, 2, 2, 2, 3, 2, 2, 3, 3, 2, 3, 3, 2, 2, 2, 3, 3, 2, 2, 3, 3, 3, 2, 2, 3, 2, 3, 3, 3, 3, 3, 3, 3, 3, 3, 3, 3, 3, 3, 2, 2, 2, 2, 2, 2, 2, 2, 2, 3, 3, 3, 2, 2, 3, 2, 2, 2, 2, 2, 2, 2, 2, 2, 3, 3, 3, 2, 2, 2, 2, 3, 2, 2, 2, 2, 2, 2, 3, 3, 3, 2, 2, 2, 2, 2, 2, 2, 3, 3, 2, 3, 3, 2, 3, 2, 2, 2, 3, 3, 2, 2, 3, 3, 2, 3, 3, 2, 2, 2, 2, 2, 2, 3, 3, 2, 3, 2, 3, 3, 2, 2, 3, 3, 3, 2, 2, 3, 3, 3, 2, 2, 3, 2, 2, 3, 3, 3, 3, 3, 3, 3, 3, 3, 3, 3, 3, 2, 2, 3, 3, 2, 3, 3, 3, 2, 3, 2, 3, 3, 3, 3, 3, 2, 3, 3, 3, 3, 3, 3, 3, 3, 3, 3, 3, 3, 3, 3, 3, 3, 3, 3, 3, 3, 3, 3, 3, 3, 3, 3, 3, 3, 3, 3, 3, 3, 3, 3, 3, 3, 3, 3, 3, 3, 3, 3, 3, 3, 2, 2, 2, 2, 2, 3, 3, 3, 3, 2, 3, 2, 3, 3, 3, 3, 3, 3, 2, 2, 3, 3, 2, 3, 3, 3, 3, 3, 3, 3, 2, 2, 2, 2, 3, 3, 3, 2, 2, 2, 3, 3, 3, 3, 2, 3, 3, 3, 3, 3, 2, 2, 2, 3, 3, 3, 2, 3, 3, 3, 3, 3, 3, 3, 2, 2, 2, 2, 3, 3, 2, 2, 3, 3, 3, 3, 3, 3, 3, 3, 2, 2, 3, 3, 2, 3, 2, 2, 3, 2, 3, 3, 3, 2, 3, 3, 3, 3, 3, 3, 3, 3, 2, 3, 3, 2, 3, 2, 2, 2, 3, 3, 3, 3, 3, 3, 3, 3, 3, 3, 3, 3, 2, 3, 3, 2, 3, 3, 3, 3, 3, 3, 3, 3, 3, 3, 3, 3, 3, 3, 3, 3, 3, 3, 3, 3, 3, 2, 3, 3, 3, 3, 3, 3, 3, 3, 3, 3, 3, 3, 3, 3, 3, 3, 3, 3, 3, 3, 3, 3, 3, 3, 3, 3, 3, 3, 3, 3, 3, 3, 3, 3, 3, 3, 3, 3, 3, 3, 3, 3, 3, 3, 3, 3, 3, 3, 3, 3, 3, 3, 3, 3, 3, 3, 3, 3, 3, 3, 3, 3, 3, 3, 3, 3, 3, 3, 3, 3, 3, 3, 3, 3, 3, 3, 3, 3, 3, 3, 3, 3, 3, 3, 3, 3, 2, 3, 2, 2, 3, 2, 3, 3, 3, 3, 3, 3, 3, 3, 3, 3, 3, 3, 3, 3, 3, 3, 3, 3, 3, 3, 3, 3, 3, 3, 3, 3, 3, 3, 3, 3, 3, 2, 3, 2, 3, 3, 3, 3, 2, 3, 3, 3, 3, 2, 2, 3, 3, 3, 2, 3, 3, 3, 3, 3, 3, 3, 3, 3, 3, 3, 2, 3, 3, 3, 2, 3, 3, 2, 2, 3, 3, 3, 3, 3, 3, 3, 3, 3, 3, 3, 3, 2, 3, 2, 3, 3, 3, 3, 3, 3, 3, 3, 2, 3, 2, 3, 3, 3, 3, 3, 3, 3, 3, 3, 3, 3, 3, 3, 3, 3, 3, 3, 3, 3, 3, 3, 3, 3, 3, 3, 3, 3, 3, 2, 3, 3, 3, 3, 3, 3, 3, 3, 3, 3, 3, 3, 3, 3, 3, 3, 3, 3, 3, 3, 3, 3, 3, 3, 3, 3, 3, 3, 3, 3, 3, 3, 3, 3, 3, 3, 3, 3, 3, 3, 3, 3, 3, 3, 3, 3, 3, 3, 3, 3, 3, 3, 3, 3, 3, 3, 3, 3, 3, 3, 3, 3, 3, 3, 3, 3, 3, 3, 3, 3, 3, 3, 3, 3, 3, 3, 3, 3, 3, 3, 3, 3, 3, 3, 3, 3, 3, 3, 3, 3, 3, 3, 3, 3, 3, 3, 3, 3, 3, 3, 3, 3, 3, 3, 3, 3, 3, 3, 3, 3, 3, 3, 3, 3, 3, 3, 3, 3, 3, 3, 3, 3, 3, 3, 3, 3, 3, 3, 3, 3, 3, 3, 3, 3, 3, 3, 3, 3, 3, 3, 3, 3, 3, 3, 3, 3, 3, 3, 3, 3, 3, 3, 3, 3]
TimeCharterCost: [120000, 125000, 130000, 110000, 104000]
RequiredVisits: [6, 5, 5, 5, 2, 2, 5, 6, 6, 1]
NumberOfDaysAvailable: [7, 7, 7, 7, 7]
DepotCapacity: [3, 3, 3, 3, 3, 3, 0]
