!Summary:
!Execution time: 0,52 seconds
!Total # voyages: 1330 (492 unique)
!Number of installations (excluding depot): 9
!Number of time windows: 2
!Number of vessels: 5

!Min. # installations: 1
!Max. number of installations: 8
!Min. duration: 56
!Max. duration: 80

!Name: FarStar	 # voyages: 243
!Name: FarSymphony	 # voyages: 259
!Name: FarSearcher	 # voyages: 278
!Name: FarSeeker	 # voyages: 278
!Name: HavilaForesight	 # voyages: 272
!------------------------------------------------------------------------------------------------------------------------
nV : 5
nR : 492
nN : 9
nT : 7
minL : 2
maxL : 3

! Sets: 
Rv : [
[1, 2, 3, 4, 5, 6, 8, 9, 10, 15, 18, 19, 20, 21, 22, 23, 24, 25, 26, 27, 28, 30, 31, 33, 34, 35, 36, 37, 38, 39, 41, 42, 44, 45, 46, 47, 48, 49, 50, 51, 61, 62, 63, 64, 65, 66, 69, 71, 72, 73, 74, 75, 76, 77, 78, 79, 81, 82, 83, 85, 86, 87, 89, 90, 91, 97, 98, 99, 101, 102, 103, 104, 108, 109, 110, 111, 112, 114, 115, 116, 122, 124, 125, 126, 128, 129, 130, 132, 133, 134, 135, 136, 137, 138, 139, 148, 151, 152, 154, 155, 156, 157, 158, 159, 160, 161, 164, 165, 167, 168, 169, 170, 171, 174, 176, 177, 181, 182, 183, 184, 187, 188, 189, 195, 196, 197, 198, 199, 200, 201, 202, 209, 210, 211, 215, 223, 224, 225, 226, 227, 230, 232, 233, 234, 235, 236, 237, 238, 239, 240, 241, 242, 248, 249, 250, 251, 252, 253, 254, 255, 264, 265, 267, 268, 269, 270, 271, 272, 273, 274, 275, 278, 279, 281, 283, 286, 287, 288, 289, 290, 291, 295, 296, 297, 298, 299, 304, 305, 306, 309, 310, 311, 312, 313, 320, 321, 322, 323, 324, 325, 327, 328, 329, 330, 331, 332, 336, 339, 352, 353, 355, 358, 359, 360, 364, 365, 366, 367, 375, 376, 377, 378, 385, 386, 388, 389, 390, 391, 393, 394, 401, 402, 404, 406, 409, 411, 412, 413, 414, 417, 418, 419, 420, 421, 422, 423, 432, 433, 434, 435, 436, 437, 438, 443, 444, 446, 449, 451, 453, 456, 457, 459, 462, 464, 466, 467, 468, 474, 475, 476, 477, 478, 480, 481, 485, 486, 487, 491]!Vessel: FarSeeker
[1, 2, 3, 4, 5, 6, 8, 9, 10, 15, 18, 19, 20, 21, 22, 23, 24, 25, 26, 27, 28, 30, 31, 33, 34, 35, 36, 37, 38, 39, 41, 42, 44, 45, 46, 47, 48, 49, 50, 51, 61, 62, 63, 64, 65, 66, 69, 71, 72, 73, 74, 75, 76, 77, 78, 79, 81, 82, 83, 85, 86, 87, 89, 90, 91, 97, 98, 99, 101, 102, 103, 104, 108, 109, 110, 111, 112, 114, 115, 116, 122, 124, 125, 126, 128, 129, 130, 132, 133, 134, 135, 136, 137, 138, 139, 148, 151, 152, 154, 155, 156, 157, 158, 159, 160, 161, 164, 165, 167, 168, 169, 170, 171, 174, 176, 177, 181, 182, 183, 184, 187, 188, 189, 195, 196, 197, 198, 199, 200, 201, 202, 209, 210, 211, 215, 223, 224, 225, 226, 227, 230, 232, 233, 234, 235, 236, 237, 238, 239, 240, 241, 242, 248, 249, 250, 251, 252, 253, 254, 255, 264, 265, 267, 268, 269, 270, 271, 272, 273, 274, 275, 278, 279, 281, 283, 286, 287, 288, 289, 290, 291, 295, 296, 297, 298, 299, 304, 305, 306, 309, 310, 311, 312, 313, 320, 321, 322, 323, 324, 325, 327, 328, 329, 330, 331, 332, 336, 339, 352, 353, 355, 358, 359, 360, 364, 365, 366, 367, 375, 376, 377, 378, 385, 386, 388, 389, 390, 391, 393, 394, 401, 402, 404, 406, 409, 411, 412, 413, 414, 417, 418, 419, 420, 421, 422, 423, 432, 433, 434, 435, 436, 437, 438, 443, 444, 446, 449, 451, 453, 456, 457, 459, 462, 464, 466, 467, 468, 474, 475, 476, 477, 478, 480, 481, 485, 486, 487, 491]!Vessel: FarSearcher
[1, 2, 3, 4, 5, 6, 8, 9, 10, 15, 18, 19, 20, 21, 22, 23, 24, 25, 26, 27, 28, 30, 31, 33, 34, 35, 36, 37, 38, 39, 41, 42, 44, 45, 46, 47, 48, 49, 50, 51, 61, 62, 63, 64, 65, 66, 69, 71, 72, 73, 74, 75, 76, 77, 78, 79, 81, 82, 83, 85, 86, 87, 89, 90, 91, 97, 98, 99, 101, 102, 103, 104, 108, 109, 110, 111, 112, 114, 115, 116, 122, 124, 125, 126, 128, 129, 130, 132, 133, 134, 135, 136, 137, 138, 139, 148, 151, 152, 154, 155, 156, 157, 158, 159, 160, 161, 164, 165, 167, 168, 169, 170, 171, 174, 176, 177, 181, 182, 183, 184, 187, 188, 189, 195, 196, 197, 198, 199, 200, 201, 202, 209, 210, 211, 215, 223, 224, 225, 226, 227, 230, 232, 233, 234, 235, 236, 237, 238, 239, 240, 241, 242, 248, 249, 250, 251, 252, 253, 254, 255, 264, 265, 267, 268, 269, 270, 271, 272, 273, 274, 275, 278, 279, 281, 283, 286, 287, 288, 289, 290, 291, 295, 296, 297, 298, 299, 304, 305, 306, 309, 310, 311, 312, 313, 320, 321, 322, 323, 324, 325, 327, 328, 329, 330, 331, 332, 336, 339, 352, 353, 355, 358, 359, 360, 364, 365, 366, 367, 375, 376, 377, 378, 386, 390, 391, 394, 401, 402, 404, 406, 409, 411, 413, 414, 417, 418, 419, 420, 422, 423, 432, 434, 435, 436, 438, 443, 444, 446, 449, 451, 453, 456, 457, 459, 462, 467, 476, 480, 481]!Vessel: FarSymphony
[1, 2, 3, 4, 5, 6, 8, 9, 10, 15, 18, 19, 20, 21, 22, 23, 24, 25, 26, 27, 28, 30, 31, 33, 34, 35, 36, 37, 38, 39, 41, 42, 44, 45, 46, 47, 48, 49, 50, 51, 61, 62, 63, 64, 65, 66, 69, 71, 72, 73, 74, 75, 76, 77, 78, 79, 81, 82, 83, 85, 86, 87, 89, 90, 91, 97, 98, 99, 101, 102, 103, 104, 108, 109, 110, 111, 112, 114, 115, 116, 122, 124, 125, 126, 128, 129, 130, 132, 133, 134, 135, 136, 137, 138, 139, 148, 151, 152, 154, 155, 156, 157, 158, 159, 160, 161, 164, 165, 167, 168, 169, 170, 171, 174, 176, 177, 181, 182, 183, 184, 187, 188, 189, 195, 196, 197, 198, 199, 200, 201, 202, 209, 210, 211, 215, 223, 224, 225, 226, 227, 230, 232, 233, 234, 235, 236, 237, 238, 239, 240, 241, 242, 248, 249, 250, 251, 252, 253, 254, 255, 264, 265, 267, 268, 269, 270, 271, 272, 273, 274, 275, 278, 279, 281, 283, 286, 287, 288, 289, 290, 291, 295, 296, 297, 298, 299, 304, 305, 306, 309, 310, 311, 312, 313, 320, 321, 322, 323, 324, 325, 327, 328, 329, 330, 331, 332, 336, 339, 352, 353, 355, 358, 359, 360, 364, 365, 366, 367, 375, 376, 377, 378, 385, 386, 388, 389, 390, 391, 393, 394, 401, 402, 404, 406, 409, 411, 412, 413, 414, 417, 418, 419, 420, 421, 422, 423, 432, 433, 434, 435, 436, 437, 438, 443, 444, 446, 449, 451, 453, 456, 457, 459, 462, 466, 467, 468, 476, 478, 480, 481, 487, 491]!Vessel: HavilaForesight
[1, 2, 3, 4, 5, 6, 8, 9, 10, 15, 18, 19, 20, 21, 22, 23, 24, 25, 26, 27, 28, 30, 31, 33, 34, 35, 36, 37, 38, 39, 41, 42, 44, 45, 46, 47, 48, 49, 50, 51, 61, 62, 63, 64, 65, 66, 69, 71, 72, 73, 74, 75, 76, 77, 78, 79, 81, 82, 83, 85, 86, 87, 89, 90, 91, 97, 98, 99, 101, 102, 103, 104, 108, 109, 110, 111, 112, 114, 115, 116, 122, 124, 125, 126, 128, 129, 130, 132, 133, 134, 135, 136, 137, 138, 139, 148, 151, 152, 154, 155, 156, 157, 158, 159, 160, 161, 164, 165, 167, 168, 169, 170, 171, 174, 176, 177, 181, 182, 183, 184, 187, 188, 189, 195, 196, 197, 198, 199, 200, 201, 202, 209, 210, 211, 215, 223, 224, 225, 226, 227, 230, 232, 233, 234, 235, 236, 237, 238, 239, 240, 241, 242, 248, 249, 250, 251, 252, 253, 254, 255, 265, 267, 268, 269, 270, 271, 272, 273, 274, 275, 278, 279, 281, 283, 286, 287, 288, 289, 290, 291, 295, 296, 297, 298, 299, 304, 305, 306, 309, 310, 311, 312, 313, 320, 321, 322, 323, 324, 325, 327, 328, 329, 330, 331, 332, 336, 339, 352, 353, 355, 358, 359, 360, 364, 365, 366, 367, 375, 376, 377, 378, 386, 390, 391, 394, 401, 402, 411, 413, 414, 417, 418, 422, 423, 432, 434, 436, 438, 451, 456, 467, 476, 481]!Vessel: FarStar
] 

Rvi : [
!i : 1, 2, 3, 4, 5, 6, 7, 8, 9
[1, 8, 9, 10, 44, 45, 46, 47, 48, 49, 50, 51, 128, 129, 130, 132, 133, 134, 135, 136, 137, 138, 139, 148, 182, 183, 184, 253, 254, 255, 295, 296, 297, 298, 299, 309, 310, 311, 312, 313, 411, 412, 413, 414, 417, 418, 419, 420, 421, 422, 423, 443, 451, 468, 474, 475, 476, 477, 478, 480, 481], [15, 18, 19, 20, 21, 44, 61, 62, 63, 64, 65, 66, 69, 71, 72, 73, 74, 75, 76, 77, 78, 108, 109, 125, 128, 129, 137, 139, 148, 151, 152, 154, 155, 156, 157, 158, 159, 160, 161, 164, 165, 167, 168, 169, 170, 171, 174, 176, 177, 181, 187, 200, 223, 224, 225, 226, 227, 250, 251, 253, 254, 255, 264, 265, 267, 268, 269, 270, 271, 272, 273, 274, 275, 278, 279, 281, 283, 286, 287, 288, 289, 290, 291, 295, 296, 305, 309, 320, 321, 328, 329, 330, 352, 353, 355, 375, 376, 377, 378, 385, 386, 388, 389, 390, 391, 393, 394, 401, 402, 404, 406, 409, 411, 413, 417, 418, 432, 434, 437, 438, 443, 444, 446, 449, 462, 464, 466, 467, 468, 474, 476, 477, 480, 485, 487, 491], [2, 8, 15, 22, 23, 24, 25, 26, 27, 44, 45, 46, 47, 48, 49, 50, 61, 62, 63, 64, 65, 66, 79, 81, 82, 83, 85, 86, 87, 97, 98, 99, 110, 111, 112, 122, 128, 129, 130, 132, 133, 134, 135, 136, 137, 138, 148, 151, 152, 154, 155, 156, 157, 158, 159, 160, 161, 164, 182, 183, 184, 187, 188, 189, 195, 196, 197, 209, 210, 211, 223, 224, 230, 232, 233, 234, 237, 238, 239, 248, 249, 253, 254, 255, 264, 265, 267, 268, 269, 270, 271, 272, 273, 274, 275, 286, 289, 295, 296, 297, 298, 299, 304, 305, 306, 309, 310, 311, 312, 313, 320, 321, 322, 323, 324, 325, 336, 352, 353, 358, 359, 360, 364, 365, 366, 375, 378, 385, 386, 388, 389, 390, 391, 393, 394, 404, 406, 411, 412, 413, 414, 417, 418, 419, 420, 421, 422, 423, 432, 433, 434, 435, 436, 443, 444, 446, 451, 453, 456, 457, 462, 464, 466, 467, 468, 474, 475, 476, 477, 478, 480, 481, 485, 486, 491], [3, 9, 22, 28, 30, 31, 33, 45, 51, 61, 69, 74, 76, 79, 82, 85, 86, 87, 89, 90, 91, 101, 103, 114, 124, 130, 134, 148, 151, 152, 157, 164, 165, 168, 169, 171, 174, 181, 182, 183, 184, 187, 188, 189, 195, 196, 197, 198, 199, 200, 201, 202, 210, 225, 226, 230, 233, 235, 240, 241, 248, 252, 264, 265, 267, 268, 274, 278, 281, 287, 289, 290, 291, 295, 296, 297, 298, 299, 304, 305, 306, 309, 310, 311, 312, 313, 320, 321, 322, 323, 324, 325, 327, 328, 329, 330, 331, 332, 352, 355, 358, 360, 365, 367, 376, 385, 386, 388, 389, 390, 401, 406, 409, 411, 412, 413, 414, 417, 418, 419, 420, 421, 422, 423, 432, 433, 434, 435, 436, 437, 438, 443, 444, 446, 449, 451, 453, 456, 459, 464, 466, 467, 474, 475, 476, 477, 478, 480, 481, 485, 486, 487], [4, 10, 23, 28, 34, 38, 41, 46, 51, 62, 71, 75, 77, 79, 81, 89, 90, 91, 97, 102, 104, 110, 130, 132, 133, 137, 138, 139, 152, 154, 155, 156, 165, 167, 170, 174, 176, 195, 196, 197, 198, 199, 200, 201, 202, 209, 215, 230, 232, 235, 236, 237, 249, 255, 267, 268, 269, 270, 271, 272, 278, 279, 281, 283, 286, 287, 288, 309, 310, 311, 312, 313, 320, 321, 322, 323, 324, 325, 327, 328, 329, 330, 331, 332, 336, 339, 358, 359, 364, 375, 388, 389, 390, 391, 393, 394, 401, 402, 404, 417, 418, 419, 420, 421, 422, 423, 432, 433, 434, 435, 436, 437, 438, 446, 449, 456, 457, 459, 466, 467, 468, 476, 477, 478, 480, 481, 485, 486, 487, 491], [5, 18, 24, 33, 35, 39, 42, 47, 63, 69, 72, 78, 82, 98, 101, 108, 111, 114, 115, 122, 124, 126, 134, 135, 157, 158, 159, 168, 177, 181, 195, 198, 201, 210, 211, 223, 225, 227, 233, 234, 235, 236, 238, 240, 242, 248, 249, 250, 252, 254, 264, 267, 269, 271, 273, 274, 278, 279, 286, 287, 288, 290, 299, 304, 310, 322, 325, 327, 328, 331, 336, 339, 352, 353, 355, 358, 359, 360, 365, 366, 367, 376, 377, 378, 385, 388, 389, 391, 393, 401, 402, 404, 406, 409, 412, 419, 420, 421, 433, 435, 437, 443, 444, 446, 449, 451, 453, 456, 457, 459, 462, 464, 466, 468, 474, 475, 477, 478, 485, 486, 487, 491], [19, 25, 34, 35, 36, 37, 48, 64, 71, 72, 73, 83, 85, 89, 97, 98, 99, 101, 102, 103, 104, 115, 116, 125, 126, 128, 136, 138, 154, 158, 160, 161, 164, 165, 167, 168, 169, 170, 171, 177, 182, 188, 189, 196, 198, 199, 202, 209, 210, 211, 215, 237, 238, 239, 240, 241, 242, 250, 251, 252, 253, 255, 265, 269, 270, 272, 273, 274, 275, 278, 279, 281, 283, 289, 290, 291, 295, 297, 298, 304, 306, 311, 320, 322, 323, 324, 327, 329, 331, 332, 336, 339, 364, 365, 366, 367, 376, 377, 378, 385, 386, 388, 390, 391, 393, 394, 401, 402, 406, 409, 411, 412, 414, 417, 419, 422, 423, 432, 433, 436, 437, 438, 451, 453, 456, 457, 459, 462, 464, 466, 467, 468, 475, 476, 478, 481, 486, 487, 491], [20, 26, 30, 36, 38, 39, 49, 65, 73, 74, 75, 83, 86, 90, 102, 108, 109, 110, 111, 112, 114, 115, 116, 129, 132, 136, 139, 155, 160, 169, 170, 174, 176, 177, 183, 187, 188, 199, 215, 223, 224, 225, 226, 227, 230, 232, 233, 234, 235, 236, 237, 238, 239, 240, 241, 242, 251, 253, 254, 270, 273, 275, 281, 283, 286, 287, 288, 289, 290, 291, 296, 297, 305, 306, 312, 321, 323, 327, 330, 332, 339, 352, 353, 355, 358, 359, 360, 364, 365, 366, 367, 375, 377, 386, 391, 394, 401, 402, 404, 406, 409, 411, 413, 414, 418, 420, 422, 432, 434, 435, 436, 438, 443, 444, 446, 449, 451, 453, 456, 457, 459, 462, 464, 466, 467, 468, 474, 475, 476, 477, 478, 480, 481, 485, 486, 487, 491], [6, 21, 27, 31, 37, 41, 42, 50, 66, 76, 77, 78, 81, 87, 91, 99, 103, 104, 109, 112, 116, 122, 124, 125, 126, 133, 135, 151, 156, 159, 161, 167, 171, 176, 181, 184, 189, 197, 200, 201, 202, 209, 211, 215, 224, 226, 227, 232, 234, 236, 239, 241, 242, 248, 249, 250, 251, 252, 264, 265, 268, 271, 272, 275, 279, 283, 288, 291, 298, 299, 304, 305, 306, 313, 324, 325, 328, 329, 330, 331, 332, 336, 339, 353, 355, 359, 360, 364, 366, 367, 375, 376, 377, 378, 385, 386, 389, 390, 393, 394, 402, 404, 409, 412, 413, 414, 421, 423, 433, 434, 435, 436, 437, 438, 444, 449, 453, 457, 459, 462, 464, 467, 474, 475, 480, 481, 485, 486, 487, 491]!Vessel: FarSeeker
[1, 8, 9, 10, 44, 45, 46, 47, 48, 49, 50, 51, 128, 129, 130, 132, 133, 134, 135, 136, 137, 138, 139, 148, 182, 183, 184, 253, 254, 255, 295, 296, 297, 298, 299, 309, 310, 311, 312, 313, 411, 412, 413, 414, 417, 418, 419, 420, 421, 422, 423, 443, 451, 468, 474, 475, 476, 477, 478, 480, 481], [15, 18, 19, 20, 21, 44, 61, 62, 63, 64, 65, 66, 69, 71, 72, 73, 74, 75, 76, 77, 78, 108, 109, 125, 128, 129, 137, 139, 148, 151, 152, 154, 155, 156, 157, 158, 159, 160, 161, 164, 165, 167, 168, 169, 170, 171, 174, 176, 177, 181, 187, 200, 223, 224, 225, 226, 227, 250, 251, 253, 254, 255, 264, 265, 267, 268, 269, 270, 271, 272, 273, 274, 275, 278, 279, 281, 283, 286, 287, 288, 289, 290, 291, 295, 296, 305, 309, 320, 321, 328, 329, 330, 352, 353, 355, 375, 376, 377, 378, 385, 386, 388, 389, 390, 391, 393, 394, 401, 402, 404, 406, 409, 411, 413, 417, 418, 432, 434, 437, 438, 443, 444, 446, 449, 462, 464, 466, 467, 468, 474, 476, 477, 480, 485, 487, 491], [2, 8, 15, 22, 23, 24, 25, 26, 27, 44, 45, 46, 47, 48, 49, 50, 61, 62, 63, 64, 65, 66, 79, 81, 82, 83, 85, 86, 87, 97, 98, 99, 110, 111, 112, 122, 128, 129, 130, 132, 133, 134, 135, 136, 137, 138, 148, 151, 152, 154, 155, 156, 157, 158, 159, 160, 161, 164, 182, 183, 184, 187, 188, 189, 195, 196, 197, 209, 210, 211, 223, 224, 230, 232, 233, 234, 237, 238, 239, 248, 249, 253, 254, 255, 264, 265, 267, 268, 269, 270, 271, 272, 273, 274, 275, 286, 289, 295, 296, 297, 298, 299, 304, 305, 306, 309, 310, 311, 312, 313, 320, 321, 322, 323, 324, 325, 336, 352, 353, 358, 359, 360, 364, 365, 366, 375, 378, 385, 386, 388, 389, 390, 391, 393, 394, 404, 406, 411, 412, 413, 414, 417, 418, 419, 420, 421, 422, 423, 432, 433, 434, 435, 436, 443, 444, 446, 451, 453, 456, 457, 462, 464, 466, 467, 468, 474, 475, 476, 477, 478, 480, 481, 485, 486, 491], [3, 9, 22, 28, 30, 31, 33, 45, 51, 61, 69, 74, 76, 79, 82, 85, 86, 87, 89, 90, 91, 101, 103, 114, 124, 130, 134, 148, 151, 152, 157, 164, 165, 168, 169, 171, 174, 181, 182, 183, 184, 187, 188, 189, 195, 196, 197, 198, 199, 200, 201, 202, 210, 225, 226, 230, 233, 235, 240, 241, 248, 252, 264, 265, 267, 268, 274, 278, 281, 287, 289, 290, 291, 295, 296, 297, 298, 299, 304, 305, 306, 309, 310, 311, 312, 313, 320, 321, 322, 323, 324, 325, 327, 328, 329, 330, 331, 332, 352, 355, 358, 360, 365, 367, 376, 385, 386, 388, 389, 390, 401, 406, 409, 411, 412, 413, 414, 417, 418, 419, 420, 421, 422, 423, 432, 433, 434, 435, 436, 437, 438, 443, 444, 446, 449, 451, 453, 456, 459, 464, 466, 467, 474, 475, 476, 477, 478, 480, 481, 485, 486, 487], [4, 10, 23, 28, 34, 38, 41, 46, 51, 62, 71, 75, 77, 79, 81, 89, 90, 91, 97, 102, 104, 110, 130, 132, 133, 137, 138, 139, 152, 154, 155, 156, 165, 167, 170, 174, 176, 195, 196, 197, 198, 199, 200, 201, 202, 209, 215, 230, 232, 235, 236, 237, 249, 255, 267, 268, 269, 270, 271, 272, 278, 279, 281, 283, 286, 287, 288, 309, 310, 311, 312, 313, 320, 321, 322, 323, 324, 325, 327, 328, 329, 330, 331, 332, 336, 339, 358, 359, 364, 375, 388, 389, 390, 391, 393, 394, 401, 402, 404, 417, 418, 419, 420, 421, 422, 423, 432, 433, 434, 435, 436, 437, 438, 446, 449, 456, 457, 459, 466, 467, 468, 476, 477, 478, 480, 481, 485, 486, 487, 491], [5, 18, 24, 33, 35, 39, 42, 47, 63, 69, 72, 78, 82, 98, 101, 108, 111, 114, 115, 122, 124, 126, 134, 135, 157, 158, 159, 168, 177, 181, 195, 198, 201, 210, 211, 223, 225, 227, 233, 234, 235, 236, 238, 240, 242, 248, 249, 250, 252, 254, 264, 267, 269, 271, 273, 274, 278, 279, 286, 287, 288, 290, 299, 304, 310, 322, 325, 327, 328, 331, 336, 339, 352, 353, 355, 358, 359, 360, 365, 366, 367, 376, 377, 378, 385, 388, 389, 391, 393, 401, 402, 404, 406, 409, 412, 419, 420, 421, 433, 435, 437, 443, 444, 446, 449, 451, 453, 456, 457, 459, 462, 464, 466, 468, 474, 475, 477, 478, 485, 486, 487, 491], [19, 25, 34, 35, 36, 37, 48, 64, 71, 72, 73, 83, 85, 89, 97, 98, 99, 101, 102, 103, 104, 115, 116, 125, 126, 128, 136, 138, 154, 158, 160, 161, 164, 165, 167, 168, 169, 170, 171, 177, 182, 188, 189, 196, 198, 199, 202, 209, 210, 211, 215, 237, 238, 239, 240, 241, 242, 250, 251, 252, 253, 255, 265, 269, 270, 272, 273, 274, 275, 278, 279, 281, 283, 289, 290, 291, 295, 297, 298, 304, 306, 311, 320, 322, 323, 324, 327, 329, 331, 332, 336, 339, 364, 365, 366, 367, 376, 377, 378, 385, 386, 388, 390, 391, 393, 394, 401, 402, 406, 409, 411, 412, 414, 417, 419, 422, 423, 432, 433, 436, 437, 438, 451, 453, 456, 457, 459, 462, 464, 466, 467, 468, 475, 476, 478, 481, 486, 487, 491], [20, 26, 30, 36, 38, 39, 49, 65, 73, 74, 75, 83, 86, 90, 102, 108, 109, 110, 111, 112, 114, 115, 116, 129, 132, 136, 139, 155, 160, 169, 170, 174, 176, 177, 183, 187, 188, 199, 215, 223, 224, 225, 226, 227, 230, 232, 233, 234, 235, 236, 237, 238, 239, 240, 241, 242, 251, 253, 254, 270, 273, 275, 281, 283, 286, 287, 288, 289, 290, 291, 296, 297, 305, 306, 312, 321, 323, 327, 330, 332, 339, 352, 353, 355, 358, 359, 360, 364, 365, 366, 367, 375, 377, 386, 391, 394, 401, 402, 404, 406, 409, 411, 413, 414, 418, 420, 422, 432, 434, 435, 436, 438, 443, 444, 446, 449, 451, 453, 456, 457, 459, 462, 464, 466, 467, 468, 474, 475, 476, 477, 478, 480, 481, 485, 486, 487, 491], [6, 21, 27, 31, 37, 41, 42, 50, 66, 76, 77, 78, 81, 87, 91, 99, 103, 104, 109, 112, 116, 122, 124, 125, 126, 133, 135, 151, 156, 159, 161, 167, 171, 176, 181, 184, 189, 197, 200, 201, 202, 209, 211, 215, 224, 226, 227, 232, 234, 236, 239, 241, 242, 248, 249, 250, 251, 252, 264, 265, 268, 271, 272, 275, 279, 283, 288, 291, 298, 299, 304, 305, 306, 313, 324, 325, 328, 329, 330, 331, 332, 336, 339, 353, 355, 359, 360, 364, 366, 367, 375, 376, 377, 378, 385, 386, 389, 390, 393, 394, 402, 404, 409, 412, 413, 414, 421, 423, 433, 434, 435, 436, 437, 438, 444, 449, 453, 457, 459, 462, 464, 467, 474, 475, 480, 481, 485, 486, 487, 491]!Vessel: FarSearcher
[1, 8, 9, 10, 44, 45, 46, 47, 48, 49, 50, 51, 128, 129, 130, 132, 133, 134, 135, 136, 137, 138, 139, 148, 182, 183, 184, 253, 254, 255, 295, 296, 297, 298, 299, 309, 310, 311, 312, 313, 411, 413, 414, 417, 418, 419, 420, 422, 423, 443, 451, 476, 480, 481], [15, 18, 19, 20, 21, 44, 61, 62, 63, 64, 65, 66, 69, 71, 72, 73, 74, 75, 76, 77, 78, 108, 109, 125, 128, 129, 137, 139, 148, 151, 152, 154, 155, 156, 157, 158, 159, 160, 161, 164, 165, 167, 168, 169, 170, 171, 174, 176, 177, 181, 187, 200, 223, 224, 225, 226, 227, 250, 251, 253, 254, 255, 264, 265, 267, 268, 269, 270, 271, 272, 273, 274, 275, 278, 279, 281, 283, 286, 287, 288, 289, 290, 291, 295, 296, 305, 309, 320, 321, 328, 329, 330, 352, 353, 355, 375, 376, 377, 378, 386, 390, 391, 394, 401, 402, 404, 406, 409, 411, 413, 417, 418, 432, 434, 438, 443, 444, 446, 449, 462, 467, 476, 480], [2, 8, 15, 22, 23, 24, 25, 26, 27, 44, 45, 46, 47, 48, 49, 50, 61, 62, 63, 64, 65, 66, 79, 81, 82, 83, 85, 86, 87, 97, 98, 99, 110, 111, 112, 122, 128, 129, 130, 132, 133, 134, 135, 136, 137, 138, 148, 151, 152, 154, 155, 156, 157, 158, 159, 160, 161, 164, 182, 183, 184, 187, 188, 189, 195, 196, 197, 209, 210, 211, 223, 224, 230, 232, 233, 234, 237, 238, 239, 248, 249, 253, 254, 255, 264, 265, 267, 268, 269, 270, 271, 272, 273, 274, 275, 286, 289, 295, 296, 297, 298, 299, 304, 305, 306, 309, 310, 311, 312, 313, 320, 321, 322, 323, 324, 325, 336, 352, 353, 358, 359, 360, 364, 365, 366, 375, 378, 386, 390, 391, 394, 404, 406, 411, 413, 414, 417, 418, 419, 420, 422, 423, 432, 434, 435, 436, 443, 444, 446, 451, 453, 456, 457, 462, 467, 476, 480, 481], [3, 9, 22, 28, 30, 31, 33, 45, 51, 61, 69, 74, 76, 79, 82, 85, 86, 87, 89, 90, 91, 101, 103, 114, 124, 130, 134, 148, 151, 152, 157, 164, 165, 168, 169, 171, 174, 181, 182, 183, 184, 187, 188, 189, 195, 196, 197, 198, 199, 200, 201, 202, 210, 225, 226, 230, 233, 235, 240, 241, 248, 252, 264, 265, 267, 268, 274, 278, 281, 287, 289, 290, 291, 295, 296, 297, 298, 299, 304, 305, 306, 309, 310, 311, 312, 313, 320, 321, 322, 323, 324, 325, 327, 328, 329, 330, 331, 332, 352, 355, 358, 360, 365, 367, 376, 386, 390, 401, 406, 409, 411, 413, 414, 417, 418, 419, 420, 422, 423, 432, 434, 435, 436, 438, 443, 444, 446, 449, 451, 453, 456, 459, 467, 476, 480, 481], [4, 10, 23, 28, 34, 38, 41, 46, 51, 62, 71, 75, 77, 79, 81, 89, 90, 91, 97, 102, 104, 110, 130, 132, 133, 137, 138, 139, 152, 154, 155, 156, 165, 167, 170, 174, 176, 195, 196, 197, 198, 199, 200, 201, 202, 209, 215, 230, 232, 235, 236, 237, 249, 255, 267, 268, 269, 270, 271, 272, 278, 279, 281, 283, 286, 287, 288, 309, 310, 311, 312, 313, 320, 321, 322, 323, 324, 325, 327, 328, 329, 330, 331, 332, 336, 339, 358, 359, 364, 375, 390, 391, 394, 401, 402, 404, 417, 418, 419, 420, 422, 423, 432, 434, 435, 436, 438, 446, 449, 456, 457, 459, 467, 476, 480, 481], [5, 18, 24, 33, 35, 39, 42, 47, 63, 69, 72, 78, 82, 98, 101, 108, 111, 114, 115, 122, 124, 126, 134, 135, 157, 158, 159, 168, 177, 181, 195, 198, 201, 210, 211, 223, 225, 227, 233, 234, 235, 236, 238, 240, 242, 248, 249, 250, 252, 254, 264, 267, 269, 271, 273, 274, 278, 279, 286, 287, 288, 290, 299, 304, 310, 322, 325, 327, 328, 331, 336, 339, 352, 353, 355, 358, 359, 360, 365, 366, 367, 376, 377, 378, 391, 401, 402, 404, 406, 409, 419, 420, 435, 443, 444, 446, 449, 451, 453, 456, 457, 459, 462], [19, 25, 34, 35, 36, 37, 48, 64, 71, 72, 73, 83, 85, 89, 97, 98, 99, 101, 102, 103, 104, 115, 116, 125, 126, 128, 136, 138, 154, 158, 160, 161, 164, 165, 167, 168, 169, 170, 171, 177, 182, 188, 189, 196, 198, 199, 202, 209, 210, 211, 215, 237, 238, 239, 240, 241, 242, 250, 251, 252, 253, 255, 265, 269, 270, 272, 273, 274, 275, 278, 279, 281, 283, 289, 290, 291, 295, 297, 298, 304, 306, 311, 320, 322, 323, 324, 327, 329, 331, 332, 336, 339, 364, 365, 366, 367, 376, 377, 378, 386, 390, 391, 394, 401, 402, 406, 409, 411, 414, 417, 419, 422, 423, 432, 436, 438, 451, 453, 456, 457, 459, 462, 467, 476, 481], [20, 26, 30, 36, 38, 39, 49, 65, 73, 74, 75, 83, 86, 90, 102, 108, 109, 110, 111, 112, 114, 115, 116, 129, 132, 136, 139, 155, 160, 169, 170, 174, 176, 177, 183, 187, 188, 199, 215, 223, 224, 225, 226, 227, 230, 232, 233, 234, 235, 236, 237, 238, 239, 240, 241, 242, 251, 253, 254, 270, 273, 275, 281, 283, 286, 287, 288, 289, 290, 291, 296, 297, 305, 306, 312, 321, 323, 327, 330, 332, 339, 352, 353, 355, 358, 359, 360, 364, 365, 366, 367, 375, 377, 386, 391, 394, 401, 402, 404, 406, 409, 411, 413, 414, 418, 420, 422, 432, 434, 435, 436, 438, 443, 444, 446, 449, 451, 453, 456, 457, 459, 462, 467, 476, 480, 481], [6, 21, 27, 31, 37, 41, 42, 50, 66, 76, 77, 78, 81, 87, 91, 99, 103, 104, 109, 112, 116, 122, 124, 125, 126, 133, 135, 151, 156, 159, 161, 167, 171, 176, 181, 184, 189, 197, 200, 201, 202, 209, 211, 215, 224, 226, 227, 232, 234, 236, 239, 241, 242, 248, 249, 250, 251, 252, 264, 265, 268, 271, 272, 275, 279, 283, 288, 291, 298, 299, 304, 305, 306, 313, 324, 325, 328, 329, 330, 331, 332, 336, 339, 353, 355, 359, 360, 364, 366, 367, 375, 376, 377, 378, 386, 390, 394, 402, 404, 409, 413, 414, 423, 434, 435, 436, 438, 444, 449, 453, 457, 459, 462, 467, 480, 481]!Vessel: FarSymphony
[1, 8, 9, 10, 44, 45, 46, 47, 48, 49, 50, 51, 128, 129, 130, 132, 133, 134, 135, 136, 137, 138, 139, 148, 182, 183, 184, 253, 254, 255, 295, 296, 297, 298, 299, 309, 310, 311, 312, 313, 411, 412, 413, 414, 417, 418, 419, 420, 421, 422, 423, 443, 451, 468, 476, 478, 480, 481], [15, 18, 19, 20, 21, 44, 61, 62, 63, 64, 65, 66, 69, 71, 72, 73, 74, 75, 76, 77, 78, 108, 109, 125, 128, 129, 137, 139, 148, 151, 152, 154, 155, 156, 157, 158, 159, 160, 161, 164, 165, 167, 168, 169, 170, 171, 174, 176, 177, 181, 187, 200, 223, 224, 225, 226, 227, 250, 251, 253, 254, 255, 264, 265, 267, 268, 269, 270, 271, 272, 273, 274, 275, 278, 279, 281, 283, 286, 287, 288, 289, 290, 291, 295, 296, 305, 309, 320, 321, 328, 329, 330, 352, 353, 355, 375, 376, 377, 378, 385, 386, 388, 389, 390, 391, 393, 394, 401, 402, 404, 406, 409, 411, 413, 417, 418, 432, 434, 437, 438, 443, 444, 446, 449, 462, 466, 467, 468, 476, 480, 487, 491], [2, 8, 15, 22, 23, 24, 25, 26, 27, 44, 45, 46, 47, 48, 49, 50, 61, 62, 63, 64, 65, 66, 79, 81, 82, 83, 85, 86, 87, 97, 98, 99, 110, 111, 112, 122, 128, 129, 130, 132, 133, 134, 135, 136, 137, 138, 148, 151, 152, 154, 155, 156, 157, 158, 159, 160, 161, 164, 182, 183, 184, 187, 188, 189, 195, 196, 197, 209, 210, 211, 223, 224, 230, 232, 233, 234, 237, 238, 239, 248, 249, 253, 254, 255, 264, 265, 267, 268, 269, 270, 271, 272, 273, 274, 275, 286, 289, 295, 296, 297, 298, 299, 304, 305, 306, 309, 310, 311, 312, 313, 320, 321, 322, 323, 324, 325, 336, 352, 353, 358, 359, 360, 364, 365, 366, 375, 378, 385, 386, 388, 389, 390, 391, 393, 394, 404, 406, 411, 412, 413, 414, 417, 418, 419, 420, 421, 422, 423, 432, 433, 434, 435, 436, 443, 444, 446, 451, 453, 456, 457, 462, 466, 467, 468, 476, 478, 480, 481, 491], [3, 9, 22, 28, 30, 31, 33, 45, 51, 61, 69, 74, 76, 79, 82, 85, 86, 87, 89, 90, 91, 101, 103, 114, 124, 130, 134, 148, 151, 152, 157, 164, 165, 168, 169, 171, 174, 181, 182, 183, 184, 187, 188, 189, 195, 196, 197, 198, 199, 200, 201, 202, 210, 225, 226, 230, 233, 235, 240, 241, 248, 252, 264, 265, 267, 268, 274, 278, 281, 287, 289, 290, 291, 295, 296, 297, 298, 299, 304, 305, 306, 309, 310, 311, 312, 313, 320, 321, 322, 323, 324, 325, 327, 328, 329, 330, 331, 332, 352, 355, 358, 360, 365, 367, 376, 385, 386, 388, 389, 390, 401, 406, 409, 411, 412, 413, 414, 417, 418, 419, 420, 421, 422, 423, 432, 433, 434, 435, 436, 437, 438, 443, 444, 446, 449, 451, 453, 456, 459, 466, 467, 476, 478, 480, 481, 487], [4, 10, 23, 28, 34, 38, 41, 46, 51, 62, 71, 75, 77, 79, 81, 89, 90, 91, 97, 102, 104, 110, 130, 132, 133, 137, 138, 139, 152, 154, 155, 156, 165, 167, 170, 174, 176, 195, 196, 197, 198, 199, 200, 201, 202, 209, 215, 230, 232, 235, 236, 237, 249, 255, 267, 268, 269, 270, 271, 272, 278, 279, 281, 283, 286, 287, 288, 309, 310, 311, 312, 313, 320, 321, 322, 323, 324, 325, 327, 328, 329, 330, 331, 332, 336, 339, 358, 359, 364, 375, 388, 389, 390, 391, 393, 394, 401, 402, 404, 417, 418, 419, 420, 421, 422, 423, 432, 433, 434, 435, 436, 437, 438, 446, 449, 456, 457, 459, 466, 467, 468, 476, 478, 480, 481, 487, 491], [5, 18, 24, 33, 35, 39, 42, 47, 63, 69, 72, 78, 82, 98, 101, 108, 111, 114, 115, 122, 124, 126, 134, 135, 157, 158, 159, 168, 177, 181, 195, 198, 201, 210, 211, 223, 225, 227, 233, 234, 235, 236, 238, 240, 242, 248, 249, 250, 252, 254, 264, 267, 269, 271, 273, 274, 278, 279, 286, 287, 288, 290, 299, 304, 310, 322, 325, 327, 328, 331, 336, 339, 352, 353, 355, 358, 359, 360, 365, 366, 367, 376, 377, 378, 385, 388, 389, 391, 393, 401, 402, 404, 406, 409, 412, 419, 420, 421, 433, 435, 437, 443, 444, 446, 449, 451, 453, 456, 457, 459, 462, 466, 468, 478, 487, 491], [19, 25, 34, 35, 36, 37, 48, 64, 71, 72, 73, 83, 85, 89, 97, 98, 99, 101, 102, 103, 104, 115, 116, 125, 126, 128, 136, 138, 154, 158, 160, 161, 164, 165, 167, 168, 169, 170, 171, 177, 182, 188, 189, 196, 198, 199, 202, 209, 210, 211, 215, 237, 238, 239, 240, 241, 242, 250, 251, 252, 253, 255, 265, 269, 270, 272, 273, 274, 275, 278, 279, 281, 283, 289, 290, 291, 295, 297, 298, 304, 306, 311, 320, 322, 323, 324, 327, 329, 331, 332, 336, 339, 364, 365, 366, 367, 376, 377, 378, 385, 386, 388, 390, 391, 393, 394, 401, 402, 406, 409, 411, 412, 414, 417, 419, 422, 423, 432, 433, 436, 437, 438, 451, 453, 456, 457, 459, 462, 466, 467, 468, 476, 478, 481, 487, 491], [20, 26, 30, 36, 38, 39, 49, 65, 73, 74, 75, 83, 86, 90, 102, 108, 109, 110, 111, 112, 114, 115, 116, 129, 132, 136, 139, 155, 160, 169, 170, 174, 176, 177, 183, 187, 188, 199, 215, 223, 224, 225, 226, 227, 230, 232, 233, 234, 235, 236, 237, 238, 239, 240, 241, 242, 251, 253, 254, 270, 273, 275, 281, 283, 286, 287, 288, 289, 290, 291, 296, 297, 305, 306, 312, 321, 323, 327, 330, 332, 339, 352, 353, 355, 358, 359, 360, 364, 365, 366, 367, 375, 377, 386, 391, 394, 401, 402, 404, 406, 409, 411, 413, 414, 418, 420, 422, 432, 434, 435, 436, 438, 443, 444, 446, 449, 451, 453, 456, 457, 459, 462, 466, 467, 468, 476, 478, 480, 481, 487, 491], [6, 21, 27, 31, 37, 41, 42, 50, 66, 76, 77, 78, 81, 87, 91, 99, 103, 104, 109, 112, 116, 122, 124, 125, 126, 133, 135, 151, 156, 159, 161, 167, 171, 176, 181, 184, 189, 197, 200, 201, 202, 209, 211, 215, 224, 226, 227, 232, 234, 236, 239, 241, 242, 248, 249, 250, 251, 252, 264, 265, 268, 271, 272, 275, 279, 283, 288, 291, 298, 299, 304, 305, 306, 313, 324, 325, 328, 329, 330, 331, 332, 336, 339, 353, 355, 359, 360, 364, 366, 367, 375, 376, 377, 378, 385, 386, 389, 390, 393, 394, 402, 404, 409, 412, 413, 414, 421, 423, 433, 434, 435, 436, 437, 438, 444, 449, 453, 457, 459, 462, 467, 480, 481, 487, 491]!Vessel: HavilaForesight
[1, 8, 9, 10, 44, 45, 46, 47, 48, 49, 50, 51, 128, 129, 130, 132, 133, 134, 135, 136, 137, 138, 139, 148, 182, 183, 184, 253, 254, 255, 295, 296, 297, 298, 299, 309, 310, 311, 312, 313, 411, 413, 414, 417, 418, 422, 423, 451, 476, 481], [15, 18, 19, 20, 21, 44, 61, 62, 63, 64, 65, 66, 69, 71, 72, 73, 74, 75, 76, 77, 78, 108, 109, 125, 128, 129, 137, 139, 148, 151, 152, 154, 155, 156, 157, 158, 159, 160, 161, 164, 165, 167, 168, 169, 170, 171, 174, 176, 177, 181, 187, 200, 223, 224, 225, 226, 227, 250, 251, 253, 254, 255, 265, 267, 268, 269, 270, 271, 272, 273, 274, 275, 278, 279, 281, 283, 286, 287, 288, 289, 290, 291, 295, 296, 305, 309, 320, 321, 328, 329, 330, 352, 353, 355, 375, 376, 377, 378, 386, 390, 391, 394, 401, 402, 411, 413, 417, 418, 432, 434, 438, 467, 476], [2, 8, 15, 22, 23, 24, 25, 26, 27, 44, 45, 46, 47, 48, 49, 50, 61, 62, 63, 64, 65, 66, 79, 81, 82, 83, 85, 86, 87, 97, 98, 99, 110, 111, 112, 122, 128, 129, 130, 132, 133, 134, 135, 136, 137, 138, 148, 151, 152, 154, 155, 156, 157, 158, 159, 160, 161, 164, 182, 183, 184, 187, 188, 189, 195, 196, 197, 209, 210, 211, 223, 224, 230, 232, 233, 234, 237, 238, 239, 248, 249, 253, 254, 255, 265, 267, 268, 269, 270, 271, 272, 273, 274, 275, 286, 289, 295, 296, 297, 298, 299, 304, 305, 306, 309, 310, 311, 312, 313, 320, 321, 322, 323, 324, 325, 336, 352, 353, 358, 359, 360, 364, 365, 366, 375, 378, 386, 390, 391, 394, 411, 413, 414, 417, 418, 422, 423, 432, 434, 436, 451, 456, 467, 476, 481], [3, 9, 22, 28, 30, 31, 33, 45, 51, 61, 69, 74, 76, 79, 82, 85, 86, 87, 89, 90, 91, 101, 103, 114, 124, 130, 134, 148, 151, 152, 157, 164, 165, 168, 169, 171, 174, 181, 182, 183, 184, 187, 188, 189, 195, 196, 197, 198, 199, 200, 201, 202, 210, 225, 226, 230, 233, 235, 240, 241, 248, 252, 265, 267, 268, 274, 278, 281, 287, 289, 290, 291, 295, 296, 297, 298, 299, 304, 305, 306, 309, 310, 311, 312, 313, 320, 321, 322, 323, 324, 325, 327, 328, 329, 330, 331, 332, 352, 355, 358, 360, 365, 367, 376, 386, 390, 401, 411, 413, 414, 417, 418, 422, 423, 432, 434, 436, 438, 451, 456, 467, 476, 481], [4, 10, 23, 28, 34, 38, 41, 46, 51, 62, 71, 75, 77, 79, 81, 89, 90, 91, 97, 102, 104, 110, 130, 132, 133, 137, 138, 139, 152, 154, 155, 156, 165, 167, 170, 174, 176, 195, 196, 197, 198, 199, 200, 201, 202, 209, 215, 230, 232, 235, 236, 237, 249, 255, 267, 268, 269, 270, 271, 272, 278, 279, 281, 283, 286, 287, 288, 309, 310, 311, 312, 313, 320, 321, 322, 323, 324, 325, 327, 328, 329, 330, 331, 332, 336, 339, 358, 359, 364, 375, 390, 391, 394, 401, 402, 417, 418, 422, 423, 432, 434, 436, 438, 456, 467, 476, 481], [5, 18, 24, 33, 35, 39, 42, 47, 63, 69, 72, 78, 82, 98, 101, 108, 111, 114, 115, 122, 124, 126, 134, 135, 157, 158, 159, 168, 177, 181, 195, 198, 201, 210, 211, 223, 225, 227, 233, 234, 235, 236, 238, 240, 242, 248, 249, 250, 252, 254, 267, 269, 271, 273, 274, 278, 279, 286, 287, 288, 290, 299, 304, 310, 322, 325, 327, 328, 331, 336, 339, 352, 353, 355, 358, 359, 360, 365, 366, 367, 376, 377, 378, 391, 401, 402, 451, 456], [19, 25, 34, 35, 36, 37, 48, 64, 71, 72, 73, 83, 85, 89, 97, 98, 99, 101, 102, 103, 104, 115, 116, 125, 126, 128, 136, 138, 154, 158, 160, 161, 164, 165, 167, 168, 169, 170, 171, 177, 182, 188, 189, 196, 198, 199, 202, 209, 210, 211, 215, 237, 238, 239, 240, 241, 242, 250, 251, 252, 253, 255, 265, 269, 270, 272, 273, 274, 275, 278, 279, 281, 283, 289, 290, 291, 295, 297, 298, 304, 306, 311, 320, 322, 323, 324, 327, 329, 331, 332, 336, 339, 364, 365, 366, 367, 376, 377, 378, 386, 390, 391, 394, 401, 402, 411, 414, 417, 422, 423, 432, 436, 438, 451, 456, 467, 476, 481], [20, 26, 30, 36, 38, 39, 49, 65, 73, 74, 75, 83, 86, 90, 102, 108, 109, 110, 111, 112, 114, 115, 116, 129, 132, 136, 139, 155, 160, 169, 170, 174, 176, 177, 183, 187, 188, 199, 215, 223, 224, 225, 226, 227, 230, 232, 233, 234, 235, 236, 237, 238, 239, 240, 241, 242, 251, 253, 254, 270, 273, 275, 281, 283, 286, 287, 288, 289, 290, 291, 296, 297, 305, 306, 312, 321, 323, 327, 330, 332, 339, 352, 353, 355, 358, 359, 360, 364, 365, 366, 367, 375, 377, 386, 391, 394, 401, 402, 411, 413, 414, 418, 422, 432, 434, 436, 438, 451, 456, 467, 476, 481], [6, 21, 27, 31, 37, 41, 42, 50, 66, 76, 77, 78, 81, 87, 91, 99, 103, 104, 109, 112, 116, 122, 124, 125, 126, 133, 135, 151, 156, 159, 161, 167, 171, 176, 181, 184, 189, 197, 200, 201, 202, 209, 211, 215, 224, 226, 227, 232, 234, 236, 239, 241, 242, 248, 249, 250, 251, 252, 265, 268, 271, 272, 275, 279, 283, 288, 291, 298, 299, 304, 305, 306, 313, 324, 325, 328, 329, 330, 331, 332, 336, 339, 353, 355, 359, 360, 364, 366, 367, 375, 376, 377, 378, 386, 390, 394, 402, 413, 414, 423, 434, 436, 438, 467, 481]!Vessel: FarStar
] 

Rvl : [
!l : 2, 3
[1, 2, 3, 4, 5, 6, 8, 9, 10, 15, 18, 19, 20, 21, 22, 23, 24, 25, 26, 27, 28, 30, 31, 34, 35, 36, 37, 38, 39, 41, 42, 44, 46, 47, 48, 49, 50, 61, 62, 63, 64, 65, 66, 71, 72, 73, 74, 75, 77, 78, 81, 83, 85, 86, 89, 90, 97, 98, 99, 102, 104, 108, 109, 110, 111, 112, 115, 116, 122, 125, 126, 128, 129, 132, 135, 136, 137, 138, 139, 154, 155, 158, 159, 160, 161, 170, 177, 211, 223, 224, 227, 234, 237, 238, 239, 242, 250, 251, 253, 254, 273, 275, 353, 366, 377, 378], [33, 45, 51, 69, 76, 79, 82, 87, 91, 101, 103, 114, 124, 130, 133, 134, 148, 151, 152, 156, 157, 164, 165, 167, 168, 169, 171, 174, 176, 181, 182, 183, 184, 187, 188, 189, 195, 196, 197, 198, 199, 200, 201, 202, 209, 210, 215, 225, 226, 230, 232, 233, 235, 236, 240, 241, 248, 249, 252, 255, 264, 265, 267, 268, 269, 270, 271, 272, 274, 278, 279, 281, 283, 286, 287, 288, 289, 290, 291, 295, 296, 297, 298, 299, 304, 305, 306, 309, 310, 311, 312, 313, 320, 321, 322, 323, 324, 325, 327, 328, 329, 330, 331, 332, 336, 339, 352, 355, 358, 359, 360, 364, 365, 367, 375, 376, 385, 386, 388, 389, 390, 391, 393, 394, 401, 402, 404, 406, 409, 411, 412, 413, 414, 417, 418, 419, 420, 421, 422, 423, 432, 433, 434, 435, 436, 437, 438, 443, 444, 446, 449, 451, 453, 456, 457, 459, 462, 464, 466, 467, 468, 474, 475, 476, 477, 478, 480, 481, 485, 486, 487, 491]!Vessel: FarSeeker
[1, 2, 3, 4, 5, 6, 8, 9, 10, 15, 18, 19, 20, 21, 22, 23, 24, 25, 26, 27, 28, 30, 31, 34, 35, 36, 37, 38, 39, 41, 42, 44, 46, 47, 48, 49, 50, 61, 62, 63, 64, 65, 66, 71, 72, 73, 74, 75, 77, 78, 81, 83, 85, 86, 89, 90, 97, 98, 99, 102, 104, 108, 109, 110, 111, 112, 115, 116, 122, 125, 126, 128, 129, 132, 135, 136, 137, 138, 139, 154, 155, 158, 159, 160, 161, 170, 177, 211, 223, 224, 227, 234, 237, 238, 239, 242, 250, 251, 253, 254, 273, 275, 353, 366, 377, 378], [33, 45, 51, 69, 76, 79, 82, 87, 91, 101, 103, 114, 124, 130, 133, 134, 148, 151, 152, 156, 157, 164, 165, 167, 168, 169, 171, 174, 176, 181, 182, 183, 184, 187, 188, 189, 195, 196, 197, 198, 199, 200, 201, 202, 209, 210, 215, 225, 226, 230, 232, 233, 235, 236, 240, 241, 248, 249, 252, 255, 264, 265, 267, 268, 269, 270, 271, 272, 274, 278, 279, 281, 283, 286, 287, 288, 289, 290, 291, 295, 296, 297, 298, 299, 304, 305, 306, 309, 310, 311, 312, 313, 320, 321, 322, 323, 324, 325, 327, 328, 329, 330, 331, 332, 336, 339, 352, 355, 358, 359, 360, 364, 365, 367, 375, 376, 385, 386, 388, 389, 390, 391, 393, 394, 401, 402, 404, 406, 409, 411, 412, 413, 414, 417, 418, 419, 420, 421, 422, 423, 432, 433, 434, 435, 436, 437, 438, 443, 444, 446, 449, 451, 453, 456, 457, 459, 462, 464, 466, 467, 468, 474, 475, 476, 477, 478, 480, 481, 485, 486, 487, 491]!Vessel: FarSearcher
[1, 2, 3, 4, 5, 6, 8, 9, 10, 15, 18, 19, 20, 21, 22, 23, 24, 25, 26, 27, 28, 30, 31, 34, 35, 36, 37, 38, 39, 41, 42, 44, 46, 47, 48, 49, 50, 61, 62, 63, 64, 65, 66, 71, 72, 73, 74, 75, 77, 78, 81, 83, 85, 86, 89, 90, 97, 98, 99, 102, 104, 108, 109, 110, 111, 112, 115, 116, 122, 125, 126, 128, 129, 132, 135, 136, 137, 138, 139, 154, 155, 158, 159, 160, 161, 170, 177, 211, 223, 224, 227, 234, 237, 238, 239, 242, 250, 251, 253, 254, 273, 275, 353, 366, 377, 378], [33, 45, 51, 69, 76, 79, 82, 87, 91, 101, 103, 114, 124, 130, 133, 134, 148, 151, 152, 156, 157, 164, 165, 167, 168, 169, 171, 174, 176, 181, 182, 183, 184, 187, 188, 189, 195, 196, 197, 198, 199, 200, 201, 202, 209, 210, 215, 225, 226, 230, 232, 233, 235, 236, 240, 241, 248, 249, 252, 255, 264, 265, 267, 268, 269, 270, 271, 272, 274, 278, 279, 281, 283, 286, 287, 288, 289, 290, 291, 295, 296, 297, 298, 299, 304, 305, 306, 309, 310, 311, 312, 313, 320, 321, 322, 323, 324, 325, 327, 328, 329, 330, 331, 332, 336, 339, 352, 355, 358, 359, 360, 364, 365, 367, 375, 376, 386, 390, 391, 394, 401, 402, 404, 406, 409, 411, 413, 414, 417, 418, 419, 420, 422, 423, 432, 434, 435, 436, 438, 443, 444, 446, 449, 451, 453, 456, 457, 459, 462, 467, 476, 480, 481]!Vessel: FarSymphony
[1, 2, 3, 4, 5, 6, 8, 9, 10, 15, 18, 19, 20, 21, 22, 23, 24, 25, 26, 27, 28, 30, 31, 34, 35, 36, 37, 38, 39, 41, 42, 44, 46, 47, 48, 49, 50, 61, 62, 63, 64, 65, 66, 71, 72, 73, 74, 75, 77, 78, 81, 83, 85, 86, 89, 90, 97, 98, 99, 102, 104, 108, 109, 110, 111, 112, 115, 116, 122, 125, 126, 128, 129, 132, 135, 136, 137, 138, 139, 154, 155, 158, 159, 160, 161, 170, 177, 211, 223, 224, 227, 234, 237, 238, 239, 242, 250, 251, 253, 254, 273, 275, 353, 366, 377, 378], [33, 45, 51, 69, 76, 79, 82, 87, 91, 101, 103, 114, 124, 130, 133, 134, 148, 151, 152, 156, 157, 164, 165, 167, 168, 169, 171, 174, 176, 181, 182, 183, 184, 187, 188, 189, 195, 196, 197, 198, 199, 200, 201, 202, 209, 210, 215, 225, 226, 230, 232, 233, 235, 236, 240, 241, 248, 249, 252, 255, 264, 265, 267, 268, 269, 270, 271, 272, 274, 278, 279, 281, 283, 286, 287, 288, 289, 290, 291, 295, 296, 297, 298, 299, 304, 305, 306, 309, 310, 311, 312, 313, 320, 321, 322, 323, 324, 325, 327, 328, 329, 330, 331, 332, 336, 339, 352, 355, 358, 359, 360, 364, 365, 367, 375, 376, 385, 386, 388, 389, 390, 391, 393, 394, 401, 402, 404, 406, 409, 411, 412, 413, 414, 417, 418, 419, 420, 421, 422, 423, 432, 433, 434, 435, 436, 437, 438, 443, 444, 446, 449, 451, 453, 456, 457, 459, 462, 466, 467, 468, 476, 478, 480, 481, 487, 491]!Vessel: HavilaForesight
[1, 2, 3, 4, 5, 6, 8, 9, 10, 15, 18, 19, 20, 21, 22, 23, 24, 25, 26, 27, 28, 30, 31, 34, 35, 36, 37, 38, 39, 41, 42, 44, 46, 47, 48, 49, 50, 61, 62, 63, 64, 65, 66, 71, 72, 73, 74, 75, 77, 78, 81, 83, 85, 86, 89, 90, 97, 98, 99, 102, 104, 108, 109, 110, 111, 112, 115, 116, 122, 125, 126, 128, 129, 132, 135, 136, 137, 138, 139, 154, 155, 158, 159, 160, 161, 170, 177, 211, 223, 224, 227, 234, 237, 238, 239, 242, 250, 251, 253, 254, 273, 275, 353, 366, 377, 378], [33, 45, 51, 69, 76, 79, 82, 87, 91, 101, 103, 114, 124, 130, 133, 134, 148, 151, 152, 156, 157, 164, 165, 167, 168, 169, 171, 174, 176, 181, 182, 183, 184, 187, 188, 189, 195, 196, 197, 198, 199, 200, 201, 202, 209, 210, 215, 225, 226, 230, 232, 233, 235, 236, 240, 241, 248, 249, 252, 255, 265, 267, 268, 269, 270, 271, 272, 274, 278, 279, 281, 283, 286, 287, 288, 289, 290, 291, 295, 296, 297, 298, 299, 304, 305, 306, 309, 310, 311, 312, 313, 320, 321, 322, 323, 324, 325, 327, 328, 329, 330, 331, 332, 336, 339, 352, 355, 358, 359, 360, 364, 365, 367, 375, 376, 386, 390, 391, 394, 401, 402, 411, 413, 414, 417, 418, 422, 423, 432, 434, 436, 438, 451, 456, 467, 476, 481]!Vessel: FarStar
] 

minF : 2
maxF : 6
Nf : [
!f : 2, 3, 4, 5, 6
[5, 6], [], [], [2, 3, 4, 7], [1, 8, 9]
]

! Parameters
VoyageCost: [37970, 39085, 64838, 59991, 44841, 37570, 44429, 45544, 73722, 62814, 47265, 43726, 43120, 46453, 43120, 73722, 62814, 46053, 38879, 38273, 44029, 74837, 63929, 47265, 42418, 44235, 47568, 72716, 73019, 72413, 75746, 81805, 83017, 62414, 46053, 37570, 43326, 62414, 47265, 45144, 64838, 46053, 50186, 49580, 81296, 70389, 50392, 48877, 50695, 54028, 81599, 84629, 85441, 48877, 49580, 52913, 52210, 80181, 69274, 49277, 78872, 67965, 47968, 46453, 48271, 51604, 81599, 84629, 84229, 79478, 68571, 47265, 44029, 78872, 67965, 82205, 71298, 51301, 82714, 85744, 74837, 85441, 47568, 78872, 78169, 79987, 83320, 90895, 80896, 80290, 83623, 78169, 83320, 79478, 68571, 48574, 67262, 47265, 50901, 84229, 84229, 67262, 81502, 70595, 67965, 48477, 51604, 47265, 49180, 69080, 49083, 52719, 84229, 85441, 47265, 48477, 72413, 52416, 82205, 71298, 51301, 52416, 86047, 84229, 49786, 50598, 55337, 55337, 54731, 89174, 88471, 77963, 81296, 88568, 61299, 54028, 76848, 76146, 76848, 58670, 58064, 57361, 88059, 88471, 77454, 87453, 55034, 85332, 54428, 58064, 89780, 86750, 87259, 76146, 75540, 78872, 86144, 53725, 58876, 51604, 57361, 93319, 85938, 84629, 87356, 88471, 79478, 85441, 84629, 73722, 87962, 85332, 54428, 86750, 88471, 78872, 51301, 88665, 57761, 87259, 89477, 84629, 86447, 89780, 84629, 87962, 84023, 83320, 89077, 90895, 92107, 87356, 86750, 90083, 92107, 86047, 91198, 93319, 86047, 90083, 92107, 89380, 91198, 88471, 86750, 53725, 57361, 87259, 78169, 85441, 58173, 73722, 53725, 88471, 78169, 57058, 87259, 89780, 88471, 78872, 86653, 58876, 53119, 56755, 85441, 87356, 56452, 55543, 59179, 87865, 88471, 79987, 87259, 59991, 93319, 88471, 72413, 52416, 56052, 85441, 86653, 55749, 90592, 80181, 87259, 79478, 89477, 90592, 87259, 57058, 54937, 88774, 60487, 62002, 82605, 63820, 82605, 60184, 92604, 60184, 65335, 63820, 96239, 97051, 95536, 88471, 94022, 97657, 89683, 81296, 88471, 84629, 58876, 91901, 62511, 95330, 89683, 94627, 89683, 91901, 92507, 89683, 84629, 94421, 89683, 89683, 94531, 89683, 89780, 89477, 93113, 63517, 95936, 88471, 91089, 90483, 89780, 95536, 97051, 97354, 91089, 93816, 93113, 96348, 94930, 94228, 93816, 93210, 93210, 94022, 92507, 94325, 97657, 94627, 92507, 96542, 97354, 95839, 97657, 92507, 91901, 93319, 91198, 96954, 98469, 98772, 94531, 97354, 95839, 95233, 96651, 94531, 91901, 64632, 88471, 88471, 89683, 91901, 89683, 95233, 88471, 97051, 81999, 89683, 81296, 86447, 94531, 85332, 89683, 84629, 63214, 91295, 64026, 91901, 94627, 93719, 66450, 95137, 89683, 98166, 58876, 62511, 88471, 83320, 90592, 63323, 93925, 98469, 85938, 85332, 88471, 84629, 62911, 62208, 84023, 95233, 62208, 64632, 100481, 103511, 65335, 71092, 68971, 101996, 102808, 100687, 104117, 99778, 104929, 103414, 90895, 92604, 91901, 89780, 98360, 90895, 93210, 99984, 90895, 91089, 99778, 91901, 90895, 93719, 92604, 97051, 95936, 68668, 100384, 101693, 96239, 102808, 101390, 100687, 99572, 98966, 98966, 98360, 99778, 101596, 104929, 97657, 103414, 105232, 99778, 103814, 102299, 101693, 103111, 104929, 100990, 97657, 104226, 102808, 106044, 102105, 103111, 100990, 91901, 91901, 87756, 93719, 97754, 102202, 70486, 99984, 99984, 101087, 102505, 104626, 97051, 69783, 101499, 89683, 89780, 98469, 90592, 100384, 101802, 91089, 90483, 69783, 107147, 107959, 109874, 104929, 108565, 95027, 103511, 76243, 103814, 96348, 106844, 108662, 107959, 104117, 105632, 104929, 112503, 109268, 108565, 107450, 108965, 108262, 110080, 109377, 108262, 97754, 96239, 97051, 97051, 115024]
VoyageDuration: [2, 2, 2, 2, 2, 2, 2, 2, 2, 2, 2, 2, 2, 2, 2, 2, 2, 2, 2, 2, 2, 2, 2, 2, 2, 2, 2, 2, 2, 2, 2, 3, 3, 2, 2, 2, 2, 2, 2, 2, 2, 2, 2, 2, 3, 2, 2, 2, 2, 2, 3, 3, 3, 2, 2, 2, 2, 2, 2, 2, 2, 2, 2, 2, 2, 2, 3, 3, 3, 2, 2, 2, 2, 2, 2, 3, 2, 2, 3, 3, 2, 3, 2, 2, 2, 2, 3, 3, 2, 2, 3, 2, 3, 2, 2, 2, 2, 2, 2, 3, 3, 2, 3, 2, 2, 2, 2, 2, 2, 2, 2, 2, 3, 3, 2, 2, 2, 2, 3, 2, 2, 2, 3, 3, 2, 2, 2, 2, 2, 3, 3, 2, 3, 3, 2, 2, 2, 2, 2, 2, 2, 2, 3, 3, 2, 3, 2, 3, 2, 2, 3, 3, 3, 2, 2, 3, 3, 2, 2, 2, 2, 3, 3, 3, 3, 3, 3, 3, 3, 2, 3, 3, 2, 3, 3, 3, 2, 3, 2, 3, 3, 3, 3, 3, 3, 3, 3, 3, 3, 3, 3, 3, 3, 3, 3, 3, 3, 3, 3, 3, 3, 3, 3, 3, 3, 2, 2, 3, 3, 3, 2, 2, 2, 3, 3, 2, 3, 3, 3, 3, 3, 2, 2, 2, 3, 3, 2, 2, 2, 3, 3, 3, 3, 2, 3, 3, 2, 2, 2, 3, 3, 2, 3, 3, 3, 3, 3, 3, 3, 2, 2, 3, 2, 2, 3, 2, 3, 2, 3, 2, 2, 2, 3, 3, 3, 3, 3, 3, 3, 3, 3, 3, 2, 3, 2, 3, 3, 3, 3, 3, 3, 3, 3, 3, 3, 3, 3, 3, 3, 3, 3, 2, 3, 3, 3, 3, 3, 3, 3, 3, 3, 3, 3, 3, 3, 3, 3, 3, 3, 3, 3, 3, 3, 3, 3, 3, 3, 3, 3, 3, 3, 3, 3, 3, 3, 3, 3, 3, 3, 3, 3, 3, 3, 2, 3, 3, 3, 3, 3, 3, 3, 3, 3, 3, 3, 3, 3, 3, 3, 3, 2, 3, 2, 3, 3, 3, 2, 3, 3, 3, 2, 2, 3, 3, 3, 2, 3, 3, 3, 3, 3, 3, 2, 2, 3, 3, 2, 2, 3, 3, 2, 3, 2, 3, 3, 3, 3, 3, 3, 3, 3, 3, 3, 3, 3, 3, 3, 3, 3, 3, 3, 3, 3, 3, 3, 3, 3, 2, 3, 3, 3, 3, 3, 3, 3, 3, 3, 3, 3, 3, 3, 3, 3, 3, 3, 3, 3, 3, 3, 3, 3, 3, 3, 3, 3, 3, 3, 3, 3, 3, 3, 3, 3, 3, 3, 3, 3, 3, 3, 3, 3, 3, 3, 3, 3, 3, 3, 3, 3, 3, 3, 3, 3, 3, 3, 3, 3, 3, 3, 3, 3, 3, 3, 3, 3, 3, 3, 3, 3, 3, 3, 3, 3, 3, 3, 3, 3, 3, 3, 3, 3, 3]
TimeCharterCost: [120000, 125000, 130000, 110000, 104000]
RequiredVisits: [6, 5, 5, 5, 2, 2, 5, 6, 6]
NumberOfDaysAvailable: [7, 7, 7, 7, 7]
DepotCapacity: [3, 3, 3, 3, 3, 3, 0]
