!Summary:
!Execution time: 0,54 seconds
!Total # voyages: 1240 (491 unique)
!Number of installations (excluding depot): 9
!Number of time windows: 0
!Number of vessels: 5

!Min. # installations: 1
!Max. number of installations: 8
!Min. duration: 56
!Max. duration: 80

!Name: FarStar	 # voyages: 231
!Name: FarSymphony	 # voyages: 244
!Name: FarSearcher	 # voyages: 257
!Name: FarSeeker	 # voyages: 257
!Name: HavilaForesight	 # voyages: 251
!------------------------------------------------------------------------------------------------------------------------
nV : 5
nR : 491
nN : 9
nT : 7
minL : 2
maxL : 3

! Sets: 
Rv : [
[1, 2, 3, 4, 5, 7, 8, 9, 14, 17, 18, 19, 20, 21, 22, 23, 24, 25, 26, 27, 29, 30, 31, 32, 33, 35, 36, 37, 38, 39, 40, 43, 44, 45, 46, 47, 48, 49, 50, 59, 60, 61, 62, 63, 64, 66, 68, 69, 71, 72, 73, 74, 75, 76, 77, 78, 81, 82, 83, 85, 86, 87, 88, 93, 94, 96, 99, 100, 101, 102, 103, 106, 107, 111, 112, 113, 115, 116, 117, 118, 119, 120, 121, 122, 125, 127, 128, 129, 130, 138, 139, 142, 143, 144, 146, 147, 148, 149, 150, 153, 154, 156, 159, 160, 162, 164, 165, 166, 167, 170, 173, 174, 175, 176, 183, 184, 185, 186, 187, 193, 194, 195, 199, 200, 201, 203, 204, 205, 207, 208, 210, 211, 220, 221, 222, 223, 224, 229, 230, 231, 234, 239, 240, 241, 243, 244, 245, 246, 247, 248, 250, 251, 252, 262, 263, 264, 265, 268, 269, 270, 274, 275, 277, 278, 281, 284, 285, 286, 288, 289, 290, 291, 292, 293, 294, 295, 296, 306, 307, 308, 309, 310, 313, 314, 315, 316, 317, 325, 326, 327, 328, 329, 330, 337, 338, 339, 340, 341, 342, 353, 355, 356, 362, 365, 367, 368, 371, 376, 377, 390, 391, 392, 393, 396, 400, 401, 403, 404, 406, 408, 409, 410, 411, 412, 413, 418, 419, 421, 422, 423, 424, 425, 426, 427, 437, 438, 439, 441, 442, 445, 455, 456, 457, 459, 461, 467, 468, 471, 475, 476, 477, 478, 479, 481, 482, 487, 488]!Vessel: FarSeeker
[1, 2, 3, 4, 5, 7, 8, 9, 14, 17, 18, 19, 20, 21, 22, 23, 24, 25, 26, 27, 29, 30, 31, 32, 33, 35, 36, 37, 38, 39, 40, 43, 44, 45, 46, 47, 48, 49, 50, 59, 60, 61, 62, 63, 64, 66, 68, 69, 71, 72, 73, 74, 75, 76, 77, 78, 81, 82, 83, 85, 86, 87, 88, 93, 94, 96, 99, 100, 101, 102, 103, 106, 107, 111, 112, 113, 115, 116, 117, 118, 119, 120, 121, 122, 125, 127, 128, 129, 130, 138, 139, 142, 143, 144, 146, 147, 148, 149, 150, 153, 154, 156, 159, 160, 162, 164, 165, 166, 167, 170, 173, 174, 175, 176, 183, 184, 185, 186, 187, 193, 194, 195, 199, 200, 201, 203, 204, 205, 207, 208, 210, 211, 220, 221, 222, 223, 224, 229, 230, 231, 234, 239, 240, 241, 243, 244, 245, 246, 247, 248, 250, 251, 252, 262, 263, 264, 265, 268, 269, 270, 274, 275, 277, 278, 281, 284, 285, 286, 288, 289, 290, 291, 292, 293, 294, 295, 296, 306, 307, 308, 309, 310, 313, 314, 315, 316, 317, 325, 326, 327, 328, 329, 330, 337, 338, 339, 340, 341, 342, 353, 355, 356, 362, 365, 367, 368, 371, 376, 377, 390, 391, 392, 393, 396, 400, 401, 403, 404, 406, 408, 409, 410, 411, 412, 413, 418, 419, 421, 422, 423, 424, 425, 426, 427, 437, 438, 439, 441, 442, 445, 455, 456, 457, 459, 461, 467, 468, 471, 475, 476, 477, 478, 479, 481, 482, 487, 488]!Vessel: FarSearcher
[1, 2, 3, 4, 5, 7, 8, 9, 14, 17, 18, 19, 20, 21, 22, 23, 24, 25, 26, 27, 29, 30, 31, 32, 33, 35, 36, 37, 38, 39, 40, 43, 44, 45, 46, 47, 48, 49, 50, 59, 60, 61, 62, 63, 64, 66, 68, 69, 71, 72, 73, 74, 75, 76, 77, 78, 81, 82, 83, 85, 86, 87, 88, 93, 94, 96, 99, 100, 101, 102, 103, 106, 107, 111, 112, 113, 115, 116, 117, 118, 119, 120, 121, 122, 125, 127, 128, 129, 130, 138, 139, 142, 143, 144, 146, 147, 148, 149, 150, 153, 154, 156, 159, 160, 162, 164, 165, 166, 167, 170, 173, 174, 175, 176, 183, 184, 185, 186, 187, 193, 194, 195, 199, 200, 201, 203, 204, 205, 207, 208, 210, 211, 220, 221, 222, 223, 224, 229, 230, 231, 234, 239, 240, 241, 243, 244, 245, 246, 247, 248, 250, 251, 252, 262, 263, 264, 265, 268, 269, 270, 274, 275, 277, 278, 281, 284, 285, 286, 288, 289, 290, 291, 292, 293, 294, 295, 296, 306, 307, 308, 309, 310, 313, 314, 315, 316, 317, 325, 326, 327, 328, 329, 330, 337, 338, 339, 340, 341, 342, 353, 355, 356, 362, 365, 367, 368, 371, 376, 377, 390, 391, 393, 396, 401, 403, 404, 406, 408, 409, 410, 412, 413, 418, 419, 421, 422, 423, 424, 426, 427, 437, 438, 441, 442, 445, 455, 456, 457, 459, 461, 467, 477, 481, 482]!Vessel: FarSymphony
[1, 2, 3, 4, 5, 7, 8, 9, 14, 17, 18, 19, 20, 21, 22, 23, 24, 25, 26, 27, 29, 30, 31, 32, 33, 35, 36, 37, 38, 39, 40, 43, 44, 45, 46, 47, 48, 49, 50, 59, 60, 61, 62, 63, 64, 66, 68, 69, 71, 72, 73, 74, 75, 76, 77, 78, 81, 82, 83, 85, 86, 87, 88, 93, 94, 96, 99, 100, 101, 102, 103, 106, 107, 111, 112, 113, 115, 116, 117, 118, 119, 120, 121, 122, 125, 127, 128, 129, 130, 138, 139, 142, 143, 144, 146, 147, 148, 149, 150, 153, 154, 156, 159, 160, 162, 164, 165, 166, 167, 170, 173, 174, 175, 176, 183, 184, 185, 186, 187, 193, 194, 195, 199, 200, 201, 203, 204, 205, 207, 208, 210, 211, 220, 221, 222, 223, 224, 229, 230, 231, 234, 239, 240, 241, 243, 244, 245, 246, 247, 248, 250, 251, 252, 262, 263, 264, 265, 268, 269, 270, 274, 275, 277, 278, 281, 284, 285, 286, 288, 289, 290, 291, 292, 293, 294, 295, 296, 306, 307, 308, 309, 310, 313, 314, 315, 316, 317, 325, 326, 327, 328, 329, 330, 337, 338, 339, 340, 341, 342, 353, 355, 356, 362, 365, 367, 368, 371, 376, 377, 390, 391, 392, 393, 396, 400, 401, 403, 404, 406, 408, 409, 410, 411, 412, 413, 418, 419, 421, 422, 423, 424, 425, 426, 427, 437, 438, 439, 441, 442, 445, 455, 456, 457, 459, 461, 467, 471, 477, 479, 481, 482]!Vessel: HavilaForesight
[1, 2, 3, 4, 5, 7, 8, 9, 14, 17, 18, 19, 20, 21, 22, 23, 24, 25, 26, 27, 29, 30, 31, 32, 33, 35, 36, 37, 38, 39, 40, 43, 44, 45, 46, 47, 48, 49, 50, 59, 60, 61, 62, 63, 64, 66, 68, 69, 71, 72, 73, 74, 75, 76, 77, 78, 81, 82, 83, 85, 86, 87, 88, 93, 94, 96, 99, 100, 101, 102, 103, 106, 107, 111, 112, 113, 115, 116, 117, 118, 119, 120, 121, 122, 125, 127, 128, 129, 130, 138, 139, 142, 143, 144, 146, 147, 148, 149, 150, 153, 154, 156, 159, 160, 162, 164, 165, 166, 167, 170, 173, 174, 175, 176, 183, 184, 185, 186, 187, 193, 194, 195, 199, 200, 201, 203, 204, 205, 207, 208, 210, 211, 220, 221, 222, 223, 224, 229, 230, 231, 234, 239, 240, 241, 243, 244, 245, 246, 247, 248, 250, 251, 252, 262, 263, 265, 268, 269, 270, 274, 275, 277, 278, 281, 284, 285, 286, 288, 289, 290, 291, 292, 293, 294, 295, 296, 306, 307, 308, 309, 310, 313, 314, 315, 316, 317, 325, 326, 327, 328, 329, 330, 337, 338, 339, 340, 341, 342, 353, 355, 356, 362, 365, 367, 368, 371, 376, 377, 390, 393, 396, 403, 404, 406, 408, 410, 412, 413, 421, 422, 426, 427, 438, 441, 442, 445, 457, 459, 467, 477, 482]!Vessel: FarStar
] 

Rvi : [
!i : 1, 2, 3, 4, 5, 6, 7, 8, 9
[1, 7, 8, 9, 43, 44, 45, 46, 47, 48, 49, 50, 127, 128, 129, 130, 138, 139, 173, 174, 175, 176, 207, 208, 231, 252, 277, 290, 291, 292, 293, 294, 295, 296, 313, 314, 315, 316, 317, 342, 362, 368, 403, 408, 409, 410, 411, 412, 413, 421, 422, 423, 424, 425, 426, 427, 457, 459, 475, 476, 477, 478, 479, 481, 482], [14, 17, 18, 19, 20, 43, 59, 60, 61, 62, 63, 64, 66, 68, 69, 71, 72, 73, 74, 75, 76, 99, 115, 125, 127, 128, 138, 139, 142, 143, 144, 146, 147, 148, 149, 150, 153, 154, 156, 159, 160, 162, 164, 165, 166, 167, 170, 183, 200, 203, 210, 220, 229, 239, 240, 241, 250, 251, 252, 262, 263, 264, 265, 268, 269, 270, 274, 275, 277, 278, 281, 284, 285, 286, 288, 289, 290, 291, 306, 309, 313, 325, 337, 338, 340, 355, 362, 365, 376, 377, 390, 391, 392, 393, 396, 400, 401, 403, 404, 406, 408, 409, 412, 418, 421, 422, 437, 441, 445, 455, 457, 461, 467, 468, 471, 475, 477, 478, 481, 487], [2, 7, 14, 21, 22, 23, 24, 25, 26, 43, 44, 45, 46, 47, 48, 49, 59, 60, 61, 62, 63, 64, 77, 78, 81, 82, 83, 93, 94, 100, 101, 102, 103, 111, 116, 117, 118, 127, 128, 129, 130, 138, 139, 142, 143, 144, 146, 147, 148, 149, 150, 159, 160, 173, 174, 175, 176, 183, 184, 185, 186, 187, 193, 194, 195, 207, 208, 210, 211, 220, 221, 222, 223, 224, 231, 234, 239, 243, 244, 245, 246, 252, 262, 263, 264, 265, 268, 269, 270, 277, 278, 284, 285, 290, 291, 292, 293, 294, 295, 296, 306, 307, 308, 309, 310, 313, 314, 315, 316, 317, 325, 326, 327, 328, 329, 330, 342, 353, 355, 356, 362, 365, 367, 368, 371, 376, 390, 391, 392, 393, 396, 403, 404, 408, 409, 410, 411, 412, 413, 418, 419, 421, 422, 423, 424, 425, 426, 427, 437, 438, 439, 441, 442, 455, 456, 457, 459, 461, 467, 468, 475, 476, 477, 478, 479, 481, 482, 487, 488], [3, 8, 21, 27, 29, 30, 33, 44, 50, 59, 66, 73, 75, 77, 81, 82, 83, 85, 86, 87, 88, 100, 112, 119, 121, 129, 138, 142, 143, 144, 153, 154, 159, 162, 164, 166, 170, 173, 174, 175, 176, 183, 184, 185, 186, 187, 193, 194, 195, 199, 200, 201, 203, 204, 205, 240, 243, 245, 247, 262, 263, 264, 265, 274, 275, 278, 281, 284, 286, 288, 290, 291, 292, 293, 294, 295, 296, 306, 307, 308, 309, 310, 313, 314, 315, 316, 317, 325, 326, 327, 328, 329, 330, 337, 338, 339, 340, 341, 367, 390, 391, 392, 393, 400, 401, 404, 406, 408, 409, 410, 411, 412, 413, 418, 419, 421, 422, 423, 424, 425, 426, 427, 437, 438, 439, 441, 442, 445, 467, 468, 471, 475, 476, 477, 478, 479, 481, 482, 487, 488], [4, 9, 22, 27, 31, 32, 40, 45, 50, 60, 71, 74, 76, 77, 85, 86, 93, 94, 96, 101, 113, 116, 119, 120, 129, 139, 142, 146, 153, 160, 165, 167, 170, 193, 194, 195, 199, 200, 201, 207, 208, 210, 211, 221, 222, 231, 234, 241, 243, 244, 248, 262, 268, 274, 277, 278, 281, 285, 289, 313, 314, 315, 316, 317, 325, 326, 327, 328, 329, 330, 337, 338, 339, 342, 353, 362, 365, 368, 371, 390, 396, 400, 403, 404, 406, 421, 422, 423, 424, 425, 426, 427, 437, 438, 439, 441, 442, 445, 455, 456, 457, 459, 467, 471, 477, 478, 479, 481, 482, 487, 488], [17, 23, 33, 35, 36, 37, 46, 61, 66, 68, 69, 87, 88, 99, 100, 101, 102, 103, 106, 107, 117, 121, 143, 147, 148, 153, 154, 156, 162, 173, 184, 185, 193, 203, 204, 205, 207, 220, 221, 222, 223, 224, 229, 230, 245, 250, 263, 264, 269, 274, 275, 286, 292, 293, 294, 306, 307, 308, 314, 326, 327, 328, 340, 341, 342, 353, 355, 356, 367, 376, 377, 391, 392, 400, 401, 406, 409, 410, 411, 418, 419, 423, 424, 425, 437, 438, 439, 455, 456, 461, 468, 471, 475, 476, 478, 479, 487, 488], [18, 24, 31, 35, 38, 39, 47, 62, 68, 71, 72, 78, 81, 85, 87, 93, 96, 102, 106, 107, 111, 112, 113, 122, 125, 127, 130, 147, 149, 150, 156, 159, 160, 162, 164, 165, 166, 167, 174, 184, 186, 187, 194, 199, 201, 204, 205, 211, 223, 224, 230, 231, 234, 246, 247, 248, 250, 251, 252, 263, 265, 268, 269, 270, 275, 277, 278, 281, 284, 285, 286, 288, 289, 290, 292, 295, 296, 307, 308, 310, 315, 326, 329, 330, 337, 339, 341, 353, 356, 368, 371, 376, 377, 390, 391, 392, 393, 396, 400, 401, 403, 404, 406, 408, 410, 411, 413, 419, 421, 423, 426, 427, 438, 439, 442, 445, 456, 459, 461, 467, 468, 471, 476, 477, 479, 482, 488], [19, 25, 29, 36, 38, 40, 48, 63, 72, 73, 74, 78, 82, 96, 99, 106, 115, 116, 117, 118, 119, 120, 121, 122, 128, 130, 149, 156, 164, 165, 170, 175, 183, 186, 199, 203, 204, 208, 210, 211, 220, 221, 223, 229, 230, 239, 240, 241, 243, 244, 245, 246, 247, 248, 251, 252, 269, 270, 281, 284, 285, 286, 288, 289, 291, 293, 295, 306, 307, 309, 310, 316, 325, 327, 329, 338, 339, 340, 341, 342, 355, 356, 362, 365, 367, 368, 371, 377, 391, 393, 396, 401, 403, 404, 406, 408, 409, 410, 412, 413, 418, 419, 422, 424, 426, 437, 438, 441, 442, 445, 455, 456, 457, 459, 461, 467, 468, 471, 475, 476, 477, 478, 479, 481, 482, 487, 488], [5, 20, 26, 30, 32, 37, 39, 49, 64, 69, 75, 76, 83, 86, 88, 94, 103, 107, 111, 112, 113, 115, 118, 120, 122, 125, 144, 146, 148, 150, 154, 166, 167, 176, 185, 187, 195, 200, 201, 205, 222, 224, 229, 230, 234, 239, 240, 241, 244, 246, 247, 248, 250, 251, 262, 264, 265, 268, 270, 274, 275, 288, 289, 294, 296, 308, 309, 310, 317, 328, 330, 337, 338, 339, 340, 341, 353, 355, 356, 365, 367, 371, 376, 377, 390, 392, 393, 396, 400, 401, 411, 412, 413, 418, 419, 425, 427, 439, 441, 442, 445, 455, 456, 457, 459, 461, 467, 468, 471, 475, 476, 481, 482, 487, 488]!Vessel: FarSeeker
[1, 7, 8, 9, 43, 44, 45, 46, 47, 48, 49, 50, 127, 128, 129, 130, 138, 139, 173, 174, 175, 176, 207, 208, 231, 252, 277, 290, 291, 292, 293, 294, 295, 296, 313, 314, 315, 316, 317, 342, 362, 368, 403, 408, 409, 410, 411, 412, 413, 421, 422, 423, 424, 425, 426, 427, 457, 459, 475, 476, 477, 478, 479, 481, 482], [14, 17, 18, 19, 20, 43, 59, 60, 61, 62, 63, 64, 66, 68, 69, 71, 72, 73, 74, 75, 76, 99, 115, 125, 127, 128, 138, 139, 142, 143, 144, 146, 147, 148, 149, 150, 153, 154, 156, 159, 160, 162, 164, 165, 166, 167, 170, 183, 200, 203, 210, 220, 229, 239, 240, 241, 250, 251, 252, 262, 263, 264, 265, 268, 269, 270, 274, 275, 277, 278, 281, 284, 285, 286, 288, 289, 290, 291, 306, 309, 313, 325, 337, 338, 340, 355, 362, 365, 376, 377, 390, 391, 392, 393, 396, 400, 401, 403, 404, 406, 408, 409, 412, 418, 421, 422, 437, 441, 445, 455, 457, 461, 467, 468, 471, 475, 477, 478, 481, 487], [2, 7, 14, 21, 22, 23, 24, 25, 26, 43, 44, 45, 46, 47, 48, 49, 59, 60, 61, 62, 63, 64, 77, 78, 81, 82, 83, 93, 94, 100, 101, 102, 103, 111, 116, 117, 118, 127, 128, 129, 130, 138, 139, 142, 143, 144, 146, 147, 148, 149, 150, 159, 160, 173, 174, 175, 176, 183, 184, 185, 186, 187, 193, 194, 195, 207, 208, 210, 211, 220, 221, 222, 223, 224, 231, 234, 239, 243, 244, 245, 246, 252, 262, 263, 264, 265, 268, 269, 270, 277, 278, 284, 285, 290, 291, 292, 293, 294, 295, 296, 306, 307, 308, 309, 310, 313, 314, 315, 316, 317, 325, 326, 327, 328, 329, 330, 342, 353, 355, 356, 362, 365, 367, 368, 371, 376, 390, 391, 392, 393, 396, 403, 404, 408, 409, 410, 411, 412, 413, 418, 419, 421, 422, 423, 424, 425, 426, 427, 437, 438, 439, 441, 442, 455, 456, 457, 459, 461, 467, 468, 475, 476, 477, 478, 479, 481, 482, 487, 488], [3, 8, 21, 27, 29, 30, 33, 44, 50, 59, 66, 73, 75, 77, 81, 82, 83, 85, 86, 87, 88, 100, 112, 119, 121, 129, 138, 142, 143, 144, 153, 154, 159, 162, 164, 166, 170, 173, 174, 175, 176, 183, 184, 185, 186, 187, 193, 194, 195, 199, 200, 201, 203, 204, 205, 240, 243, 245, 247, 262, 263, 264, 265, 274, 275, 278, 281, 284, 286, 288, 290, 291, 292, 293, 294, 295, 296, 306, 307, 308, 309, 310, 313, 314, 315, 316, 317, 325, 326, 327, 328, 329, 330, 337, 338, 339, 340, 341, 367, 390, 391, 392, 393, 400, 401, 404, 406, 408, 409, 410, 411, 412, 413, 418, 419, 421, 422, 423, 424, 425, 426, 427, 437, 438, 439, 441, 442, 445, 467, 468, 471, 475, 476, 477, 478, 479, 481, 482, 487, 488], [4, 9, 22, 27, 31, 32, 40, 45, 50, 60, 71, 74, 76, 77, 85, 86, 93, 94, 96, 101, 113, 116, 119, 120, 129, 139, 142, 146, 153, 160, 165, 167, 170, 193, 194, 195, 199, 200, 201, 207, 208, 210, 211, 221, 222, 231, 234, 241, 243, 244, 248, 262, 268, 274, 277, 278, 281, 285, 289, 313, 314, 315, 316, 317, 325, 326, 327, 328, 329, 330, 337, 338, 339, 342, 353, 362, 365, 368, 371, 390, 396, 400, 403, 404, 406, 421, 422, 423, 424, 425, 426, 427, 437, 438, 439, 441, 442, 445, 455, 456, 457, 459, 467, 471, 477, 478, 479, 481, 482, 487, 488], [17, 23, 33, 35, 36, 37, 46, 61, 66, 68, 69, 87, 88, 99, 100, 101, 102, 103, 106, 107, 117, 121, 143, 147, 148, 153, 154, 156, 162, 173, 184, 185, 193, 203, 204, 205, 207, 220, 221, 222, 223, 224, 229, 230, 245, 250, 263, 264, 269, 274, 275, 286, 292, 293, 294, 306, 307, 308, 314, 326, 327, 328, 340, 341, 342, 353, 355, 356, 367, 376, 377, 391, 392, 400, 401, 406, 409, 410, 411, 418, 419, 423, 424, 425, 437, 438, 439, 455, 456, 461, 468, 471, 475, 476, 478, 479, 487, 488], [18, 24, 31, 35, 38, 39, 47, 62, 68, 71, 72, 78, 81, 85, 87, 93, 96, 102, 106, 107, 111, 112, 113, 122, 125, 127, 130, 147, 149, 150, 156, 159, 160, 162, 164, 165, 166, 167, 174, 184, 186, 187, 194, 199, 201, 204, 205, 211, 223, 224, 230, 231, 234, 246, 247, 248, 250, 251, 252, 263, 265, 268, 269, 270, 275, 277, 278, 281, 284, 285, 286, 288, 289, 290, 292, 295, 296, 307, 308, 310, 315, 326, 329, 330, 337, 339, 341, 353, 356, 368, 371, 376, 377, 390, 391, 392, 393, 396, 400, 401, 403, 404, 406, 408, 410, 411, 413, 419, 421, 423, 426, 427, 438, 439, 442, 445, 456, 459, 461, 467, 468, 471, 476, 477, 479, 482, 488], [19, 25, 29, 36, 38, 40, 48, 63, 72, 73, 74, 78, 82, 96, 99, 106, 115, 116, 117, 118, 119, 120, 121, 122, 128, 130, 149, 156, 164, 165, 170, 175, 183, 186, 199, 203, 204, 208, 210, 211, 220, 221, 223, 229, 230, 239, 240, 241, 243, 244, 245, 246, 247, 248, 251, 252, 269, 270, 281, 284, 285, 286, 288, 289, 291, 293, 295, 306, 307, 309, 310, 316, 325, 327, 329, 338, 339, 340, 341, 342, 355, 356, 362, 365, 367, 368, 371, 377, 391, 393, 396, 401, 403, 404, 406, 408, 409, 410, 412, 413, 418, 419, 422, 424, 426, 437, 438, 441, 442, 445, 455, 456, 457, 459, 461, 467, 468, 471, 475, 476, 477, 478, 479, 481, 482, 487, 488], [5, 20, 26, 30, 32, 37, 39, 49, 64, 69, 75, 76, 83, 86, 88, 94, 103, 107, 111, 112, 113, 115, 118, 120, 122, 125, 144, 146, 148, 150, 154, 166, 167, 176, 185, 187, 195, 200, 201, 205, 222, 224, 229, 230, 234, 239, 240, 241, 244, 246, 247, 248, 250, 251, 262, 264, 265, 268, 270, 274, 275, 288, 289, 294, 296, 308, 309, 310, 317, 328, 330, 337, 338, 339, 340, 341, 353, 355, 356, 365, 367, 371, 376, 377, 390, 392, 393, 396, 400, 401, 411, 412, 413, 418, 419, 425, 427, 439, 441, 442, 445, 455, 456, 457, 459, 461, 467, 468, 471, 475, 476, 481, 482, 487, 488]!Vessel: FarSearcher
[1, 7, 8, 9, 43, 44, 45, 46, 47, 48, 49, 50, 127, 128, 129, 130, 138, 139, 173, 174, 175, 176, 207, 208, 231, 252, 277, 290, 291, 292, 293, 294, 295, 296, 313, 314, 315, 316, 317, 342, 362, 368, 403, 408, 409, 410, 412, 413, 421, 422, 423, 424, 426, 427, 457, 459, 477, 481, 482], [14, 17, 18, 19, 20, 43, 59, 60, 61, 62, 63, 64, 66, 68, 69, 71, 72, 73, 74, 75, 76, 99, 115, 125, 127, 128, 138, 139, 142, 143, 144, 146, 147, 148, 149, 150, 153, 154, 156, 159, 160, 162, 164, 165, 166, 167, 170, 183, 200, 203, 210, 220, 229, 239, 240, 241, 250, 251, 252, 262, 263, 264, 265, 268, 269, 270, 274, 275, 277, 278, 281, 284, 285, 286, 288, 289, 290, 291, 306, 309, 313, 325, 337, 338, 340, 355, 362, 365, 376, 377, 390, 391, 393, 396, 401, 403, 404, 406, 408, 409, 412, 418, 421, 422, 437, 441, 445, 455, 457, 461, 467, 477, 481], [2, 7, 14, 21, 22, 23, 24, 25, 26, 43, 44, 45, 46, 47, 48, 49, 59, 60, 61, 62, 63, 64, 77, 78, 81, 82, 83, 93, 94, 100, 101, 102, 103, 111, 116, 117, 118, 127, 128, 129, 130, 138, 139, 142, 143, 144, 146, 147, 148, 149, 150, 159, 160, 173, 174, 175, 176, 183, 184, 185, 186, 187, 193, 194, 195, 207, 208, 210, 211, 220, 221, 222, 223, 224, 231, 234, 239, 243, 244, 245, 246, 252, 262, 263, 264, 265, 268, 269, 270, 277, 278, 284, 285, 290, 291, 292, 293, 294, 295, 296, 306, 307, 308, 309, 310, 313, 314, 315, 316, 317, 325, 326, 327, 328, 329, 330, 342, 353, 355, 356, 362, 365, 367, 368, 371, 376, 390, 391, 393, 396, 403, 404, 408, 409, 410, 412, 413, 418, 419, 421, 422, 423, 424, 426, 427, 437, 438, 441, 442, 455, 456, 457, 459, 461, 467, 477, 481, 482], [3, 8, 21, 27, 29, 30, 33, 44, 50, 59, 66, 73, 75, 77, 81, 82, 83, 85, 86, 87, 88, 100, 112, 119, 121, 129, 138, 142, 143, 144, 153, 154, 159, 162, 164, 166, 170, 173, 174, 175, 176, 183, 184, 185, 186, 187, 193, 194, 195, 199, 200, 201, 203, 204, 205, 240, 243, 245, 247, 262, 263, 264, 265, 274, 275, 278, 281, 284, 286, 288, 290, 291, 292, 293, 294, 295, 296, 306, 307, 308, 309, 310, 313, 314, 315, 316, 317, 325, 326, 327, 328, 329, 330, 337, 338, 339, 340, 341, 367, 390, 391, 393, 401, 404, 406, 408, 409, 410, 412, 413, 418, 419, 421, 422, 423, 424, 426, 427, 437, 438, 441, 442, 445, 467, 477, 481, 482], [4, 9, 22, 27, 31, 32, 40, 45, 50, 60, 71, 74, 76, 77, 85, 86, 93, 94, 96, 101, 113, 116, 119, 120, 129, 139, 142, 146, 153, 160, 165, 167, 170, 193, 194, 195, 199, 200, 201, 207, 208, 210, 211, 221, 222, 231, 234, 241, 243, 244, 248, 262, 268, 274, 277, 278, 281, 285, 289, 313, 314, 315, 316, 317, 325, 326, 327, 328, 329, 330, 337, 338, 339, 342, 353, 362, 365, 368, 371, 390, 396, 403, 404, 406, 421, 422, 423, 424, 426, 427, 437, 438, 441, 442, 445, 455, 456, 457, 459, 467, 477, 481, 482], [17, 23, 33, 35, 36, 37, 46, 61, 66, 68, 69, 87, 88, 99, 100, 101, 102, 103, 106, 107, 117, 121, 143, 147, 148, 153, 154, 156, 162, 173, 184, 185, 193, 203, 204, 205, 207, 220, 221, 222, 223, 224, 229, 230, 245, 250, 263, 264, 269, 274, 275, 286, 292, 293, 294, 306, 307, 308, 314, 326, 327, 328, 340, 341, 342, 353, 355, 356, 367, 376, 377, 391, 401, 406, 409, 410, 418, 419, 423, 424, 437, 438, 455, 456, 461], [18, 24, 31, 35, 38, 39, 47, 62, 68, 71, 72, 78, 81, 85, 87, 93, 96, 102, 106, 107, 111, 112, 113, 122, 125, 127, 130, 147, 149, 150, 156, 159, 160, 162, 164, 165, 166, 167, 174, 184, 186, 187, 194, 199, 201, 204, 205, 211, 223, 224, 230, 231, 234, 246, 247, 248, 250, 251, 252, 263, 265, 268, 269, 270, 275, 277, 278, 281, 284, 285, 286, 288, 289, 290, 292, 295, 296, 307, 308, 310, 315, 326, 329, 330, 337, 339, 341, 353, 356, 368, 371, 376, 377, 390, 391, 393, 396, 401, 403, 404, 406, 408, 410, 413, 419, 421, 423, 426, 427, 438, 442, 445, 456, 459, 461, 467, 477, 482], [19, 25, 29, 36, 38, 40, 48, 63, 72, 73, 74, 78, 82, 96, 99, 106, 115, 116, 117, 118, 119, 120, 121, 122, 128, 130, 149, 156, 164, 165, 170, 175, 183, 186, 199, 203, 204, 208, 210, 211, 220, 221, 223, 229, 230, 239, 240, 241, 243, 244, 245, 246, 247, 248, 251, 252, 269, 270, 281, 284, 285, 286, 288, 289, 291, 293, 295, 306, 307, 309, 310, 316, 325, 327, 329, 338, 339, 340, 341, 342, 355, 356, 362, 365, 367, 368, 371, 377, 391, 393, 396, 401, 403, 404, 406, 408, 409, 410, 412, 413, 418, 419, 422, 424, 426, 437, 438, 441, 442, 445, 455, 456, 457, 459, 461, 467, 477, 481, 482], [5, 20, 26, 30, 32, 37, 39, 49, 64, 69, 75, 76, 83, 86, 88, 94, 103, 107, 111, 112, 113, 115, 118, 120, 122, 125, 144, 146, 148, 150, 154, 166, 167, 176, 185, 187, 195, 200, 201, 205, 222, 224, 229, 230, 234, 239, 240, 241, 244, 246, 247, 248, 250, 251, 262, 264, 265, 268, 270, 274, 275, 288, 289, 294, 296, 308, 309, 310, 317, 328, 330, 337, 338, 339, 340, 341, 353, 355, 356, 365, 367, 371, 376, 377, 390, 393, 396, 401, 412, 413, 418, 419, 427, 441, 442, 445, 455, 456, 457, 459, 461, 467, 481, 482]!Vessel: FarSymphony
[1, 7, 8, 9, 43, 44, 45, 46, 47, 48, 49, 50, 127, 128, 129, 130, 138, 139, 173, 174, 175, 176, 207, 208, 231, 252, 277, 290, 291, 292, 293, 294, 295, 296, 313, 314, 315, 316, 317, 342, 362, 368, 403, 408, 409, 410, 411, 412, 413, 421, 422, 423, 424, 425, 426, 427, 457, 459, 477, 479, 481, 482], [14, 17, 18, 19, 20, 43, 59, 60, 61, 62, 63, 64, 66, 68, 69, 71, 72, 73, 74, 75, 76, 99, 115, 125, 127, 128, 138, 139, 142, 143, 144, 146, 147, 148, 149, 150, 153, 154, 156, 159, 160, 162, 164, 165, 166, 167, 170, 183, 200, 203, 210, 220, 229, 239, 240, 241, 250, 251, 252, 262, 263, 264, 265, 268, 269, 270, 274, 275, 277, 278, 281, 284, 285, 286, 288, 289, 290, 291, 306, 309, 313, 325, 337, 338, 340, 355, 362, 365, 376, 377, 390, 391, 392, 393, 396, 400, 401, 403, 404, 406, 408, 409, 412, 418, 421, 422, 437, 441, 445, 455, 457, 461, 467, 471, 477, 481], [2, 7, 14, 21, 22, 23, 24, 25, 26, 43, 44, 45, 46, 47, 48, 49, 59, 60, 61, 62, 63, 64, 77, 78, 81, 82, 83, 93, 94, 100, 101, 102, 103, 111, 116, 117, 118, 127, 128, 129, 130, 138, 139, 142, 143, 144, 146, 147, 148, 149, 150, 159, 160, 173, 174, 175, 176, 183, 184, 185, 186, 187, 193, 194, 195, 207, 208, 210, 211, 220, 221, 222, 223, 224, 231, 234, 239, 243, 244, 245, 246, 252, 262, 263, 264, 265, 268, 269, 270, 277, 278, 284, 285, 290, 291, 292, 293, 294, 295, 296, 306, 307, 308, 309, 310, 313, 314, 315, 316, 317, 325, 326, 327, 328, 329, 330, 342, 353, 355, 356, 362, 365, 367, 368, 371, 376, 390, 391, 392, 393, 396, 403, 404, 408, 409, 410, 411, 412, 413, 418, 419, 421, 422, 423, 424, 425, 426, 427, 437, 438, 439, 441, 442, 455, 456, 457, 459, 461, 467, 477, 479, 481, 482], [3, 8, 21, 27, 29, 30, 33, 44, 50, 59, 66, 73, 75, 77, 81, 82, 83, 85, 86, 87, 88, 100, 112, 119, 121, 129, 138, 142, 143, 144, 153, 154, 159, 162, 164, 166, 170, 173, 174, 175, 176, 183, 184, 185, 186, 187, 193, 194, 195, 199, 200, 201, 203, 204, 205, 240, 243, 245, 247, 262, 263, 264, 265, 274, 275, 278, 281, 284, 286, 288, 290, 291, 292, 293, 294, 295, 296, 306, 307, 308, 309, 310, 313, 314, 315, 316, 317, 325, 326, 327, 328, 329, 330, 337, 338, 339, 340, 341, 367, 390, 391, 392, 393, 400, 401, 404, 406, 408, 409, 410, 411, 412, 413, 418, 419, 421, 422, 423, 424, 425, 426, 427, 437, 438, 439, 441, 442, 445, 467, 471, 477, 479, 481, 482], [4, 9, 22, 27, 31, 32, 40, 45, 50, 60, 71, 74, 76, 77, 85, 86, 93, 94, 96, 101, 113, 116, 119, 120, 129, 139, 142, 146, 153, 160, 165, 167, 170, 193, 194, 195, 199, 200, 201, 207, 208, 210, 211, 221, 222, 231, 234, 241, 243, 244, 248, 262, 268, 274, 277, 278, 281, 285, 289, 313, 314, 315, 316, 317, 325, 326, 327, 328, 329, 330, 337, 338, 339, 342, 353, 362, 365, 368, 371, 390, 396, 400, 403, 404, 406, 421, 422, 423, 424, 425, 426, 427, 437, 438, 439, 441, 442, 445, 455, 456, 457, 459, 467, 471, 477, 479, 481, 482], [17, 23, 33, 35, 36, 37, 46, 61, 66, 68, 69, 87, 88, 99, 100, 101, 102, 103, 106, 107, 117, 121, 143, 147, 148, 153, 154, 156, 162, 173, 184, 185, 193, 203, 204, 205, 207, 220, 221, 222, 223, 224, 229, 230, 245, 250, 263, 264, 269, 274, 275, 286, 292, 293, 294, 306, 307, 308, 314, 326, 327, 328, 340, 341, 342, 353, 355, 356, 367, 376, 377, 391, 392, 400, 401, 406, 409, 410, 411, 418, 419, 423, 424, 425, 437, 438, 439, 455, 456, 461, 471, 479], [18, 24, 31, 35, 38, 39, 47, 62, 68, 71, 72, 78, 81, 85, 87, 93, 96, 102, 106, 107, 111, 112, 113, 122, 125, 127, 130, 147, 149, 150, 156, 159, 160, 162, 164, 165, 166, 167, 174, 184, 186, 187, 194, 199, 201, 204, 205, 211, 223, 224, 230, 231, 234, 246, 247, 248, 250, 251, 252, 263, 265, 268, 269, 270, 275, 277, 278, 281, 284, 285, 286, 288, 289, 290, 292, 295, 296, 307, 308, 310, 315, 326, 329, 330, 337, 339, 341, 353, 356, 368, 371, 376, 377, 390, 391, 392, 393, 396, 400, 401, 403, 404, 406, 408, 410, 411, 413, 419, 421, 423, 426, 427, 438, 439, 442, 445, 456, 459, 461, 467, 471, 477, 479, 482], [19, 25, 29, 36, 38, 40, 48, 63, 72, 73, 74, 78, 82, 96, 99, 106, 115, 116, 117, 118, 119, 120, 121, 122, 128, 130, 149, 156, 164, 165, 170, 175, 183, 186, 199, 203, 204, 208, 210, 211, 220, 221, 223, 229, 230, 239, 240, 241, 243, 244, 245, 246, 247, 248, 251, 252, 269, 270, 281, 284, 285, 286, 288, 289, 291, 293, 295, 306, 307, 309, 310, 316, 325, 327, 329, 338, 339, 340, 341, 342, 355, 356, 362, 365, 367, 368, 371, 377, 391, 393, 396, 401, 403, 404, 406, 408, 409, 410, 412, 413, 418, 419, 422, 424, 426, 437, 438, 441, 442, 445, 455, 456, 457, 459, 461, 467, 471, 477, 479, 481, 482], [5, 20, 26, 30, 32, 37, 39, 49, 64, 69, 75, 76, 83, 86, 88, 94, 103, 107, 111, 112, 113, 115, 118, 120, 122, 125, 144, 146, 148, 150, 154, 166, 167, 176, 185, 187, 195, 200, 201, 205, 222, 224, 229, 230, 234, 239, 240, 241, 244, 246, 247, 248, 250, 251, 262, 264, 265, 268, 270, 274, 275, 288, 289, 294, 296, 308, 309, 310, 317, 328, 330, 337, 338, 339, 340, 341, 353, 355, 356, 365, 367, 371, 376, 377, 390, 392, 393, 396, 400, 401, 411, 412, 413, 418, 419, 425, 427, 439, 441, 442, 445, 455, 456, 457, 459, 461, 467, 471, 481, 482]!Vessel: HavilaForesight
[1, 7, 8, 9, 43, 44, 45, 46, 47, 48, 49, 50, 127, 128, 129, 130, 138, 139, 173, 174, 175, 176, 207, 208, 231, 252, 277, 290, 291, 292, 293, 294, 295, 296, 313, 314, 315, 316, 317, 342, 362, 368, 403, 408, 410, 412, 413, 421, 422, 426, 427, 457, 459, 477, 482], [14, 17, 18, 19, 20, 43, 59, 60, 61, 62, 63, 64, 66, 68, 69, 71, 72, 73, 74, 75, 76, 99, 115, 125, 127, 128, 138, 139, 142, 143, 144, 146, 147, 148, 149, 150, 153, 154, 156, 159, 160, 162, 164, 165, 166, 167, 170, 183, 200, 203, 210, 220, 229, 239, 240, 241, 250, 251, 252, 262, 263, 265, 268, 269, 270, 274, 275, 277, 278, 281, 284, 285, 286, 288, 289, 290, 291, 306, 309, 313, 325, 337, 338, 340, 355, 362, 365, 376, 377, 390, 393, 396, 403, 404, 406, 408, 412, 421, 422, 441, 445, 457, 467, 477], [2, 7, 14, 21, 22, 23, 24, 25, 26, 43, 44, 45, 46, 47, 48, 49, 59, 60, 61, 62, 63, 64, 77, 78, 81, 82, 83, 93, 94, 100, 101, 102, 103, 111, 116, 117, 118, 127, 128, 129, 130, 138, 139, 142, 143, 144, 146, 147, 148, 149, 150, 159, 160, 173, 174, 175, 176, 183, 184, 185, 186, 187, 193, 194, 195, 207, 208, 210, 211, 220, 221, 222, 223, 224, 231, 234, 239, 243, 244, 245, 246, 252, 262, 263, 265, 268, 269, 270, 277, 278, 284, 285, 290, 291, 292, 293, 294, 295, 296, 306, 307, 308, 309, 310, 313, 314, 315, 316, 317, 325, 326, 327, 328, 329, 330, 342, 353, 355, 356, 362, 365, 367, 368, 371, 376, 390, 393, 396, 403, 404, 408, 410, 412, 413, 421, 422, 426, 427, 438, 441, 442, 457, 459, 467, 477, 482], [3, 8, 21, 27, 29, 30, 33, 44, 50, 59, 66, 73, 75, 77, 81, 82, 83, 85, 86, 87, 88, 100, 112, 119, 121, 129, 138, 142, 143, 144, 153, 154, 159, 162, 164, 166, 170, 173, 174, 175, 176, 183, 184, 185, 186, 187, 193, 194, 195, 199, 200, 201, 203, 204, 205, 240, 243, 245, 247, 262, 263, 265, 274, 275, 278, 281, 284, 286, 288, 290, 291, 292, 293, 294, 295, 296, 306, 307, 308, 309, 310, 313, 314, 315, 316, 317, 325, 326, 327, 328, 329, 330, 337, 338, 339, 340, 341, 367, 390, 393, 404, 406, 408, 410, 412, 413, 421, 422, 426, 427, 438, 441, 442, 445, 467, 477, 482], [4, 9, 22, 27, 31, 32, 40, 45, 50, 60, 71, 74, 76, 77, 85, 86, 93, 94, 96, 101, 113, 116, 119, 120, 129, 139, 142, 146, 153, 160, 165, 167, 170, 193, 194, 195, 199, 200, 201, 207, 208, 210, 211, 221, 222, 231, 234, 241, 243, 244, 248, 262, 268, 274, 277, 278, 281, 285, 289, 313, 314, 315, 316, 317, 325, 326, 327, 328, 329, 330, 337, 338, 339, 342, 353, 362, 365, 368, 371, 390, 396, 403, 404, 406, 421, 422, 426, 427, 438, 441, 442, 445, 457, 459, 467, 477, 482], [17, 23, 33, 35, 36, 37, 46, 61, 66, 68, 69, 87, 88, 99, 100, 101, 102, 103, 106, 107, 117, 121, 143, 147, 148, 153, 154, 156, 162, 173, 184, 185, 193, 203, 204, 205, 207, 220, 221, 222, 223, 224, 229, 230, 245, 250, 263, 269, 274, 275, 286, 292, 293, 294, 306, 307, 308, 314, 326, 327, 328, 340, 341, 342, 353, 355, 356, 367, 376, 377, 406, 410, 438], [18, 24, 31, 35, 38, 39, 47, 62, 68, 71, 72, 78, 81, 85, 87, 93, 96, 102, 106, 107, 111, 112, 113, 122, 125, 127, 130, 147, 149, 150, 156, 159, 160, 162, 164, 165, 166, 167, 174, 184, 186, 187, 194, 199, 201, 204, 205, 211, 223, 224, 230, 231, 234, 246, 247, 248, 250, 251, 252, 263, 265, 268, 269, 270, 275, 277, 278, 281, 284, 285, 286, 288, 289, 290, 292, 295, 296, 307, 308, 310, 315, 326, 329, 330, 337, 339, 341, 353, 356, 368, 371, 376, 377, 390, 393, 396, 403, 404, 406, 408, 410, 413, 421, 426, 427, 438, 442, 445, 459, 467, 477, 482], [19, 25, 29, 36, 38, 40, 48, 63, 72, 73, 74, 78, 82, 96, 99, 106, 115, 116, 117, 118, 119, 120, 121, 122, 128, 130, 149, 156, 164, 165, 170, 175, 183, 186, 199, 203, 204, 208, 210, 211, 220, 221, 223, 229, 230, 239, 240, 241, 243, 244, 245, 246, 247, 248, 251, 252, 269, 270, 281, 284, 285, 286, 288, 289, 291, 293, 295, 306, 307, 309, 310, 316, 325, 327, 329, 338, 339, 340, 341, 342, 355, 356, 362, 365, 367, 368, 371, 377, 393, 396, 403, 404, 406, 408, 410, 412, 413, 422, 426, 438, 441, 442, 445, 457, 459, 467, 477, 482], [5, 20, 26, 30, 32, 37, 39, 49, 64, 69, 75, 76, 83, 86, 88, 94, 103, 107, 111, 112, 113, 115, 118, 120, 122, 125, 144, 146, 148, 150, 154, 166, 167, 176, 185, 187, 195, 200, 201, 205, 222, 224, 229, 230, 234, 239, 240, 241, 244, 246, 247, 248, 250, 251, 262, 265, 268, 270, 274, 275, 288, 289, 294, 296, 308, 309, 310, 317, 328, 330, 337, 338, 339, 340, 341, 353, 355, 356, 365, 367, 371, 376, 377, 390, 393, 396, 412, 413, 427, 441, 442, 445, 457, 459, 467, 482]!Vessel: FarStar
] 

Rvl : [
!l : 2, 3
[1, 2, 3, 4, 5, 7, 8, 9, 14, 17, 18, 19, 20, 21, 22, 23, 24, 25, 26, 27, 29, 30, 31, 32, 33, 35, 36, 37, 38, 39, 40, 43, 45, 46, 47, 48, 49, 59, 60, 61, 62, 63, 64, 66, 68, 69, 71, 72, 73, 74, 76, 78, 81, 82, 85, 87, 93, 94, 96, 99, 100, 101, 102, 103, 106, 107, 111, 113, 115, 116, 117, 118, 119, 120, 121, 122, 125, 127, 128, 130, 139, 147, 148, 149, 150, 156, 160, 165, 207, 208, 210, 211, 220, 221, 223, 224, 229, 230, 231, 239, 246, 248, 250, 251, 252, 269, 270, 355, 356, 376, 377], [44, 50, 75, 77, 83, 86, 88, 112, 129, 138, 142, 143, 144, 146, 153, 154, 159, 162, 164, 166, 167, 170, 173, 174, 175, 176, 183, 184, 185, 186, 187, 193, 194, 195, 199, 200, 201, 203, 204, 205, 222, 234, 240, 241, 243, 244, 245, 247, 262, 263, 264, 265, 268, 274, 275, 277, 278, 281, 284, 285, 286, 288, 289, 290, 291, 292, 293, 294, 295, 296, 306, 307, 308, 309, 310, 313, 314, 315, 316, 317, 325, 326, 327, 328, 329, 330, 337, 338, 339, 340, 341, 342, 353, 362, 365, 367, 368, 371, 390, 391, 392, 393, 396, 400, 401, 403, 404, 406, 408, 409, 410, 411, 412, 413, 418, 419, 421, 422, 423, 424, 425, 426, 427, 437, 438, 439, 441, 442, 445, 455, 456, 457, 459, 461, 467, 468, 471, 475, 476, 477, 478, 479, 481, 482, 487, 488]!Vessel: FarSeeker
[1, 2, 3, 4, 5, 7, 8, 9, 14, 17, 18, 19, 20, 21, 22, 23, 24, 25, 26, 27, 29, 30, 31, 32, 33, 35, 36, 37, 38, 39, 40, 43, 45, 46, 47, 48, 49, 59, 60, 61, 62, 63, 64, 66, 68, 69, 71, 72, 73, 74, 76, 78, 81, 82, 85, 87, 93, 94, 96, 99, 100, 101, 102, 103, 106, 107, 111, 113, 115, 116, 117, 118, 119, 120, 121, 122, 125, 127, 128, 130, 139, 147, 148, 149, 150, 156, 160, 165, 207, 208, 210, 211, 220, 221, 223, 224, 229, 230, 231, 239, 246, 248, 250, 251, 252, 269, 270, 355, 356, 376, 377], [44, 50, 75, 77, 83, 86, 88, 112, 129, 138, 142, 143, 144, 146, 153, 154, 159, 162, 164, 166, 167, 170, 173, 174, 175, 176, 183, 184, 185, 186, 187, 193, 194, 195, 199, 200, 201, 203, 204, 205, 222, 234, 240, 241, 243, 244, 245, 247, 262, 263, 264, 265, 268, 274, 275, 277, 278, 281, 284, 285, 286, 288, 289, 290, 291, 292, 293, 294, 295, 296, 306, 307, 308, 309, 310, 313, 314, 315, 316, 317, 325, 326, 327, 328, 329, 330, 337, 338, 339, 340, 341, 342, 353, 362, 365, 367, 368, 371, 390, 391, 392, 393, 396, 400, 401, 403, 404, 406, 408, 409, 410, 411, 412, 413, 418, 419, 421, 422, 423, 424, 425, 426, 427, 437, 438, 439, 441, 442, 445, 455, 456, 457, 459, 461, 467, 468, 471, 475, 476, 477, 478, 479, 481, 482, 487, 488]!Vessel: FarSearcher
[1, 2, 3, 4, 5, 7, 8, 9, 14, 17, 18, 19, 20, 21, 22, 23, 24, 25, 26, 27, 29, 30, 31, 32, 33, 35, 36, 37, 38, 39, 40, 43, 45, 46, 47, 48, 49, 59, 60, 61, 62, 63, 64, 66, 68, 69, 71, 72, 73, 74, 76, 78, 81, 82, 85, 87, 93, 94, 96, 99, 100, 101, 102, 103, 106, 107, 111, 113, 115, 116, 117, 118, 119, 120, 121, 122, 125, 127, 128, 130, 139, 147, 148, 149, 150, 156, 160, 165, 207, 208, 210, 211, 220, 221, 223, 224, 229, 230, 231, 239, 246, 248, 250, 251, 252, 269, 270, 355, 356, 376, 377], [44, 50, 75, 77, 83, 86, 88, 112, 129, 138, 142, 143, 144, 146, 153, 154, 159, 162, 164, 166, 167, 170, 173, 174, 175, 176, 183, 184, 185, 186, 187, 193, 194, 195, 199, 200, 201, 203, 204, 205, 222, 234, 240, 241, 243, 244, 245, 247, 262, 263, 264, 265, 268, 274, 275, 277, 278, 281, 284, 285, 286, 288, 289, 290, 291, 292, 293, 294, 295, 296, 306, 307, 308, 309, 310, 313, 314, 315, 316, 317, 325, 326, 327, 328, 329, 330, 337, 338, 339, 340, 341, 342, 353, 362, 365, 367, 368, 371, 390, 391, 393, 396, 401, 403, 404, 406, 408, 409, 410, 412, 413, 418, 419, 421, 422, 423, 424, 426, 427, 437, 438, 441, 442, 445, 455, 456, 457, 459, 461, 467, 477, 481, 482]!Vessel: FarSymphony
[1, 2, 3, 4, 5, 7, 8, 9, 14, 17, 18, 19, 20, 21, 22, 23, 24, 25, 26, 27, 29, 30, 31, 32, 33, 35, 36, 37, 38, 39, 40, 43, 45, 46, 47, 48, 49, 59, 60, 61, 62, 63, 64, 66, 68, 69, 71, 72, 73, 74, 76, 78, 81, 82, 85, 87, 93, 94, 96, 99, 100, 101, 102, 103, 106, 107, 111, 113, 115, 116, 117, 118, 119, 120, 121, 122, 125, 127, 128, 130, 139, 147, 148, 149, 150, 156, 160, 165, 207, 208, 210, 211, 220, 221, 223, 224, 229, 230, 231, 239, 246, 248, 250, 251, 252, 269, 270, 355, 356, 376, 377], [44, 50, 75, 77, 83, 86, 88, 112, 129, 138, 142, 143, 144, 146, 153, 154, 159, 162, 164, 166, 167, 170, 173, 174, 175, 176, 183, 184, 185, 186, 187, 193, 194, 195, 199, 200, 201, 203, 204, 205, 222, 234, 240, 241, 243, 244, 245, 247, 262, 263, 264, 265, 268, 274, 275, 277, 278, 281, 284, 285, 286, 288, 289, 290, 291, 292, 293, 294, 295, 296, 306, 307, 308, 309, 310, 313, 314, 315, 316, 317, 325, 326, 327, 328, 329, 330, 337, 338, 339, 340, 341, 342, 353, 362, 365, 367, 368, 371, 390, 391, 392, 393, 396, 400, 401, 403, 404, 406, 408, 409, 410, 411, 412, 413, 418, 419, 421, 422, 423, 424, 425, 426, 427, 437, 438, 439, 441, 442, 445, 455, 456, 457, 459, 461, 467, 471, 477, 479, 481, 482]!Vessel: HavilaForesight
[1, 2, 3, 4, 5, 7, 8, 9, 14, 17, 18, 19, 20, 21, 22, 23, 24, 25, 26, 27, 29, 30, 31, 32, 33, 35, 36, 37, 38, 39, 40, 43, 45, 46, 47, 48, 49, 59, 60, 61, 62, 63, 64, 66, 68, 69, 71, 72, 73, 74, 76, 78, 81, 82, 85, 87, 93, 94, 96, 99, 100, 101, 102, 103, 106, 107, 111, 113, 115, 116, 117, 118, 119, 120, 121, 122, 125, 127, 128, 130, 139, 147, 148, 149, 150, 156, 160, 165, 207, 208, 210, 211, 220, 221, 223, 224, 229, 230, 231, 239, 246, 248, 250, 251, 252, 269, 270, 355, 356, 376, 377], [44, 50, 75, 77, 83, 86, 88, 112, 129, 138, 142, 143, 144, 146, 153, 154, 159, 162, 164, 166, 167, 170, 173, 174, 175, 176, 183, 184, 185, 186, 187, 193, 194, 195, 199, 200, 201, 203, 204, 205, 222, 234, 240, 241, 243, 244, 245, 247, 262, 263, 265, 268, 274, 275, 277, 278, 281, 284, 285, 286, 288, 289, 290, 291, 292, 293, 294, 295, 296, 306, 307, 308, 309, 310, 313, 314, 315, 316, 317, 325, 326, 327, 328, 329, 330, 337, 338, 339, 340, 341, 342, 353, 362, 365, 367, 368, 371, 390, 393, 396, 403, 404, 406, 408, 410, 412, 413, 421, 422, 426, 427, 438, 441, 442, 445, 457, 459, 467, 477, 482]!Vessel: FarStar
] 

minF : 2
maxF : 6
Nf : [
!f : 2, 3, 4, 5, 6
[5, 6], [], [], [2, 3, 4, 7], [1, 8, 9]
]

! Parameters
VoyageCost: [37970, 39085, 64838, 53931, 37570, 44429, 45544, 73722, 62814, 42817, 43726, 43120, 46453, 43120, 73722, 62814, 40394, 38879, 38273, 44029, 74837, 63929, 43932, 42418, 44235, 47568, 72716, 73019, 72413, 75746, 62111, 64838, 72110, 61202, 39691, 41509, 44841, 37570, 43326, 61505, 45144, 50186, 49580, 81296, 70389, 50392, 48877, 50695, 54028, 81599, 49277, 48574, 48877, 49580, 52913, 52210, 80181, 69274, 78872, 67965, 47968, 46453, 48271, 51604, 81599, 78569, 67662, 46150, 51301, 79478, 68571, 44029, 78872, 67965, 82205, 71298, 82714, 47568, 78569, 78872, 78169, 79987, 83320, 79987, 80896, 83623, 77867, 83017, 78169, 83320, 67662, 67965, 67262, 72413, 66959, 67262, 47968, 51301, 45544, 79684, 68777, 47265, 52416, 68777, 72110, 44841, 50598, 52416, 79478, 68571, 50901, 81502, 70595, 51604, 49180, 69080, 49083, 52719, 80290, 72413, 79684, 48477, 82205, 71298, 49786, 55337, 55337, 54731, 89174, 54028, 55034, 54428, 53725, 58670, 58064, 57361, 88059, 85332, 74425, 54428, 58064, 86750, 86144, 89780, 75237, 78872, 53725, 58876, 51604, 57361, 74122, 57761, 86447, 89477, 78569, 51301, 85938, 75031, 84629, 73722, 87356, 84326, 73419, 84629, 73722, 87962, 77055, 85332, 74425, 86750, 88665, 77757, 86144, 84629, 86447, 89780, 85029, 84326, 86144, 89477, 84629, 87962, 84023, 85441, 90592, 83320, 89077, 90895, 86447, 87356, 86750, 90083, 87562, 86047, 91198, 85744, 87562, 90895, 86047, 90083, 89380, 91198, 83720, 83017, 88774, 90592, 75237, 75540, 77055, 73116, 72413, 72813, 72110, 75237, 78569, 57058, 58876, 55543, 58876, 53119, 76352, 79684, 52416, 58173, 59991, 74534, 77867, 79684, 56452, 55749, 73722, 53725, 57361, 78169, 73419, 73722, 89780, 78872, 56755, 87356, 76449, 59179, 87865, 79987, 87259, 56052, 86653, 75746, 78872, 57058, 54937, 60487, 60184, 63820, 81696, 92604, 60184, 65335, 63820, 96239, 94022, 97657, 91901, 97051, 95536, 80993, 86144, 84629, 58876, 62511, 92907, 63517, 95936, 97354, 95233, 84326, 80181, 92507, 79878, 80181, 92507, 94421, 83514, 89780, 78872, 89477, 78569, 93113, 82205, 91089, 90483, 91901, 93719, 97051, 89780, 95536, 97354, 90786, 90180, 89477, 95233, 97051, 91089, 93816, 93113, 91295, 90592, 96348, 94930, 94228, 93816, 93210, 93210, 94022, 92507, 94325, 97657, 92204, 94022, 97354, 92507, 96542, 95839, 97657, 91901, 93319, 95137, 98469, 91198, 96954, 98772, 92204, 91598, 90895, 96651, 98469, 95839, 95233, 94531, 94627, 93925, 82811, 82908, 80993, 86144, 85029, 84326, 86144, 62911, 64632, 66450, 62208, 85441, 87259, 64026, 63323, 80387, 79684, 83720, 83017, 86447, 79575, 59578, 63214, 84023, 79272, 98166, 78872, 58876, 62511, 83320, 78569, 82205, 85332, 84629, 64632, 62208, 87453, 92604, 100481, 103511, 65335, 71092, 68971, 98360, 101996, 104117, 99778, 104929, 103414, 97051, 102808, 100687, 86144, 91901, 89780, 68668, 101693, 103814, 103111, 100384, 89477, 85332, 97657, 85029, 97354, 88665, 96239, 97754, 97051, 102808, 101390, 100687, 95936, 101087, 100384, 99572, 102202, 101499, 98966, 98966, 98360, 99778, 101596, 104929, 97657, 103414, 105232, 98663, 98057, 97354, 103111, 104929, 102299, 101693, 100990, 99172, 98469, 104226, 106044, 102808, 102105, 102505, 101802, 100990, 86847, 86144, 91901, 93719, 90786, 90180, 89477, 70486, 69783, 91295, 90592, 90483, 104626, 89780, 91089, 69783, 92604, 103511, 107147, 109874, 104929, 108565, 107959, 97051, 106844, 108262, 76243, 96239, 95936, 108662, 107959, 104117, 105632, 104929, 112503, 109268, 108565, 103814, 108965, 108262, 107450, 110080, 109377, 97754, 97051, 115024]
VoyageDuration: [2, 2, 2, 2, 2, 2, 2, 2, 2, 2, 2, 2, 2, 2, 2, 2, 2, 2, 2, 2, 2, 2, 2, 2, 2, 2, 2, 2, 2, 2, 2, 2, 2, 2, 2, 2, 2, 2, 2, 2, 2, 2, 2, 3, 2, 2, 2, 2, 2, 3, 2, 2, 2, 2, 2, 2, 2, 2, 2, 2, 2, 2, 2, 2, 3, 2, 2, 2, 2, 2, 2, 2, 2, 2, 3, 2, 3, 2, 2, 2, 2, 2, 3, 2, 2, 3, 2, 3, 2, 3, 2, 2, 2, 2, 2, 2, 2, 2, 2, 2, 2, 2, 2, 2, 2, 2, 2, 2, 2, 2, 2, 3, 2, 2, 2, 2, 2, 2, 2, 2, 2, 2, 3, 2, 2, 2, 2, 2, 3, 2, 2, 2, 2, 2, 2, 2, 3, 3, 2, 2, 2, 3, 3, 3, 2, 3, 2, 2, 2, 2, 2, 2, 3, 3, 3, 2, 3, 2, 3, 2, 3, 3, 2, 3, 2, 3, 3, 3, 2, 3, 3, 3, 3, 3, 3, 3, 3, 3, 3, 3, 3, 3, 3, 3, 3, 3, 3, 3, 3, 3, 3, 3, 3, 3, 3, 3, 3, 3, 3, 3, 3, 3, 3, 3, 3, 3, 2, 2, 3, 2, 2, 2, 2, 2, 3, 2, 2, 2, 2, 2, 2, 3, 2, 2, 2, 2, 3, 3, 2, 2, 2, 2, 2, 3, 2, 2, 3, 3, 2, 3, 3, 2, 3, 3, 3, 2, 3, 2, 3, 2, 2, 2, 2, 2, 3, 3, 2, 2, 2, 3, 3, 3, 3, 3, 3, 3, 3, 3, 2, 2, 3, 2, 3, 3, 3, 3, 3, 3, 3, 3, 3, 3, 3, 3, 3, 3, 3, 3, 3, 3, 3, 3, 3, 3, 3, 3, 3, 3, 3, 3, 3, 3, 3, 3, 3, 3, 3, 3, 3, 3, 3, 3, 3, 3, 3, 3, 3, 3, 3, 3, 3, 3, 3, 3, 3, 3, 3, 3, 3, 3, 3, 3, 3, 3, 3, 3, 3, 3, 3, 3, 3, 3, 3, 3, 3, 3, 3, 3, 2, 2, 2, 2, 3, 3, 2, 2, 3, 3, 3, 3, 3, 3, 2, 2, 3, 3, 3, 3, 2, 2, 3, 3, 3, 3, 3, 2, 2, 3, 3, 3, 3, 2, 3, 2, 3, 3, 3, 3, 3, 3, 3, 3, 3, 3, 3, 3, 2, 3, 3, 3, 3, 3, 3, 3, 3, 3, 3, 3, 3, 3, 3, 3, 3, 3, 3, 3, 3, 3, 3, 3, 3, 3, 3, 3, 3, 3, 3, 3, 3, 3, 3, 3, 3, 3, 3, 3, 3, 3, 3, 3, 3, 3, 3, 3, 3, 3, 3, 3, 3, 3, 3, 3, 3, 3, 3, 3, 3, 3, 3, 3, 3, 3, 3, 3, 3, 3, 3, 3, 3, 3, 3, 3, 3, 3, 3, 3, 3, 3, 3, 3, 3, 3, 3, 3, 3, 3, 3, 3, 3, 3, 3]
TimeCharterCost: [120000, 125000, 130000, 110000, 104000]
RequiredVisits: [6, 5, 5, 5, 2, 2, 5, 6, 6]
NumberOfDaysAvailable: [7, 7, 7, 7, 7]
DepotCapacity: [3, 3, 3, 3, 3, 3, 0]
