!Summary:
!Execution time: 3,08 seconds
!Total # voyages: 1237 (2817 unique)
!Number of installations (excluding depot): 12
!Number of time windows: 0
!Number of vessels: 5

!Min. # installations: 1
!Max. number of installations: 8
!Min. duration: 56
!Max. duration: 80

!Name: FarStar	 # voyages: 235
!Name: FarSymphony	 # voyages: 250
!Name: FarSearcher	 # voyages: 251
!Name: FarSeeker	 # voyages: 251
!Name: HavilaForesight	 # voyages: 250
!------------------------------------------------------------------------------------------------------------------------
nV : 5
nR : 2817
nN : 12
nT : 7
minL : 2
maxL : 3

! Sets: 
Rv : [
[918, 937, 994, 1048, 1131, 1186, 1190, 1194, 1199, 1215, 1219, 1227, 1233, 1238, 1246, 1250, 1253, 1274, 1403, 1405, 1407, 1426, 1447, 1450, 1452, 1453, 1458, 1466, 1467, 1475, 1483, 1484, 1489, 1490, 1491, 1493, 1552, 1580, 1595, 1618, 1631, 1683, 1690, 1712, 1715, 1754, 1777, 1930, 1937, 1966, 2002, 2024, 2028, 2051, 2056, 2059, 2061, 2071, 2084, 2085, 2086, 2092, 2111, 2130, 2138, 2153, 2178, 2179, 2190, 2198, 2199, 2200, 2203, 2204, 2206, 2207, 2211, 2215, 2229, 2233, 2236, 2238, 2255, 2260, 2262, 2265, 2268, 2269, 2274, 2280, 2282, 2288, 2298, 2299, 2300, 2301, 2302, 2303, 2326, 2327, 2355, 2356, 2361, 2363, 2365, 2367, 2368, 2371, 2372, 2374, 2376, 2382, 2383, 2384, 2385, 2386, 2389, 2391, 2392, 2401, 2403, 2405, 2406, 2407, 2410, 2413, 2415, 2417, 2418, 2421, 2423, 2425, 2426, 2428, 2438, 2440, 2442, 2445, 2447, 2449, 2451, 2452, 2453, 2458, 2459, 2460, 2465, 2469, 2471, 2474, 2482, 2484, 2488, 2489, 2497, 2506, 2508, 2509, 2522, 2524, 2528, 2531, 2545, 2548, 2554, 2556, 2557, 2566, 2568, 2575, 2577, 2580, 2582, 2585, 2591, 2594, 2599, 2600, 2610, 2618, 2623, 2625, 2627, 2630, 2635, 2637, 2639, 2643, 2646, 2647, 2648, 2651, 2653, 2656, 2659, 2664, 2677, 2678, 2681, 2689, 2690, 2695, 2697, 2698, 2699, 2700, 2701, 2703, 2705, 2706, 2708, 2709, 2711, 2712, 2713, 2714, 2715, 2717, 2718, 2719, 2720, 2721, 2723, 2724, 2727, 2728, 2730, 2732, 2736, 2738, 2740, 2741, 2742, 2743, 2747, 2748, 2755, 2763, 2764, 2765, 2776, 2787, 2788, 2797, 2800, 2804, 2808, 2810, 2811, 2813, 2817]!Vessel: FarSeeker
[918, 937, 994, 1048, 1131, 1186, 1190, 1194, 1199, 1215, 1219, 1227, 1233, 1238, 1246, 1250, 1253, 1274, 1403, 1405, 1407, 1426, 1447, 1450, 1452, 1453, 1458, 1466, 1467, 1475, 1483, 1484, 1489, 1490, 1491, 1493, 1552, 1580, 1595, 1618, 1631, 1683, 1690, 1712, 1715, 1754, 1777, 1930, 1937, 1966, 2002, 2024, 2028, 2051, 2056, 2059, 2061, 2071, 2084, 2085, 2086, 2092, 2111, 2130, 2138, 2153, 2178, 2179, 2190, 2198, 2199, 2200, 2203, 2204, 2206, 2207, 2211, 2215, 2229, 2233, 2236, 2238, 2255, 2260, 2262, 2265, 2268, 2269, 2274, 2280, 2282, 2288, 2298, 2299, 2300, 2301, 2302, 2303, 2326, 2327, 2355, 2356, 2361, 2363, 2365, 2367, 2368, 2371, 2372, 2374, 2376, 2382, 2383, 2384, 2385, 2386, 2389, 2391, 2392, 2401, 2403, 2405, 2406, 2407, 2410, 2413, 2415, 2417, 2418, 2421, 2423, 2425, 2426, 2428, 2438, 2440, 2442, 2445, 2447, 2449, 2451, 2452, 2453, 2458, 2459, 2460, 2465, 2469, 2471, 2474, 2482, 2484, 2488, 2489, 2497, 2506, 2508, 2509, 2522, 2524, 2528, 2531, 2545, 2548, 2554, 2556, 2557, 2566, 2568, 2575, 2577, 2580, 2582, 2585, 2591, 2594, 2599, 2600, 2610, 2618, 2623, 2625, 2627, 2630, 2635, 2637, 2639, 2643, 2646, 2647, 2648, 2651, 2653, 2656, 2659, 2664, 2677, 2678, 2681, 2689, 2690, 2695, 2697, 2698, 2699, 2700, 2701, 2703, 2705, 2706, 2708, 2709, 2711, 2712, 2713, 2714, 2715, 2717, 2718, 2719, 2720, 2721, 2723, 2724, 2727, 2728, 2730, 2732, 2736, 2738, 2740, 2741, 2742, 2743, 2747, 2748, 2755, 2763, 2764, 2765, 2776, 2787, 2788, 2797, 2800, 2804, 2808, 2810, 2811, 2813, 2817]!Vessel: FarSearcher
[461, 573, 593, 728, 742, 799, 818, 868, 950, 1109, 1147, 1174, 1188, 1197, 1212, 1213, 1220, 1229, 1251, 1259, 1275, 1276, 1279, 1285, 1288, 1323, 1325, 1429, 1451, 1456, 1492, 1507, 1508, 1518, 1520, 1524, 1528, 1537, 1555, 1588, 1602, 1610, 1620, 1629, 1632, 1633, 1644, 1651, 1654, 1668, 1689, 1693, 1700, 1705, 1707, 1711, 1713, 1714, 1719, 1722, 1728, 1735, 1739, 1743, 1744, 1761, 1769, 1773, 1782, 1785, 1790, 1794, 1798, 1801, 1805, 1810, 1820, 1822, 1826, 1833, 1834, 1837, 1846, 1852, 1853, 1863, 1868, 1883, 1893, 1896, 1897, 1905, 1911, 1913, 1914, 1917, 1923, 1932, 1935, 1942, 1944, 1953, 1961, 1963, 1971, 1987, 1994, 1999, 2000, 2007, 2008, 2011, 2015, 2023, 2027, 2040, 2044, 2045, 2055, 2057, 2063, 2066, 2069, 2080, 2095, 2099, 2107, 2109, 2114, 2115, 2122, 2128, 2132, 2134, 2144, 2145, 2149, 2151, 2154, 2159, 2166, 2172, 2174, 2177, 2180, 2181, 2182, 2184, 2187, 2189, 2194, 2197, 2202, 2209, 2210, 2217, 2219, 2221, 2228, 2235, 2237, 2239, 2240, 2241, 2242, 2244, 2246, 2249, 2251, 2259, 2263, 2270, 2272, 2273, 2276, 2289, 2306, 2309, 2318, 2319, 2324, 2350, 2360, 2364, 2375, 2378, 2388, 2393, 2397, 2427, 2430, 2444, 2481, 2483, 2486, 2491, 2507, 2517, 2520, 2523, 2526, 2546, 2555, 2560, 2574, 2581, 2584, 2602, 2607, 2611, 2620, 2636, 2638, 2640, 2641, 2644, 2645, 2652, 2660, 2661, 2662, 2665, 2669, 2672, 2674, 2676, 2680, 2745, 2749, 2753, 2754, 2775, 2777, 2782, 2783, 2786, 2789, 2790, 2792, 2793, 2794, 2795, 2796, 2798, 2801, 2806, 2807, 2812, 2815, 2816]!Vessel: FarSymphony
[1048, 1086, 1105, 1114, 1116, 1131, 1137, 1148, 1149, 1186, 1215, 1227, 1231, 1236, 1243, 1256, 1268, 1269, 1282, 1287, 1294, 1298, 1320, 1400, 1403, 1407, 1422, 1428, 1432, 1438, 1457, 1465, 1475, 1482, 1491, 1515, 1522, 1593, 1603, 1606, 1607, 1618, 1623, 1642, 1671, 1673, 1676, 1677, 1694, 1702, 1708, 1710, 1717, 1726, 1730, 1747, 1754, 1764, 1766, 1770, 1771, 1786, 1792, 1867, 1903, 1909, 1926, 1930, 1940, 1967, 2010, 2019, 2028, 2034, 2036, 2038, 2046, 2051, 2089, 2091, 2096, 2098, 2102, 2104, 2106, 2138, 2165, 2169, 2173, 2175, 2186, 2191, 2193, 2198, 2201, 2203, 2205, 2211, 2212, 2213, 2216, 2220, 2222, 2223, 2226, 2227, 2230, 2231, 2234, 2238, 2248, 2256, 2265, 2280, 2281, 2298, 2305, 2316, 2320, 2321, 2322, 2323, 2351, 2352, 2354, 2358, 2361, 2370, 2371, 2380, 2381, 2382, 2383, 2387, 2392, 2399, 2404, 2412, 2414, 2418, 2424, 2425, 2432, 2435, 2436, 2437, 2439, 2450, 2457, 2459, 2463, 2469, 2476, 2480, 2485, 2503, 2505, 2510, 2511, 2513, 2522, 2525, 2527, 2531, 2534, 2539, 2542, 2545, 2548, 2551, 2553, 2564, 2566, 2567, 2570, 2571, 2572, 2573, 2577, 2579, 2583, 2586, 2588, 2589, 2591, 2594, 2597, 2608, 2622, 2624, 2626, 2628, 2629, 2632, 2633, 2634, 2639, 2643, 2649, 2650, 2654, 2655, 2659, 2664, 2666, 2673, 2683, 2685, 2687, 2690, 2693, 2696, 2698, 2699, 2702, 2707, 2710, 2716, 2722, 2726, 2729, 2731, 2733, 2734, 2735, 2737, 2739, 2746, 2750, 2751, 2757, 2758, 2759, 2760, 2761, 2762, 2766, 2767, 2768, 2769, 2772, 2773, 2774, 2778, 2779, 2780, 2784, 2791, 2805, 2814]!Vessel: HavilaForesight
[308, 491, 503, 522, 551, 569, 589, 591, 605, 611, 635, 750, 768, 806, 831, 833, 840, 842, 846, 864, 865, 866, 871, 907, 908, 925, 938, 940, 941, 944, 956, 959, 963, 967, 984, 985, 995, 1001, 1002, 1051, 1053, 1081, 1095, 1123, 1135, 1139, 1143, 1146, 1181, 1191, 1195, 1207, 1224, 1234, 1247, 1254, 1290, 1292, 1299, 1301, 1303, 1306, 1309, 1326, 1370, 1389, 1396, 1399, 1406, 1411, 1413, 1418, 1419, 1423, 1425, 1430, 1435, 1436, 1439, 1463, 1464, 1468, 1470, 1474, 1477, 1478, 1479, 1480, 1485, 1487, 1494, 1497, 1505, 1530, 1548, 1553, 1581, 1586, 1598, 1608, 1616, 1625, 1639, 1646, 1653, 1658, 1663, 1672, 1684, 1687, 1691, 1695, 1716, 1740, 1742, 1745, 1750, 1765, 1778, 1783, 1808, 1815, 1824, 1832, 1839, 1851, 1857, 1866, 1871, 1882, 1895, 1898, 1910, 1915, 1919, 1934, 1938, 1943, 1946, 1947, 1948, 1957, 1960, 1973, 1980, 1982, 1983, 1995, 1997, 2003, 2004, 2006, 2012, 2014, 2016, 2020, 2022, 2025, 2033, 2054, 2060, 2062, 2067, 2070, 2075, 2093, 2108, 2116, 2123, 2135, 2143, 2147, 2163, 2170, 2188, 2196, 2243, 2247, 2252, 2254, 2257, 2258, 2266, 2277, 2279, 2283, 2286, 2292, 2296, 2297, 2310, 2314, 2315, 2317, 2329, 2332, 2342, 2343, 2353, 2357, 2359, 2362, 2373, 2396, 2402, 2411, 2416, 2420, 2422, 2429, 2433, 2441, 2443, 2446, 2448, 2456, 2461, 2466, 2475, 2490, 2493, 2498, 2512, 2516, 2519, 2541, 2550, 2559, 2576, 2601, 2604, 2614, 2667, 2679, 2682]!Vessel: FarStar
] 

Rvi : [
!i : 1, 2, 3, 4, 5, 6, 7, 8, 9, 10, 11, 12
[918, 1131, 1186, 1190, 1194, 1199, 1215, 1426, 1447, 1466, 1467, 1475, 1580, 1595, 1683, 1690, 1754, 1930, 2002, 2024, 2028, 2071, 2111, 2130, 2138, 2178, 2179, 2198, 2199, 2200, 2211, 2215, 2255, 2262, 2268, 2269, 2298, 2299, 2355, 2356, 2363, 2374, 2382, 2384, 2389, 2391, 2392, 2401, 2403, 2405, 2406, 2407, 2410, 2413, 2415, 2418, 2421, 2423, 2425, 2426, 2428, 2438, 2440, 2442, 2445, 2465, 2469, 2471, 2474, 2482, 2484, 2488, 2489, 2497, 2545, 2548, 2554, 2556, 2557, 2580, 2582, 2591, 2594, 2599, 2600, 2610, 2623, 2625, 2627, 2630, 2635, 2637, 2639, 2643, 2646, 2647, 2677, 2678, 2681, 2698, 2699, 2700, 2701, 2703, 2705, 2708, 2709, 2711, 2712, 2713, 2715, 2717, 2723, 2724, 2727, 2728, 2730, 2738, 2740, 2741, 2747, 2748, 2764, 2787, 2788, 2797, 2800, 2804, 2808, 2810, 2811, 2813, 2817], [918, 937, 994, 1048, 1190, 1219, 1227, 1233, 1246, 1253, 1274, 1403, 1426, 1489, 1580, 1595, 1618, 1631, 1683, 1712, 1715, 1754, 1777, 1937, 2086, 2092, 2130, 2138, 2153, 2179, 2190, 2206, 2211, 2215, 2229, 2233, 2238, 2255, 2274, 2288, 2300, 2355, 2356, 2361, 2363, 2365, 2367, 2368, 2371, 2372, 2374, 2376, 2382, 2383, 2384, 2385, 2386, 2389, 2391, 2392, 2401, 2403, 2405, 2413, 2415, 2418, 2421, 2423, 2438, 2442, 2447, 2449, 2451, 2458, 2460, 2465, 2482, 2489, 2506, 2522, 2528, 2531, 2545, 2548, 2554, 2566, 2568, 2575, 2580, 2585, 2591, 2594, 2599, 2600, 2610, 2618, 2623, 2625, 2630, 2635, 2639, 2643, 2648, 2651, 2656, 2659, 2664, 2678, 2690, 2695, 2697, 2699, 2700, 2701, 2703, 2705, 2706, 2711, 2714, 2715, 2718, 2721, 2724, 2738, 2740, 2742, 2743, 2747, 2748, 2755, 2763, 2776, 2787, 2797, 2800, 2808, 2810, 2811, 2813], [937, 1131, 1194, 1215, 1219, 1227, 1233, 1238, 1246, 1250, 1405, 1426, 1447, 1450, 1452, 1453, 1458, 1618, 1631, 1683, 1712, 1715, 1777, 2002, 2051, 2056, 2059, 2061, 2086, 2130, 2138, 2153, 2198, 2199, 2200, 2203, 2204, 2206, 2207, 2211, 2229, 2260, 2269, 2301, 2355, 2356, 2361, 2363, 2365, 2367, 2368, 2371, 2372, 2374, 2376, 2389, 2392, 2401, 2403, 2405, 2406, 2407, 2410, 2417, 2421, 2423, 2425, 2426, 2428, 2447, 2449, 2451, 2452, 2453, 2469, 2471, 2474, 2506, 2508, 2509, 2554, 2556, 2557, 2566, 2568, 2575, 2577, 2591, 2599, 2600, 2618, 2623, 2625, 2627, 2630, 2635, 2637, 2639, 2646, 2647, 2648, 2651, 2653, 2656, 2659, 2677, 2678, 2681, 2689, 2690, 2695, 2697, 2700, 2701, 2708, 2709, 2712, 2714, 2719, 2723, 2727, 2730, 2732, 2736, 2738, 2741, 2742, 2747, 2755, 2765, 2776, 2800, 2804, 2810, 2811], [918, 937, 994, 1048, 1447, 1450, 1452, 1453, 1466, 1467, 1475, 1483, 1484, 1489, 1490, 1491, 1493, 1618, 1683, 1690, 1712, 1715, 1754, 1777, 1930, 1937, 2198, 2199, 2200, 2203, 2204, 2206, 2207, 2211, 2215, 2229, 2233, 2236, 2238, 2260, 2262, 2265, 2282, 2302, 2327, 2361, 2363, 2365, 2367, 2368, 2382, 2383, 2384, 2385, 2386, 2389, 2391, 2401, 2403, 2405, 2406, 2407, 2410, 2413, 2415, 2417, 2418, 2421, 2423, 2425, 2426, 2428, 2438, 2440, 2442, 2445, 2447, 2449, 2451, 2452, 2453, 2458, 2459, 2460, 2465, 2469, 2471, 2474, 2482, 2484, 2488, 2489, 2497, 2506, 2508, 2509, 2522, 2524, 2528, 2531, 2545, 2548, 2554, 2556, 2557, 2566, 2568, 2575, 2577, 2580, 2582, 2585, 2706, 2709, 2711, 2712, 2713, 2714, 2715, 2717, 2718, 2719, 2720, 2721, 2723, 2724, 2730, 2732, 2736, 2764, 2765, 2787, 2788, 2797, 2800], [994, 1131, 1186, 1246, 1250, 1253, 1450, 1458, 1475, 1483, 1484, 1552, 1618, 1754, 1777, 1966, 2051, 2071, 2138, 2153, 2178, 2190, 2200, 2203, 2204, 2229, 2233, 2255, 2262, 2265, 2268, 2269, 2274, 2280, 2288, 2298, 2301, 2302, 2303, 2326, 2361, 2363, 2365, 2371, 2372, 2374, 2376, 2383, 2384, 2385, 2418, 2421, 2423, 2425, 2426, 2428, 2438, 2440, 2442, 2445, 2447, 2449, 2451, 2452, 2453, 2458, 2459, 2460, 2465, 2469, 2471, 2474, 2482, 2484, 2488, 2489, 2497, 2506, 2508, 2509, 2522, 2524, 2528, 2531, 2591, 2594, 2599, 2600, 2610, 2618, 2623, 2625, 2627, 2646, 2647, 2648, 2651, 2653, 2659, 2664, 2678, 2681, 2689, 2690, 2698, 2699, 2701, 2703, 2708, 2709, 2715, 2717, 2718, 2719, 2720, 2727, 2728, 2736, 2738, 2740, 2741, 2742, 2743, 2763, 2764, 2765, 2776, 2787, 2788, 2804, 2808, 2811, 2813, 2817], [918, 937, 994, 1048, 1131, 1186, 1190, 1194, 1199, 1215, 1219, 1227, 1233, 1238, 1246, 1250, 1253, 1274, 1403, 1405, 1407, 1426, 1447, 1450, 1452, 1453, 1458, 1466, 1467, 1475, 1483, 1484, 1489, 1490, 1491, 1493, 1552, 1580, 1595, 1618, 1631, 1690, 1712, 1930, 1937, 1966, 2002, 2024, 2028, 2051, 2056, 2059, 2061, 2071, 2084, 2085, 2086, 2092, 2111, 2178, 2179, 2190, 2236, 2255, 2260, 2262, 2265, 2268, 2269, 2274, 2280, 2282, 2288, 2298, 2299, 2300, 2301, 2302, 2303, 2326, 2327, 2355, 2361, 2363, 2365, 2367, 2368, 2371, 2374, 2376, 2382, 2383, 2384, 2385, 2386, 2389, 2391, 2392, 2403, 2405, 2406, 2407, 2413, 2417, 2423, 2425, 2426, 2438, 2440, 2449, 2451, 2452, 2453, 2458, 2459, 2469, 2471, 2482, 2484, 2488, 2506, 2508, 2509, 2522, 2524, 2545, 2554, 2556, 2557, 2568, 2580, 2582, 2585, 2599, 2610, 2623, 2625, 2627, 2630, 2635, 2637, 2639, 2643, 2646, 2647, 2648, 2651, 2653, 2656, 2659, 2664, 2695, 2776, 2787, 2788, 2797, 2804, 2808, 2810, 2811, 2813, 2817], [1048, 1227, 1403, 1405, 1407, 1452, 1490, 1491, 1580, 1595, 1631, 1690, 1715, 1966, 2002, 2024, 2056, 2084, 2111, 2178, 2190, 2198, 2203, 2207, 2236, 2238, 2288, 2298, 2299, 2300, 2301, 2302, 2303, 2326, 2355, 2356, 2361, 2365, 2367, 2368, 2371, 2372, 2376, 2382, 2383, 2385, 2386, 2389, 2391, 2392, 2401, 2406, 2410, 2415, 2417, 2418, 2428, 2445, 2447, 2452, 2459, 2460, 2469, 2474, 2484, 2489, 2497, 2508, 2509, 2522, 2524, 2528, 2545, 2556, 2557, 2568, 2577, 2582, 2585, 2591, 2594, 2600, 2618, 2623, 2637, 2639, 2643, 2646, 2653, 2656, 2659, 2664, 2677, 2681, 2689, 2695, 2698, 2699, 2700, 2703, 2705, 2708, 2711, 2712, 2713, 2714, 2718, 2719, 2720, 2721, 2723, 2724, 2727, 2728, 2742, 2743, 2747, 2748, 2755, 2763, 2764, 2765, 2776, 2787, 2788, 2797, 2800, 2804, 2808, 2810, 2811, 2813, 2817], [1580, 1631, 1690, 1930, 1937, 1966, 2002, 2024, 2028, 2051, 2056, 2059, 2061, 2084, 2085, 2086, 2092, 2179, 2236, 2255, 2260, 2262, 2265, 2268, 2269, 2274, 2280, 2282, 2288, 2298, 2299, 2300, 2301, 2302, 2303, 2327, 2356, 2361, 2367, 2368, 2371, 2372, 2382, 2383, 2386, 2392, 2401, 2403, 2405, 2406, 2407, 2410, 2413, 2415, 2417, 2418, 2421, 2423, 2425, 2426, 2428, 2438, 2440, 2442, 2445, 2447, 2449, 2451, 2452, 2453, 2458, 2459, 2460, 2531, 2548, 2566, 2575, 2577, 2591, 2594, 2625, 2627, 2630, 2648, 2677, 2678, 2681, 2689, 2690, 2695, 2697, 2698, 2706, 2709, 2711, 2712, 2713, 2714, 2715, 2717, 2718, 2719, 2720, 2721, 2730, 2732, 2736, 2738, 2740, 2741, 2742, 2743, 2747, 2748, 2755, 2776, 2787, 2788, 2797, 2804, 2808, 2810, 2811, 2813, 2817], [1186, 1190, 1194, 1199, 1233, 1238, 1253, 1274, 1403, 1405, 1407, 1458, 1466, 1483, 1490, 1493, 1552, 1618, 1683, 1712, 1715, 1754, 1777, 2024, 2028, 2059, 2084, 2085, 2092, 2130, 2138, 2153, 2198, 2199, 2200, 2203, 2204, 2206, 2207, 2215, 2233, 2238, 2280, 2282, 2303, 2355, 2356, 2368, 2371, 2372, 2374, 2376, 2382, 2383, 2384, 2385, 2386, 2391, 2392, 2405, 2406, 2407, 2410, 2413, 2415, 2417, 2426, 2438, 2440, 2442, 2445, 2451, 2452, 2453, 2458, 2459, 2460, 2484, 2488, 2497, 2508, 2524, 2531, 2548, 2556, 2575, 2577, 2580, 2582, 2585, 2594, 2610, 2625, 2627, 2630, 2635, 2637, 2643, 2646, 2647, 2648, 2651, 2653, 2656, 2664, 2677, 2678, 2681, 2689, 2690, 2695, 2697, 2698, 2703, 2705, 2706, 2708, 2713, 2717, 2720, 2721, 2728, 2730, 2732, 2736, 2740, 2741, 2743, 2748, 2755, 2763, 2800, 2813, 2817], [918, 937, 994, 1048, 1131, 1186, 1190, 1194, 1199, 1215, 1219, 1227, 1233, 1238, 1246, 1250, 1253, 1274, 1403, 1405, 1407, 1426, 1447, 1450, 1452, 1453, 1458, 1466, 1467, 1475, 1483, 1484, 1489, 1490, 1491, 1493, 1552, 1580, 1595, 1631, 1683, 1690, 1715, 1754, 1777, 1930, 1937, 1966, 2002, 2024, 2028, 2051, 2056, 2059, 2061, 2071, 2084, 2085, 2086, 2092, 2111, 2130, 2138, 2153, 2178, 2179, 2190, 2198, 2199, 2200, 2203, 2204, 2206, 2207, 2211, 2215, 2229, 2233, 2236, 2238, 2255, 2260, 2262, 2265, 2268, 2269, 2274, 2280, 2282, 2288, 2298, 2299, 2300, 2301, 2302, 2303, 2326, 2327, 2356, 2372, 2401, 2410, 2415, 2418, 2421, 2428, 2442, 2445, 2447, 2460, 2465, 2474, 2489, 2497, 2528, 2531, 2548, 2566, 2575, 2577, 2591, 2594, 2600, 2618, 2677, 2678, 2681, 2689, 2690, 2697, 2698, 2699, 2700, 2701, 2703, 2705, 2706, 2708, 2709, 2711, 2712, 2713, 2714, 2715, 2717, 2718, 2719, 2720, 2721, 2723, 2724, 2727, 2728, 2730, 2732, 2736, 2738, 2740, 2741, 2742, 2743, 2747, 2748, 2755, 2763, 2764, 2765], [1199, 1215, 1219, 1238, 1250, 1274, 1407, 1453, 1467, 1484, 1489, 1491, 1493, 1552, 1712, 1966, 2056, 2061, 2071, 2084, 2085, 2111, 2130, 2153, 2179, 2199, 2204, 2206, 2207, 2211, 2215, 2229, 2233, 2236, 2238, 2268, 2274, 2299, 2300, 2326, 2327, 2367, 2386, 2403, 2407, 2413, 2417, 2425, 2440, 2449, 2453, 2458, 2459, 2465, 2471, 2482, 2488, 2506, 2509, 2522, 2524, 2528, 2545, 2554, 2557, 2566, 2568, 2580, 2582, 2585, 2599, 2610, 2618, 2623, 2627, 2630, 2635, 2637, 2639, 2643, 2647, 2648, 2651, 2653, 2656, 2659, 2664, 2677, 2689, 2695, 2697, 2698, 2699, 2700, 2701, 2705, 2706, 2709, 2711, 2712, 2713, 2714, 2715, 2717, 2718, 2719, 2720, 2721, 2723, 2724, 2727, 2728, 2732, 2738, 2740, 2741, 2742, 2743, 2747, 2748, 2755, 2763, 2764, 2765, 2776, 2788, 2797, 2800, 2804, 2808, 2810, 2817], [1595, 1930, 1937, 2028, 2051, 2059, 2061, 2071, 2085, 2086, 2092, 2111, 2178, 2190, 2260, 2265, 2280, 2282, 2326, 2327, 2355, 2363, 2365, 2374, 2376, 2384, 2385, 2389, 2391, 2465, 2469, 2471, 2474, 2482, 2484, 2488, 2489, 2497, 2506, 2508, 2509, 2522, 2524, 2528, 2531, 2545, 2548, 2554, 2556, 2557, 2566, 2568, 2575, 2577, 2580, 2582, 2585, 2599, 2600, 2610, 2618, 2635, 2637, 2639, 2643, 2646, 2647, 2651, 2653, 2656, 2659, 2664, 2690, 2697, 2699, 2700, 2701, 2703, 2705, 2706, 2708, 2723, 2724, 2727, 2728, 2730, 2732, 2736, 2763, 2764, 2765, 2776, 2787, 2788, 2797, 2800, 2804, 2808, 2810, 2811, 2813, 2817]!Vessel: FarSeeker
[918, 1131, 1186, 1190, 1194, 1199, 1215, 1426, 1447, 1466, 1467, 1475, 1580, 1595, 1683, 1690, 1754, 1930, 2002, 2024, 2028, 2071, 2111, 2130, 2138, 2178, 2179, 2198, 2199, 2200, 2211, 2215, 2255, 2262, 2268, 2269, 2298, 2299, 2355, 2356, 2363, 2374, 2382, 2384, 2389, 2391, 2392, 2401, 2403, 2405, 2406, 2407, 2410, 2413, 2415, 2418, 2421, 2423, 2425, 2426, 2428, 2438, 2440, 2442, 2445, 2465, 2469, 2471, 2474, 2482, 2484, 2488, 2489, 2497, 2545, 2548, 2554, 2556, 2557, 2580, 2582, 2591, 2594, 2599, 2600, 2610, 2623, 2625, 2627, 2630, 2635, 2637, 2639, 2643, 2646, 2647, 2677, 2678, 2681, 2698, 2699, 2700, 2701, 2703, 2705, 2708, 2709, 2711, 2712, 2713, 2715, 2717, 2723, 2724, 2727, 2728, 2730, 2738, 2740, 2741, 2747, 2748, 2764, 2787, 2788, 2797, 2800, 2804, 2808, 2810, 2811, 2813, 2817], [918, 937, 994, 1048, 1190, 1219, 1227, 1233, 1246, 1253, 1274, 1403, 1426, 1489, 1580, 1595, 1618, 1631, 1683, 1712, 1715, 1754, 1777, 1937, 2086, 2092, 2130, 2138, 2153, 2179, 2190, 2206, 2211, 2215, 2229, 2233, 2238, 2255, 2274, 2288, 2300, 2355, 2356, 2361, 2363, 2365, 2367, 2368, 2371, 2372, 2374, 2376, 2382, 2383, 2384, 2385, 2386, 2389, 2391, 2392, 2401, 2403, 2405, 2413, 2415, 2418, 2421, 2423, 2438, 2442, 2447, 2449, 2451, 2458, 2460, 2465, 2482, 2489, 2506, 2522, 2528, 2531, 2545, 2548, 2554, 2566, 2568, 2575, 2580, 2585, 2591, 2594, 2599, 2600, 2610, 2618, 2623, 2625, 2630, 2635, 2639, 2643, 2648, 2651, 2656, 2659, 2664, 2678, 2690, 2695, 2697, 2699, 2700, 2701, 2703, 2705, 2706, 2711, 2714, 2715, 2718, 2721, 2724, 2738, 2740, 2742, 2743, 2747, 2748, 2755, 2763, 2776, 2787, 2797, 2800, 2808, 2810, 2811, 2813], [937, 1131, 1194, 1215, 1219, 1227, 1233, 1238, 1246, 1250, 1405, 1426, 1447, 1450, 1452, 1453, 1458, 1618, 1631, 1683, 1712, 1715, 1777, 2002, 2051, 2056, 2059, 2061, 2086, 2130, 2138, 2153, 2198, 2199, 2200, 2203, 2204, 2206, 2207, 2211, 2229, 2260, 2269, 2301, 2355, 2356, 2361, 2363, 2365, 2367, 2368, 2371, 2372, 2374, 2376, 2389, 2392, 2401, 2403, 2405, 2406, 2407, 2410, 2417, 2421, 2423, 2425, 2426, 2428, 2447, 2449, 2451, 2452, 2453, 2469, 2471, 2474, 2506, 2508, 2509, 2554, 2556, 2557, 2566, 2568, 2575, 2577, 2591, 2599, 2600, 2618, 2623, 2625, 2627, 2630, 2635, 2637, 2639, 2646, 2647, 2648, 2651, 2653, 2656, 2659, 2677, 2678, 2681, 2689, 2690, 2695, 2697, 2700, 2701, 2708, 2709, 2712, 2714, 2719, 2723, 2727, 2730, 2732, 2736, 2738, 2741, 2742, 2747, 2755, 2765, 2776, 2800, 2804, 2810, 2811], [918, 937, 994, 1048, 1447, 1450, 1452, 1453, 1466, 1467, 1475, 1483, 1484, 1489, 1490, 1491, 1493, 1618, 1683, 1690, 1712, 1715, 1754, 1777, 1930, 1937, 2198, 2199, 2200, 2203, 2204, 2206, 2207, 2211, 2215, 2229, 2233, 2236, 2238, 2260, 2262, 2265, 2282, 2302, 2327, 2361, 2363, 2365, 2367, 2368, 2382, 2383, 2384, 2385, 2386, 2389, 2391, 2401, 2403, 2405, 2406, 2407, 2410, 2413, 2415, 2417, 2418, 2421, 2423, 2425, 2426, 2428, 2438, 2440, 2442, 2445, 2447, 2449, 2451, 2452, 2453, 2458, 2459, 2460, 2465, 2469, 2471, 2474, 2482, 2484, 2488, 2489, 2497, 2506, 2508, 2509, 2522, 2524, 2528, 2531, 2545, 2548, 2554, 2556, 2557, 2566, 2568, 2575, 2577, 2580, 2582, 2585, 2706, 2709, 2711, 2712, 2713, 2714, 2715, 2717, 2718, 2719, 2720, 2721, 2723, 2724, 2730, 2732, 2736, 2764, 2765, 2787, 2788, 2797, 2800], [994, 1131, 1186, 1246, 1250, 1253, 1450, 1458, 1475, 1483, 1484, 1552, 1618, 1754, 1777, 1966, 2051, 2071, 2138, 2153, 2178, 2190, 2200, 2203, 2204, 2229, 2233, 2255, 2262, 2265, 2268, 2269, 2274, 2280, 2288, 2298, 2301, 2302, 2303, 2326, 2361, 2363, 2365, 2371, 2372, 2374, 2376, 2383, 2384, 2385, 2418, 2421, 2423, 2425, 2426, 2428, 2438, 2440, 2442, 2445, 2447, 2449, 2451, 2452, 2453, 2458, 2459, 2460, 2465, 2469, 2471, 2474, 2482, 2484, 2488, 2489, 2497, 2506, 2508, 2509, 2522, 2524, 2528, 2531, 2591, 2594, 2599, 2600, 2610, 2618, 2623, 2625, 2627, 2646, 2647, 2648, 2651, 2653, 2659, 2664, 2678, 2681, 2689, 2690, 2698, 2699, 2701, 2703, 2708, 2709, 2715, 2717, 2718, 2719, 2720, 2727, 2728, 2736, 2738, 2740, 2741, 2742, 2743, 2763, 2764, 2765, 2776, 2787, 2788, 2804, 2808, 2811, 2813, 2817], [918, 937, 994, 1048, 1131, 1186, 1190, 1194, 1199, 1215, 1219, 1227, 1233, 1238, 1246, 1250, 1253, 1274, 1403, 1405, 1407, 1426, 1447, 1450, 1452, 1453, 1458, 1466, 1467, 1475, 1483, 1484, 1489, 1490, 1491, 1493, 1552, 1580, 1595, 1618, 1631, 1690, 1712, 1930, 1937, 1966, 2002, 2024, 2028, 2051, 2056, 2059, 2061, 2071, 2084, 2085, 2086, 2092, 2111, 2178, 2179, 2190, 2236, 2255, 2260, 2262, 2265, 2268, 2269, 2274, 2280, 2282, 2288, 2298, 2299, 2300, 2301, 2302, 2303, 2326, 2327, 2355, 2361, 2363, 2365, 2367, 2368, 2371, 2374, 2376, 2382, 2383, 2384, 2385, 2386, 2389, 2391, 2392, 2403, 2405, 2406, 2407, 2413, 2417, 2423, 2425, 2426, 2438, 2440, 2449, 2451, 2452, 2453, 2458, 2459, 2469, 2471, 2482, 2484, 2488, 2506, 2508, 2509, 2522, 2524, 2545, 2554, 2556, 2557, 2568, 2580, 2582, 2585, 2599, 2610, 2623, 2625, 2627, 2630, 2635, 2637, 2639, 2643, 2646, 2647, 2648, 2651, 2653, 2656, 2659, 2664, 2695, 2776, 2787, 2788, 2797, 2804, 2808, 2810, 2811, 2813, 2817], [1048, 1227, 1403, 1405, 1407, 1452, 1490, 1491, 1580, 1595, 1631, 1690, 1715, 1966, 2002, 2024, 2056, 2084, 2111, 2178, 2190, 2198, 2203, 2207, 2236, 2238, 2288, 2298, 2299, 2300, 2301, 2302, 2303, 2326, 2355, 2356, 2361, 2365, 2367, 2368, 2371, 2372, 2376, 2382, 2383, 2385, 2386, 2389, 2391, 2392, 2401, 2406, 2410, 2415, 2417, 2418, 2428, 2445, 2447, 2452, 2459, 2460, 2469, 2474, 2484, 2489, 2497, 2508, 2509, 2522, 2524, 2528, 2545, 2556, 2557, 2568, 2577, 2582, 2585, 2591, 2594, 2600, 2618, 2623, 2637, 2639, 2643, 2646, 2653, 2656, 2659, 2664, 2677, 2681, 2689, 2695, 2698, 2699, 2700, 2703, 2705, 2708, 2711, 2712, 2713, 2714, 2718, 2719, 2720, 2721, 2723, 2724, 2727, 2728, 2742, 2743, 2747, 2748, 2755, 2763, 2764, 2765, 2776, 2787, 2788, 2797, 2800, 2804, 2808, 2810, 2811, 2813, 2817], [1580, 1631, 1690, 1930, 1937, 1966, 2002, 2024, 2028, 2051, 2056, 2059, 2061, 2084, 2085, 2086, 2092, 2179, 2236, 2255, 2260, 2262, 2265, 2268, 2269, 2274, 2280, 2282, 2288, 2298, 2299, 2300, 2301, 2302, 2303, 2327, 2356, 2361, 2367, 2368, 2371, 2372, 2382, 2383, 2386, 2392, 2401, 2403, 2405, 2406, 2407, 2410, 2413, 2415, 2417, 2418, 2421, 2423, 2425, 2426, 2428, 2438, 2440, 2442, 2445, 2447, 2449, 2451, 2452, 2453, 2458, 2459, 2460, 2531, 2548, 2566, 2575, 2577, 2591, 2594, 2625, 2627, 2630, 2648, 2677, 2678, 2681, 2689, 2690, 2695, 2697, 2698, 2706, 2709, 2711, 2712, 2713, 2714, 2715, 2717, 2718, 2719, 2720, 2721, 2730, 2732, 2736, 2738, 2740, 2741, 2742, 2743, 2747, 2748, 2755, 2776, 2787, 2788, 2797, 2804, 2808, 2810, 2811, 2813, 2817], [1186, 1190, 1194, 1199, 1233, 1238, 1253, 1274, 1403, 1405, 1407, 1458, 1466, 1483, 1490, 1493, 1552, 1618, 1683, 1712, 1715, 1754, 1777, 2024, 2028, 2059, 2084, 2085, 2092, 2130, 2138, 2153, 2198, 2199, 2200, 2203, 2204, 2206, 2207, 2215, 2233, 2238, 2280, 2282, 2303, 2355, 2356, 2368, 2371, 2372, 2374, 2376, 2382, 2383, 2384, 2385, 2386, 2391, 2392, 2405, 2406, 2407, 2410, 2413, 2415, 2417, 2426, 2438, 2440, 2442, 2445, 2451, 2452, 2453, 2458, 2459, 2460, 2484, 2488, 2497, 2508, 2524, 2531, 2548, 2556, 2575, 2577, 2580, 2582, 2585, 2594, 2610, 2625, 2627, 2630, 2635, 2637, 2643, 2646, 2647, 2648, 2651, 2653, 2656, 2664, 2677, 2678, 2681, 2689, 2690, 2695, 2697, 2698, 2703, 2705, 2706, 2708, 2713, 2717, 2720, 2721, 2728, 2730, 2732, 2736, 2740, 2741, 2743, 2748, 2755, 2763, 2800, 2813, 2817], [918, 937, 994, 1048, 1131, 1186, 1190, 1194, 1199, 1215, 1219, 1227, 1233, 1238, 1246, 1250, 1253, 1274, 1403, 1405, 1407, 1426, 1447, 1450, 1452, 1453, 1458, 1466, 1467, 1475, 1483, 1484, 1489, 1490, 1491, 1493, 1552, 1580, 1595, 1631, 1683, 1690, 1715, 1754, 1777, 1930, 1937, 1966, 2002, 2024, 2028, 2051, 2056, 2059, 2061, 2071, 2084, 2085, 2086, 2092, 2111, 2130, 2138, 2153, 2178, 2179, 2190, 2198, 2199, 2200, 2203, 2204, 2206, 2207, 2211, 2215, 2229, 2233, 2236, 2238, 2255, 2260, 2262, 2265, 2268, 2269, 2274, 2280, 2282, 2288, 2298, 2299, 2300, 2301, 2302, 2303, 2326, 2327, 2356, 2372, 2401, 2410, 2415, 2418, 2421, 2428, 2442, 2445, 2447, 2460, 2465, 2474, 2489, 2497, 2528, 2531, 2548, 2566, 2575, 2577, 2591, 2594, 2600, 2618, 2677, 2678, 2681, 2689, 2690, 2697, 2698, 2699, 2700, 2701, 2703, 2705, 2706, 2708, 2709, 2711, 2712, 2713, 2714, 2715, 2717, 2718, 2719, 2720, 2721, 2723, 2724, 2727, 2728, 2730, 2732, 2736, 2738, 2740, 2741, 2742, 2743, 2747, 2748, 2755, 2763, 2764, 2765], [1199, 1215, 1219, 1238, 1250, 1274, 1407, 1453, 1467, 1484, 1489, 1491, 1493, 1552, 1712, 1966, 2056, 2061, 2071, 2084, 2085, 2111, 2130, 2153, 2179, 2199, 2204, 2206, 2207, 2211, 2215, 2229, 2233, 2236, 2238, 2268, 2274, 2299, 2300, 2326, 2327, 2367, 2386, 2403, 2407, 2413, 2417, 2425, 2440, 2449, 2453, 2458, 2459, 2465, 2471, 2482, 2488, 2506, 2509, 2522, 2524, 2528, 2545, 2554, 2557, 2566, 2568, 2580, 2582, 2585, 2599, 2610, 2618, 2623, 2627, 2630, 2635, 2637, 2639, 2643, 2647, 2648, 2651, 2653, 2656, 2659, 2664, 2677, 2689, 2695, 2697, 2698, 2699, 2700, 2701, 2705, 2706, 2709, 2711, 2712, 2713, 2714, 2715, 2717, 2718, 2719, 2720, 2721, 2723, 2724, 2727, 2728, 2732, 2738, 2740, 2741, 2742, 2743, 2747, 2748, 2755, 2763, 2764, 2765, 2776, 2788, 2797, 2800, 2804, 2808, 2810, 2817], [1595, 1930, 1937, 2028, 2051, 2059, 2061, 2071, 2085, 2086, 2092, 2111, 2178, 2190, 2260, 2265, 2280, 2282, 2326, 2327, 2355, 2363, 2365, 2374, 2376, 2384, 2385, 2389, 2391, 2465, 2469, 2471, 2474, 2482, 2484, 2488, 2489, 2497, 2506, 2508, 2509, 2522, 2524, 2528, 2531, 2545, 2548, 2554, 2556, 2557, 2566, 2568, 2575, 2577, 2580, 2582, 2585, 2599, 2600, 2610, 2618, 2635, 2637, 2639, 2643, 2646, 2647, 2651, 2653, 2656, 2659, 2664, 2690, 2697, 2699, 2700, 2701, 2703, 2705, 2706, 2708, 2723, 2724, 2727, 2728, 2730, 2732, 2736, 2763, 2764, 2765, 2776, 2787, 2788, 2797, 2800, 2804, 2808, 2810, 2811, 2813, 2817]!Vessel: FarSearcher
[799, 818, 1188, 1197, 1213, 1259, 1279, 1323, 1518, 1524, 1588, 1602, 1610, 1668, 1689, 1693, 1700, 1722, 1728, 1735, 1739, 1743, 1744, 1798, 1801, 1805, 1810, 1820, 1822, 1883, 1893, 1896, 1897, 1905, 1932, 1935, 1961, 1963, 1971, 1987, 2007, 2008, 2011, 2015, 2023, 2027, 2040, 2044, 2095, 2099, 2107, 2114, 2122, 2128, 2132, 2134, 2145, 2172, 2174, 2177, 2180, 2181, 2182, 2184, 2197, 2209, 2210, 2217, 2240, 2241, 2242, 2244, 2259, 2263, 2270, 2306, 2318, 2350, 2360, 2364, 2393, 2397, 2427, 2430, 2444, 2481, 2483, 2486, 2491, 2546, 2555, 2560, 2581, 2602, 2607, 2611, 2636, 2638, 2640, 2641, 2644, 2645, 2661, 2669, 2672, 2674, 2676, 2680, 2749, 2753, 2754, 2777, 2782, 2783, 2786, 2789, 2790, 2792, 2796, 2798, 2801, 2806, 2807, 2812, 2815], [461, 593, 799, 818, 868, 950, 1147, 1212, 1288, 1429, 1588, 1602, 1610, 1620, 1629, 1632, 1633, 1644, 1651, 1654, 1668, 1689, 1693, 1700, 1705, 1707, 1711, 1722, 1739, 1761, 1782, 1785, 1790, 1798, 1826, 1846, 1853, 1868, 1883, 1893, 1911, 1917, 1932, 1944, 1953, 1961, 1963, 1971, 1987, 1999, 2011, 2023, 2040, 2045, 2057, 2063, 2066, 2069, 2080, 2095, 2109, 2115, 2128, 2144, 2151, 2172, 2174, 2177, 2180, 2181, 2182, 2184, 2187, 2189, 2194, 2210, 2219, 2228, 2237, 2240, 2246, 2272, 2276, 2289, 2309, 2319, 2350, 2360, 2364, 2375, 2378, 2388, 2393, 2397, 2427, 2444, 2481, 2517, 2520, 2560, 2574, 2584, 2607, 2611, 2620, 2638, 2641, 2662, 2669, 2672, 2680, 2745, 2749, 2775, 2777, 2782, 2783, 2789, 2790, 2793, 2795, 2796, 2798, 2806, 2812, 2815, 2816], [573, 728, 950, 1213, 1220, 1229, 1285, 1451, 1456, 1555, 1588, 1602, 1610, 1620, 1629, 1632, 1633, 1651, 1668, 1705, 1707, 1711, 1713, 1714, 1719, 1728, 1735, 1761, 1769, 1773, 1801, 1805, 1833, 1834, 1837, 1893, 1896, 1897, 1905, 1911, 1913, 1914, 1917, 1923, 1971, 1994, 2007, 2008, 2027, 2044, 2045, 2055, 2057, 2063, 2066, 2095, 2099, 2107, 2109, 2122, 2128, 2132, 2134, 2144, 2145, 2149, 2151, 2154, 2159, 2166, 2172, 2181, 2187, 2189, 2197, 2202, 2209, 2219, 2221, 2241, 2251, 2259, 2270, 2272, 2273, 2319, 2360, 2364, 2375, 2378, 2393, 2427, 2430, 2507, 2517, 2555, 2560, 2574, 2602, 2636, 2638, 2640, 2645, 2652, 2660, 2669, 2674, 2680, 2775, 2777, 2782, 2783, 2786, 2793, 2794, 2796, 2801, 2806, 2807, 2812, 2815, 2816], [461, 728, 742, 950, 1109, 1451, 1456, 1492, 1518, 1520, 1537, 1620, 1644, 1651, 1654, 1668, 1689, 1693, 1700, 1705, 1707, 1711, 1713, 1714, 1719, 1722, 1728, 1735, 1739, 1743, 1744, 1761, 1769, 1773, 1782, 1785, 1790, 1794, 1798, 1801, 1805, 1810, 1820, 1822, 1826, 1833, 1834, 1837, 1846, 1852, 1853, 1863, 1868, 1883, 1893, 1896, 1897, 1905, 1911, 1913, 1914, 1917, 1923, 1932, 1935, 1942, 1944, 1953, 2122, 2197, 2202, 2210, 2217, 2219, 2221, 2228, 2235, 2237, 2239, 2240, 2241, 2242, 2244, 2246, 2249, 2259, 2263, 2289, 2306, 2324, 2360, 2364, 2397, 2427, 2430, 2444, 2481, 2483, 2486, 2491, 2507, 2517, 2520, 2523, 2526, 2546, 2555, 2560, 2574, 2581, 2584, 2775, 2777, 2782, 2783, 2786, 2789, 2790, 2792, 2793, 2794, 2795, 2796, 2798, 2801], [1147, 1174, 1220, 1251, 1259, 1429, 1451, 1507, 1520, 1524, 1528, 1602, 1620, 1629, 1644, 1722, 1728, 1735, 1739, 1743, 1744, 1761, 1769, 1773, 1782, 1785, 1790, 1794, 1798, 1801, 1805, 1810, 1820, 1822, 1826, 1833, 1834, 1837, 1846, 1852, 1853, 1863, 1961, 1963, 1971, 1987, 1994, 1999, 2000, 2007, 2008, 2011, 2015, 2044, 2045, 2055, 2066, 2069, 2080, 2145, 2151, 2154, 2159, 2174, 2177, 2187, 2194, 2202, 2209, 2228, 2235, 2263, 2270, 2272, 2273, 2276, 2318, 2319, 2324, 2360, 2364, 2375, 2427, 2430, 2444, 2481, 2483, 2486, 2491, 2507, 2517, 2520, 2523, 2526, 2602, 2607, 2611, 2620, 2645, 2652, 2660, 2661, 2662, 2665, 2669, 2672, 2674, 2676, 2680, 2745, 2753, 2754, 2775, 2782, 2783, 2786, 2789, 2790, 2792, 2793, 2794, 2795, 2806, 2807, 2812, 2816], [461, 573, 593, 728, 742, 799, 818, 868, 1109, 1147, 1174, 1188, 1197, 1212, 1213, 1220, 1229, 1251, 1259, 1275, 1276, 1279, 1285, 1288, 1323, 1325, 1429, 1492, 1507, 1508, 1518, 1520, 1524, 1528, 1537, 1555, 1602, 1610, 1620, 1629, 1632, 1644, 1651, 1654, 1689, 1693, 1707, 1711, 1713, 1714, 1728, 1739, 1743, 1744, 1769, 1782, 1785, 1801, 1810, 1833, 1834, 1846, 1852, 1868, 1893, 1896, 1897, 1911, 1913, 1914, 1932, 1935, 1942, 1944, 1961, 2007, 2008, 2011, 2015, 2023, 2027, 2040, 2044, 2045, 2055, 2057, 2063, 2066, 2069, 2080, 2095, 2122, 2166, 2350, 2375, 2378, 2388, 2393, 2397, 2481, 2483, 2486, 2507, 2520, 2523, 2526, 2546, 2555, 2581, 2584, 2607, 2620, 2636, 2638, 2640, 2641, 2644, 2645, 2652, 2660, 2661, 2662, 2665, 2669, 2672, 2674, 2676], [868, 1109, 1229, 1275, 1285, 1288, 1323, 1325, 1507, 1508, 1537, 1588, 1602, 1632, 1633, 1651, 1654, 1689, 1705, 1713, 1719, 1728, 1739, 1743, 1744, 1773, 1782, 1794, 1837, 1853, 1863, 1883, 1913, 1914, 1917, 1923, 1942, 1953, 1961, 1994, 2000, 2007, 2008, 2011, 2015, 2023, 2066, 2069, 2095, 2099, 2107, 2109, 2114, 2115, 2132, 2149, 2154, 2159, 2166, 2174, 2184, 2187, 2189, 2194, 2221, 2239, 2241, 2242, 2244, 2246, 2249, 2251, 2289, 2306, 2309, 2324, 2350, 2360, 2375, 2378, 2388, 2393, 2397, 2427, 2430, 2444, 2483, 2491, 2507, 2520, 2523, 2526, 2546, 2555, 2574, 2581, 2584, 2602, 2611, 2620, 2636, 2640, 2641, 2644, 2652, 2660, 2662, 2665, 2674, 2676, 2680, 2745, 2749, 2753, 2754, 2775, 2777, 2782, 2786, 2789, 2792, 2793, 2794, 2795, 2796, 2798, 2801, 2807, 2812, 2815, 2816], [799, 868, 1147, 1188, 1197, 1212, 1213, 1220, 1229, 1251, 1275, 1276, 1492, 1518, 1520, 1524, 1528, 1537, 1555, 1633, 1668, 1693, 1700, 1705, 1707, 1711, 1713, 1714, 1719, 1722, 1735, 1761, 1769, 1773, 1785, 1790, 1794, 1868, 1963, 2045, 2057, 2122, 2128, 2132, 2134, 2144, 2149, 2151, 2154, 2172, 2180, 2197, 2202, 2210, 2217, 2219, 2221, 2228, 2235, 2237, 2239, 2259, 2263, 2270, 2272, 2273, 2276, 2289, 2306, 2309, 2350, 2375, 2378, 2388, 2393, 2397, 2481, 2483, 2486, 2491, 2507, 2520, 2523, 2526, 2546, 2555, 2581, 2584, 2602, 2607, 2611, 2620, 2636, 2638, 2640, 2641, 2644, 2645, 2652, 2660, 2661, 2662, 2665, 2669, 2672, 2674, 2676, 2745, 2749, 2753, 2754, 2775, 2777, 2782, 2783, 2786, 2789, 2790, 2792, 2793, 2794, 2795, 2796, 2798, 2801, 2806, 2807, 2812, 2815, 2816], [573, 593, 742, 950, 1197, 1275, 1276, 1451, 1456, 1508, 1528, 1610, 1629, 1632, 1633, 1644, 1654, 1693, 1700, 1711, 1713, 1714, 1719, 1743, 1769, 1785, 1790, 1794, 1810, 1820, 1833, 1852, 1863, 1868, 1896, 1913, 1932, 1935, 1942, 1944, 1953, 1963, 1987, 1999, 2000, 2007, 2011, 2015, 2023, 2027, 2040, 2044, 2045, 2055, 2057, 2063, 2069, 2080, 2099, 2109, 2114, 2115, 2122, 2128, 2132, 2134, 2144, 2145, 2149, 2151, 2154, 2159, 2166, 2180, 2182, 2184, 2194, 2217, 2235, 2237, 2239, 2244, 2249, 2251, 2259, 2263, 2270, 2273, 2276, 2289, 2306, 2309, 2318, 2360, 2364, 2388, 2430, 2444, 2517, 2526, 2560, 2574, 2581, 2636, 2641, 2644, 2652, 2661, 2662, 2665, 2672, 2676, 2680, 2754, 2775, 2777, 2786, 2789, 2790, 2792, 2794, 2795, 2798, 2801, 2806, 2807, 2812, 2815, 2816], [461, 573, 593, 728, 742, 799, 818, 868, 950, 1109, 1147, 1174, 1188, 1197, 1212, 1213, 1220, 1229, 1251, 1259, 1275, 1276, 1279, 1285, 1288, 1323, 1325, 1429, 1451, 1456, 1492, 1507, 1508, 1518, 1520, 1524, 1528, 1537, 1555, 1588, 1633, 1668, 1700, 1705, 1719, 1722, 1735, 1761, 1773, 1790, 1794, 1798, 1805, 1820, 1822, 1826, 1837, 1853, 1863, 1883, 1905, 1917, 1923, 1953, 1963, 1971, 1987, 1994, 1999, 2000, 2099, 2107, 2109, 2114, 2115, 2128, 2132, 2134, 2144, 2145, 2149, 2151, 2154, 2159, 2172, 2174, 2177, 2180, 2181, 2182, 2184, 2187, 2189, 2194, 2197, 2202, 2209, 2210, 2217, 2219, 2221, 2228, 2235, 2237, 2239, 2240, 2241, 2242, 2244, 2246, 2249, 2251, 2259, 2263, 2270, 2272, 2273, 2276, 2289, 2306, 2309, 2318, 2319, 2324, 2491, 2602, 2611, 2745, 2749, 2753, 2754], [1174, 1188, 1212, 1251, 1276, 1279, 1325, 1456, 1492, 1555, 1689, 1707, 1714, 1744, 1782, 1822, 1826, 1834, 1846, 1852, 1868, 1897, 1905, 1911, 1914, 1923, 1935, 1942, 1944, 1961, 1994, 1999, 2000, 2008, 2015, 2023, 2027, 2040, 2055, 2057, 2063, 2066, 2069, 2080, 2095, 2107, 2114, 2115, 2134, 2144, 2149, 2166, 2172, 2174, 2177, 2180, 2181, 2182, 2189, 2197, 2202, 2209, 2210, 2217, 2219, 2221, 2228, 2235, 2237, 2239, 2240, 2242, 2246, 2249, 2251, 2272, 2273, 2276, 2309, 2318, 2319, 2324, 2350, 2378, 2388, 2427, 2430, 2444, 2486, 2517, 2523, 2546, 2560, 2574, 2584, 2607, 2620, 2638, 2640, 2644, 2645, 2660, 2661, 2665, 2680, 2745, 2749, 2753, 2783, 2790, 2792, 2793, 2794, 2795, 2796, 2798, 2801, 2806, 2807, 2815, 2816], [818, 1109, 1174, 1259, 1279, 1285, 1288, 1323, 1325, 1429, 1507, 1508, 1588, 1610, 1620, 1629, 1632, 1644, 1651, 1654, 1798, 1801, 1805, 1810, 1820, 1822, 1826, 1833, 1834, 1837, 1846, 1852, 1853, 1863, 1883, 1893, 1896, 1897, 1905, 1911, 1913, 1914, 1917, 1923, 1932, 1935, 1942, 1944, 1953, 1971, 1987, 1994, 1999, 2000, 2027, 2040, 2044, 2055, 2063, 2080, 2099, 2107, 2109, 2114, 2115, 2145, 2159, 2166, 2177, 2181, 2182, 2184, 2187, 2189, 2194, 2209, 2240, 2241, 2242, 2244, 2246, 2249, 2251, 2318, 2319, 2324, 2350, 2364, 2375, 2378, 2388, 2393, 2397, 2481, 2483, 2486, 2491, 2507, 2517, 2520, 2523, 2526, 2546, 2555, 2560, 2574, 2581, 2584, 2602, 2607, 2611, 2620, 2636, 2638, 2640, 2641, 2644, 2645, 2652, 2660, 2661, 2662, 2665, 2669, 2672, 2674, 2676, 2745, 2749, 2753, 2754, 2775, 2777, 2782, 2783, 2786, 2789, 2790, 2792, 2793, 2794, 2795, 2796, 2798, 2801, 2806, 2807, 2812, 2815, 2816]!Vessel: FarSymphony
[1131, 1137, 1186, 1215, 1269, 1320, 1400, 1422, 1428, 1432, 1465, 1475, 1593, 1603, 1606, 1607, 1642, 1671, 1673, 1676, 1677, 1694, 1702, 1726, 1730, 1747, 1754, 1903, 1930, 2010, 2019, 2028, 2034, 2036, 2038, 2096, 2098, 2102, 2138, 2173, 2175, 2186, 2193, 2198, 2201, 2211, 2212, 2213, 2216, 2222, 2223, 2226, 2227, 2298, 2322, 2351, 2352, 2354, 2358, 2380, 2381, 2382, 2392, 2399, 2404, 2412, 2414, 2418, 2424, 2425, 2432, 2435, 2436, 2437, 2439, 2463, 2469, 2476, 2480, 2485, 2539, 2542, 2545, 2548, 2551, 2553, 2579, 2583, 2591, 2594, 2597, 2608, 2622, 2624, 2626, 2628, 2629, 2632, 2633, 2634, 2639, 2643, 2666, 2673, 2683, 2685, 2687, 2696, 2698, 2699, 2707, 2716, 2722, 2729, 2731, 2733, 2734, 2739, 2751, 2761, 2762, 2766, 2768, 2769, 2772, 2773, 2778, 2779, 2780, 2784, 2791, 2805, 2814], [1048, 1105, 1148, 1227, 1268, 1282, 1294, 1403, 1422, 1428, 1432, 1438, 1593, 1603, 1606, 1607, 1618, 1623, 1642, 1671, 1677, 1694, 1702, 1708, 1717, 1726, 1754, 1764, 1771, 1786, 1792, 1867, 1909, 1926, 1967, 2019, 2046, 2096, 2104, 2106, 2138, 2165, 2169, 2173, 2175, 2186, 2191, 2193, 2211, 2213, 2220, 2222, 2231, 2238, 2248, 2256, 2316, 2320, 2351, 2352, 2354, 2358, 2361, 2370, 2371, 2380, 2381, 2382, 2383, 2387, 2392, 2399, 2412, 2418, 2432, 2435, 2436, 2457, 2463, 2480, 2503, 2505, 2522, 2525, 2531, 2539, 2545, 2548, 2553, 2564, 2566, 2567, 2570, 2579, 2586, 2588, 2589, 2591, 2594, 2597, 2608, 2622, 2628, 2634, 2639, 2643, 2650, 2655, 2659, 2664, 2683, 2690, 2699, 2702, 2722, 2729, 2735, 2739, 2746, 2750, 2757, 2758, 2760, 2761, 2762, 2772, 2773, 2774, 2778, 2780, 2784, 2791, 2805, 2814], [1086, 1131, 1215, 1227, 1231, 1236, 1243, 1269, 1282, 1287, 1457, 1515, 1603, 1606, 1607, 1618, 1623, 1671, 1673, 1676, 1677, 1708, 1710, 1717, 1726, 1730, 1764, 1766, 1770, 1771, 1903, 1909, 1926, 2010, 2019, 2034, 2046, 2051, 2089, 2096, 2098, 2102, 2104, 2106, 2138, 2165, 2169, 2173, 2186, 2198, 2201, 2203, 2205, 2211, 2212, 2220, 2223, 2230, 2320, 2321, 2322, 2323, 2351, 2352, 2354, 2358, 2361, 2370, 2371, 2392, 2404, 2424, 2425, 2432, 2450, 2469, 2476, 2503, 2505, 2510, 2511, 2513, 2539, 2542, 2553, 2564, 2566, 2567, 2570, 2571, 2572, 2573, 2577, 2591, 2597, 2622, 2624, 2626, 2632, 2633, 2634, 2639, 2649, 2650, 2654, 2655, 2659, 2666, 2673, 2683, 2685, 2687, 2690, 2693, 2702, 2707, 2710, 2731, 2751, 2758, 2759, 2760, 2761, 2766, 2767, 2772, 2773, 2774, 2778, 2779, 2784, 2805, 2814], [1048, 1086, 1105, 1114, 1116, 1465, 1475, 1482, 1491, 1515, 1522, 1606, 1607, 1618, 1623, 1642, 1671, 1673, 1676, 1677, 1694, 1702, 1708, 1710, 1717, 1726, 1730, 1747, 1754, 1764, 1766, 1770, 1771, 1786, 1792, 1867, 1903, 1909, 1926, 1930, 1940, 2198, 2201, 2203, 2205, 2211, 2212, 2213, 2216, 2220, 2222, 2223, 2226, 2227, 2230, 2231, 2234, 2238, 2248, 2265, 2321, 2358, 2361, 2382, 2383, 2404, 2412, 2414, 2418, 2424, 2425, 2432, 2435, 2436, 2437, 2439, 2450, 2457, 2459, 2463, 2469, 2476, 2480, 2485, 2503, 2505, 2510, 2511, 2513, 2522, 2525, 2527, 2531, 2534, 2539, 2542, 2545, 2548, 2551, 2553, 2564, 2566, 2567, 2570, 2571, 2572, 2573, 2577, 2579, 2583, 2586, 2588, 2589, 2673, 2710, 2716, 2722, 2726, 2731, 2733, 2734, 2735, 2737, 2768, 2772, 2773, 2774, 2778, 2779, 2780, 2784, 2791], [1131, 1137, 1148, 1149, 1186, 1256, 1428, 1438, 1457, 1475, 1482, 1603, 1606, 1618, 1642, 1726, 1730, 1747, 1754, 1764, 1766, 1770, 1771, 1786, 1792, 1967, 2010, 2036, 2046, 2051, 2102, 2104, 2138, 2173, 2175, 2201, 2203, 2205, 2222, 2223, 2226, 2227, 2230, 2231, 2234, 2256, 2265, 2280, 2281, 2298, 2320, 2322, 2323, 2351, 2352, 2361, 2370, 2371, 2380, 2383, 2387, 2399, 2418, 2424, 2425, 2432, 2435, 2436, 2437, 2439, 2450, 2457, 2459, 2463, 2469, 2476, 2480, 2485, 2503, 2505, 2510, 2511, 2513, 2522, 2525, 2527, 2531, 2534, 2591, 2594, 2597, 2608, 2622, 2624, 2626, 2628, 2629, 2649, 2650, 2654, 2659, 2664, 2666, 2687, 2690, 2693, 2696, 2698, 2699, 2702, 2707, 2710, 2716, 2729, 2733, 2734, 2735, 2737, 2739, 2746, 2750, 2751, 2767, 2769, 2773, 2774, 2778, 2779, 2780, 2784, 2791, 2805, 2814], [1048, 1086, 1105, 1114, 1116, 1131, 1137, 1148, 1149, 1186, 1215, 1227, 1231, 1236, 1243, 1256, 1268, 1269, 1282, 1287, 1294, 1298, 1320, 1400, 1403, 1407, 1422, 1428, 1432, 1438, 1457, 1465, 1475, 1482, 1491, 1515, 1522, 1593, 1603, 1606, 1607, 1618, 1623, 1642, 1671, 1673, 1676, 1694, 1708, 1710, 1730, 1747, 1764, 1766, 1770, 1786, 1867, 1930, 1940, 2010, 2019, 2028, 2034, 2036, 2038, 2046, 2051, 2089, 2091, 2165, 2191, 2256, 2265, 2280, 2281, 2298, 2305, 2316, 2351, 2352, 2354, 2358, 2361, 2370, 2371, 2380, 2381, 2382, 2383, 2387, 2392, 2399, 2404, 2412, 2414, 2424, 2425, 2435, 2436, 2437, 2439, 2450, 2457, 2459, 2469, 2480, 2485, 2505, 2510, 2511, 2522, 2525, 2527, 2545, 2553, 2567, 2570, 2571, 2572, 2579, 2583, 2586, 2608, 2622, 2624, 2626, 2628, 2629, 2632, 2633, 2634, 2639, 2643, 2649, 2650, 2654, 2655, 2659, 2664, 2666, 2673, 2696], [1048, 1149, 1227, 1231, 1256, 1268, 1269, 1320, 1400, 1403, 1407, 1432, 1438, 1457, 1465, 1482, 1491, 1623, 1673, 1677, 1702, 1708, 1710, 1766, 1771, 1792, 1867, 1940, 1967, 2089, 2091, 2096, 2098, 2102, 2104, 2106, 2165, 2186, 2191, 2193, 2198, 2203, 2212, 2213, 2216, 2220, 2223, 2226, 2230, 2231, 2234, 2238, 2298, 2305, 2320, 2323, 2351, 2352, 2354, 2358, 2361, 2370, 2371, 2380, 2381, 2382, 2383, 2387, 2392, 2399, 2404, 2412, 2414, 2418, 2424, 2435, 2437, 2439, 2450, 2457, 2459, 2469, 2480, 2485, 2513, 2522, 2534, 2542, 2545, 2551, 2564, 2571, 2573, 2577, 2588, 2589, 2591, 2594, 2608, 2624, 2626, 2629, 2632, 2639, 2643, 2649, 2659, 2664, 2666, 2685, 2693, 2696, 2698, 2699, 2716, 2726, 2739, 2750, 2751, 2757, 2758, 2759, 2760, 2772, 2773, 2774, 2778, 2779, 2780, 2784, 2791, 2805, 2814], [1236, 1515, 1522, 1593, 1717, 1930, 1940, 2028, 2034, 2036, 2038, 2051, 2089, 2091, 2191, 2256, 2265, 2280, 2281, 2298, 2305, 2316, 2351, 2354, 2358, 2361, 2370, 2371, 2381, 2382, 2383, 2387, 2392, 2399, 2404, 2412, 2414, 2418, 2424, 2425, 2435, 2436, 2437, 2439, 2450, 2457, 2459, 2463, 2476, 2503, 2505, 2510, 2511, 2513, 2525, 2527, 2531, 2534, 2539, 2542, 2548, 2551, 2553, 2564, 2566, 2567, 2570, 2571, 2572, 2573, 2577, 2579, 2583, 2586, 2588, 2589, 2591, 2594, 2597, 2622, 2624, 2626, 2628, 2629, 2632, 2633, 2634, 2649, 2650, 2654, 2655, 2673, 2683, 2685, 2687, 2690, 2693, 2698, 2702, 2707, 2710, 2716, 2722, 2726, 2729, 2731, 2733, 2734, 2735, 2737, 2739, 2746, 2750, 2751, 2757, 2758, 2759, 2760, 2761, 2762, 2766, 2767, 2768, 2769, 2772, 2773, 2774, 2778, 2779, 2780, 2814], [1114, 1186, 1236, 1243, 1256, 1294, 1298, 1400, 1403, 1407, 1522, 1603, 1607, 1618, 1623, 1642, 1673, 1676, 1694, 1702, 1710, 1717, 1730, 1747, 1754, 1766, 1770, 1786, 1792, 1867, 1903, 1926, 1967, 2010, 2019, 2028, 2046, 2096, 2098, 2102, 2104, 2106, 2138, 2165, 2169, 2175, 2193, 2198, 2203, 2205, 2216, 2226, 2227, 2234, 2238, 2248, 2280, 2305, 2321, 2322, 2323, 2371, 2380, 2381, 2382, 2383, 2387, 2392, 2399, 2414, 2432, 2439, 2459, 2511, 2525, 2527, 2531, 2534, 2548, 2551, 2570, 2571, 2572, 2577, 2579, 2583, 2586, 2589, 2594, 2626, 2628, 2629, 2632, 2633, 2634, 2643, 2649, 2650, 2654, 2655, 2664, 2673, 2683, 2685, 2687, 2690, 2693, 2696, 2698, 2726, 2729, 2733, 2737, 2746, 2750, 2757, 2758, 2759, 2762, 2766, 2767, 2768, 2769, 2772, 2773, 2774, 2779, 2780, 2791, 2805, 2814], [1048, 1086, 1105, 1114, 1116, 1131, 1137, 1148, 1149, 1186, 1215, 1227, 1231, 1236, 1243, 1256, 1268, 1269, 1282, 1287, 1294, 1298, 1320, 1400, 1403, 1407, 1422, 1428, 1432, 1438, 1457, 1465, 1475, 1482, 1491, 1515, 1522, 1593, 1677, 1702, 1717, 1726, 1754, 1771, 1792, 1903, 1909, 1926, 1930, 1940, 1967, 2028, 2034, 2036, 2038, 2051, 2089, 2091, 2096, 2098, 2102, 2104, 2106, 2138, 2169, 2173, 2175, 2186, 2191, 2193, 2198, 2201, 2203, 2205, 2211, 2212, 2213, 2216, 2220, 2222, 2223, 2226, 2227, 2230, 2231, 2234, 2238, 2248, 2256, 2265, 2280, 2281, 2298, 2305, 2316, 2320, 2321, 2322, 2323, 2418, 2463, 2476, 2503, 2513, 2531, 2534, 2539, 2542, 2548, 2551, 2564, 2566, 2573, 2577, 2588, 2589, 2591, 2594, 2597, 2683, 2685, 2687, 2690, 2693, 2698, 2699, 2702, 2707, 2710, 2716, 2722, 2726, 2729, 2731, 2733, 2734, 2735, 2737, 2739, 2746, 2750, 2751, 2757, 2758, 2759, 2760, 2761, 2762, 2766, 2767, 2768, 2769], [1116, 1137, 1148, 1149, 1215, 1231, 1268, 1287, 1298, 1320, 1407, 1422, 1491, 1671, 1676, 1694, 1708, 1710, 1747, 1764, 1770, 1786, 1867, 1909, 1967, 2010, 2019, 2038, 2046, 2091, 2098, 2106, 2165, 2169, 2173, 2175, 2186, 2193, 2201, 2211, 2212, 2213, 2216, 2220, 2222, 2227, 2230, 2231, 2234, 2238, 2248, 2281, 2316, 2320, 2321, 2322, 2323, 2354, 2370, 2381, 2387, 2404, 2412, 2414, 2425, 2432, 2436, 2437, 2450, 2457, 2459, 2485, 2510, 2522, 2527, 2545, 2566, 2567, 2572, 2573, 2583, 2586, 2588, 2608, 2622, 2624, 2628, 2629, 2632, 2633, 2639, 2643, 2649, 2654, 2655, 2659, 2664, 2666, 2696, 2698, 2699, 2702, 2707, 2710, 2716, 2722, 2726, 2731, 2734, 2735, 2737, 2739, 2746, 2751, 2757, 2759, 2760, 2761, 2762, 2766, 2767, 2768, 2769, 2772, 2774, 2778, 2779, 2780, 2784, 2791, 2805, 2814], [1086, 1105, 1114, 1116, 1243, 1282, 1287, 1294, 1298, 1593, 1903, 1909, 1926, 1930, 1940, 2028, 2034, 2036, 2038, 2051, 2089, 2091, 2169, 2191, 2205, 2248, 2256, 2265, 2280, 2281, 2305, 2316, 2321, 2352, 2380, 2463, 2469, 2476, 2480, 2485, 2503, 2505, 2510, 2511, 2513, 2522, 2525, 2527, 2531, 2534, 2539, 2542, 2545, 2548, 2551, 2553, 2564, 2566, 2567, 2570, 2571, 2572, 2573, 2577, 2579, 2583, 2586, 2588, 2589, 2597, 2608, 2633, 2634, 2639, 2643, 2650, 2654, 2655, 2659, 2664, 2666, 2673, 2683, 2685, 2687, 2690, 2693, 2696, 2699, 2702, 2707, 2710, 2722, 2726, 2729, 2731, 2733, 2734, 2735, 2737, 2746, 2750, 2757, 2758, 2759, 2760, 2761, 2762, 2766, 2767, 2768, 2769, 2784, 2791, 2805]!Vessel: HavilaForesight
[308, 503, 551, 635, 806, 831, 833, 864, 907, 908, 925, 956, 959, 963, 967, 1135, 1139, 1181, 1191, 1195, 1207, 1299, 1301, 1326, 1370, 1389, 1418, 1419, 1423, 1425, 1430, 1435, 1463, 1464, 1468, 1470, 1477, 1478, 1581, 1586, 1598, 1608, 1616, 1639, 1653, 1672, 1684, 1687, 1691, 1695, 1740, 1742, 1745, 1750, 1808, 1815, 1871, 1882, 1895, 1898, 1934, 1957, 1960, 1973, 1980, 1982, 1983, 2003, 2004, 2006, 2012, 2014, 2016, 2020, 2022, 2025, 2033, 2135, 2143, 2196, 2243, 2252, 2258, 2277, 2283, 2286, 2292, 2296, 2314, 2332, 2353, 2357, 2359, 2396, 2402, 2411, 2416, 2420, 2422, 2429, 2433, 2441, 2443, 2446, 2466, 2475, 2490, 2493, 2498, 2541, 2550, 2559, 2601, 2604, 2614, 2667, 2679, 2682], [308, 522, 589, 806, 831, 833, 840, 842, 846, 864, 865, 866, 871, 938, 944, 956, 995, 1002, 1053, 1081, 1123, 1139, 1143, 1191, 1234, 1247, 1254, 1303, 1396, 1399, 1411, 1418, 1419, 1423, 1425, 1430, 1435, 1436, 1439, 1463, 1479, 1494, 1548, 1581, 1586, 1598, 1608, 1616, 1625, 1639, 1646, 1653, 1658, 1663, 1684, 1687, 1716, 1740, 1778, 1824, 1866, 1871, 1910, 1938, 1943, 1947, 1948, 1960, 1980, 1997, 2004, 2012, 2062, 2093, 2163, 2188, 2254, 2257, 2279, 2283, 2286, 2297, 2314, 2315, 2317, 2332, 2342, 2343, 2353, 2357, 2359, 2362, 2373, 2396, 2402, 2416, 2420, 2422, 2441, 2443, 2448, 2461, 2466, 2490, 2493, 2512, 2516, 2541, 2550, 2559, 2576, 2601, 2614, 2667, 2679], [569, 605, 831, 833, 840, 842, 846, 907, 908, 938, 940, 941, 944, 959, 963, 984, 985, 1081, 1095, 1135, 1143, 1146, 1181, 1195, 1224, 1234, 1247, 1299, 1301, 1303, 1306, 1309, 1370, 1396, 1406, 1411, 1413, 1418, 1425, 1435, 1436, 1464, 1474, 1480, 1586, 1608, 1616, 1625, 1672, 1684, 1716, 1765, 1778, 1832, 1839, 1895, 1898, 1910, 1915, 1919, 1957, 1973, 1995, 2003, 2004, 2006, 2020, 2022, 2033, 2054, 2060, 2062, 2067, 2075, 2108, 2123, 2135, 2147, 2170, 2188, 2196, 2254, 2258, 2292, 2315, 2342, 2353, 2357, 2359, 2362, 2373, 2396, 2402, 2411, 2420, 2422, 2429, 2433, 2448, 2456, 2466, 2475, 2512, 2516, 2519, 2541, 2559, 2576, 2601, 2604, 2667, 2679, 2682], [491, 831, 840, 842, 864, 865, 866, 907, 908, 925, 938, 940, 941, 944, 956, 959, 963, 967, 984, 985, 995, 1001, 1002, 1051, 1053, 1081, 1095, 1123, 1430, 1463, 1464, 1468, 1470, 1474, 1477, 1478, 1479, 1480, 1485, 1487, 1494, 1497, 1505, 1616, 1663, 1672, 1684, 1687, 1691, 1695, 1716, 1740, 1742, 1745, 1750, 1765, 1778, 1783, 1808, 1815, 1824, 1832, 1839, 1851, 1857, 1866, 1871, 1882, 1895, 1898, 1910, 1915, 1919, 1934, 1938, 1943, 1946, 1947, 1948, 2123, 2243, 2247, 2252, 2266, 2310, 2359, 2362, 2402, 2411, 2416, 2420, 2422, 2429, 2433, 2441, 2443, 2446, 2448, 2456, 2461, 2466, 2475, 2490, 2493, 2498, 2512, 2516, 2519, 2541, 2550, 2559, 2576], [503, 522, 750, 768, 840, 846, 865, 956, 959, 963, 967, 984, 985, 995, 1001, 1002, 1135, 1139, 1143, 1146, 1181, 1224, 1247, 1254, 1306, 1370, 1389, 1419, 1425, 1436, 1439, 1477, 1478, 1479, 1480, 1485, 1487, 1530, 1548, 1553, 1616, 1625, 1646, 1653, 1663, 1740, 1742, 1745, 1750, 1765, 1778, 1783, 1808, 1815, 1824, 1832, 1839, 1851, 1857, 1957, 1960, 1973, 1980, 1982, 1983, 1995, 1997, 2004, 2006, 2012, 2014, 2016, 2054, 2067, 2070, 2075, 2147, 2254, 2257, 2258, 2266, 2277, 2279, 2286, 2292, 2296, 2297, 2329, 2343, 2353, 2362, 2373, 2396, 2420, 2422, 2429, 2433, 2441, 2443, 2446, 2448, 2456, 2461, 2466, 2475, 2490, 2493, 2498, 2512, 2516, 2519, 2601, 2604, 2614, 2679, 2682], [308, 491, 503, 522, 551, 569, 589, 591, 605, 611, 635, 750, 768, 831, 833, 840, 842, 846, 864, 865, 866, 871, 907, 908, 925, 938, 940, 941, 959, 967, 984, 985, 995, 1001, 1051, 1053, 1181, 1191, 1195, 1207, 1224, 1234, 1247, 1254, 1290, 1292, 1396, 1406, 1530, 1581, 1608, 1625, 1639, 1646, 1653, 1663, 1672, 1687, 1691, 1695, 1740, 1742, 1745, 1765, 1783, 1808, 1832, 1851, 1866, 1882, 1895, 1910, 1915, 1934, 1938, 1943, 1946, 1957, 1960, 1973, 1980, 1982, 1983, 1997, 2003, 2004, 2006, 2012, 2014, 2016, 2020, 2022, 2025, 2033, 2054, 2060, 2062, 2067, 2070, 2075, 2093, 2123, 2163, 2332, 2342, 2343], [569, 589, 591, 635, 750, 806, 842, 866, 940, 941, 944, 1002, 1051, 1146, 1290, 1299, 1301, 1303, 1306, 1309, 1326, 1396, 1399, 1406, 1430, 1435, 1436, 1439, 1464, 1468, 1470, 1474, 1480, 1485, 1487, 1494, 1497, 1553, 1581, 1608, 1625, 1639, 1646, 1653, 1658, 1663, 1672, 1687, 1691, 1695, 1716, 1742, 1750, 1765, 1783, 1808, 1866, 1882, 1919, 1948, 1973, 1982, 1983, 1997, 2003, 2006, 2014, 2020, 2025, 2033, 2067, 2070, 2075, 2108, 2116, 2163, 2170, 2188, 2247, 2283, 2286, 2292, 2296, 2297, 2310, 2332, 2342, 2343, 2353, 2357, 2359, 2362, 2373, 2396, 2402, 2411, 2416, 2420, 2429, 2433, 2441, 2446, 2448, 2456, 2461, 2466, 2475, 2490, 2493, 2498, 2512, 2541, 2550, 2601, 2604, 2614, 2667, 2682], [871, 1207, 1290, 1292, 1530, 1581, 1586, 1598, 1608, 1625, 1639, 1646, 1658, 1663, 1672, 1687, 1691, 1695, 1740, 1742, 1745, 1750, 1765, 1783, 1815, 1824, 1832, 1839, 1851, 1857, 1866, 1871, 1895, 1898, 1910, 1915, 1919, 1934, 1938, 1943, 1946, 1947, 1948, 1957, 1960, 1995, 2003, 2004, 2006, 2012, 2014, 2016, 2020, 2022, 2025, 2054, 2060, 2062, 2067, 2070, 2093, 2108, 2116, 2123, 2135, 2143, 2147, 2163, 2170, 2188, 2196, 2243, 2247, 2252, 2254, 2257, 2258, 2266, 2277, 2279, 2283, 2286, 2292, 2296, 2297, 2310, 2314, 2315, 2317, 2329, 2342, 2343, 2357, 2359, 2362, 2373, 2396, 2402, 2411, 2416, 2420, 2422, 2429, 2433, 2441, 2443, 2446, 2448, 2456, 2461, 2516, 2519, 2559, 2576, 2679, 2682], [611, 806, 833, 846, 864, 865, 866, 907, 925, 940, 967, 984, 1001, 1051, 1053, 1095, 1123, 1139, 1181, 1191, 1195, 1224, 1234, 1254, 1299, 1306, 1309, 1326, 1370, 1389, 1396, 1399, 1406, 1411, 1413, 1423, 1439, 1470, 1477, 1487, 1497, 1505, 1548, 1553, 1598, 1616, 1639, 1646, 1658, 1684, 1695, 1716, 1778, 1851, 1934, 1943, 1946, 1982, 2012, 2014, 2016, 2020, 2022, 2025, 2054, 2060, 2062, 2070, 2093, 2116, 2123, 2135, 2143, 2147, 2163, 2170, 2252, 2257, 2266, 2277, 2310, 2317, 2329, 2353, 2357, 2359, 2362, 2373, 2396, 2411, 2416, 2433, 2441, 2443, 2446, 2456, 2461, 2493, 2498, 2516, 2519, 2550, 2559, 2576, 2604, 2614, 2667, 2679, 2682], [308, 491, 503, 522, 551, 569, 589, 591, 605, 611, 635, 750, 768, 806, 871, 944, 956, 963, 1002, 1081, 1095, 1123, 1135, 1139, 1143, 1146, 1207, 1290, 1292, 1299, 1301, 1303, 1306, 1309, 1326, 1370, 1389, 1399, 1411, 1413, 1418, 1419, 1423, 1425, 1430, 1435, 1436, 1439, 1463, 1464, 1468, 1470, 1474, 1477, 1478, 1479, 1480, 1485, 1487, 1494, 1497, 1505, 1530, 1548, 1553, 1586, 1598, 1658, 1750, 1815, 1824, 1839, 1857, 1871, 1898, 1919, 1947, 1948, 1995, 2108, 2116, 2135, 2143, 2147, 2170, 2188, 2196, 2243, 2247, 2252, 2254, 2257, 2258, 2266, 2277, 2279, 2283, 2286, 2292, 2296, 2297, 2310, 2314, 2315, 2317, 2329], [551, 591, 768, 908, 925, 938, 941, 985, 995, 1001, 1051, 1053, 1135, 1143, 1146, 1191, 1195, 1224, 1234, 1247, 1254, 1292, 1301, 1303, 1309, 1326, 1389, 1399, 1406, 1413, 1418, 1419, 1423, 1463, 1468, 1474, 1478, 1479, 1485, 1494, 1497, 1505, 1548, 1553, 1581, 1684, 1691, 1716, 1745, 1778, 1783, 1857, 1866, 1882, 1915, 1938, 1946, 1947, 1957, 1960, 1980, 1983, 1995, 1997, 2003, 2016, 2025, 2033, 2060, 2067, 2070, 2075, 2093, 2108, 2116, 2143, 2163, 2196, 2243, 2247, 2279, 2283, 2296, 2297, 2314, 2315, 2317, 2329, 2332, 2342, 2343, 2357, 2373, 2402, 2411, 2416, 2422, 2429, 2443, 2446, 2448, 2456, 2461, 2475, 2490, 2498, 2512, 2519, 2541, 2550, 2576, 2601, 2604, 2614, 2667, 2679, 2682], [491, 605, 611, 871, 1081, 1095, 1123, 1207, 1290, 1292, 1411, 1413, 1505, 1530, 1586, 1598, 1653, 1658, 1808, 1815, 1824, 1832, 1839, 1851, 1857, 1871, 1882, 1895, 1898, 1910, 1915, 1919, 1934, 1938, 1943, 1946, 1947, 1948, 1973, 1980, 1982, 1983, 1995, 1997, 2022, 2033, 2054, 2060, 2062, 2075, 2093, 2108, 2116, 2123, 2135, 2143, 2147, 2170, 2188, 2196, 2243, 2247, 2252, 2254, 2257, 2258, 2266, 2277, 2279, 2310, 2314, 2315, 2317, 2329, 2332, 2353, 2466, 2475, 2490, 2493, 2498, 2512, 2516, 2519, 2541, 2550, 2559, 2576, 2601, 2604, 2614, 2667]!Vessel: FarStar
] 

Rvl : [
!l : 2, 3
[1190, 1215, 1219, 1227, 1233, 1274, 1403, 1405, 1407, 1426, 1580, 1631, 2002, 2056, 2179, 2299, 2300], [918, 937, 994, 1048, 1131, 1186, 1194, 1199, 1238, 1246, 1250, 1253, 1447, 1450, 1452, 1453, 1458, 1466, 1467, 1475, 1483, 1484, 1489, 1490, 1491, 1493, 1552, 1595, 1618, 1683, 1690, 1712, 1715, 1754, 1777, 1930, 1937, 1966, 2024, 2028, 2051, 2059, 2061, 2071, 2084, 2085, 2086, 2092, 2111, 2130, 2138, 2153, 2178, 2190, 2198, 2199, 2200, 2203, 2204, 2206, 2207, 2211, 2215, 2229, 2233, 2236, 2238, 2255, 2260, 2262, 2265, 2268, 2269, 2274, 2280, 2282, 2288, 2298, 2301, 2302, 2303, 2326, 2327, 2355, 2356, 2361, 2363, 2365, 2367, 2368, 2371, 2372, 2374, 2376, 2382, 2383, 2384, 2385, 2386, 2389, 2391, 2392, 2401, 2403, 2405, 2406, 2407, 2410, 2413, 2415, 2417, 2418, 2421, 2423, 2425, 2426, 2428, 2438, 2440, 2442, 2445, 2447, 2449, 2451, 2452, 2453, 2458, 2459, 2460, 2465, 2469, 2471, 2474, 2482, 2484, 2488, 2489, 2497, 2506, 2508, 2509, 2522, 2524, 2528, 2531, 2545, 2548, 2554, 2556, 2557, 2566, 2568, 2575, 2577, 2580, 2582, 2585, 2591, 2594, 2599, 2600, 2610, 2618, 2623, 2625, 2627, 2630, 2635, 2637, 2639, 2643, 2646, 2647, 2648, 2651, 2653, 2656, 2659, 2664, 2677, 2678, 2681, 2689, 2690, 2695, 2697, 2698, 2699, 2700, 2701, 2703, 2705, 2706, 2708, 2709, 2711, 2712, 2713, 2714, 2715, 2717, 2718, 2719, 2720, 2721, 2723, 2724, 2727, 2728, 2730, 2732, 2736, 2738, 2740, 2741, 2742, 2743, 2747, 2748, 2755, 2763, 2764, 2765, 2776, 2787, 2788, 2797, 2800, 2804, 2808, 2810, 2811, 2813, 2817]!Vessel: FarSeeker
[1190, 1215, 1219, 1227, 1233, 1274, 1403, 1405, 1407, 1426, 1580, 1631, 2002, 2056, 2179, 2299, 2300], [918, 937, 994, 1048, 1131, 1186, 1194, 1199, 1238, 1246, 1250, 1253, 1447, 1450, 1452, 1453, 1458, 1466, 1467, 1475, 1483, 1484, 1489, 1490, 1491, 1493, 1552, 1595, 1618, 1683, 1690, 1712, 1715, 1754, 1777, 1930, 1937, 1966, 2024, 2028, 2051, 2059, 2061, 2071, 2084, 2085, 2086, 2092, 2111, 2130, 2138, 2153, 2178, 2190, 2198, 2199, 2200, 2203, 2204, 2206, 2207, 2211, 2215, 2229, 2233, 2236, 2238, 2255, 2260, 2262, 2265, 2268, 2269, 2274, 2280, 2282, 2288, 2298, 2301, 2302, 2303, 2326, 2327, 2355, 2356, 2361, 2363, 2365, 2367, 2368, 2371, 2372, 2374, 2376, 2382, 2383, 2384, 2385, 2386, 2389, 2391, 2392, 2401, 2403, 2405, 2406, 2407, 2410, 2413, 2415, 2417, 2418, 2421, 2423, 2425, 2426, 2428, 2438, 2440, 2442, 2445, 2447, 2449, 2451, 2452, 2453, 2458, 2459, 2460, 2465, 2469, 2471, 2474, 2482, 2484, 2488, 2489, 2497, 2506, 2508, 2509, 2522, 2524, 2528, 2531, 2545, 2548, 2554, 2556, 2557, 2566, 2568, 2575, 2577, 2580, 2582, 2585, 2591, 2594, 2599, 2600, 2610, 2618, 2623, 2625, 2627, 2630, 2635, 2637, 2639, 2643, 2646, 2647, 2648, 2651, 2653, 2656, 2659, 2664, 2677, 2678, 2681, 2689, 2690, 2695, 2697, 2698, 2699, 2700, 2701, 2703, 2705, 2706, 2708, 2709, 2711, 2712, 2713, 2714, 2715, 2717, 2718, 2719, 2720, 2721, 2723, 2724, 2727, 2728, 2730, 2732, 2736, 2738, 2740, 2741, 2742, 2743, 2747, 2748, 2755, 2763, 2764, 2765, 2776, 2787, 2788, 2797, 2800, 2804, 2808, 2810, 2811, 2813, 2817]!Vessel: FarSearcher
[573, 593, 799, 818, 868, 1188, 1197, 1212, 1213, 1229, 1275, 1276, 1285, 1288, 1323, 1555, 2095, 2172], [461, 728, 742, 950, 1109, 1147, 1174, 1220, 1251, 1259, 1279, 1325, 1429, 1451, 1456, 1492, 1507, 1508, 1518, 1520, 1524, 1528, 1537, 1588, 1602, 1610, 1620, 1629, 1632, 1633, 1644, 1651, 1654, 1668, 1689, 1693, 1700, 1705, 1707, 1711, 1713, 1714, 1719, 1722, 1728, 1735, 1739, 1743, 1744, 1761, 1769, 1773, 1782, 1785, 1790, 1794, 1798, 1801, 1805, 1810, 1820, 1822, 1826, 1833, 1834, 1837, 1846, 1852, 1853, 1863, 1868, 1883, 1893, 1896, 1897, 1905, 1911, 1913, 1914, 1917, 1923, 1932, 1935, 1942, 1944, 1953, 1961, 1963, 1971, 1987, 1994, 1999, 2000, 2007, 2008, 2011, 2015, 2023, 2027, 2040, 2044, 2045, 2055, 2057, 2063, 2066, 2069, 2080, 2099, 2107, 2109, 2114, 2115, 2122, 2128, 2132, 2134, 2144, 2145, 2149, 2151, 2154, 2159, 2166, 2174, 2177, 2180, 2181, 2182, 2184, 2187, 2189, 2194, 2197, 2202, 2209, 2210, 2217, 2219, 2221, 2228, 2235, 2237, 2239, 2240, 2241, 2242, 2244, 2246, 2249, 2251, 2259, 2263, 2270, 2272, 2273, 2276, 2289, 2306, 2309, 2318, 2319, 2324, 2350, 2360, 2364, 2375, 2378, 2388, 2393, 2397, 2427, 2430, 2444, 2481, 2483, 2486, 2491, 2507, 2517, 2520, 2523, 2526, 2546, 2555, 2560, 2574, 2581, 2584, 2602, 2607, 2611, 2620, 2636, 2638, 2640, 2641, 2644, 2645, 2652, 2660, 2661, 2662, 2665, 2669, 2672, 2674, 2676, 2680, 2745, 2749, 2753, 2754, 2775, 2777, 2782, 2783, 2786, 2789, 2790, 2792, 2793, 2794, 2795, 2796, 2798, 2801, 2806, 2807, 2812, 2815, 2816]!Vessel: FarSymphony
[1215, 1227, 1231, 1236, 1268, 1269, 1282, 1320, 1400, 1403, 1407, 1422, 1432, 2186], [1048, 1086, 1105, 1114, 1116, 1131, 1137, 1148, 1149, 1186, 1243, 1256, 1287, 1294, 1298, 1428, 1438, 1457, 1465, 1475, 1482, 1491, 1515, 1522, 1593, 1603, 1606, 1607, 1618, 1623, 1642, 1671, 1673, 1676, 1677, 1694, 1702, 1708, 1710, 1717, 1726, 1730, 1747, 1754, 1764, 1766, 1770, 1771, 1786, 1792, 1867, 1903, 1909, 1926, 1930, 1940, 1967, 2010, 2019, 2028, 2034, 2036, 2038, 2046, 2051, 2089, 2091, 2096, 2098, 2102, 2104, 2106, 2138, 2165, 2169, 2173, 2175, 2191, 2193, 2198, 2201, 2203, 2205, 2211, 2212, 2213, 2216, 2220, 2222, 2223, 2226, 2227, 2230, 2231, 2234, 2238, 2248, 2256, 2265, 2280, 2281, 2298, 2305, 2316, 2320, 2321, 2322, 2323, 2351, 2352, 2354, 2358, 2361, 2370, 2371, 2380, 2381, 2382, 2383, 2387, 2392, 2399, 2404, 2412, 2414, 2418, 2424, 2425, 2432, 2435, 2436, 2437, 2439, 2450, 2457, 2459, 2463, 2469, 2476, 2480, 2485, 2503, 2505, 2510, 2511, 2513, 2522, 2525, 2527, 2531, 2534, 2539, 2542, 2545, 2548, 2551, 2553, 2564, 2566, 2567, 2570, 2571, 2572, 2573, 2577, 2579, 2583, 2586, 2588, 2589, 2591, 2594, 2597, 2608, 2622, 2624, 2626, 2628, 2629, 2632, 2633, 2634, 2639, 2643, 2649, 2650, 2654, 2655, 2659, 2664, 2666, 2673, 2683, 2685, 2687, 2690, 2693, 2696, 2698, 2699, 2702, 2707, 2710, 2716, 2722, 2726, 2729, 2731, 2733, 2734, 2735, 2737, 2739, 2746, 2750, 2751, 2757, 2758, 2759, 2760, 2761, 2762, 2766, 2767, 2768, 2769, 2772, 2773, 2774, 2778, 2779, 2780, 2784, 2791, 2805, 2814]!Vessel: HavilaForesight
[308, 522, 551, 569, 589, 591, 605, 611, 635, 750, 806, 833, 871, 1191, 1195, 1207, 1234, 1290, 1292, 1299, 1301, 1303, 1309, 1326, 1396, 1399, 1406, 1418, 1423, 1435, 1581, 1608, 1639, 2003, 2025, 2163, 2283, 2342], [491, 503, 768, 831, 840, 842, 846, 864, 865, 866, 907, 908, 925, 938, 940, 941, 944, 956, 959, 963, 967, 984, 985, 995, 1001, 1002, 1051, 1053, 1081, 1095, 1123, 1135, 1139, 1143, 1146, 1181, 1224, 1247, 1254, 1306, 1370, 1389, 1411, 1413, 1419, 1425, 1430, 1436, 1439, 1463, 1464, 1468, 1470, 1474, 1477, 1478, 1479, 1480, 1485, 1487, 1494, 1497, 1505, 1530, 1548, 1553, 1586, 1598, 1616, 1625, 1646, 1653, 1658, 1663, 1672, 1684, 1687, 1691, 1695, 1716, 1740, 1742, 1745, 1750, 1765, 1778, 1783, 1808, 1815, 1824, 1832, 1839, 1851, 1857, 1866, 1871, 1882, 1895, 1898, 1910, 1915, 1919, 1934, 1938, 1943, 1946, 1947, 1948, 1957, 1960, 1973, 1980, 1982, 1983, 1995, 1997, 2004, 2006, 2012, 2014, 2016, 2020, 2022, 2033, 2054, 2060, 2062, 2067, 2070, 2075, 2093, 2108, 2116, 2123, 2135, 2143, 2147, 2170, 2188, 2196, 2243, 2247, 2252, 2254, 2257, 2258, 2266, 2277, 2279, 2286, 2292, 2296, 2297, 2310, 2314, 2315, 2317, 2329, 2332, 2343, 2353, 2357, 2359, 2362, 2373, 2396, 2402, 2411, 2416, 2420, 2422, 2429, 2433, 2441, 2443, 2446, 2448, 2456, 2461, 2466, 2475, 2490, 2493, 2498, 2512, 2516, 2519, 2541, 2550, 2559, 2576, 2601, 2604, 2614, 2667, 2679, 2682]!Vessel: FarStar
] 

minF : 1
maxF : 6
Nf : [
!f : 1, 2, 3, 4, 5, 6
[10], [5, 6], [], [11, 12], [2, 3, 4, 7], [1, 8, 9]
]

! Parameters
VoyageCost: [37970, 39085, 64838, 53931, 37570, 47265, 44429, 45544, 73722, 62814, 42817, 43726, 43120, 46453, 44696, 43120, 53725, 43120, 73722, 62814, 40394, 38879, 38273, 44029, 39848, 38273, 53725, 74837, 63929, 43932, 42418, 44235, 47568, 45811, 44235, 54840, 72716, 73019, 72413, 75746, 73988, 72413, 73322, 62111, 64838, 63929, 62414, 72110, 61202, 39691, 41509, 44841, 43084, 41509, 52113, 37570, 43326, 41569, 39994, 53022, 61505, 45144, 36964, 52416, 46720, 45144, 55749, 65505, 38539, 33692, 56415, 54840, 50186, 51156, 49580, 49580, 81296, 70389, 50392, 48877, 50695, 54028, 52271, 50695, 61299, 81599, 49277, 48574, 48877, 49580, 49847, 48271, 52913, 52210, 60184, 79781, 68874, 58573, 59482, 58876, 62208, 80181, 69274, 78872, 67965, 47968, 46453, 48271, 51604, 49847, 48271, 58876, 81599, 78569, 67662, 46150, 51301, 58573, 79478, 68571, 44029, 59482, 78872, 67965, 44999, 58876, 82205, 71298, 62208, 79781, 68874, 82714, 47568, 50962, 49386, 80896, 69989, 59688, 59991, 63323, 78569, 78872, 80448, 80448, 78169, 79987, 83320, 79987, 79987, 80896, 83623, 81199, 77867, 83017, 79684, 78169, 80593, 77564, 83320, 83320, 81563, 78169, 78472, 82472, 80896, 67662, 67965, 69541, 67965, 69541, 67965, 67262, 72413, 70656, 69080, 80290, 66959, 70353, 68777, 67262, 69686, 68232, 66656, 73988, 72413, 73079, 67262, 67565, 71564, 69989, 47968, 51301, 49544, 47968, 45544, 47120, 79684, 68777, 47265, 52416, 50659, 49083, 68777, 72110, 44841, 50598, 47265, 46659, 52416, 53991, 52416, 50659, 57870, 57264, 60597, 59688, 79478, 68571, 50453, 48877, 45605, 44029, 50901, 49144, 47568, 58173, 44296, 42721, 58173, 81502, 70595, 61505, 49144, 79078, 68171, 62172, 60597, 51604, 49180, 69080, 49083, 52719, 80290, 72413, 79684, 48477, 60899, 82205, 71298, 53179, 51604, 50756, 49180, 54294, 52719, 49786, 52477, 50901, 51871, 50295, 54294, 81805, 70898, 64899, 63323, 49847, 60451, 44999, 60451, 81563, 50962, 81866, 81260, 82169, 84896, 71261, 48841, 79139, 48235, 43690, 63990, 61263, 78872, 78872, 45544, 43423, 59991, 57567, 58876, 58876, 61566, 59142, 55337, 55337, 54731, 56306, 54731, 89174, 54028, 57421, 55846, 76449, 66147, 66450, 69783, 55034, 54428, 56003, 54428, 53725, 55337, 55603, 56306, 54731, 58670, 58064, 59639, 58064, 57361, 65941, 65335, 66911, 65335, 65335, 64632, 68026, 66450, 87659, 65032, 64329, 64632, 65602, 64026, 68668, 67965, 88059, 86241, 75334, 85332, 74425, 54428, 58064, 86750, 86144, 89780, 75237, 78872, 53725, 58876, 51604, 57361, 84932, 74025, 63723, 64632, 64026, 67359, 74122, 57761, 86447, 89477, 78569, 51301, 73722, 64329, 63723, 67056, 85938, 75031, 84629, 73722, 87356, 84326, 73419, 84629, 73722, 50756, 64632, 87962, 77055, 67965, 85538, 74631, 85332, 74425, 86750, 84932, 74025, 67359, 88665, 77757, 88265, 77357, 87659, 65602, 64026, 54294, 52719, 88774, 66717, 65141, 85332, 86144, 84629, 86447, 89780, 88022, 86447, 85029, 84326, 86144, 89477, 86144, 84629, 85599, 84023, 87962, 85599, 84023, 84023, 85599, 84023, 85441, 90592, 87259, 83320, 89077, 85744, 85138, 90895, 90895, 86447, 87356, 86750, 90083, 88325, 86750, 88325, 86750, 87562, 86047, 91198, 87865, 85744, 87562, 90895, 87562, 86047, 88471, 85441, 90083, 89380, 91198, 91198, 86047, 86956, 86350, 89683, 88774, 83720, 85296, 83720, 83017, 88774, 85441, 84835, 90592, 90592, 84629, 83320, 87356, 88471, 84629, 85538, 88265, 86508, 84932, 86508, 84932, 87356, 85744, 84229, 86047, 89380, 87623, 86047, 84629, 83926, 85744, 89077, 87320, 85744, 84229, 85199, 83623, 87562, 89380, 90046, 74425, 75237, 75540, 77115, 76812, 74691, 73116, 77055, 78872, 77115, 74691, 73116, 77115, 73116, 74691, 73116, 76352, 72413, 76412, 74837, 74231, 81563, 72813, 74388, 72813, 72110, 74534, 72413, 78836, 76449, 81563, 74631, 77357, 74025, 74025, 74837, 75140, 76715, 75140, 76412, 74837, 74291, 72716, 76655, 78472, 75237, 78569, 54694, 57058, 58876, 60451, 58876, 57118, 73722, 63723, 67056, 52271, 50695, 54694, 55543, 58876, 57118, 55543, 53119, 54694, 53119, 76352, 79684, 52416, 58173, 56415, 54840, 54234, 59991, 61566, 59991, 58233, 64838, 68171, 75237, 74534, 77927, 75503, 73928, 77867, 79684, 81260, 79684, 74837, 78169, 52877, 49992, 56415, 56452, 58027, 56452, 55749, 59142, 57567, 61566, 68171, 65299, 63723, 65299, 63723, 63020, 66414, 64838, 63020, 63990, 62414, 66353, 69747, 68171, 68838, 87053, 58027, 53179, 73722, 53725, 57361, 55603, 54028, 53179, 51604, 78169, 60051, 58476, 56718, 73322, 63323, 66656, 67323, 65747, 77721, 73419, 55300, 53725, 73019, 67020, 65444, 73722, 51871, 73322, 66656, 58936, 57361, 89077, 70656, 69080, 66208, 64632, 66208, 64632, 64899, 69747, 89780, 78872, 84932, 74025, 67359, 56755, 54997, 53422, 87356, 76449, 59179, 87865, 79987, 87259, 68474, 89380, 78472, 56052, 86653, 75746, 78872, 60754, 59179, 89780, 58330, 56755, 60754, 55906, 54331, 58330, 58330, 56755, 59445, 57870, 61869, 78472, 80448, 79987, 77564, 57058, 54937, 56512, 54937, 59748, 58173, 55203, 60051, 59445, 68935, 67359, 68935, 67359, 70050, 68474, 67626, 66050, 72473, 56306, 54997, 75600, 86908, 76000, 65602, 56912, 86205, 75297, 50150, 88931, 78024, 75600, 57421, 54997, 89440, 88834, 92470, 89137, 56112, 87719, 88628, 91355, 88022, 88022, 87320, 89137, 90046, 92773, 87017, 92167, 88834, 89743, 86714, 90652, 92470, 88229, 90955, 76109, 79745, 77321, 86714, 75806, 55809, 87017, 86411, 90046, 79139, 84896, 73988, 51568, 80048, 68026, 68026, 78230, 89440, 77927, 75806, 55809, 79139, 69141, 90349, 66717, 75540, 76146, 73722, 51301, 78169, 86653, 75746, 53119, 54028, 49180, 53628, 63323, 64026, 60487, 60487, 61457, 59881, 60487, 60754, 59179, 95233, 73176, 71601, 60184, 61154, 59578, 60184, 60451, 63820, 64790, 63214, 65396, 62511, 71092, 72061, 70486, 71092, 70486, 72061, 70486, 69783, 70789, 70183, 71758, 70183, 69480, 72667, 71092, 71358, 69783, 74425, 73819, 75394, 73819, 73116, 81696, 92604, 60184, 65335, 63820, 91392, 80484, 70183, 73819, 96239, 94022, 97657, 91901, 97051, 95536, 80993, 86144, 84629, 81296, 58876, 74631, 58330, 56755, 62511, 69480, 69783, 70752, 69177, 73116, 92907, 63517, 91089, 80181, 73516, 95936, 97354, 95233, 84326, 58027, 92507, 69480, 70449, 68874, 72813, 81090, 80181, 92507, 79781, 79878, 79478, 80181, 92507, 79781, 73116, 94421, 83514, 94022, 83114, 71358, 69783, 91392, 80484, 89780, 78872, 89477, 78569, 93113, 82205, 83817, 74085, 72510, 91089, 90483, 92058, 90483, 91901, 93719, 97051, 93719, 89780, 95536, 92204, 93173, 91598, 97354, 97354, 90786, 90180, 91755, 90180, 89477, 95233, 91901, 91295, 97051, 97051, 91089, 91089, 92058, 90483, 93816, 95391, 93816, 93113, 90749, 89174, 91295, 92870, 91295, 90592, 96348, 93016, 92410, 98166, 91355, 89780, 90046, 88471, 96651, 94930, 96506, 94930, 94228, 96045, 93816, 93210, 94785, 93210, 93210, 94022, 92507, 94325, 97657, 95900, 94325, 92204, 94022, 97354, 94022, 92507, 94930, 93476, 91901, 96542, 95839, 97657, 97657, 93476, 91901, 91901, 93476, 91901, 93319, 95137, 98469, 95137, 91198, 96954, 93622, 93016, 98772, 98772, 92204, 91598, 93173, 91598, 90895, 96651, 93319, 92713, 98469, 98469, 94082, 92507, 92773, 91198, 95839, 95233, 96809, 95233, 94531, 96954, 96348, 94118, 92507, 93416, 92810, 96142, 94385, 92810, 93416, 92810, 94385, 92810, 92810, 93622, 92107, 93925, 97257, 95500, 93925, 91804, 93622, 96954, 95197, 93622, 92107, 96106, 94531, 93076, 91501, 96142, 95439, 97257, 98833, 97257, 90446, 88871, 91052, 89477, 88168, 96348, 94627, 94627, 93925, 95742, 91355, 89780, 92507, 94688, 93113, 91998, 92967, 91392, 90689, 90386, 90689, 93113, 90083, 94724, 94022, 95839, 92204, 92507, 95839, 94082, 92507, 92204, 90689, 90083, 95839, 91658, 90083, 91501, 93319, 96651, 94894, 93319, 89380, 95137, 93379, 91804, 92773, 91198, 96954, 98530, 96954, 95197, 92204, 95536, 93779, 92204, 90386, 89780, 95536, 91355, 89780, 89077, 94834, 93076, 91501, 92470, 90895, 96651, 98227, 96651, 94894, 90689, 90689, 91658, 90083, 92773, 93416, 94991, 93416, 92713, 95137, 94531, 79575, 79575, 82811, 84387, 82811, 82266, 80690, 84690, 79272, 84387, 82908, 84484, 82908, 84629, 79842, 82266, 78872, 79139, 83987, 79539, 81963, 83684, 81563, 81599, 82205, 82060, 80484, 79781, 84932, 81599, 79478, 84629, 79781, 82205, 79175, 84932, 86508, 84932, 79175, 79175, 83987, 82411, 80896, 81866, 84290, 78872, 83987, 81866, 84084, 82508, 84229, 59578, 80993, 86144, 80387, 85029, 84326, 86144, 87719, 86144, 62269, 62911, 64487, 62911, 64632, 66450, 68026, 66450, 62208, 65602, 64026, 68026, 74631, 69480, 71298, 74631, 72873, 71298, 81296, 70449, 68874, 72813, 76206, 74631, 59845, 62269, 60693, 64693, 81296, 59845, 58270, 62269, 83078, 81502, 85441, 87259, 87259, 82411, 85744, 60451, 58876, 59142, 57567, 63990, 64026, 65602, 64026, 63323, 66717, 65141, 69141, 75746, 71564, 69989, 73928, 77321, 75746, 80387, 81963, 80387, 79684, 82108, 85502, 83078, 83720, 85296, 83720, 83017, 87017, 85441, 84835, 82872, 81296, 80593, 79987, 84629, 83926, 85744, 87320, 85744, 60451, 62875, 61299, 59142, 63178, 61602, 65602, 62475, 66717, 74897, 73322, 72873, 72873, 68874, 70449, 68874, 68171, 72170, 70595, 73988, 71055, 69480, 69747, 68171, 71564, 72207, 73782, 72207, 71504, 73928, 77321, 66511, 64935, 63178, 73116, 60754, 82872, 81296, 87320, 85744, 62511, 67626, 71358, 69783, 71358, 69783, 70050, 68474, 75806, 74231, 74897, 85296, 62875, 82569, 80993, 71055, 69480, 74594, 66511, 83114, 95536, 74691, 73116, 74691, 73116, 73382, 71807, 73782, 73782, 86447, 74934, 79575, 59578, 63214, 84023, 79175, 72510, 79272, 78872, 82508, 81599, 86047, 98166, 95839, 78872, 58876, 62511, 83320, 78472, 71807, 78569, 78169, 82205, 81805, 64790, 63214, 65905, 64329, 68329, 94930, 85332, 84629, 88022, 86447, 85599, 84023, 65905, 76509, 74934, 74085, 72510, 63481, 63481, 61905, 65905, 85138, 62778, 61202, 67020, 75200, 73625, 88022, 85599, 84023, 84932, 84229, 87623, 86047, 64632, 61663, 60087, 64087, 66208, 64632, 62208, 63784, 62208, 67323, 65747, 67323, 62778, 76509, 76509, 74085, 72510, 77624, 85199, 83623, 75200, 61457, 61457, 83575, 86205, 83781, 61154, 64790, 72061, 81151, 61154, 80751, 80848, 80448, 92664, 81757, 61760, 62063, 62063, 62063, 80448, 64087, 80145, 83781, 92264, 81357, 81151, 80751, 62572, 83175, 60148, 95294, 98930, 95597, 96712, 100348, 94591, 96409, 94288, 98227, 100045, 83684, 88834, 83381, 59445, 73176, 71867, 94482, 93779, 93476, 98627, 95294, 96203, 93173, 97112, 98930, 93173, 93173, 94894, 95597, 96506, 99233, 95900, 95900, 95197, 97015, 94894, 100045, 96712, 97621, 94591, 98530, 100348, 92870, 97924, 94591, 93985, 99742, 93779, 92470, 96506, 98227, 97621, 94688, 97415, 94082, 94082, 95803, 96712, 98530, 82472, 82169, 75503, 85805, 78230, 91658, 80751, 94082, 83175, 93985, 97621, 94591, 92870, 96506, 94288, 97924, 97318, 96106, 81963, 82266, 82266, 86714, 86411, 86714, 81563, 91355, 80448, 64087, 60754, 80448, 55906, 89743, 78836, 93379, 82472, 90955, 80048, 70752, 70752, 83175, 73176, 82872, 85599, 83175, 89137, 97924, 88834, 87320, 84896, 63384, 87623, 80181, 63820, 78569, 79781, 80593, 78266, 77963, 80290, 89780, 78872, 58876, 78872, 56452, 77564, 77261, 60899, 91804, 80896, 89380, 78472, 72473, 67214, 65638, 66911, 65335, 70546, 68971, 77818, 76243, 77212, 75637, 77818, 76243, 76509, 74934, 75940, 76909, 75334, 77515, 74631, 79575, 80545, 78969, 79575, 79842, 87453, 92604, 87756, 91392, 100481, 103511, 65335, 71092, 81090, 68971, 75940, 79575, 98360, 101996, 104117, 99778, 104929, 103414, 100081, 103717, 97051, 102808, 100687, 86144, 91901, 89780, 87053, 92204, 103111, 65602, 80387, 69238, 67662, 74631, 74934, 78266, 91089, 68668, 79272, 101693, 103814, 103111, 103414, 100384, 89477, 74631, 77963, 97148, 86241, 97960, 101596, 85938, 101293, 97148, 86241, 89574, 79842, 85332, 97657, 84932, 85029, 97354, 84629, 88665, 88265, 96239, 97209, 95633, 97754, 97754, 97051, 102808, 99475, 98869, 104626, 97815, 96239, 96506, 94930, 103111, 101390, 102966, 101390, 100687, 102505, 95936, 95330, 95936, 96203, 94627, 102808, 101087, 101087, 100384, 102202, 97815, 96239, 99572, 100542, 98966, 101148, 99572, 98263, 96506, 94930, 96445, 97051, 95742, 103923, 102202, 102202, 101499, 103317, 102263, 100687, 101657, 100081, 100954, 99378, 98966, 99936, 98360, 98966, 98360, 99936, 98360, 99778, 101596, 104929, 101596, 97657, 103414, 100081, 101051, 99475, 105232, 105232, 98663, 98057, 98057, 97354, 103111, 99778, 99172, 104929, 104929, 100542, 98966, 99233, 97657, 102299, 101693, 103269, 101693, 100990, 103414, 102808, 99233, 97657, 98627, 97051, 99172, 99172, 98469, 104226, 100893, 100287, 106044, 106044, 99233, 97657, 97924, 96348, 104529, 102808, 104384, 102808, 102105, 103923, 96748, 97354, 96045, 104226, 102505, 102505, 101802, 103620, 100990, 101960, 100384, 102566, 100990, 101257, 99681, 99875, 99269, 100845, 99269, 99269, 100081, 98566, 100384, 103717, 101960, 100384, 98966, 98263, 100081, 103414, 100081, 98566, 102566, 100990, 99536, 97960, 102602, 101899, 103717, 105292, 103717, 101960, 98566, 99536, 97960, 101960, 98566, 97960, 99536, 97960, 99378, 101196, 104529, 101196, 97257, 103014, 101257, 99681, 100651, 99075, 104832, 104832, 103075, 98263, 97657, 97657, 96954, 102711, 99378, 98772, 104529, 104529, 100142, 98566, 98833, 97257, 100651, 101899, 101293, 102869, 101293, 100590, 104590, 103014, 102408, 94627, 100384, 99778, 99075, 98263, 98118, 96542, 96542, 98118, 96542, 95839, 98263, 96845, 96239, 96239, 95536, 97960, 98724, 97148, 97415, 95839, 100481, 99875, 101451, 99875, 99172, 101596, 98663, 97960, 99778, 103111, 99778, 99233, 97657, 102299, 101596, 103414, 104989, 103414, 101657, 95839, 96809, 95233, 99233, 97354, 97354, 96651, 102408, 99075, 98469, 104226, 97415, 95839, 96106, 94531, 104287, 102711, 100954, 100348, 100990, 102566, 100990, 100287, 102105, 98930, 97354, 101996, 101293, 103111, 103111, 95536, 96506, 94930, 95536, 95803, 94228, 102408, 100687, 100687, 99984, 101802, 99233, 97415, 95839, 99172, 100142, 98566, 100748, 99172, 97863, 84726, 87962, 85332, 84023, 84423, 85029, 85332, 89634, 88059, 86714, 86411, 91355, 87356, 90046, 85635, 87210, 85635, 87053, 84932, 90689, 88931, 87356, 86750, 85332, 85332, 84629, 90386, 87053, 84932, 87210, 85635, 90543, 88968, 90083, 84932, 84326, 84932, 83623, 90046, 89440, 84023, 84629, 88931, 91658, 93379, 64729, 65602, 64026, 86847, 86847, 86144, 91901, 88568, 93719, 93719, 90786, 90180, 90180, 89477, 91901, 91295, 68062, 70486, 70486, 69783, 71601, 82205, 68668, 68935, 67359, 80387, 82205, 81357, 79781, 75334, 75334, 74631, 77055, 78024, 76449, 88022, 86447, 78024, 78666, 78666, 77963, 80387, 88871, 92204, 91295, 91295, 90592, 93016, 92410, 88871, 89137, 87562, 91501, 93319, 93319, 66717, 69177, 68474, 82472, 80896, 79139, 79781, 79781, 79078, 85538, 86144, 84835, 88871, 89477, 88168, 90446, 86447, 86447, 85744, 88168, 92204, 92204, 90386, 89780, 89780, 89077, 91501, 90895, 70050, 82472, 75600, 74025, 74631, 74897, 73322, 77321, 78933, 77357, 76655, 65335, 70546, 68971, 74085, 82266, 80690, 90446, 93779, 92204, 91355, 89780, 71661, 78933, 77624, 79842, 78266, 78630, 92264, 90689, 82266, 82266, 80957, 90483, 78969, 90083, 88968, 92507, 104626, 104226, 89780, 78266, 89380, 88265, 69940, 68365, 72364, 91598, 69238, 67662, 73479, 81660, 80084, 91089, 92058, 90483, 80545, 78969, 84084, 81660, 71055, 94082, 92507, 92773, 91198, 70353, 82775, 90749, 89174, 93173, 90046, 88471, 90689, 91658, 90083, 93379, 91804, 95197, 72207, 67359, 69783, 69783, 81502, 79236, 77660, 81660, 78533, 76958, 66608, 88725, 89331, 92058, 93779, 89634, 88628, 66305, 69940, 77212, 80545, 87816, 81151, 86908, 67214, 86508, 76509, 78933, 86205, 76206, 90240, 70546, 89840, 77818, 78327, 100748, 104687, 106504, 106807, 103475, 102166, 106104, 107922, 106407, 104081, 105801, 105196, 90749, 99633, 99633, 101354, 100239, 98930, 102966, 104687, 104081, 98930, 98324, 98930, 97621, 102360, 101657, 104081, 101051, 104989, 106807, 101051, 101051, 102772, 101657, 100348, 104384, 106104, 105499, 97318, 101657, 102263, 100954, 100542, 99839, 102263, 99233, 103172, 104989, 99839, 98530, 102566, 104287, 91355, 83381, 102566, 86302, 85902, 85999, 85599, 89234, 88325, 104081, 100045, 103681, 100748, 104384, 105499, 100348, 103984, 88725, 89537, 89537, 93173, 89840, 87417, 94288, 87114, 93173, 90749, 91658, 88325, 88325, 92470, 89137, 103378, 67214, 86508, 76206, 86908, 85599, 85296, 99839, 88931, 86508, 85599, 65905, 63481, 85199, 88022, 88022, 85296, 65602, 63178, 86411, 97621, 89743, 84896, 78230, 99839, 88931, 69238, 66814, 99439, 88531, 76509, 76509, 77212, 75903, 75600, 79236, 94082, 88325, 88022, 106104, 95597, 94894, 103681, 106407, 89743, 100045, 103681, 92773, 87623, 86241, 75940, 76243, 77963, 88665, 88265, 78266, 100990, 87659, 78266, 84023, 64026, 83720, 83720, 83320, 87356, 86956, 82969, 81393, 81090, 92604, 93513, 97148, 70486, 86847, 75697, 74122, 103511, 107147, 109874, 104929, 108565, 106541, 110177, 105838, 109474, 102202, 107959, 105838, 91295, 97051, 96506, 94930, 98663, 92204, 97960, 85538, 79781, 83417, 96845, 73819, 106844, 108262, 109874, 109171, 105535, 94627, 83114, 104420, 108056, 107753, 76243, 81090, 103111, 106747, 96239, 101996, 106444, 95936, 94724, 102966, 101390, 102905, 102202, 108662, 107959, 109777, 107147, 106541, 107413, 105838, 101087, 106238, 105535, 106298, 104723, 106650, 105692, 104117, 104117, 105086, 103511, 105632, 104929, 106747, 112503, 104117, 104384, 102808, 110989, 109268, 109268, 108565, 110383, 103814, 103208, 102505, 108965, 108262, 110080, 107450, 108419, 106844, 107450, 107716, 106141, 104384, 102808, 104323, 103620, 110080, 109377, 111195, 108565, 107959, 107256, 102505, 107656, 106953, 107716, 106141, 105026, 105995, 104420, 108419, 105026, 104420, 104420, 105838, 107656, 107656, 103717, 109474, 107716, 106141, 107110, 105535, 111292, 111292, 104723, 104117, 104117, 103414, 109171, 105838, 105232, 110989, 110989, 106601, 105026, 105292, 103717, 108359, 107753, 107753, 107050, 111049, 109474, 108868, 105292, 103717, 103717, 104687, 103111, 105232, 105232, 104529, 110286, 106953, 106347, 112104, 103717, 103984, 102408, 110589, 108868, 108868, 108165, 109983, 103414, 102808, 103414, 102105, 110286, 108565, 107862, 109680, 107716, 106407, 107050, 108019, 106444, 107050, 107316, 105741, 103875, 102299, 102299, 103269, 101693, 102299, 102566, 100990, 101390, 101996, 100687, 105632, 106601, 105026, 105632, 105898, 104323, 103814, 103814, 103111, 108868, 105535, 104929, 107450, 107450, 106747, 109171, 108565, 102566, 100990, 104384, 102505, 103111, 101802, 108262, 107559, 109377, 103681, 106747, 107716, 106141, 107013, 105438, 107147, 107147, 106444, 108868, 108262, 100687, 106444, 105838, 105135, 104989, 105898, 104323, 92058, 90483, 90180, 95391, 93816, 91392, 92361, 90786, 92907, 92967, 91392, 91658, 90083, 98263, 96542, 91089, 90483, 91089, 89780, 96239, 92967, 91392, 94118, 94724, 93416, 91658, 90083, 94082, 92773, 89780, 93416, 91998, 92604, 91295, 97754, 97051, 98869, 95330, 94627, 75637, 99778, 74934, 87356, 86241, 86241, 85538, 87962, 80484, 81090, 79781, 84423, 83817, 84423, 83114, 94022, 97960, 99778, 96445, 95742, 97354, 97354, 96651, 99075, 98469, 84932, 85538, 84229, 91598, 92204, 90895, 97354, 95536, 94930, 95536, 94228, 94627, 84726, 84726, 92907, 96542, 95839, 96239, 110686, 92204, 95839, 95536, 76812, 97209, 95633, 96239, 96506, 94930, 85696, 84120, 84993, 83417, 99233, 97657, 97621, 96809, 95233, 95839, 96106, 94531, 74934, 97960, 86811, 96506, 95391, 82969, 94785, 93476, 96300, 86302, 86302, 107716, 95900, 99839, 108625, 108225, 105389, 104081, 107413, 104081, 107510, 106807, 111958, 106807, 105499, 108831, 107413, 105692, 107413, 106298, 104989, 107013, 96506, 99839, 95694, 110140, 106807, 111255, 110443, 107110, 107110, 111558, 111558, 93876, 94482, 97209, 100748, 93173, 96506, 94785, 94082, 96809, 72364, 75697, 82969, 94991, 93173, 81660, 94082, 94991, 74388, 84993, 84993, 84993, 86108, 81660, 82363, 85696, 97415, 110140, 108831, 89234, 100348, 110140, 99233, 96106, 84726, 112297, 115024, 113715, 114624, 97354, 113206, 109268, 113715, 112600, 110177, 110177, 109571, 110177, 108868, 114624, 109874, 108565, 113509, 112903, 113509, 112200, 108868, 113315, 112200, 107450, 107147, 110783, 112600, 113206, 111897, 111897, 96542, 97354, 102299, 101693, 100990, 96239, 99875, 86241, 98663, 102299, 101996, 101390, 89877, 100990, 100687]
VoyageDuration: [2, 2, 2, 2, 2, 2, 2, 2, 2, 2, 2, 2, 2, 2, 2, 2, 2, 2, 2, 2, 2, 2, 2, 2, 2, 2, 2, 2, 2, 2, 2, 2, 2, 2, 2, 2, 2, 2, 2, 2, 2, 2, 2, 2, 2, 2, 2, 2, 2, 2, 2, 2, 2, 2, 2, 2, 2, 2, 2, 2, 2, 2, 2, 2, 2, 2, 2, 2, 2, 2, 2, 2, 2, 2, 2, 2, 3, 2, 2, 2, 2, 2, 2, 2, 2, 3, 2, 2, 2, 2, 2, 2, 2, 2, 2, 2, 2, 2, 2, 2, 2, 2, 2, 2, 2, 2, 2, 2, 2, 2, 2, 2, 3, 2, 2, 2, 2, 2, 2, 2, 2, 2, 2, 2, 2, 2, 3, 2, 2, 2, 2, 3, 2, 2, 2, 2, 2, 2, 2, 2, 2, 2, 3, 3, 2, 2, 3, 2, 2, 2, 3, 2, 2, 3, 2, 2, 2, 2, 3, 3, 3, 2, 2, 3, 2, 2, 2, 2, 2, 2, 2, 2, 2, 2, 2, 3, 2, 2, 2, 2, 2, 2, 2, 2, 2, 2, 2, 2, 2, 2, 2, 2, 2, 2, 2, 2, 2, 2, 2, 2, 2, 2, 2, 2, 2, 2, 2, 2, 2, 2, 2, 2, 2, 2, 2, 2, 2, 2, 2, 2, 2, 2, 2, 2, 2, 2, 2, 2, 2, 3, 2, 2, 2, 2, 2, 2, 2, 2, 2, 2, 2, 2, 2, 2, 2, 2, 2, 3, 2, 2, 2, 2, 2, 2, 2, 2, 2, 2, 2, 2, 2, 3, 2, 2, 2, 2, 2, 2, 2, 3, 2, 3, 3, 3, 3, 2, 2, 2, 2, 2, 2, 2, 2, 2, 2, 2, 2, 2, 2, 2, 2, 2, 2, 2, 2, 2, 2, 3, 2, 2, 2, 2, 2, 2, 2, 2, 2, 2, 2, 2, 2, 2, 2, 2, 2, 2, 2, 2, 2, 2, 2, 2, 2, 2, 2, 2, 2, 3, 2, 2, 2, 2, 2, 2, 2, 3, 3, 2, 3, 2, 2, 2, 3, 3, 3, 2, 3, 2, 2, 2, 2, 3, 2, 2, 2, 2, 2, 2, 2, 3, 3, 3, 2, 2, 2, 2, 2, 3, 2, 3, 2, 3, 3, 2, 3, 2, 2, 2, 3, 3, 2, 3, 2, 3, 2, 3, 3, 2, 2, 3, 3, 3, 3, 3, 2, 2, 2, 2, 3, 2, 2, 3, 3, 3, 3, 3, 3, 3, 3, 3, 3, 3, 3, 3, 3, 3, 3, 3, 3, 3, 3, 3, 3, 3, 3, 3, 3, 3, 3, 3, 3, 3, 3, 3, 3, 3, 3, 3, 3, 3, 3, 3, 3, 3, 3, 3, 3, 3, 3, 3, 3, 3, 3, 3, 3, 3, 3, 3, 3, 3, 3, 3, 3, 3, 3, 3, 3, 3, 3, 3, 3, 3, 3, 3, 3, 3, 3, 3, 3, 3, 3, 3, 3, 3, 3, 3, 3, 3, 3, 3, 3, 3, 3, 3, 3, 3, 3, 3, 2, 2, 2, 3, 3, 2, 2, 3, 3, 3, 2, 2, 3, 2, 2, 2, 2, 2, 3, 2, 2, 3, 2, 2, 2, 2, 2, 2, 3, 3, 3, 2, 3, 2, 2, 2, 2, 3, 2, 3, 2, 2, 2, 3, 3, 2, 3, 2, 2, 2, 2, 2, 2, 2, 2, 2, 2, 2, 2, 2, 2, 2, 2, 2, 2, 2, 2, 3, 2, 2, 2, 2, 2, 2, 2, 2, 2, 2, 2, 2, 2, 3, 2, 2, 3, 3, 3, 3, 2, 3, 2, 2, 2, 2, 2, 2, 2, 2, 2, 2, 2, 2, 2, 2, 2, 2, 2, 2, 2, 2, 2, 2, 2, 2, 2, 3, 2, 2, 2, 2, 2, 2, 2, 2, 2, 3, 2, 2, 2, 2, 2, 2, 2, 2, 3, 2, 2, 2, 2, 2, 2, 2, 2, 2, 2, 2, 2, 3, 2, 2, 2, 2, 2, 2, 2, 2, 3, 3, 3, 2, 2, 2, 2, 2, 3, 3, 2, 3, 3, 3, 2, 3, 3, 2, 3, 2, 3, 2, 2, 3, 2, 2, 2, 2, 2, 2, 2, 2, 2, 2, 2, 3, 3, 3, 3, 2, 2, 2, 2, 2, 2, 2, 2, 2, 2, 2, 2, 2, 2, 2, 2, 2, 2, 2, 2, 2, 3, 2, 2, 2, 3, 2, 2, 3, 3, 2, 2, 2, 3, 3, 3, 3, 2, 3, 3, 3, 3, 3, 3, 3, 3, 3, 3, 3, 3, 3, 3, 3, 3, 3, 3, 2, 3, 2, 3, 2, 2, 3, 3, 3, 3, 3, 2, 2, 3, 2, 2, 3, 3, 3, 2, 2, 3, 2, 3, 2, 2, 2, 2, 2, 3, 3, 2, 2, 2, 2, 2, 2, 2, 2, 2, 2, 2, 2, 2, 2, 3, 2, 2, 2, 2, 2, 2, 2, 2, 2, 2, 2, 2, 2, 2, 2, 2, 2, 2, 2, 2, 2, 2, 2, 2, 2, 2, 2, 2, 2, 3, 2, 3, 3, 2, 3, 3, 2, 2, 2, 3, 3, 2, 3, 3, 3, 3, 3, 3, 3, 3, 3, 3, 3, 2, 3, 2, 2, 2, 2, 2, 2, 2, 3, 3, 2, 3, 3, 3, 3, 3, 3, 3, 2, 3, 2, 2, 2, 3, 3, 3, 3, 3, 3, 3, 3, 3, 3, 2, 3, 3, 3, 3, 2, 2, 3, 3, 3, 3, 3, 3, 3, 3, 3, 3, 2, 3, 3, 3, 3, 3, 3, 3, 3, 3, 3, 3, 3, 3, 3, 3, 3, 3, 3, 3, 3, 3, 3, 3, 3, 3, 3, 3, 3, 3, 3, 3, 3, 3, 3, 3, 3, 3, 3, 3, 3, 3, 3, 3, 3, 3, 3, 3, 3, 3, 3, 3, 3, 3, 3, 3, 3, 3, 3, 3, 3, 3, 3, 3, 3, 3, 3, 3, 3, 3, 3, 3, 3, 3, 3, 3, 3, 3, 3, 3, 3, 3, 3, 3, 3, 3, 3, 3, 3, 3, 3, 3, 3, 3, 3, 3, 3, 3, 3, 3, 3, 3, 3, 3, 3, 3, 3, 3, 3, 3, 3, 3, 3, 3, 3, 3, 3, 3, 3, 3, 3, 3, 3, 3, 3, 3, 3, 3, 3, 3, 3, 3, 3, 3, 3, 3, 3, 3, 3, 3, 3, 3, 3, 3, 3, 3, 3, 3, 3, 3, 3, 3, 3, 3, 3, 3, 3, 3, 3, 3, 3, 3, 3, 3, 3, 3, 3, 3, 3, 3, 3, 3, 3, 3, 3, 3, 3, 3, 3, 3, 3, 3, 3, 3, 3, 3, 3, 3, 3, 3, 3, 3, 3, 3, 3, 3, 3, 3, 3, 3, 3, 3, 3, 3, 3, 3, 3, 3, 3, 3, 3, 3, 3, 3, 3, 3, 3, 3, 3, 3, 3, 3, 3, 3, 3, 3, 3, 3, 3, 3, 3, 3, 3, 3, 3, 3, 3, 3, 3, 3, 3, 3, 3, 3, 3, 3, 3, 3, 3, 3, 3, 3, 3, 3, 3, 3, 3, 3, 3, 3, 3, 3, 3, 3, 3, 3, 3, 3, 3, 3, 3, 3, 3, 3, 3, 3, 3, 3, 3, 2, 3, 3, 3, 3, 3, 3, 3, 3, 2, 2, 2, 2, 2, 2, 3, 2, 2, 2, 2, 3, 3, 2, 2, 3, 3, 2, 3, 2, 2, 3, 3, 3, 2, 2, 2, 2, 3, 2, 2, 2, 3, 3, 3, 3, 3, 3, 3, 2, 2, 2, 2, 2, 2, 2, 2, 2, 2, 2, 3, 3, 2, 2, 3, 3, 3, 3, 3, 3, 3, 3, 3, 3, 3, 3, 3, 3, 3, 3, 3, 3, 3, 3, 3, 3, 3, 3, 3, 3, 2, 2, 2, 2, 2, 2, 2, 2, 2, 3, 3, 3, 3, 2, 2, 2, 2, 2, 2, 3, 2, 2, 2, 2, 2, 2, 3, 3, 2, 3, 3, 2, 2, 2, 3, 2, 3, 3, 3, 3, 2, 2, 2, 2, 2, 2, 2, 2, 3, 3, 3, 3, 2, 3, 3, 2, 2, 3, 2, 3, 3, 3, 3, 3, 3, 3, 2, 2, 2, 3, 3, 3, 2, 2, 3, 3, 2, 3, 3, 3, 3, 3, 3, 3, 3, 2, 2, 3, 3, 2, 3, 3, 3, 3, 2, 2, 2, 2, 3, 3, 3, 3, 3, 3, 3, 3, 2, 3, 3, 3, 2, 2, 2, 2, 2, 3, 2, 2, 2, 3, 3, 3, 3, 3, 3, 3, 3, 3, 2, 2, 2, 2, 2, 2, 2, 2, 2, 2, 2, 2, 2, 3, 3, 3, 3, 3, 3, 3, 3, 2, 2, 3, 3, 3, 2, 2, 2, 3, 2, 3, 3, 3, 3, 3, 2, 2, 2, 2, 3, 2, 3, 3, 3, 3, 3, 3, 2, 3, 2, 3, 3, 3, 3, 3, 3, 3, 3, 3, 3, 3, 3, 3, 2, 3, 2, 3, 3, 3, 3, 3, 3, 3, 3, 3, 3, 3, 3, 3, 3, 3, 3, 3, 3, 3, 3, 3, 3, 3, 3, 3, 3, 3, 3, 3, 3, 3, 3, 3, 3, 3, 3, 3, 3, 3, 3, 3, 3, 3, 3, 3, 3, 3, 3, 3, 3, 3, 3, 3, 3, 3, 3, 3, 3, 3, 3, 3, 3, 3, 3, 3, 3, 3, 3, 3, 3, 2, 2, 3, 2, 3, 3, 3, 3, 3, 3, 2, 2, 3, 3, 3, 3, 3, 3, 3, 3, 3, 3, 2, 3, 3, 2, 3, 3, 3, 3, 3, 3, 3, 3, 2, 3, 2, 3, 3, 2, 3, 3, 3, 3, 2, 2, 2, 2, 2, 3, 2, 3, 3, 3, 3, 3, 3, 3, 3, 3, 3, 3, 3, 3, 3, 3, 3, 3, 3, 3, 3, 3, 3, 3, 3, 2, 3, 3, 2, 3, 3, 3, 3, 3, 3, 3, 3, 3, 3, 3, 3, 3, 3, 3, 3, 3, 3, 3, 2, 3, 3, 2, 3, 3, 3, 3, 2, 3, 3, 3, 3, 3, 3, 3, 3, 3, 3, 3, 3, 3, 3, 3, 3, 3, 3, 3, 3, 3, 3, 3, 3, 3, 3, 3, 3, 3, 3, 3, 3, 3, 3, 3, 3, 3, 3, 3, 3, 3, 3, 3, 3, 3, 3, 3, 3, 3, 3, 3, 3, 3, 3, 3, 3, 3, 3, 3, 3, 3, 3, 3, 3, 3, 3, 3, 3, 3, 3, 3, 3, 3, 3, 3, 3, 3, 3, 3, 3, 3, 3, 3, 3, 3, 3, 3, 3, 3, 3, 3, 3, 3, 3, 3, 3, 3, 3, 3, 3, 3, 3, 3, 3, 3, 3, 3, 3, 3, 3, 3, 3, 3, 3, 3, 3, 3, 3, 3, 3, 3, 3, 3, 3, 3, 3, 3, 3, 3, 3, 3, 3, 3, 3, 3, 3, 3, 3, 3, 3, 3, 3, 3, 3, 3, 3, 3, 3, 3, 3, 3, 3, 3, 3, 3, 3, 3, 3, 3, 3, 3, 3, 3, 3, 3, 3, 3, 3, 3, 3, 3, 3, 3, 3, 3, 3, 3, 3, 3, 3, 3, 3, 3, 3, 3, 3, 3, 3, 3, 3, 3, 3, 3, 3, 3, 3, 3, 3, 3, 3, 3, 3, 3, 3, 3, 3, 3, 3, 3, 3, 3, 3, 3, 3, 3, 3, 3, 3, 3, 3, 3, 3, 3, 3, 3, 3, 3, 3, 3, 3, 3, 3, 3, 3, 3, 3, 3, 3, 3, 3, 3, 3, 3, 3, 3, 3, 3, 3, 3, 3, 3, 3, 3, 3, 3, 3, 3, 3, 3, 3, 3, 3, 3, 3, 3, 3, 3, 3, 3, 3, 3, 3, 3, 3, 3, 3, 3, 3, 3, 3, 3, 3, 3, 3, 3, 3, 3, 3, 3, 3, 3, 3, 3, 3, 3, 3, 3, 3, 3, 3, 3, 3, 3, 3, 3, 3, 3, 3, 3, 3, 3, 3, 3, 3, 3, 3, 3, 3, 3, 3, 3, 3, 3, 3, 3, 3, 3, 3, 3, 3, 3, 3, 3, 3, 3, 3, 3, 3, 3, 3, 3, 3, 3, 3, 3, 3, 3, 3, 3, 3, 3, 3, 3, 3, 3, 3, 3, 3, 3, 3, 3, 2, 2, 2, 3, 3, 3, 3, 3, 3, 3, 3, 3, 3, 3, 3, 3, 3, 3, 3, 3, 3, 3, 3, 3, 2, 3, 3, 3, 3, 3, 3, 3, 3, 3, 3, 3, 3, 3, 3, 3, 3, 3, 3, 3, 3, 3, 3, 3, 3, 3, 3, 3, 3, 3, 3, 2, 3, 3, 3, 3, 3, 3, 3, 3, 3, 3, 3, 3, 3, 3, 3, 3, 3, 3, 3, 3, 3, 3, 3, 3, 3, 3, 3, 3, 3, 3, 3, 3, 3, 3, 3, 3, 3, 3, 2, 3, 3, 3, 3, 3, 3, 3, 3, 3, 3, 3, 3, 3, 3, 3, 3, 3, 3, 3, 3, 3, 3, 3, 3, 3, 3, 3, 3, 3, 3, 3, 3, 3, 3, 3, 3, 3, 2, 3, 3, 3, 3, 3, 3, 3, 3, 3, 3, 3, 3, 3, 3, 3, 3, 3, 3, 3, 3, 3, 3, 3, 3, 3, 3, 3, 3, 3, 2, 3, 3, 3, 3, 3, 3, 3, 3, 2, 3, 3, 3, 3, 3, 3, 2, 3, 3, 3, 3, 3, 3, 2, 3, 3, 3, 3, 3, 3, 3, 3, 3, 3, 3, 3, 3, 3, 3, 3, 3, 3, 3, 3, 3, 3, 3, 3, 3, 3, 3, 3, 3, 3, 3, 3, 3, 3, 3, 3, 3, 3, 3, 3, 3, 3, 3, 3, 3, 3, 3, 3, 3, 3, 3, 3, 3, 3, 3, 3, 3, 3, 3, 3, 3, 3, 3, 3, 3, 3, 3, 3, 3, 3, 3, 3, 3, 3, 3, 3, 3, 3, 3, 3, 3, 3, 3, 3, 3, 3, 3, 3, 3, 3, 3, 3, 3, 3, 3, 3, 2, 3, 3, 3, 3, 3, 3, 3, 3, 3, 2, 2, 3, 3, 3, 3, 2, 2, 3, 3, 3, 3, 3, 3, 3, 3, 3, 3, 3, 3, 3, 3, 3, 3, 3, 3, 3, 3, 3, 3, 3, 3, 3, 3, 3, 3, 3, 3, 3, 3, 3, 3, 3, 3, 3, 3, 3, 3, 3, 2, 3, 3, 3, 3, 3, 3, 3, 3, 3, 3, 3, 3, 3, 3, 3, 3, 3, 3, 3, 3, 3, 3, 3, 3, 3, 3, 3, 3, 3, 3, 3, 3, 3, 3, 3, 3, 3, 3, 3, 3, 3, 3, 3, 3, 3, 3, 3, 3, 3, 3, 3, 3, 3, 3, 3, 3, 3, 3, 3, 3, 3, 3, 3, 3, 3, 3, 3, 3, 3, 3, 3, 3, 3, 3, 3, 3, 3, 3, 3, 3, 3, 3, 3, 3, 3, 3, 3, 3, 3, 3, 3, 3, 3, 3, 3, 3, 3, 3, 3, 3, 3, 3, 3, 3, 3, 3, 3, 3, 3, 3, 3, 3, 3, 3, 3, 3, 3, 3, 3, 3, 3, 3, 3, 3, 3, 3, 3, 3, 3, 3, 3, 3, 3, 3, 3, 3, 3, 3, 3, 3, 3, 3, 3, 3, 3, 3, 3, 3, 3, 3, 3, 3, 3, 3, 3, 3, 3, 3, 3, 3, 3, 3, 3, 3, 3, 3, 3, 3, 3, 3, 3, 3, 3, 3, 3, 3, 3, 3, 3, 3, 3, 3, 3, 3, 3, 3, 3, 3, 3, 3, 3, 3, 3, 3, 3, 3, 3, 3, 3, 3, 3, 3, 3, 3, 3, 3, 3, 3, 3, 3, 3, 3, 3, 3, 3, 3, 3, 3, 3, 3, 3, 3, 3, 3, 3, 3, 3, 3, 3, 3, 3, 3, 3, 3, 3, 3, 3, 3, 3, 3, 3, 3, 3, 3, 3, 3, 3, 3, 3, 3, 3, 3, 3, 3, 3, 3, 3, 3, 3, 3, 3, 3, 3, 3, 3, 3, 3, 3, 3, 3, 3, 3, 3, 3, 3, 3, 3, 3, 3, 3, 3, 3, 3, 3, 3, 3, 3, 3, 3, 3, 3, 3, 3, 3, 3, 3, 3, 3, 3, 3, 3, 3, 3, 3, 3, 3, 3, 3, 3, 3, 3, 3, 3, 3, 3, 3, 3, 3, 3, 3, 3, 3, 3, 3, 3, 3, 3, 3, 3, 3, 3, 3, 3, 3, 3, 3, 3, 3, 3, 3, 3, 3, 3, 3, 3, 3, 3, 3, 3, 3, 3, 3, 3, 3, 3, 3, 3, 3, 3, 3, 3, 3, 3, 3, 3, 3, 3, 3, 3, 3, 3, 3, 3, 3, 3, 3, 3, 3, 3, 3, 3, 3, 3, 3, 3, 3, 3, 3, 3, 3, 3, 3, 3, 3, 3, 3, 3, 3, 3, 3, 3, 3, 3, 3, 3, 3, 3, 3, 3, 3, 3, 3, 3, 3, 3, 3, 3, 3, 3, 3, 3, 3, 3, 3, 3, 3, 3, 3, 3, 3, 3, 3, 3, 3, 3, 3, 3, 3, 3, 3, 3, 3, 3, 3, 3, 3, 3, 3, 3, 3, 3, 3, 3, 3, 3, 3, 3, 3, 3, 3, 3, 3, 3, 3, 3, 3, 3, 3, 3, 3, 3, 3, 3, 3, 3]
TimeCharterCost: [120000, 125000, 130000, 110000, 104000]
RequiredVisits: [6, 5, 5, 5, 2, 2, 5, 6, 6, 1, 4, 4]
NumberOfDaysAvailable: [7, 7, 7, 7, 7]
DepotCapacity: [3, 3, 3, 3, 3, 3, 3]
