!Summary:
!Execution time: 3,43 seconds
!Total # voyages: 1171 (2785 unique)
!Number of installations (excluding depot): 12
!Number of time windows: 3
!Number of vessels: 5

!Min. # installations: 1
!Max. number of installations: 8
!Min. duration: 56
!Max. duration: 80

!Name: FarStar	 # voyages: 236
!Name: FarSymphony	 # voyages: 248
!Name: FarSearcher	 # voyages: 224
!Name: FarSeeker	 # voyages: 224
!Name: HavilaForesight	 # voyages: 239
!------------------------------------------------------------------------------------------------------------------------
nV : 5
nR : 2785
nN : 12
nT : 7
minL : 2
maxL : 3

! Sets: 
Rv : [
[799, 801, 875, 898, 923, 958, 959, 962, 1217, 1219, 1222, 1349, 1351, 1353, 1358, 1370, 1375, 1400, 1410, 1414, 1416, 1446, 1459, 1464, 1477, 1493, 1503, 1536, 1571, 1577, 1578, 1579, 1619, 1634, 1646, 1647, 1654, 1655, 1666, 1701, 1702, 1717, 1724, 1735, 1737, 1740, 1763, 1782, 1792, 1793, 1810, 1818, 1897, 1966, 2012, 2043, 2057, 2066, 2097, 2105, 2121, 2124, 2134, 2139, 2158, 2159, 2167, 2168, 2183, 2188, 2210, 2212, 2219, 2236, 2259, 2263, 2289, 2302, 2305, 2326, 2339, 2340, 2343, 2346, 2349, 2351, 2358, 2367, 2372, 2377, 2381, 2382, 2383, 2386, 2387, 2388, 2390, 2392, 2393, 2394, 2396, 2397, 2400, 2401, 2403, 2404, 2408, 2409, 2417, 2419, 2422, 2423, 2425, 2426, 2429, 2430, 2431, 2433, 2435, 2436, 2440, 2444, 2445, 2447, 2459, 2465, 2466, 2468, 2472, 2473, 2482, 2484, 2485, 2492, 2498, 2500, 2505, 2510, 2519, 2520, 2525, 2529, 2535, 2541, 2542, 2544, 2552, 2555, 2558, 2559, 2560, 2561, 2564, 2565, 2568, 2569, 2571, 2572, 2577, 2587, 2597, 2600, 2603, 2605, 2607, 2610, 2614, 2619, 2620, 2621, 2622, 2625, 2626, 2629, 2633, 2634, 2635, 2637, 2642, 2643, 2648, 2650, 2653, 2655, 2658, 2659, 2660, 2661, 2662, 2663, 2664, 2665, 2666, 2667, 2668, 2670, 2672, 2673, 2674, 2675, 2676, 2679, 2682, 2683, 2690, 2691, 2692, 2694, 2700, 2707, 2716, 2733, 2739, 2745, 2746, 2766, 2772, 2778, 2779, 2780, 2781, 2783, 2784, 2785]!Vessel: FarSeeker
[799, 801, 875, 898, 923, 958, 959, 962, 1217, 1219, 1222, 1349, 1351, 1353, 1358, 1370, 1375, 1400, 1410, 1414, 1416, 1446, 1459, 1464, 1477, 1493, 1503, 1536, 1571, 1577, 1578, 1579, 1619, 1634, 1646, 1647, 1654, 1655, 1666, 1701, 1702, 1717, 1724, 1735, 1737, 1740, 1763, 1782, 1792, 1793, 1810, 1818, 1897, 1966, 2012, 2043, 2057, 2066, 2097, 2105, 2121, 2124, 2134, 2139, 2158, 2159, 2167, 2168, 2183, 2188, 2210, 2212, 2219, 2236, 2259, 2263, 2289, 2302, 2305, 2326, 2339, 2340, 2343, 2346, 2349, 2351, 2358, 2367, 2372, 2377, 2381, 2382, 2383, 2386, 2387, 2388, 2390, 2392, 2393, 2394, 2396, 2397, 2400, 2401, 2403, 2404, 2408, 2409, 2417, 2419, 2422, 2423, 2425, 2426, 2429, 2430, 2431, 2433, 2435, 2436, 2440, 2444, 2445, 2447, 2459, 2465, 2466, 2468, 2472, 2473, 2482, 2484, 2485, 2492, 2498, 2500, 2505, 2510, 2519, 2520, 2525, 2529, 2535, 2541, 2542, 2544, 2552, 2555, 2558, 2559, 2560, 2561, 2564, 2565, 2568, 2569, 2571, 2572, 2577, 2587, 2597, 2600, 2603, 2605, 2607, 2610, 2614, 2619, 2620, 2621, 2622, 2625, 2626, 2629, 2633, 2634, 2635, 2637, 2642, 2643, 2648, 2650, 2653, 2655, 2658, 2659, 2660, 2661, 2662, 2663, 2664, 2665, 2666, 2667, 2668, 2670, 2672, 2673, 2674, 2675, 2676, 2679, 2682, 2683, 2690, 2691, 2692, 2694, 2700, 2707, 2716, 2733, 2739, 2745, 2746, 2766, 2772, 2778, 2779, 2780, 2781, 2783, 2784, 2785]!Vessel: FarSearcher
[395, 436, 663, 681, 682, 802, 820, 854, 862, 942, 946, 961, 1012, 1017, 1058, 1221, 1231, 1238, 1272, 1285, 1286, 1311, 1321, 1356, 1402, 1403, 1440, 1461, 1494, 1505, 1509, 1519, 1541, 1560, 1561, 1563, 1565, 1582, 1586, 1594, 1616, 1621, 1626, 1636, 1649, 1658, 1660, 1661, 1663, 1678, 1681, 1690, 1699, 1710, 1716, 1718, 1722, 1726, 1728, 1730, 1732, 1736, 1744, 1751, 1759, 1776, 1784, 1788, 1790, 1798, 1802, 1805, 1817, 1822, 1824, 1827, 1830, 1843, 1847, 1848, 1849, 1853, 1860, 1861, 1864, 1872, 1876, 1879, 1885, 1890, 1894, 1896, 1898, 1901, 1906, 1908, 1912, 1926, 1931, 1937, 1941, 1943, 1952, 1964, 1968, 1970, 1979, 1987, 1997, 2001, 2004, 2005, 2009, 2011, 2017, 2020, 2029, 2030, 2041, 2048, 2058, 2060, 2064, 2070, 2095, 2098, 2102, 2107, 2123, 2126, 2131, 2132, 2137, 2140, 2142, 2143, 2144, 2145, 2147, 2153, 2165, 2166, 2176, 2177, 2181, 2185, 2189, 2193, 2195, 2197, 2199, 2203, 2204, 2206, 2211, 2215, 2217, 2220, 2224, 2228, 2232, 2235, 2237, 2241, 2243, 2249, 2253, 2258, 2260, 2262, 2268, 2271, 2278, 2285, 2310, 2311, 2313, 2316, 2317, 2329, 2332, 2334, 2335, 2336, 2345, 2348, 2362, 2363, 2370, 2371, 2374, 2375, 2405, 2407, 2420, 2455, 2456, 2474, 2483, 2495, 2504, 2526, 2534, 2546, 2566, 2579, 2580, 2583, 2584, 2589, 2591, 2596, 2598, 2604, 2639, 2669, 2681, 2688, 2702, 2703, 2712, 2721, 2722, 2723, 2724, 2728, 2729, 2734, 2735, 2743, 2744, 2751, 2752, 2755, 2756, 2757, 2759, 2760, 2761, 2762, 2763, 2764, 2767, 2770, 2773, 2774, 2775, 2776]!Vessel: FarSymphony
[818, 821, 912, 913, 923, 958, 960, 965, 967, 1180, 1182, 1189, 1193, 1217, 1223, 1236, 1306, 1373, 1401, 1404, 1407, 1410, 1416, 1435, 1437, 1444, 1446, 1458, 1460, 1482, 1498, 1503, 1548, 1573, 1578, 1606, 1622, 1623, 1630, 1634, 1639, 1695, 1697, 1702, 1703, 1707, 1709, 1713, 1731, 1734, 1739, 1746, 1749, 1753, 1757, 1764, 1772, 1778, 1782, 1783, 1785, 1794, 1796, 1801, 1806, 1811, 1816, 1823, 1870, 1897, 1930, 1935, 1936, 1951, 1960, 1967, 1973, 1975, 1977, 1983, 1988, 1990, 1992, 2003, 2022, 2024, 2043, 2083, 2105, 2109, 2118, 2124, 2163, 2167, 2168, 2172, 2186, 2191, 2194, 2202, 2213, 2218, 2221, 2225, 2238, 2240, 2244, 2248, 2250, 2252, 2255, 2307, 2321, 2323, 2324, 2328, 2338, 2346, 2353, 2356, 2360, 2364, 2367, 2368, 2369, 2372, 2378, 2379, 2397, 2402, 2403, 2411, 2414, 2418, 2433, 2439, 2445, 2454, 2460, 2461, 2476, 2480, 2481, 2486, 2487, 2491, 2493, 2503, 2506, 2509, 2512, 2516, 2524, 2529, 2530, 2531, 2532, 2539, 2542, 2543, 2544, 2545, 2548, 2549, 2550, 2553, 2556, 2557, 2567, 2569, 2572, 2573, 2575, 2578, 2582, 2586, 2587, 2599, 2601, 2609, 2611, 2612, 2613, 2615, 2617, 2624, 2626, 2630, 2632, 2636, 2640, 2644, 2645, 2647, 2648, 2651, 2652, 2653, 2654, 2657, 2666, 2667, 2670, 2671, 2672, 2674, 2675, 2678, 2684, 2685, 2686, 2693, 2698, 2699, 2701, 2705, 2706, 2709, 2710, 2711, 2715, 2718, 2719, 2726, 2727, 2730, 2731, 2733, 2738, 2740, 2741, 2742, 2747, 2748, 2749, 2753, 2758, 2769, 2771]!Vessel: HavilaForesight
[323, 364, 391, 404, 537, 542, 560, 572, 706, 710, 720, 739, 748, 810, 816, 864, 878, 880, 888, 894, 905, 948, 978, 982, 987, 1002, 1006, 1009, 1020, 1023, 1027, 1036, 1039, 1041, 1044, 1052, 1056, 1061, 1065, 1068, 1075, 1146, 1156, 1168, 1175, 1176, 1185, 1196, 1198, 1199, 1202, 1206, 1211, 1213, 1220, 1246, 1248, 1252, 1256, 1330, 1338, 1341, 1343, 1350, 1352, 1354, 1360, 1371, 1382, 1405, 1412, 1413, 1415, 1421, 1423, 1445, 1447, 1448, 1450, 1463, 1466, 1467, 1468, 1472, 1473, 1483, 1487, 1490, 1495, 1533, 1535, 1537, 1540, 1545, 1547, 1564, 1566, 1568, 1572, 1589, 1592, 1614, 1620, 1624, 1632, 1638, 1651, 1662, 1671, 1673, 1674, 1679, 1680, 1682, 1685, 1686, 1712, 1733, 1767, 1770, 1804, 1836, 1840, 1851, 1859, 1866, 1878, 1884, 1891, 1899, 1913, 1921, 1923, 1939, 1953, 1954, 1955, 1962, 1993, 2002, 2008, 2016, 2026, 2031, 2035, 2044, 2045, 2049, 2052, 2053, 2059, 2063, 2065, 2067, 2068, 2072, 2074, 2076, 2084, 2089, 2092, 2100, 2115, 2122, 2130, 2135, 2155, 2161, 2173, 2182, 2184, 2190, 2200, 2207, 2214, 2222, 2226, 2229, 2231, 2242, 2251, 2257, 2261, 2272, 2273, 2275, 2276, 2279, 2281, 2291, 2294, 2295, 2296, 2297, 2300, 2301, 2309, 2315, 2318, 2327, 2341, 2342, 2347, 2352, 2354, 2380, 2389, 2391, 2398, 2399, 2406, 2412, 2415, 2416, 2421, 2424, 2432, 2434, 2441, 2450, 2457, 2462, 2470, 2488, 2494, 2497, 2517, 2527, 2533, 2547, 2562, 2563, 2585, 2602, 2606, 2677]!Vessel: FarStar
] 

Rvi : [
!i : 1, 2, 3, 4, 5, 6, 7, 8, 9, 10, 11, 12
[799, 801, 875, 958, 1349, 1351, 1353, 1358, 1446, 1459, 1571, 1577, 1578, 1579, 1619, 1666, 1701, 1702, 1717, 1724, 1763, 1782, 1966, 2043, 2097, 2105, 2121, 2124, 2167, 2210, 2212, 2263, 2326, 2339, 2340, 2358, 2367, 2372, 2377, 2381, 2382, 2383, 2386, 2387, 2388, 2390, 2392, 2393, 2396, 2397, 2400, 2401, 2403, 2404, 2408, 2409, 2417, 2419, 2422, 2440, 2444, 2445, 2447, 2459, 2465, 2466, 2468, 2472, 2473, 2519, 2520, 2525, 2529, 2535, 2558, 2559, 2560, 2561, 2564, 2568, 2569, 2571, 2572, 2577, 2600, 2603, 2605, 2607, 2610, 2614, 2620, 2621, 2622, 2634, 2642, 2643, 2648, 2650, 2653, 2655, 2658, 2659, 2661, 2667, 2668, 2670, 2672, 2676, 2679, 2682, 2692, 2700, 2707, 2745, 2746, 2766, 2772, 2778, 2779, 2780, 2783, 2784, 2785], [799, 875, 898, 923, 959, 1217, 1349, 1370, 1400, 1410, 1464, 1477, 1577, 1619, 1634, 1646, 1647, 1654, 1655, 1666, 1701, 1702, 1724, 1735, 1740, 1782, 1792, 1793, 1818, 1897, 2057, 2097, 2105, 2139, 2183, 2210, 2219, 2236, 2326, 2339, 2340, 2343, 2346, 2349, 2351, 2358, 2367, 2372, 2377, 2381, 2386, 2390, 2392, 2394, 2396, 2397, 2400, 2401, 2417, 2423, 2425, 2429, 2433, 2435, 2440, 2444, 2465, 2472, 2482, 2498, 2500, 2510, 2520, 2525, 2529, 2541, 2542, 2555, 2558, 2565, 2569, 2571, 2572, 2577, 2587, 2597, 2603, 2610, 2614, 2620, 2625, 2626, 2633, 2635, 2637, 2642, 2643, 2650, 2653, 2655, 2658, 2659, 2660, 2661, 2662, 2663, 2664, 2665, 2666, 2667, 2668, 2670, 2672, 2673, 2674, 2675, 2676, 2679, 2682, 2683, 2690, 2691, 2692, 2694, 2707, 2739, 2745, 2746, 2766, 2772, 2778, 2779, 2780, 2781], [799, 801, 898, 958, 959, 962, 1217, 1219, 1222, 1351, 1370, 1375, 1446, 1464, 1493, 1571, 1634, 1646, 1647, 1701, 1702, 1717, 1735, 1737, 1740, 1763, 1792, 1793, 1810, 2066, 2097, 2105, 2134, 2139, 2167, 2168, 2219, 2259, 2302, 2326, 2339, 2340, 2343, 2346, 2349, 2351, 2358, 2367, 2381, 2382, 2383, 2386, 2387, 2388, 2394, 2400, 2401, 2403, 2404, 2408, 2409, 2425, 2426, 2429, 2430, 2431, 2444, 2445, 2447, 2473, 2482, 2484, 2485, 2492, 2519, 2535, 2541, 2542, 2544, 2552, 2559, 2560, 2561, 2564, 2565, 2569, 2577, 2587, 2600, 2603, 2605, 2607, 2610, 2614, 2619, 2620, 2621, 2622, 2625, 2626, 2629, 2633, 2635, 2642, 2643, 2650, 2655, 2659, 2660, 2661, 2662, 2663, 2664, 2666, 2667, 2682, 2683, 2690, 2691, 2700, 2707, 2716, 2739, 2766, 2772, 2778, 2781, 2783], [801, 875, 898, 923, 1219, 1353, 1414, 1459, 1477, 1493, 1503, 1536, 1634, 1701, 1702, 1717, 1724, 1735, 1737, 1740, 1763, 1782, 1792, 1793, 1810, 1818, 1897, 1966, 2043, 2057, 2066, 2159, 2167, 2168, 2219, 2289, 2305, 2343, 2346, 2349, 2358, 2372, 2377, 2381, 2382, 2383, 2386, 2387, 2388, 2390, 2392, 2393, 2394, 2396, 2397, 2400, 2401, 2403, 2404, 2408, 2409, 2417, 2419, 2422, 2423, 2425, 2426, 2429, 2430, 2431, 2433, 2435, 2436, 2440, 2444, 2445, 2447, 2459, 2465, 2466, 2468, 2472, 2473, 2482, 2484, 2485, 2492, 2498, 2500, 2505, 2510, 2519, 2520, 2525, 2529, 2535, 2541, 2542, 2544, 2552, 2555, 2559, 2597, 2634, 2659, 2660, 2668, 2670, 2673, 2675, 2682, 2683, 2690, 2692, 2694, 2716, 2733, 2745, 2766, 2779, 2785], [958, 959, 962, 1577, 1578, 1579, 1634, 1654, 1655, 1763, 1782, 1792, 1793, 1810, 1818, 2012, 2105, 2139, 2168, 2326, 2346, 2349, 2351, 2396, 2397, 2400, 2401, 2403, 2404, 2408, 2409, 2417, 2419, 2422, 2423, 2425, 2426, 2429, 2430, 2431, 2433, 2435, 2436, 2440, 2444, 2445, 2447, 2459, 2465, 2466, 2468, 2472, 2473, 2482, 2484, 2485, 2492, 2498, 2500, 2505, 2558, 2561, 2564, 2568, 2569, 2571, 2572, 2577, 2587, 2603, 2605, 2607, 2619, 2620, 2621, 2622, 2625, 2626, 2629, 2637, 2642, 2643, 2648, 2650, 2653, 2661, 2662, 2664, 2665, 2666, 2668, 2674, 2675, 2679, 2690, 2691, 2694, 2700, 2733, 2739, 2745, 2746, 2772, 2780, 2781, 2783, 2784, 2785], [799, 801, 875, 898, 923, 958, 959, 962, 1217, 1219, 1222, 1349, 1351, 1353, 1358, 1370, 1375, 1400, 1410, 1414, 1416, 1446, 1459, 1464, 1477, 1493, 1503, 1536, 1571, 1577, 1578, 1579, 1619, 1634, 1646, 1647, 1654, 1655, 1666, 1966, 2012, 2043, 2057, 2066, 2121, 2124, 2134, 2158, 2159, 2183, 2188, 2210, 2212, 2219, 2236, 2259, 2263, 2289, 2302, 2305, 2339, 2343, 2346, 2349, 2358, 2367, 2372, 2377, 2386, 2387, 2388, 2401, 2403, 2404, 2417, 2419, 2429, 2430, 2431, 2433, 2444, 2445, 2447, 2465, 2466, 2468, 2482, 2484, 2485, 2500, 2505, 2525, 2535, 2559, 2560, 2565, 2577, 2587, 2597, 2610, 2614, 2620, 2621, 2622, 2625, 2629, 2633, 2634, 2642, 2659, 2660, 2661, 2662, 2666, 2667, 2668, 2670, 2672, 2673, 2674, 2675, 2679, 2682, 2683, 2690, 2691, 2692, 2694, 2700, 2716, 2733, 2745, 2746, 2772, 2778, 2779, 2780, 2781, 2783, 2784, 2785], [923, 1217, 1219, 1222, 1410, 1414, 1416, 1503, 1571, 1578, 1619, 1646, 1654, 1666, 1735, 1737, 1897, 1966, 2012, 2121, 2158, 2167, 2168, 2212, 2236, 2263, 2302, 2305, 2326, 2339, 2340, 2343, 2346, 2349, 2351, 2358, 2367, 2372, 2377, 2381, 2382, 2383, 2387, 2390, 2392, 2393, 2394, 2397, 2408, 2422, 2423, 2425, 2426, 2430, 2433, 2435, 2436, 2445, 2459, 2466, 2472, 2473, 2484, 2485, 2492, 2498, 2500, 2505, 2510, 2519, 2520, 2535, 2544, 2558, 2559, 2560, 2561, 2564, 2565, 2568, 2569, 2572, 2587, 2597, 2600, 2605, 2619, 2621, 2625, 2629, 2633, 2634, 2637, 2642, 2648, 2653, 2655, 2658, 2660, 2663, 2664, 2665, 2666, 2667, 2670, 2672, 2673, 2674, 2675, 2676, 2683, 2707, 2716, 2733, 2739, 2745, 2746, 2766, 2772, 2778, 2779, 2780, 2781, 2783, 2784, 2785], [1571, 1577, 1578, 1579, 1619, 1646, 1647, 1654, 1655, 1966, 2012, 2043, 2057, 2066, 2121, 2124, 2134, 2158, 2159, 2183, 2188, 2210, 2212, 2236, 2259, 2289, 2302, 2305, 2340, 2343, 2346, 2351, 2367, 2372, 2381, 2382, 2383, 2386, 2387, 2388, 2390, 2392, 2393, 2394, 2396, 2397, 2400, 2401, 2403, 2404, 2408, 2409, 2417, 2419, 2422, 2423, 2425, 2426, 2429, 2430, 2431, 2433, 2435, 2436, 2510, 2529, 2541, 2542, 2544, 2552, 2555, 2569, 2571, 2572, 2577, 2587, 2597, 2600, 2603, 2605, 2607, 2610, 2619, 2626, 2633, 2635, 2643, 2648, 2663, 2664, 2665, 2676, 2682, 2683, 2690, 2691, 2692, 2694, 2700, 2707, 2716, 2733, 2745, 2746, 2772, 2778, 2779, 2780, 2781, 2783, 2784, 2785], [1222, 1349, 1351, 1353, 1358, 1370, 1375, 1400, 1410, 1414, 1416, 1536, 1634, 1701, 1717, 1724, 1735, 1737, 1740, 1763, 1782, 1792, 1810, 1818, 1897, 2097, 2105, 2121, 2124, 2134, 2139, 2158, 2159, 2167, 2168, 2183, 2188, 2219, 2339, 2340, 2343, 2351, 2367, 2372, 2377, 2382, 2386, 2387, 2388, 2392, 2393, 2404, 2417, 2419, 2422, 2429, 2430, 2431, 2433, 2435, 2436, 2465, 2466, 2468, 2484, 2500, 2505, 2510, 2525, 2529, 2535, 2541, 2544, 2552, 2555, 2558, 2560, 2561, 2565, 2568, 2571, 2572, 2577, 2587, 2597, 2600, 2603, 2605, 2607, 2610, 2614, 2619, 2620, 2621, 2622, 2625, 2626, 2629, 2633, 2634, 2635, 2637, 2648, 2658, 2662, 2663, 2665, 2672, 2673, 2674, 2676, 2679, 2691, 2692, 2694, 2700, 2716, 2733, 2746, 2766, 2784], [799, 801, 875, 898, 923, 958, 959, 962, 1217, 1219, 1222, 1349, 1351, 1353, 1358, 1370, 1375, 1400, 1410, 1414, 1416, 1446, 1459, 1464, 1477, 1493, 1503, 1536, 1571, 1577, 1578, 1579, 1619, 1646, 1647, 1654, 1655, 1666, 1701, 1702, 1717, 1724, 1735, 1737, 1740, 1763, 1782, 1792, 1793, 1810, 1818, 1897, 1966, 2012, 2043, 2057, 2066, 2097, 2105, 2121, 2124, 2134, 2139, 2158, 2159, 2167, 2168, 2183, 2188, 2210, 2212, 2236, 2259, 2263, 2289, 2302, 2305, 2326, 2340, 2351, 2381, 2382, 2383, 2390, 2392, 2393, 2394, 2396, 2397, 2400, 2408, 2409, 2422, 2423, 2425, 2426, 2435, 2436, 2440, 2459, 2472, 2473, 2492, 2498, 2510, 2519, 2520, 2529, 2541, 2542, 2544, 2552, 2555, 2558, 2561, 2564, 2568, 2569, 2571, 2572, 2600, 2603, 2605, 2607, 2619, 2626, 2635, 2637, 2643, 2648, 2650, 2653, 2655, 2658, 2663, 2664, 2665, 2676, 2707, 2739], [962, 1358, 1375, 1400, 1416, 1446, 1459, 1464, 1477, 1493, 1503, 1536, 1579, 1655, 1702, 1717, 1724, 1737, 1740, 1793, 1810, 1818, 1897, 2012, 2097, 2139, 2158, 2188, 2210, 2212, 2219, 2236, 2259, 2263, 2289, 2302, 2305, 2383, 2388, 2390, 2393, 2394, 2396, 2403, 2409, 2419, 2423, 2426, 2431, 2436, 2440, 2447, 2459, 2468, 2482, 2485, 2492, 2498, 2505, 2510, 2519, 2520, 2525, 2542, 2552, 2555, 2559, 2560, 2564, 2565, 2568, 2571, 2597, 2600, 2607, 2610, 2614, 2619, 2622, 2629, 2633, 2634, 2635, 2637, 2642, 2643, 2648, 2650, 2653, 2655, 2658, 2659, 2660, 2661, 2662, 2663, 2664, 2665, 2666, 2667, 2668, 2670, 2672, 2673, 2674, 2675, 2676, 2679, 2682, 2683, 2690, 2691, 2692, 2694, 2700, 2707, 2716, 2733, 2739, 2766, 2778, 2779, 2780, 2781, 2783, 2784, 2785], [1647, 1666, 2043, 2057, 2066, 2124, 2134, 2159, 2183, 2188, 2259, 2263, 2289, 2326, 2339, 2349, 2358, 2377, 2440, 2444, 2445, 2447, 2459, 2465, 2466, 2468, 2472, 2473, 2482, 2484, 2485, 2492, 2498, 2500, 2505, 2519, 2520, 2525, 2529, 2535, 2541, 2542, 2544, 2552, 2555, 2558, 2559, 2560, 2561, 2564, 2565, 2568, 2614, 2620, 2621, 2622, 2625, 2626, 2629, 2634, 2635, 2637, 2650, 2653, 2655, 2658, 2659, 2660, 2661, 2662, 2666, 2667, 2668, 2670, 2672, 2673, 2674, 2675, 2679, 2739, 2745, 2746, 2766, 2772, 2778, 2779, 2780, 2781, 2783, 2784, 2785]!Vessel: FarSeeker
[799, 801, 875, 958, 1349, 1351, 1353, 1358, 1446, 1459, 1571, 1577, 1578, 1579, 1619, 1666, 1701, 1702, 1717, 1724, 1763, 1782, 1966, 2043, 2097, 2105, 2121, 2124, 2167, 2210, 2212, 2263, 2326, 2339, 2340, 2358, 2367, 2372, 2377, 2381, 2382, 2383, 2386, 2387, 2388, 2390, 2392, 2393, 2396, 2397, 2400, 2401, 2403, 2404, 2408, 2409, 2417, 2419, 2422, 2440, 2444, 2445, 2447, 2459, 2465, 2466, 2468, 2472, 2473, 2519, 2520, 2525, 2529, 2535, 2558, 2559, 2560, 2561, 2564, 2568, 2569, 2571, 2572, 2577, 2600, 2603, 2605, 2607, 2610, 2614, 2620, 2621, 2622, 2634, 2642, 2643, 2648, 2650, 2653, 2655, 2658, 2659, 2661, 2667, 2668, 2670, 2672, 2676, 2679, 2682, 2692, 2700, 2707, 2745, 2746, 2766, 2772, 2778, 2779, 2780, 2783, 2784, 2785], [799, 875, 898, 923, 959, 1217, 1349, 1370, 1400, 1410, 1464, 1477, 1577, 1619, 1634, 1646, 1647, 1654, 1655, 1666, 1701, 1702, 1724, 1735, 1740, 1782, 1792, 1793, 1818, 1897, 2057, 2097, 2105, 2139, 2183, 2210, 2219, 2236, 2326, 2339, 2340, 2343, 2346, 2349, 2351, 2358, 2367, 2372, 2377, 2381, 2386, 2390, 2392, 2394, 2396, 2397, 2400, 2401, 2417, 2423, 2425, 2429, 2433, 2435, 2440, 2444, 2465, 2472, 2482, 2498, 2500, 2510, 2520, 2525, 2529, 2541, 2542, 2555, 2558, 2565, 2569, 2571, 2572, 2577, 2587, 2597, 2603, 2610, 2614, 2620, 2625, 2626, 2633, 2635, 2637, 2642, 2643, 2650, 2653, 2655, 2658, 2659, 2660, 2661, 2662, 2663, 2664, 2665, 2666, 2667, 2668, 2670, 2672, 2673, 2674, 2675, 2676, 2679, 2682, 2683, 2690, 2691, 2692, 2694, 2707, 2739, 2745, 2746, 2766, 2772, 2778, 2779, 2780, 2781], [799, 801, 898, 958, 959, 962, 1217, 1219, 1222, 1351, 1370, 1375, 1446, 1464, 1493, 1571, 1634, 1646, 1647, 1701, 1702, 1717, 1735, 1737, 1740, 1763, 1792, 1793, 1810, 2066, 2097, 2105, 2134, 2139, 2167, 2168, 2219, 2259, 2302, 2326, 2339, 2340, 2343, 2346, 2349, 2351, 2358, 2367, 2381, 2382, 2383, 2386, 2387, 2388, 2394, 2400, 2401, 2403, 2404, 2408, 2409, 2425, 2426, 2429, 2430, 2431, 2444, 2445, 2447, 2473, 2482, 2484, 2485, 2492, 2519, 2535, 2541, 2542, 2544, 2552, 2559, 2560, 2561, 2564, 2565, 2569, 2577, 2587, 2600, 2603, 2605, 2607, 2610, 2614, 2619, 2620, 2621, 2622, 2625, 2626, 2629, 2633, 2635, 2642, 2643, 2650, 2655, 2659, 2660, 2661, 2662, 2663, 2664, 2666, 2667, 2682, 2683, 2690, 2691, 2700, 2707, 2716, 2739, 2766, 2772, 2778, 2781, 2783], [801, 875, 898, 923, 1219, 1353, 1414, 1459, 1477, 1493, 1503, 1536, 1634, 1701, 1702, 1717, 1724, 1735, 1737, 1740, 1763, 1782, 1792, 1793, 1810, 1818, 1897, 1966, 2043, 2057, 2066, 2159, 2167, 2168, 2219, 2289, 2305, 2343, 2346, 2349, 2358, 2372, 2377, 2381, 2382, 2383, 2386, 2387, 2388, 2390, 2392, 2393, 2394, 2396, 2397, 2400, 2401, 2403, 2404, 2408, 2409, 2417, 2419, 2422, 2423, 2425, 2426, 2429, 2430, 2431, 2433, 2435, 2436, 2440, 2444, 2445, 2447, 2459, 2465, 2466, 2468, 2472, 2473, 2482, 2484, 2485, 2492, 2498, 2500, 2505, 2510, 2519, 2520, 2525, 2529, 2535, 2541, 2542, 2544, 2552, 2555, 2559, 2597, 2634, 2659, 2660, 2668, 2670, 2673, 2675, 2682, 2683, 2690, 2692, 2694, 2716, 2733, 2745, 2766, 2779, 2785], [958, 959, 962, 1577, 1578, 1579, 1634, 1654, 1655, 1763, 1782, 1792, 1793, 1810, 1818, 2012, 2105, 2139, 2168, 2326, 2346, 2349, 2351, 2396, 2397, 2400, 2401, 2403, 2404, 2408, 2409, 2417, 2419, 2422, 2423, 2425, 2426, 2429, 2430, 2431, 2433, 2435, 2436, 2440, 2444, 2445, 2447, 2459, 2465, 2466, 2468, 2472, 2473, 2482, 2484, 2485, 2492, 2498, 2500, 2505, 2558, 2561, 2564, 2568, 2569, 2571, 2572, 2577, 2587, 2603, 2605, 2607, 2619, 2620, 2621, 2622, 2625, 2626, 2629, 2637, 2642, 2643, 2648, 2650, 2653, 2661, 2662, 2664, 2665, 2666, 2668, 2674, 2675, 2679, 2690, 2691, 2694, 2700, 2733, 2739, 2745, 2746, 2772, 2780, 2781, 2783, 2784, 2785], [799, 801, 875, 898, 923, 958, 959, 962, 1217, 1219, 1222, 1349, 1351, 1353, 1358, 1370, 1375, 1400, 1410, 1414, 1416, 1446, 1459, 1464, 1477, 1493, 1503, 1536, 1571, 1577, 1578, 1579, 1619, 1634, 1646, 1647, 1654, 1655, 1666, 1966, 2012, 2043, 2057, 2066, 2121, 2124, 2134, 2158, 2159, 2183, 2188, 2210, 2212, 2219, 2236, 2259, 2263, 2289, 2302, 2305, 2339, 2343, 2346, 2349, 2358, 2367, 2372, 2377, 2386, 2387, 2388, 2401, 2403, 2404, 2417, 2419, 2429, 2430, 2431, 2433, 2444, 2445, 2447, 2465, 2466, 2468, 2482, 2484, 2485, 2500, 2505, 2525, 2535, 2559, 2560, 2565, 2577, 2587, 2597, 2610, 2614, 2620, 2621, 2622, 2625, 2629, 2633, 2634, 2642, 2659, 2660, 2661, 2662, 2666, 2667, 2668, 2670, 2672, 2673, 2674, 2675, 2679, 2682, 2683, 2690, 2691, 2692, 2694, 2700, 2716, 2733, 2745, 2746, 2772, 2778, 2779, 2780, 2781, 2783, 2784, 2785], [923, 1217, 1219, 1222, 1410, 1414, 1416, 1503, 1571, 1578, 1619, 1646, 1654, 1666, 1735, 1737, 1897, 1966, 2012, 2121, 2158, 2167, 2168, 2212, 2236, 2263, 2302, 2305, 2326, 2339, 2340, 2343, 2346, 2349, 2351, 2358, 2367, 2372, 2377, 2381, 2382, 2383, 2387, 2390, 2392, 2393, 2394, 2397, 2408, 2422, 2423, 2425, 2426, 2430, 2433, 2435, 2436, 2445, 2459, 2466, 2472, 2473, 2484, 2485, 2492, 2498, 2500, 2505, 2510, 2519, 2520, 2535, 2544, 2558, 2559, 2560, 2561, 2564, 2565, 2568, 2569, 2572, 2587, 2597, 2600, 2605, 2619, 2621, 2625, 2629, 2633, 2634, 2637, 2642, 2648, 2653, 2655, 2658, 2660, 2663, 2664, 2665, 2666, 2667, 2670, 2672, 2673, 2674, 2675, 2676, 2683, 2707, 2716, 2733, 2739, 2745, 2746, 2766, 2772, 2778, 2779, 2780, 2781, 2783, 2784, 2785], [1571, 1577, 1578, 1579, 1619, 1646, 1647, 1654, 1655, 1966, 2012, 2043, 2057, 2066, 2121, 2124, 2134, 2158, 2159, 2183, 2188, 2210, 2212, 2236, 2259, 2289, 2302, 2305, 2340, 2343, 2346, 2351, 2367, 2372, 2381, 2382, 2383, 2386, 2387, 2388, 2390, 2392, 2393, 2394, 2396, 2397, 2400, 2401, 2403, 2404, 2408, 2409, 2417, 2419, 2422, 2423, 2425, 2426, 2429, 2430, 2431, 2433, 2435, 2436, 2510, 2529, 2541, 2542, 2544, 2552, 2555, 2569, 2571, 2572, 2577, 2587, 2597, 2600, 2603, 2605, 2607, 2610, 2619, 2626, 2633, 2635, 2643, 2648, 2663, 2664, 2665, 2676, 2682, 2683, 2690, 2691, 2692, 2694, 2700, 2707, 2716, 2733, 2745, 2746, 2772, 2778, 2779, 2780, 2781, 2783, 2784, 2785], [1222, 1349, 1351, 1353, 1358, 1370, 1375, 1400, 1410, 1414, 1416, 1536, 1634, 1701, 1717, 1724, 1735, 1737, 1740, 1763, 1782, 1792, 1810, 1818, 1897, 2097, 2105, 2121, 2124, 2134, 2139, 2158, 2159, 2167, 2168, 2183, 2188, 2219, 2339, 2340, 2343, 2351, 2367, 2372, 2377, 2382, 2386, 2387, 2388, 2392, 2393, 2404, 2417, 2419, 2422, 2429, 2430, 2431, 2433, 2435, 2436, 2465, 2466, 2468, 2484, 2500, 2505, 2510, 2525, 2529, 2535, 2541, 2544, 2552, 2555, 2558, 2560, 2561, 2565, 2568, 2571, 2572, 2577, 2587, 2597, 2600, 2603, 2605, 2607, 2610, 2614, 2619, 2620, 2621, 2622, 2625, 2626, 2629, 2633, 2634, 2635, 2637, 2648, 2658, 2662, 2663, 2665, 2672, 2673, 2674, 2676, 2679, 2691, 2692, 2694, 2700, 2716, 2733, 2746, 2766, 2784], [799, 801, 875, 898, 923, 958, 959, 962, 1217, 1219, 1222, 1349, 1351, 1353, 1358, 1370, 1375, 1400, 1410, 1414, 1416, 1446, 1459, 1464, 1477, 1493, 1503, 1536, 1571, 1577, 1578, 1579, 1619, 1646, 1647, 1654, 1655, 1666, 1701, 1702, 1717, 1724, 1735, 1737, 1740, 1763, 1782, 1792, 1793, 1810, 1818, 1897, 1966, 2012, 2043, 2057, 2066, 2097, 2105, 2121, 2124, 2134, 2139, 2158, 2159, 2167, 2168, 2183, 2188, 2210, 2212, 2236, 2259, 2263, 2289, 2302, 2305, 2326, 2340, 2351, 2381, 2382, 2383, 2390, 2392, 2393, 2394, 2396, 2397, 2400, 2408, 2409, 2422, 2423, 2425, 2426, 2435, 2436, 2440, 2459, 2472, 2473, 2492, 2498, 2510, 2519, 2520, 2529, 2541, 2542, 2544, 2552, 2555, 2558, 2561, 2564, 2568, 2569, 2571, 2572, 2600, 2603, 2605, 2607, 2619, 2626, 2635, 2637, 2643, 2648, 2650, 2653, 2655, 2658, 2663, 2664, 2665, 2676, 2707, 2739], [962, 1358, 1375, 1400, 1416, 1446, 1459, 1464, 1477, 1493, 1503, 1536, 1579, 1655, 1702, 1717, 1724, 1737, 1740, 1793, 1810, 1818, 1897, 2012, 2097, 2139, 2158, 2188, 2210, 2212, 2219, 2236, 2259, 2263, 2289, 2302, 2305, 2383, 2388, 2390, 2393, 2394, 2396, 2403, 2409, 2419, 2423, 2426, 2431, 2436, 2440, 2447, 2459, 2468, 2482, 2485, 2492, 2498, 2505, 2510, 2519, 2520, 2525, 2542, 2552, 2555, 2559, 2560, 2564, 2565, 2568, 2571, 2597, 2600, 2607, 2610, 2614, 2619, 2622, 2629, 2633, 2634, 2635, 2637, 2642, 2643, 2648, 2650, 2653, 2655, 2658, 2659, 2660, 2661, 2662, 2663, 2664, 2665, 2666, 2667, 2668, 2670, 2672, 2673, 2674, 2675, 2676, 2679, 2682, 2683, 2690, 2691, 2692, 2694, 2700, 2707, 2716, 2733, 2739, 2766, 2778, 2779, 2780, 2781, 2783, 2784, 2785], [1647, 1666, 2043, 2057, 2066, 2124, 2134, 2159, 2183, 2188, 2259, 2263, 2289, 2326, 2339, 2349, 2358, 2377, 2440, 2444, 2445, 2447, 2459, 2465, 2466, 2468, 2472, 2473, 2482, 2484, 2485, 2492, 2498, 2500, 2505, 2519, 2520, 2525, 2529, 2535, 2541, 2542, 2544, 2552, 2555, 2558, 2559, 2560, 2561, 2564, 2565, 2568, 2614, 2620, 2621, 2622, 2625, 2626, 2629, 2634, 2635, 2637, 2650, 2653, 2655, 2658, 2659, 2660, 2661, 2662, 2666, 2667, 2668, 2670, 2672, 2673, 2674, 2675, 2679, 2739, 2745, 2746, 2766, 2772, 2778, 2779, 2780, 2781, 2783, 2784, 2785]!Vessel: FarSearcher
[802, 820, 854, 862, 1285, 1286, 1356, 1461, 1541, 1560, 1582, 1586, 1594, 1616, 1621, 1626, 1660, 1661, 1663, 1690, 1699, 1710, 1716, 1718, 1722, 1726, 1744, 1751, 1759, 1776, 1784, 1827, 1830, 1843, 1847, 1848, 1849, 1901, 1906, 1908, 1912, 1926, 1931, 1970, 1979, 1987, 2004, 2020, 2029, 2041, 2058, 2064, 2095, 2098, 2102, 2107, 2123, 2126, 2143, 2144, 2145, 2166, 2189, 2193, 2195, 2197, 2199, 2203, 2204, 2206, 2211, 2215, 2217, 2235, 2241, 2310, 2311, 2329, 2332, 2334, 2335, 2336, 2345, 2348, 2363, 2370, 2371, 2405, 2407, 2420, 2455, 2456, 2474, 2526, 2534, 2579, 2580, 2583, 2584, 2589, 2591, 2598, 2604, 2669, 2681, 2688, 2702, 2703, 2721, 2728, 2729, 2744, 2751, 2752, 2755, 2756, 2757, 2759, 2763, 2764, 2767, 2770, 2773, 2775, 2776], [395, 681, 854, 942, 946, 1012, 1272, 1285, 1509, 1561, 1582, 1586, 1594, 1616, 1621, 1626, 1636, 1649, 1658, 1660, 1661, 1663, 1678, 1681, 1690, 1699, 1718, 1722, 1728, 1730, 1744, 1788, 1790, 1817, 1827, 1853, 1872, 1879, 1894, 1896, 1901, 1908, 1937, 1952, 1968, 1970, 1997, 2005, 2009, 2017, 2020, 2030, 2041, 2048, 2058, 2060, 2095, 2126, 2131, 2137, 2147, 2176, 2177, 2185, 2193, 2199, 2204, 2215, 2217, 2220, 2224, 2228, 2232, 2235, 2237, 2241, 2243, 2249, 2253, 2268, 2271, 2278, 2285, 2310, 2313, 2317, 2332, 2334, 2335, 2345, 2348, 2362, 2363, 2370, 2371, 2374, 2375, 2405, 2420, 2455, 2495, 2534, 2546, 2566, 2579, 2580, 2604, 2639, 2669, 2688, 2712, 2722, 2723, 2743, 2744, 2751, 2752, 2756, 2757, 2760, 2762, 2763, 2764, 2770, 2773, 2774, 2775], [436, 663, 802, 961, 1012, 1017, 1058, 1221, 1231, 1494, 1582, 1594, 1621, 1626, 1636, 1649, 1658, 1660, 1681, 1699, 1710, 1716, 1728, 1730, 1732, 1736, 1751, 1759, 1790, 1798, 1802, 1805, 1830, 1847, 1860, 1861, 1864, 1906, 1926, 1931, 1937, 1941, 1943, 1970, 1979, 1987, 1997, 2001, 2004, 2005, 2009, 2011, 2017, 2048, 2064, 2070, 2095, 2098, 2107, 2123, 2131, 2132, 2137, 2140, 2142, 2144, 2145, 2147, 2153, 2165, 2185, 2189, 2195, 2206, 2215, 2220, 2224, 2258, 2260, 2268, 2278, 2310, 2311, 2313, 2316, 2317, 2335, 2336, 2345, 2348, 2362, 2363, 2405, 2407, 2483, 2495, 2534, 2546, 2566, 2579, 2583, 2584, 2589, 2591, 2596, 2604, 2703, 2724, 2743, 2744, 2751, 2752, 2755, 2760, 2761, 2763, 2767, 2770, 2773, 2774, 2775, 2776], [395, 436, 682, 1012, 1017, 1058, 1238, 1286, 1321, 1519, 1621, 1636, 1658, 1663, 1678, 1690, 1699, 1710, 1716, 1718, 1722, 1726, 1728, 1730, 1732, 1736, 1744, 1751, 1759, 1776, 1784, 1788, 1790, 1798, 1802, 1805, 1817, 1822, 1824, 1827, 1830, 1843, 1847, 1848, 1849, 1853, 1860, 1861, 1864, 1872, 1876, 1879, 1885, 1890, 1894, 1896, 1898, 1901, 1906, 1908, 1912, 1926, 1931, 1937, 1941, 1943, 1952, 1964, 1968, 2048, 2058, 2060, 2064, 2070, 2102, 2132, 2166, 2189, 2197, 2211, 2220, 2237, 2241, 2243, 2249, 2260, 2262, 2268, 2271, 2345, 2348, 2370, 2375, 2405, 2407, 2420, 2455, 2456, 2474, 2483, 2495, 2504, 2526, 2534, 2546, 2583, 2702, 2712, 2728, 2735, 2743, 2744, 2751, 2752, 2755, 2756, 2757, 2759, 2760, 2761, 2762, 2763, 2764, 2767], [820, 946, 961, 1058, 1311, 1560, 1561, 1563, 1565, 1582, 1586, 1636, 1660, 1661, 1663, 1681, 1744, 1751, 1759, 1776, 1784, 1788, 1790, 1798, 1802, 1805, 1817, 1822, 1824, 1827, 1830, 1843, 1847, 1848, 1849, 1853, 1860, 1861, 1864, 1872, 1876, 1879, 1885, 1890, 1987, 1997, 2001, 2041, 2060, 2107, 2137, 2140, 2142, 2143, 2144, 2145, 2147, 2153, 2176, 2177, 2181, 2193, 2195, 2197, 2199, 2203, 2204, 2206, 2224, 2228, 2232, 2237, 2243, 2258, 2278, 2285, 2317, 2329, 2332, 2345, 2348, 2362, 2363, 2374, 2375, 2405, 2407, 2420, 2455, 2456, 2474, 2483, 2495, 2504, 2580, 2589, 2591, 2596, 2598, 2604, 2681, 2688, 2702, 2703, 2721, 2722, 2723, 2724, 2734, 2735, 2743, 2751, 2752, 2755, 2756, 2757, 2759, 2760, 2761, 2762, 2773, 2774, 2775, 2776], [395, 436, 663, 681, 682, 802, 820, 854, 862, 942, 946, 961, 1221, 1231, 1238, 1272, 1285, 1286, 1311, 1321, 1356, 1402, 1403, 1440, 1461, 1494, 1505, 1509, 1519, 1541, 1560, 1561, 1563, 1565, 1621, 1626, 1636, 1649, 1658, 1660, 1661, 1663, 1678, 1681, 1690, 1751, 1776, 1805, 1830, 1843, 1860, 1861, 1879, 1885, 1926, 1941, 1970, 1987, 2020, 2048, 2058, 2060, 2064, 2070, 2123, 2131, 2132, 2144, 2147, 2165, 2185, 2189, 2193, 2195, 2197, 2203, 2211, 2220, 2224, 2228, 2232, 2235, 2237, 2241, 2243, 2249, 2258, 2260, 2262, 2268, 2271, 2334, 2335, 2336, 2362, 2363, 2370, 2371, 2374, 2375, 2455, 2456, 2483, 2504, 2526, 2566, 2579, 2580, 2583, 2584, 2589, 2596, 2598, 2639, 2681, 2688, 2702, 2703, 2712, 2722, 2724, 2728, 2729, 2734, 2735], [862, 942, 1221, 1231, 1238, 1272, 1321, 1402, 1440, 1505, 1563, 1594, 1616, 1649, 1658, 1660, 1661, 1663, 1678, 1726, 1728, 1732, 1736, 1751, 1776, 1798, 1822, 1864, 1872, 1876, 1890, 1894, 1898, 1906, 1908, 1912, 1937, 1941, 1943, 1952, 1964, 1968, 1970, 1979, 1987, 1997, 2001, 2004, 2005, 2009, 2011, 2017, 2020, 2029, 2030, 2070, 2098, 2140, 2153, 2165, 2166, 2177, 2181, 2193, 2195, 2197, 2199, 2203, 2224, 2228, 2241, 2243, 2253, 2260, 2262, 2316, 2329, 2332, 2334, 2336, 2345, 2362, 2370, 2371, 2374, 2375, 2405, 2407, 2420, 2456, 2474, 2483, 2504, 2526, 2546, 2566, 2579, 2583, 2584, 2589, 2591, 2596, 2598, 2604, 2639, 2669, 2712, 2721, 2722, 2723, 2724, 2728, 2729, 2734, 2735, 2743, 2744, 2751, 2755, 2756, 2759, 2760, 2761, 2762, 2763, 2764, 2767, 2770, 2773, 2774, 2776], [802, 820, 942, 946, 961, 1221, 1285, 1286, 1311, 1321, 1356, 1402, 1403, 1461, 1494, 1509, 1519, 1681, 1699, 1710, 1716, 1718, 1722, 1726, 1728, 1730, 1732, 1736, 1744, 1759, 1784, 1788, 1790, 1798, 1802, 1805, 1817, 1822, 1824, 1894, 1896, 1898, 2017, 2041, 2048, 2058, 2060, 2064, 2070, 2095, 2098, 2102, 2107, 2126, 2131, 2132, 2137, 2140, 2142, 2253, 2268, 2271, 2278, 2285, 2310, 2311, 2313, 2316, 2329, 2332, 2334, 2335, 2336, 2362, 2363, 2370, 2371, 2374, 2375, 2455, 2456, 2474, 2483, 2504, 2526, 2566, 2579, 2580, 2583, 2584, 2589, 2591, 2596, 2598, 2639, 2669, 2681, 2688, 2702, 2703, 2712, 2721, 2722, 2723, 2724, 2728, 2729, 2734, 2735, 2743, 2744, 2751, 2752, 2755, 2756, 2757, 2759, 2760, 2761, 2762, 2763, 2764, 2767, 2770, 2773, 2774, 2775, 2776], [663, 681, 682, 1012, 1017, 1058, 1356, 1402, 1403, 1440, 1586, 1616, 1626, 1649, 1661, 1678, 1681, 1690, 1716, 1722, 1726, 1736, 1776, 1784, 1805, 1817, 1822, 1824, 1843, 1848, 1860, 1879, 1885, 1890, 1894, 1896, 1898, 1926, 1941, 1964, 1968, 1979, 1987, 2009, 2011, 2017, 2020, 2029, 2030, 2041, 2048, 2058, 2060, 2064, 2070, 2095, 2098, 2102, 2107, 2123, 2126, 2131, 2132, 2137, 2140, 2142, 2143, 2144, 2145, 2147, 2153, 2165, 2166, 2176, 2177, 2181, 2185, 2203, 2211, 2217, 2228, 2232, 2235, 2249, 2253, 2258, 2262, 2271, 2285, 2311, 2313, 2316, 2329, 2345, 2348, 2371, 2374, 2407, 2420, 2495, 2504, 2526, 2534, 2546, 2580, 2584, 2596, 2598, 2604, 2639, 2681, 2729, 2734, 2743, 2744, 2755, 2756, 2757, 2759, 2761, 2762, 2764, 2767, 2770, 2773, 2774, 2775, 2776], [395, 436, 663, 681, 682, 802, 820, 854, 862, 942, 946, 961, 1012, 1017, 1058, 1221, 1231, 1238, 1272, 1285, 1286, 1311, 1321, 1356, 1402, 1403, 1440, 1461, 1494, 1505, 1509, 1519, 1541, 1560, 1561, 1563, 1565, 1582, 1586, 1594, 1616, 1699, 1710, 1716, 1718, 1722, 1726, 1728, 1730, 1732, 1736, 1744, 1759, 1784, 1788, 1790, 1798, 1802, 1817, 1822, 1824, 1827, 1847, 1848, 1849, 1853, 1864, 1872, 1876, 1890, 1894, 1896, 1898, 1901, 1906, 1908, 1912, 1931, 1937, 1943, 1952, 1964, 1968, 1979, 1997, 2001, 2004, 2005, 2009, 2011, 2017, 2029, 2030, 2041, 2095, 2098, 2102, 2107, 2126, 2137, 2140, 2142, 2143, 2145, 2153, 2166, 2176, 2177, 2181, 2199, 2204, 2206, 2215, 2217, 2253, 2278, 2285, 2310, 2311, 2313, 2316, 2317, 2329, 2332, 2474, 2591, 2669, 2721, 2723], [1017, 1311, 1403, 1461, 1494, 1505, 1509, 1519, 1541, 1565, 1710, 1718, 1730, 1732, 1788, 1802, 1824, 1849, 1853, 1861, 1876, 1885, 1896, 1898, 1901, 1912, 1931, 1943, 1952, 1964, 1970, 2001, 2004, 2005, 2011, 2020, 2029, 2030, 2102, 2123, 2126, 2131, 2132, 2142, 2143, 2165, 2176, 2181, 2185, 2189, 2193, 2195, 2197, 2199, 2203, 2204, 2206, 2211, 2215, 2217, 2220, 2224, 2228, 2232, 2235, 2237, 2241, 2243, 2249, 2253, 2258, 2260, 2262, 2268, 2271, 2278, 2285, 2310, 2311, 2313, 2316, 2317, 2334, 2335, 2336, 2405, 2407, 2420, 2495, 2534, 2546, 2566, 2604, 2639, 2669, 2681, 2688, 2702, 2703, 2712, 2721, 2722, 2723, 2724, 2728, 2729, 2734, 2735, 2752, 2757, 2759, 2760, 2761, 2762, 2763, 2764, 2767, 2770, 2774, 2775, 2776], [854, 862, 1231, 1238, 1272, 1440, 1505, 1541, 1560, 1561, 1563, 1565, 1582, 1586, 1594, 1616, 1621, 1626, 1636, 1649, 1658, 1678, 1690, 1827, 1830, 1843, 1847, 1848, 1849, 1853, 1860, 1861, 1864, 1872, 1876, 1879, 1885, 1890, 1901, 1906, 1908, 1912, 1926, 1931, 1937, 1941, 1943, 1952, 1964, 1968, 1979, 1997, 2001, 2004, 2005, 2009, 2011, 2029, 2030, 2123, 2143, 2144, 2145, 2147, 2153, 2165, 2166, 2176, 2177, 2181, 2185, 2189, 2204, 2206, 2211, 2215, 2217, 2220, 2232, 2235, 2237, 2249, 2258, 2260, 2262, 2317, 2329, 2332, 2334, 2335, 2336, 2348, 2362, 2363, 2370, 2371, 2374, 2375, 2455, 2456, 2474, 2483, 2495, 2504, 2526, 2534, 2546, 2566, 2579, 2580, 2583, 2584, 2589, 2591, 2596, 2598, 2639, 2669, 2681, 2688, 2702, 2703, 2712, 2721, 2722, 2723, 2724, 2728, 2729, 2734, 2735, 2743, 2744, 2751, 2752, 2755, 2756, 2757, 2759, 2760, 2761, 2762, 2763, 2764, 2767, 2770, 2773, 2774, 2775, 2776]!Vessel: FarSymphony
[818, 821, 958, 1180, 1182, 1193, 1407, 1446, 1458, 1460, 1573, 1578, 1606, 1622, 1623, 1639, 1702, 1703, 1707, 1709, 1713, 1746, 1749, 1753, 1757, 1764, 1772, 1778, 1782, 1783, 1785, 1930, 1967, 1973, 1975, 1977, 1988, 2022, 2043, 2105, 2109, 2118, 2124, 2167, 2191, 2194, 2202, 2213, 2218, 2248, 2252, 2255, 2324, 2328, 2338, 2353, 2360, 2364, 2367, 2368, 2369, 2372, 2378, 2379, 2397, 2402, 2403, 2411, 2414, 2418, 2439, 2445, 2454, 2460, 2461, 2512, 2516, 2524, 2529, 2530, 2531, 2532, 2539, 2567, 2569, 2572, 2573, 2575, 2582, 2586, 2601, 2609, 2611, 2612, 2613, 2615, 2617, 2624, 2644, 2645, 2647, 2648, 2651, 2652, 2653, 2654, 2657, 2667, 2670, 2671, 2672, 2685, 2686, 2699, 2709, 2715, 2719, 2726, 2727, 2731, 2740, 2741, 2747, 2748, 2749, 2753, 2758, 2769, 2771], [818, 912, 913, 923, 967, 1180, 1189, 1217, 1410, 1435, 1458, 1482, 1606, 1622, 1623, 1630, 1634, 1639, 1695, 1702, 1703, 1731, 1739, 1746, 1749, 1772, 1782, 1794, 1811, 1816, 1897, 1935, 1936, 1960, 1967, 1973, 1977, 1983, 1990, 2003, 2024, 2105, 2118, 2163, 2172, 2191, 2194, 2202, 2218, 2221, 2225, 2238, 2240, 2244, 2248, 2250, 2252, 2321, 2324, 2328, 2338, 2346, 2353, 2356, 2360, 2364, 2367, 2368, 2369, 2372, 2378, 2379, 2397, 2411, 2433, 2439, 2454, 2476, 2480, 2481, 2503, 2512, 2516, 2524, 2529, 2542, 2543, 2548, 2553, 2556, 2569, 2572, 2573, 2575, 2578, 2587, 2599, 2615, 2626, 2640, 2647, 2653, 2654, 2657, 2666, 2667, 2670, 2671, 2672, 2674, 2675, 2678, 2684, 2685, 2686, 2693, 2699, 2701, 2705, 2706, 2709, 2710, 2711, 2738, 2740, 2741, 2742, 2747, 2749, 2753, 2758, 2769, 2771], [958, 960, 965, 967, 1193, 1217, 1223, 1306, 1373, 1437, 1446, 1548, 1573, 1622, 1623, 1630, 1634, 1639, 1697, 1702, 1703, 1707, 1709, 1713, 1731, 1734, 1739, 1749, 1753, 1757, 1764, 1794, 1796, 1801, 1806, 1870, 1930, 1935, 1936, 1951, 1973, 1975, 1977, 1983, 1988, 1990, 1992, 2003, 2105, 2109, 2118, 2163, 2167, 2168, 2172, 2194, 2218, 2221, 2225, 2240, 2255, 2324, 2338, 2346, 2353, 2356, 2360, 2364, 2367, 2402, 2403, 2411, 2445, 2460, 2480, 2481, 2486, 2487, 2491, 2493, 2516, 2532, 2539, 2542, 2543, 2544, 2545, 2548, 2549, 2550, 2569, 2573, 2575, 2578, 2582, 2586, 2587, 2601, 2611, 2612, 2615, 2617, 2624, 2626, 2630, 2632, 2636, 2640, 2644, 2651, 2652, 2654, 2666, 2667, 2684, 2698, 2699, 2701, 2705, 2715, 2718, 2719, 2730, 2738, 2740, 2741, 2742, 2747, 2748, 2753, 2769, 2771], [913, 923, 965, 1182, 1306, 1401, 1404, 1498, 1503, 1622, 1623, 1630, 1634, 1702, 1703, 1707, 1709, 1713, 1731, 1734, 1739, 1746, 1749, 1753, 1757, 1764, 1772, 1778, 1782, 1783, 1785, 1794, 1796, 1801, 1806, 1811, 1816, 1823, 1870, 1897, 1930, 1935, 1936, 1951, 1960, 1967, 2022, 2043, 2083, 2167, 2168, 2191, 2218, 2221, 2240, 2244, 2248, 2250, 2346, 2364, 2368, 2372, 2397, 2402, 2403, 2411, 2414, 2418, 2433, 2439, 2445, 2454, 2460, 2461, 2476, 2480, 2481, 2486, 2487, 2491, 2493, 2503, 2506, 2509, 2512, 2516, 2524, 2529, 2530, 2531, 2532, 2539, 2542, 2543, 2544, 2545, 2548, 2549, 2550, 2553, 2556, 2557, 2573, 2582, 2613, 2645, 2670, 2675, 2684, 2685, 2693, 2709, 2710, 2715, 2718, 2726, 2731, 2733, 2740, 2741, 2742, 2747, 2748, 2749, 2753, 2758], [818, 821, 912, 958, 960, 1189, 1236, 1578, 1622, 1634, 1639, 1746, 1749, 1753, 1757, 1764, 1772, 1778, 1782, 1783, 1785, 1794, 1796, 1801, 1806, 1811, 1816, 1823, 1870, 1983, 1988, 1990, 1992, 2024, 2105, 2109, 2168, 2194, 2202, 2221, 2225, 2250, 2255, 2321, 2323, 2324, 2328, 2346, 2353, 2360, 2368, 2369, 2379, 2397, 2402, 2403, 2411, 2414, 2418, 2433, 2439, 2445, 2454, 2460, 2461, 2476, 2480, 2481, 2486, 2487, 2491, 2493, 2503, 2506, 2509, 2567, 2569, 2572, 2578, 2586, 2587, 2599, 2609, 2624, 2626, 2630, 2632, 2644, 2645, 2647, 2648, 2651, 2652, 2653, 2666, 2671, 2674, 2675, 2685, 2686, 2698, 2699, 2701, 2705, 2706, 2710, 2711, 2718, 2719, 2726, 2727, 2730, 2733, 2741, 2742, 2747, 2748, 2749, 2753, 2758, 2769, 2771], [818, 821, 912, 913, 923, 958, 960, 965, 967, 1180, 1182, 1189, 1193, 1217, 1223, 1236, 1306, 1373, 1401, 1404, 1407, 1410, 1416, 1435, 1437, 1444, 1446, 1458, 1460, 1482, 1498, 1503, 1548, 1573, 1578, 1606, 1622, 1623, 1630, 1634, 1639, 1695, 1697, 1707, 1713, 1734, 1753, 1772, 1778, 1796, 1806, 2043, 2083, 2118, 2124, 2163, 2186, 2213, 2218, 2221, 2225, 2238, 2240, 2244, 2248, 2250, 2255, 2307, 2321, 2323, 2338, 2346, 2353, 2360, 2364, 2367, 2368, 2369, 2372, 2378, 2379, 2402, 2403, 2418, 2433, 2445, 2454, 2481, 2486, 2487, 2503, 2506, 2524, 2548, 2549, 2550, 2567, 2573, 2575, 2578, 2582, 2586, 2587, 2611, 2612, 2613, 2640, 2645, 2651, 2666, 2667, 2670, 2671, 2672, 2674, 2675, 2684, 2685, 2686, 2693, 2698, 2699, 2701, 2709, 2710, 2711, 2715, 2718, 2719, 2726, 2727, 2730, 2731, 2733], [923, 960, 1180, 1182, 1189, 1193, 1217, 1223, 1236, 1407, 1410, 1416, 1460, 1482, 1503, 1578, 1630, 1695, 1697, 1703, 1707, 1709, 1731, 1734, 1757, 1783, 1794, 1796, 1801, 1811, 1816, 1823, 1897, 1967, 1973, 1975, 1977, 1983, 1988, 1990, 1992, 2003, 2022, 2024, 2083, 2163, 2167, 2168, 2186, 2191, 2240, 2244, 2252, 2307, 2338, 2346, 2353, 2356, 2360, 2364, 2367, 2368, 2369, 2372, 2378, 2379, 2397, 2402, 2414, 2418, 2433, 2445, 2454, 2491, 2509, 2530, 2539, 2543, 2544, 2545, 2549, 2553, 2556, 2557, 2567, 2569, 2572, 2586, 2587, 2599, 2611, 2617, 2630, 2636, 2644, 2645, 2647, 2648, 2651, 2653, 2666, 2667, 2670, 2671, 2672, 2674, 2675, 2678, 2701, 2709, 2710, 2711, 2715, 2718, 2719, 2726, 2727, 2730, 2731, 2733, 2738, 2740, 2741, 2742, 2747, 2748, 2749, 2753, 2758, 2769, 2771], [1306, 1373, 1401, 1573, 1578, 1606, 1695, 1697, 1739, 2043, 2083, 2124, 2186, 2213, 2238, 2307, 2321, 2323, 2324, 2328, 2338, 2346, 2356, 2360, 2364, 2367, 2368, 2369, 2372, 2378, 2397, 2402, 2403, 2414, 2418, 2433, 2439, 2460, 2461, 2476, 2480, 2481, 2486, 2487, 2491, 2493, 2503, 2506, 2509, 2512, 2516, 2524, 2529, 2530, 2531, 2532, 2539, 2542, 2543, 2544, 2545, 2548, 2549, 2550, 2553, 2556, 2557, 2569, 2572, 2573, 2575, 2578, 2582, 2586, 2587, 2599, 2601, 2609, 2611, 2612, 2613, 2615, 2617, 2624, 2626, 2630, 2632, 2636, 2640, 2644, 2647, 2648, 2652, 2654, 2657, 2678, 2684, 2685, 2686, 2693, 2698, 2699, 2701, 2705, 2706, 2709, 2710, 2711, 2715, 2718, 2719, 2726, 2727, 2730, 2731, 2733, 2738, 2740, 2741, 2742, 2747, 2748, 2749, 2771], [1373, 1401, 1404, 1407, 1410, 1416, 1435, 1437, 1444, 1623, 1630, 1634, 1639, 1707, 1713, 1734, 1739, 1753, 1772, 1778, 1782, 1783, 1785, 1796, 1806, 1816, 1823, 1870, 1897, 1930, 1935, 1951, 1960, 1967, 1973, 1975, 1988, 1990, 1992, 2003, 2022, 2024, 2105, 2109, 2118, 2124, 2163, 2167, 2168, 2172, 2186, 2202, 2225, 2244, 2248, 2250, 2252, 2255, 2328, 2356, 2367, 2369, 2372, 2378, 2379, 2411, 2418, 2433, 2487, 2503, 2506, 2509, 2524, 2529, 2530, 2531, 2544, 2548, 2549, 2550, 2556, 2557, 2567, 2572, 2575, 2578, 2582, 2586, 2587, 2599, 2601, 2609, 2611, 2612, 2613, 2615, 2617, 2624, 2626, 2630, 2632, 2636, 2640, 2648, 2657, 2672, 2674, 2678, 2686, 2693, 2698, 2706, 2711, 2727, 2730, 2731, 2733, 2740, 2741, 2742, 2748, 2749, 2758, 2769, 2771], [818, 821, 912, 913, 923, 958, 960, 965, 967, 1180, 1182, 1189, 1193, 1217, 1223, 1236, 1306, 1373, 1401, 1404, 1407, 1410, 1416, 1435, 1437, 1444, 1446, 1458, 1460, 1482, 1498, 1503, 1548, 1573, 1578, 1606, 1695, 1697, 1702, 1703, 1709, 1731, 1739, 1746, 1749, 1757, 1764, 1782, 1783, 1785, 1794, 1801, 1811, 1816, 1823, 1870, 1897, 1930, 1935, 1936, 1951, 1960, 1967, 1973, 1975, 1977, 1983, 1988, 1990, 1992, 2003, 2022, 2024, 2043, 2083, 2105, 2109, 2124, 2167, 2168, 2172, 2186, 2191, 2194, 2202, 2213, 2238, 2252, 2307, 2321, 2323, 2324, 2328, 2356, 2397, 2414, 2439, 2460, 2461, 2476, 2480, 2491, 2493, 2509, 2512, 2516, 2529, 2530, 2531, 2532, 2539, 2542, 2543, 2544, 2545, 2553, 2556, 2557, 2569, 2572, 2599, 2601, 2609, 2615, 2617, 2624, 2626, 2630, 2632, 2636, 2644, 2647, 2648, 2652, 2653, 2654, 2657, 2678, 2705, 2706, 2738], [821, 912, 1223, 1236, 1416, 1444, 1446, 1458, 1460, 1482, 1498, 1503, 1548, 1702, 1709, 1713, 1731, 1734, 1746, 1764, 1778, 1785, 1801, 1806, 1811, 1823, 1897, 1936, 1951, 1960, 1975, 1977, 1983, 1992, 2003, 2022, 2024, 2109, 2118, 2163, 2172, 2191, 2194, 2202, 2213, 2218, 2221, 2225, 2238, 2240, 2244, 2248, 2250, 2252, 2255, 2307, 2323, 2338, 2378, 2403, 2411, 2414, 2461, 2476, 2486, 2493, 2506, 2512, 2531, 2532, 2542, 2545, 2550, 2553, 2557, 2567, 2601, 2609, 2611, 2612, 2613, 2632, 2636, 2640, 2644, 2645, 2647, 2648, 2651, 2652, 2653, 2654, 2657, 2666, 2667, 2670, 2671, 2672, 2674, 2675, 2678, 2684, 2685, 2686, 2693, 2698, 2699, 2701, 2705, 2706, 2709, 2710, 2711, 2715, 2718, 2719, 2726, 2727, 2730, 2731, 2733, 2738, 2740, 2742, 2747, 2748, 2749, 2753, 2758, 2769, 2771], [913, 965, 967, 1404, 1435, 1437, 1444, 1498, 1548, 1573, 1606, 1695, 1697, 1870, 1930, 1935, 1936, 1951, 1960, 2043, 2083, 2124, 2172, 2186, 2213, 2238, 2307, 2321, 2323, 2324, 2328, 2353, 2356, 2379, 2439, 2445, 2454, 2460, 2461, 2476, 2480, 2481, 2486, 2487, 2491, 2493, 2503, 2506, 2509, 2512, 2516, 2524, 2529, 2530, 2531, 2532, 2539, 2542, 2543, 2544, 2545, 2548, 2549, 2550, 2553, 2556, 2557, 2567, 2573, 2575, 2578, 2582, 2599, 2601, 2609, 2612, 2613, 2615, 2617, 2624, 2626, 2630, 2632, 2636, 2640, 2645, 2651, 2652, 2653, 2654, 2657, 2666, 2667, 2670, 2671, 2672, 2674, 2675, 2678, 2684, 2693, 2698, 2705, 2706, 2738, 2753, 2758, 2769]!Vessel: HavilaForesight
[323, 364, 542, 720, 810, 816, 864, 878, 880, 948, 978, 982, 987, 1020, 1023, 1027, 1036, 1039, 1041, 1176, 1185, 1196, 1198, 1199, 1246, 1338, 1341, 1343, 1350, 1352, 1354, 1360, 1382, 1445, 1447, 1448, 1450, 1537, 1540, 1568, 1572, 1589, 1592, 1614, 1620, 1624, 1632, 1662, 1671, 1680, 1682, 1685, 1686, 1712, 1767, 1770, 1836, 1840, 1899, 1913, 1921, 1923, 1993, 2002, 2016, 2026, 2035, 2044, 2045, 2053, 2067, 2068, 2072, 2074, 2084, 2100, 2115, 2122, 2130, 2190, 2200, 2207, 2214, 2229, 2242, 2261, 2275, 2276, 2281, 2294, 2300, 2327, 2341, 2342, 2354, 2380, 2389, 2391, 2398, 2399, 2406, 2412, 2415, 2416, 2421, 2441, 2450, 2457, 2462, 2470, 2517, 2527, 2533, 2562, 2563, 2585, 2602, 2606, 2677], [364, 391, 404, 810, 816, 878, 880, 888, 894, 905, 948, 987, 1002, 1020, 1044, 1061, 1068, 1146, 1168, 1185, 1196, 1202, 1206, 1252, 1330, 1338, 1350, 1360, 1371, 1405, 1412, 1421, 1447, 1448, 1463, 1466, 1467, 1468, 1472, 1473, 1483, 1495, 1537, 1545, 1589, 1592, 1614, 1620, 1624, 1632, 1638, 1651, 1662, 1671, 1673, 1674, 1679, 1680, 1682, 1685, 1686, 1712, 1733, 1804, 1851, 1899, 1954, 1955, 2049, 2052, 2053, 2059, 2089, 2092, 2161, 2184, 2200, 2214, 2222, 2226, 2229, 2231, 2242, 2251, 2272, 2291, 2295, 2301, 2315, 2327, 2341, 2342, 2347, 2352, 2354, 2380, 2391, 2398, 2399, 2415, 2416, 2424, 2434, 2441, 2457, 2462, 2488, 2494, 2517, 2527, 2533, 2547, 2562, 2585, 2602, 2677], [560, 710, 810, 816, 878, 880, 888, 894, 905, 978, 982, 1002, 1006, 1009, 1023, 1027, 1052, 1056, 1146, 1156, 1196, 1198, 1199, 1202, 1206, 1211, 1213, 1220, 1341, 1343, 1352, 1371, 1412, 1413, 1421, 1423, 1445, 1450, 1463, 1466, 1467, 1487, 1490, 1537, 1547, 1568, 1572, 1592, 1624, 1632, 1638, 1651, 1680, 1712, 1733, 1804, 1859, 1866, 1923, 1939, 1993, 2002, 2008, 2035, 2045, 2049, 2052, 2063, 2065, 2067, 2068, 2072, 2074, 2076, 2089, 2100, 2135, 2155, 2173, 2190, 2222, 2257, 2273, 2276, 2279, 2301, 2318, 2327, 2341, 2342, 2347, 2352, 2354, 2380, 2389, 2398, 2399, 2406, 2412, 2424, 2432, 2441, 2450, 2488, 2494, 2497, 2517, 2533, 2547, 2562, 2563, 2585, 2602, 2606], [537, 878, 888, 905, 948, 978, 982, 987, 1002, 1006, 1009, 1020, 1023, 1027, 1036, 1039, 1041, 1044, 1052, 1056, 1061, 1065, 1068, 1075, 1146, 1156, 1168, 1175, 1176, 1220, 1246, 1248, 1354, 1405, 1415, 1445, 1447, 1463, 1468, 1483, 1487, 1495, 1535, 1632, 1673, 1685, 1712, 1733, 1767, 1770, 1804, 1836, 1840, 1851, 1859, 1866, 1878, 1884, 1891, 1899, 1913, 1921, 1923, 1939, 1953, 1954, 1955, 1962, 2035, 2044, 2049, 2053, 2059, 2065, 2067, 2076, 2084, 2261, 2272, 2273, 2281, 2291, 2296, 2300, 2309, 2342, 2347, 2380, 2389, 2391, 2398, 2399, 2406, 2412, 2415, 2416, 2421, 2424, 2432, 2434, 2441, 2450, 2457, 2462, 2470, 2488, 2494, 2497, 2517, 2527, 2533, 2547], [323, 391, 572, 739, 816, 888, 894, 1020, 1023, 1027, 1036, 1039, 1041, 1044, 1052, 1056, 1061, 1065, 1068, 1075, 1206, 1211, 1213, 1252, 1256, 1338, 1341, 1343, 1382, 1448, 1450, 1466, 1467, 1468, 1472, 1473, 1487, 1490, 1535, 1564, 1568, 1632, 1638, 1662, 1671, 1673, 1674, 1680, 1682, 1767, 1770, 1804, 1836, 1840, 1851, 1859, 1866, 1878, 1884, 1891, 1993, 2016, 2026, 2053, 2063, 2072, 2074, 2076, 2089, 2092, 2115, 2155, 2182, 2200, 2207, 2226, 2229, 2231, 2257, 2275, 2276, 2279, 2281, 2294, 2295, 2296, 2297, 2315, 2318, 2327, 2347, 2352, 2354, 2398, 2399, 2406, 2412, 2415, 2416, 2421, 2424, 2432, 2434, 2441, 2450, 2457, 2462, 2470, 2488, 2494, 2497, 2563, 2585, 2602, 2606, 2677], [323, 364, 391, 404, 537, 542, 560, 572, 706, 710, 720, 739, 748, 864, 878, 880, 888, 894, 905, 948, 982, 1006, 1023, 1036, 1056, 1068, 1220, 1330, 1341, 1350, 1352, 1354, 1371, 1405, 1412, 1413, 1415, 1445, 1463, 1466, 1468, 1472, 1483, 1487, 1490, 1533, 1535, 1564, 1566, 1572, 1620, 1624, 1638, 1662, 1673, 1674, 1680, 1682, 1685, 1686, 1770, 1836, 1859, 1884, 1993, 2002, 2016, 2026, 2035, 2044, 2045, 2049, 2052, 2053, 2059, 2063, 2065, 2067, 2068, 2072, 2076, 2084, 2122, 2135, 2161, 2184, 2200, 2207, 2226, 2229, 2231, 2242, 2261, 2272, 2273, 2275, 2276, 2279, 2281, 2291, 2296, 2297, 2300, 2301, 2309, 2318], [404, 542, 560, 572, 748, 905, 978, 987, 1002, 1006, 1009, 1052, 1061, 1065, 1075, 1176, 1185, 1196, 1198, 1199, 1202, 1206, 1211, 1213, 1220, 1246, 1248, 1252, 1256, 1405, 1412, 1413, 1415, 1495, 1540, 1545, 1547, 1566, 1572, 1589, 1620, 1624, 1638, 1651, 1662, 1671, 1673, 1674, 1679, 1685, 1686, 1733, 1767, 1770, 1836, 1939, 1953, 1955, 1962, 1993, 2002, 2008, 2016, 2026, 2031, 2067, 2068, 2072, 2074, 2076, 2084, 2122, 2161, 2173, 2207, 2226, 2231, 2242, 2261, 2279, 2291, 2294, 2295, 2296, 2297, 2300, 2301, 2318, 2327, 2341, 2342, 2347, 2352, 2354, 2380, 2389, 2391, 2398, 2406, 2412, 2415, 2421, 2424, 2432, 2434, 2441, 2450, 2457, 2462, 2470, 2488, 2517, 2527, 2562, 2563, 2585, 2606, 2677], [864, 1330, 1533, 1564, 1566, 1568, 1572, 1589, 1592, 1614, 1620, 1624, 1638, 1651, 1671, 1673, 1674, 1679, 1680, 1682, 1685, 1686, 1767, 1770, 1840, 1851, 1859, 1866, 1878, 1884, 1891, 1899, 1913, 1921, 1923, 1939, 1953, 1954, 1955, 1962, 2008, 2016, 2031, 2035, 2044, 2045, 2049, 2052, 2053, 2059, 2063, 2065, 2067, 2068, 2072, 2074, 2076, 2084, 2089, 2092, 2100, 2115, 2122, 2130, 2135, 2155, 2161, 2173, 2182, 2184, 2190, 2200, 2214, 2222, 2226, 2251, 2257, 2272, 2273, 2275, 2276, 2279, 2281, 2291, 2294, 2295, 2296, 2297, 2300, 2301, 2309, 2315, 2341, 2342, 2347, 2352, 2380, 2389, 2391, 2398, 2399, 2406, 2412, 2415, 2416, 2421, 2424, 2432, 2434, 2494, 2497, 2533, 2547, 2585, 2602, 2606], [706, 880, 894, 948, 982, 1006, 1036, 1039, 1056, 1068, 1075, 1156, 1168, 1175, 1185, 1198, 1211, 1246, 1248, 1252, 1256, 1338, 1341, 1343, 1350, 1352, 1354, 1360, 1371, 1382, 1405, 1412, 1413, 1415, 1421, 1423, 1472, 1473, 1483, 1490, 1535, 1540, 1545, 1547, 1614, 1632, 1674, 1679, 1682, 1686, 1712, 1733, 1804, 1884, 1891, 1921, 1962, 2016, 2026, 2031, 2044, 2045, 2052, 2059, 2063, 2065, 2068, 2084, 2092, 2100, 2115, 2122, 2130, 2135, 2155, 2161, 2173, 2182, 2184, 2251, 2275, 2297, 2309, 2341, 2342, 2347, 2352, 2354, 2389, 2391, 2412, 2415, 2416, 2421, 2432, 2434, 2462, 2470, 2494, 2497, 2527, 2533, 2547, 2562, 2563, 2585, 2602, 2606, 2677], [323, 364, 391, 404, 537, 542, 560, 572, 706, 710, 720, 739, 748, 810, 816, 864, 978, 987, 1002, 1009, 1020, 1027, 1039, 1041, 1044, 1052, 1061, 1065, 1075, 1146, 1156, 1168, 1175, 1176, 1185, 1196, 1198, 1199, 1202, 1206, 1211, 1213, 1246, 1248, 1252, 1256, 1330, 1338, 1343, 1360, 1382, 1421, 1423, 1447, 1448, 1450, 1467, 1473, 1495, 1533, 1537, 1540, 1545, 1547, 1564, 1566, 1568, 1589, 1592, 1614, 1651, 1671, 1679, 1767, 1840, 1851, 1866, 1878, 1891, 1899, 1913, 1921, 1923, 1939, 1953, 1954, 1955, 1962, 2008, 2031, 2074, 2089, 2092, 2100, 2115, 2130, 2155, 2173, 2182, 2190, 2214, 2222, 2251, 2257, 2294, 2295, 2315], [720, 739, 748, 810, 1009, 1041, 1044, 1065, 1175, 1176, 1199, 1202, 1213, 1220, 1248, 1256, 1350, 1352, 1354, 1360, 1371, 1382, 1413, 1415, 1423, 1445, 1447, 1448, 1450, 1463, 1466, 1467, 1468, 1472, 1473, 1483, 1487, 1490, 1495, 1533, 1535, 1537, 1540, 1545, 1547, 1572, 1589, 1620, 1712, 1733, 1804, 1878, 1913, 1953, 1954, 2002, 2008, 2031, 2122, 2130, 2135, 2161, 2182, 2184, 2190, 2200, 2207, 2214, 2222, 2226, 2229, 2231, 2242, 2251, 2257, 2261, 2272, 2273, 2275, 2276, 2279, 2281, 2291, 2294, 2295, 2296, 2297, 2300, 2301, 2309, 2315, 2318, 2327, 2341, 2352, 2380, 2389, 2391, 2399, 2406, 2416, 2421, 2424, 2432, 2434, 2450, 2457, 2470, 2488, 2497, 2517, 2527, 2547, 2562, 2563, 2602, 2606, 2677], [537, 706, 710, 864, 1146, 1156, 1168, 1175, 1330, 1421, 1423, 1533, 1564, 1566, 1568, 1592, 1614, 1651, 1662, 1679, 1836, 1840, 1851, 1859, 1866, 1878, 1884, 1891, 1899, 1913, 1921, 1923, 1939, 1953, 1954, 1955, 1962, 1993, 2002, 2008, 2026, 2031, 2035, 2044, 2045, 2049, 2052, 2059, 2063, 2065, 2089, 2092, 2100, 2115, 2130, 2135, 2155, 2173, 2182, 2184, 2190, 2207, 2214, 2222, 2229, 2231, 2242, 2251, 2257, 2261, 2272, 2273, 2309, 2315, 2318, 2327, 2354, 2441, 2450, 2457, 2462, 2470, 2488, 2494, 2497, 2517, 2527, 2533, 2547, 2562, 2563, 2677]!Vessel: FarStar
] 

Rvl : [
!l : 2, 3
[], [799, 801, 875, 898, 923, 958, 959, 962, 1217, 1219, 1222, 1349, 1351, 1353, 1358, 1370, 1375, 1400, 1410, 1414, 1416, 1446, 1459, 1464, 1477, 1493, 1503, 1536, 1571, 1577, 1578, 1579, 1619, 1634, 1646, 1647, 1654, 1655, 1666, 1701, 1702, 1717, 1724, 1735, 1737, 1740, 1763, 1782, 1792, 1793, 1810, 1818, 1897, 1966, 2012, 2043, 2057, 2066, 2097, 2105, 2121, 2124, 2134, 2139, 2158, 2159, 2167, 2168, 2183, 2188, 2210, 2212, 2219, 2236, 2259, 2263, 2289, 2302, 2305, 2326, 2339, 2340, 2343, 2346, 2349, 2351, 2358, 2367, 2372, 2377, 2381, 2382, 2383, 2386, 2387, 2388, 2390, 2392, 2393, 2394, 2396, 2397, 2400, 2401, 2403, 2404, 2408, 2409, 2417, 2419, 2422, 2423, 2425, 2426, 2429, 2430, 2431, 2433, 2435, 2436, 2440, 2444, 2445, 2447, 2459, 2465, 2466, 2468, 2472, 2473, 2482, 2484, 2485, 2492, 2498, 2500, 2505, 2510, 2519, 2520, 2525, 2529, 2535, 2541, 2542, 2544, 2552, 2555, 2558, 2559, 2560, 2561, 2564, 2565, 2568, 2569, 2571, 2572, 2577, 2587, 2597, 2600, 2603, 2605, 2607, 2610, 2614, 2619, 2620, 2621, 2622, 2625, 2626, 2629, 2633, 2634, 2635, 2637, 2642, 2643, 2648, 2650, 2653, 2655, 2658, 2659, 2660, 2661, 2662, 2663, 2664, 2665, 2666, 2667, 2668, 2670, 2672, 2673, 2674, 2675, 2676, 2679, 2682, 2683, 2690, 2691, 2692, 2694, 2700, 2707, 2716, 2733, 2739, 2745, 2746, 2766, 2772, 2778, 2779, 2780, 2781, 2783, 2784, 2785]!Vessel: FarSeeker
[], [799, 801, 875, 898, 923, 958, 959, 962, 1217, 1219, 1222, 1349, 1351, 1353, 1358, 1370, 1375, 1400, 1410, 1414, 1416, 1446, 1459, 1464, 1477, 1493, 1503, 1536, 1571, 1577, 1578, 1579, 1619, 1634, 1646, 1647, 1654, 1655, 1666, 1701, 1702, 1717, 1724, 1735, 1737, 1740, 1763, 1782, 1792, 1793, 1810, 1818, 1897, 1966, 2012, 2043, 2057, 2066, 2097, 2105, 2121, 2124, 2134, 2139, 2158, 2159, 2167, 2168, 2183, 2188, 2210, 2212, 2219, 2236, 2259, 2263, 2289, 2302, 2305, 2326, 2339, 2340, 2343, 2346, 2349, 2351, 2358, 2367, 2372, 2377, 2381, 2382, 2383, 2386, 2387, 2388, 2390, 2392, 2393, 2394, 2396, 2397, 2400, 2401, 2403, 2404, 2408, 2409, 2417, 2419, 2422, 2423, 2425, 2426, 2429, 2430, 2431, 2433, 2435, 2436, 2440, 2444, 2445, 2447, 2459, 2465, 2466, 2468, 2472, 2473, 2482, 2484, 2485, 2492, 2498, 2500, 2505, 2510, 2519, 2520, 2525, 2529, 2535, 2541, 2542, 2544, 2552, 2555, 2558, 2559, 2560, 2561, 2564, 2565, 2568, 2569, 2571, 2572, 2577, 2587, 2597, 2600, 2603, 2605, 2607, 2610, 2614, 2619, 2620, 2621, 2622, 2625, 2626, 2629, 2633, 2634, 2635, 2637, 2642, 2643, 2648, 2650, 2653, 2655, 2658, 2659, 2660, 2661, 2662, 2663, 2664, 2665, 2666, 2667, 2668, 2670, 2672, 2673, 2674, 2675, 2676, 2679, 2682, 2683, 2690, 2691, 2692, 2694, 2700, 2707, 2716, 2733, 2739, 2745, 2746, 2766, 2772, 2778, 2779, 2780, 2781, 2783, 2784, 2785]!Vessel: FarSearcher
[1970], [395, 436, 663, 681, 682, 802, 820, 854, 862, 942, 946, 961, 1012, 1017, 1058, 1221, 1231, 1238, 1272, 1285, 1286, 1311, 1321, 1356, 1402, 1403, 1440, 1461, 1494, 1505, 1509, 1519, 1541, 1560, 1561, 1563, 1565, 1582, 1586, 1594, 1616, 1621, 1626, 1636, 1649, 1658, 1660, 1661, 1663, 1678, 1681, 1690, 1699, 1710, 1716, 1718, 1722, 1726, 1728, 1730, 1732, 1736, 1744, 1751, 1759, 1776, 1784, 1788, 1790, 1798, 1802, 1805, 1817, 1822, 1824, 1827, 1830, 1843, 1847, 1848, 1849, 1853, 1860, 1861, 1864, 1872, 1876, 1879, 1885, 1890, 1894, 1896, 1898, 1901, 1906, 1908, 1912, 1926, 1931, 1937, 1941, 1943, 1952, 1964, 1968, 1979, 1987, 1997, 2001, 2004, 2005, 2009, 2011, 2017, 2020, 2029, 2030, 2041, 2048, 2058, 2060, 2064, 2070, 2095, 2098, 2102, 2107, 2123, 2126, 2131, 2132, 2137, 2140, 2142, 2143, 2144, 2145, 2147, 2153, 2165, 2166, 2176, 2177, 2181, 2185, 2189, 2193, 2195, 2197, 2199, 2203, 2204, 2206, 2211, 2215, 2217, 2220, 2224, 2228, 2232, 2235, 2237, 2241, 2243, 2249, 2253, 2258, 2260, 2262, 2268, 2271, 2278, 2285, 2310, 2311, 2313, 2316, 2317, 2329, 2332, 2334, 2335, 2336, 2345, 2348, 2362, 2363, 2370, 2371, 2374, 2375, 2405, 2407, 2420, 2455, 2456, 2474, 2483, 2495, 2504, 2526, 2534, 2546, 2566, 2579, 2580, 2583, 2584, 2589, 2591, 2596, 2598, 2604, 2639, 2669, 2681, 2688, 2702, 2703, 2712, 2721, 2722, 2723, 2724, 2728, 2729, 2734, 2735, 2743, 2744, 2751, 2752, 2755, 2756, 2757, 2759, 2760, 2761, 2762, 2763, 2764, 2767, 2770, 2773, 2774, 2775, 2776]!Vessel: FarSymphony
[], [818, 821, 912, 913, 923, 958, 960, 965, 967, 1180, 1182, 1189, 1193, 1217, 1223, 1236, 1306, 1373, 1401, 1404, 1407, 1410, 1416, 1435, 1437, 1444, 1446, 1458, 1460, 1482, 1498, 1503, 1548, 1573, 1578, 1606, 1622, 1623, 1630, 1634, 1639, 1695, 1697, 1702, 1703, 1707, 1709, 1713, 1731, 1734, 1739, 1746, 1749, 1753, 1757, 1764, 1772, 1778, 1782, 1783, 1785, 1794, 1796, 1801, 1806, 1811, 1816, 1823, 1870, 1897, 1930, 1935, 1936, 1951, 1960, 1967, 1973, 1975, 1977, 1983, 1988, 1990, 1992, 2003, 2022, 2024, 2043, 2083, 2105, 2109, 2118, 2124, 2163, 2167, 2168, 2172, 2186, 2191, 2194, 2202, 2213, 2218, 2221, 2225, 2238, 2240, 2244, 2248, 2250, 2252, 2255, 2307, 2321, 2323, 2324, 2328, 2338, 2346, 2353, 2356, 2360, 2364, 2367, 2368, 2369, 2372, 2378, 2379, 2397, 2402, 2403, 2411, 2414, 2418, 2433, 2439, 2445, 2454, 2460, 2461, 2476, 2480, 2481, 2486, 2487, 2491, 2493, 2503, 2506, 2509, 2512, 2516, 2524, 2529, 2530, 2531, 2532, 2539, 2542, 2543, 2544, 2545, 2548, 2549, 2550, 2553, 2556, 2557, 2567, 2569, 2572, 2573, 2575, 2578, 2582, 2586, 2587, 2599, 2601, 2609, 2611, 2612, 2613, 2615, 2617, 2624, 2626, 2630, 2632, 2636, 2640, 2644, 2645, 2647, 2648, 2651, 2652, 2653, 2654, 2657, 2666, 2667, 2670, 2671, 2672, 2674, 2675, 2678, 2684, 2685, 2686, 2693, 2698, 2699, 2701, 2705, 2706, 2709, 2710, 2711, 2715, 2718, 2719, 2726, 2727, 2730, 2731, 2733, 2738, 2740, 2741, 2742, 2747, 2748, 2749, 2753, 2758, 2769, 2771]!Vessel: HavilaForesight
[810, 880, 1196, 1199, 1202, 1350, 1352, 1371, 1412, 1413, 1572, 1620, 1624, 1686, 2122, 2161, 2301], [323, 364, 391, 404, 537, 542, 560, 572, 706, 710, 720, 739, 748, 816, 864, 878, 888, 894, 905, 948, 978, 982, 987, 1002, 1006, 1009, 1020, 1023, 1027, 1036, 1039, 1041, 1044, 1052, 1056, 1061, 1065, 1068, 1075, 1146, 1156, 1168, 1175, 1176, 1185, 1198, 1206, 1211, 1213, 1220, 1246, 1248, 1252, 1256, 1330, 1338, 1341, 1343, 1354, 1360, 1382, 1405, 1415, 1421, 1423, 1445, 1447, 1448, 1450, 1463, 1466, 1467, 1468, 1472, 1473, 1483, 1487, 1490, 1495, 1533, 1535, 1537, 1540, 1545, 1547, 1564, 1566, 1568, 1589, 1592, 1614, 1632, 1638, 1651, 1662, 1671, 1673, 1674, 1679, 1680, 1682, 1685, 1712, 1733, 1767, 1770, 1804, 1836, 1840, 1851, 1859, 1866, 1878, 1884, 1891, 1899, 1913, 1921, 1923, 1939, 1953, 1954, 1955, 1962, 1993, 2002, 2008, 2016, 2026, 2031, 2035, 2044, 2045, 2049, 2052, 2053, 2059, 2063, 2065, 2067, 2068, 2072, 2074, 2076, 2084, 2089, 2092, 2100, 2115, 2130, 2135, 2155, 2173, 2182, 2184, 2190, 2200, 2207, 2214, 2222, 2226, 2229, 2231, 2242, 2251, 2257, 2261, 2272, 2273, 2275, 2276, 2279, 2281, 2291, 2294, 2295, 2296, 2297, 2300, 2309, 2315, 2318, 2327, 2341, 2342, 2347, 2352, 2354, 2380, 2389, 2391, 2398, 2399, 2406, 2412, 2415, 2416, 2421, 2424, 2432, 2434, 2441, 2450, 2457, 2462, 2470, 2488, 2494, 2497, 2517, 2527, 2533, 2547, 2562, 2563, 2585, 2602, 2606, 2677]!Vessel: FarStar
] 

minF : 1
maxF : 6
Nf : [
!f : 1, 2, 3, 4, 5, 6
[10], [5, 6], [], [11, 12], [2, 3, 4, 7], [1, 8, 9]
]

! Parameters
VoyageCost: [37970, 39085, 64838, 59991, 44841, 37570, 39448, 47265, 44429, 45544, 73722, 62814, 47265, 43726, 43120, 46453, 46720, 43120, 53725, 43120, 73722, 62814, 46053, 38879, 38273, 44029, 44296, 38273, 53725, 74837, 63929, 47265, 42418, 44235, 47568, 46720, 44235, 54840, 72716, 73019, 72413, 75746, 72413, 73322, 81805, 85502, 83017, 68535, 62414, 46053, 37570, 43326, 45508, 39994, 53022, 62414, 47265, 45144, 44296, 36964, 52416, 64838, 46053, 46720, 45144, 55749, 87320, 63929, 46053, 40660, 54840, 62414, 52113, 56415, 50186, 51156, 49580, 49580, 81296, 70389, 50392, 48877, 50695, 54028, 52271, 50695, 61299, 81599, 84629, 85441, 70959, 48877, 49580, 49847, 48271, 52913, 52210, 60184, 79781, 68874, 58573, 59482, 58876, 62208, 80181, 69274, 49277, 78872, 67965, 47968, 46453, 48271, 51604, 49847, 48271, 58876, 81599, 84629, 84229, 69747, 79478, 68571, 47265, 44029, 59482, 78872, 67965, 45508, 58876, 82205, 71298, 51301, 62208, 79781, 68874, 58573, 82714, 85744, 74837, 85441, 70959, 47568, 50962, 49386, 80896, 69989, 59688, 59991, 63323, 78872, 90349, 90349, 78169, 79987, 83320, 90349, 79987, 90895, 80896, 80290, 83623, 82714, 81199, 78169, 91561, 80593, 90349, 77564, 83320, 90349, 83320, 78472, 91561, 80896, 85502, 85502, 85502, 90349, 90955, 86714, 85502, 85502, 86714, 86714, 92167, 89077, 79478, 68571, 48574, 50453, 48877, 45605, 44029, 67262, 47265, 50901, 49144, 47568, 58173, 84229, 84229, 69747, 67262, 45508, 42721, 58173, 81502, 70595, 61505, 49144, 79078, 68171, 57870, 60597, 67965, 48477, 51604, 47265, 49180, 69080, 49083, 52719, 84229, 85441, 70959, 47265, 48477, 72413, 52416, 67565, 57264, 60899, 82205, 71298, 51301, 53179, 51604, 50756, 49180, 52416, 54294, 52719, 86047, 74837, 84229, 69747, 49786, 50598, 52477, 50901, 51871, 50295, 54294, 77018, 81805, 70898, 60597, 63323, 74897, 78872, 67965, 47968, 49847, 78872, 67965, 46053, 43423, 44999, 69080, 49083, 50962, 59991, 85744, 84229, 69747, 69686, 47265, 66656, 47265, 44296, 57567, 52416, 88531, 69989, 59688, 60451, 58876, 60451, 58876, 84229, 75806, 59142, 76109, 71867, 63990, 55337, 58730, 55337, 54731, 54731, 89174, 88471, 77963, 81296, 78872, 88568, 61299, 74085, 68571, 54028, 55846, 66002, 64693, 72873, 59845, 66450, 69783, 87926, 76848, 76146, 87926, 77963, 93779, 76848, 87926, 75540, 88471, 79781, 94591, 91501, 56912, 55337, 55603, 56306, 54731, 58670, 58064, 58064, 57361, 65941, 65335, 65335, 65335, 64632, 66450, 77757, 87659, 77055, 76449, 65032, 64329, 69480, 82266, 66147, 64632, 64026, 68668, 67965, 88059, 88471, 77454, 87453, 55034, 72970, 86241, 85332, 54428, 58064, 89780, 86750, 87259, 76146, 75540, 78872, 87926, 77963, 76449, 86144, 53725, 58876, 71661, 66147, 51604, 57361, 57421, 84932, 64632, 64026, 67359, 93319, 93779, 87926, 75540, 88471, 93379, 90289, 85938, 84629, 87356, 88471, 79478, 77055, 85441, 70959, 84629, 73722, 50756, 64632, 87962, 67965, 85538, 85332, 54428, 86750, 88471, 78872, 76449, 51301, 84932, 63723, 67359, 88665, 57761, 87259, 89477, 88265, 87659, 64329, 64026, 94894, 87926, 76655, 88471, 77564, 80896, 94591, 91501, 54294, 52719, 58536, 88774, 67262, 70595, 67262, 65141, 91561, 85332, 84629, 86447, 89780, 91561, 86447, 84629, 91561, 84023, 87962, 91561, 91561, 84023, 91561, 84023, 90349, 84023, 83320, 89077, 91561, 85744, 91561, 85138, 90895, 92470, 90895, 91561, 92107, 87356, 86750, 90083, 91561, 86750, 91561, 86750, 92107, 86047, 91198, 91561, 87865, 93319, 86047, 92773, 88471, 91561, 85441, 90083, 92107, 89380, 91198, 92773, 91198, 92773, 92107, 86956, 86350, 89683, 92773, 88774, 91561, 84629, 91561, 83320, 92773, 91561, 90349, 87356, 91561, 88471, 92470, 85538, 88265, 91561, 84932, 91561, 84932, 87356, 84229, 86047, 89380, 91561, 86047, 92773, 84229, 91561, 83623, 87562, 91561, 89380, 92773, 98227, 92773, 87053, 88471, 86750, 72267, 58027, 66208, 53179, 75903, 53725, 57361, 55603, 54028, 53179, 51604, 87259, 78169, 87926, 77261, 75746, 85441, 58173, 70959, 54840, 58476, 69747, 56718, 79442, 63020, 63323, 66656, 65747, 87926, 87926, 93379, 87926, 87926, 89137, 88471, 89137, 93379, 90289, 73722, 53725, 88471, 78169, 51871, 73322, 63020, 66656, 57058, 57361, 91561, 89077, 87259, 80593, 69080, 64632, 64632, 78169, 81563, 89780, 88471, 78872, 86653, 72170, 58876, 84932, 63723, 67359, 53119, 56755, 54997, 53422, 85441, 70959, 87356, 56452, 55543, 59179, 87865, 88471, 79987, 87259, 59991, 72776, 68474, 89380, 93319, 93379, 88471, 88471, 94591, 91501, 72413, 52416, 56052, 85441, 70959, 86653, 55749, 90592, 78472, 68171, 80957, 59179, 91561, 89780, 80181, 87259, 79478, 89477, 74994, 58876, 56755, 66911, 68632, 65602, 60754, 54331, 63178, 58330, 81054, 56755, 90592, 76109, 59991, 57870, 68026, 66717, 61869, 86714, 78872, 86714, 87259, 86714, 79987, 86714, 77564, 87926, 87259, 87926, 80896, 73782, 93379, 74897, 90289, 57058, 54937, 54937, 88774, 74291, 58173, 64899, 60051, 82775, 59445, 81054, 105499, 79745, 67359, 67359, 81866, 68474, 79781, 79078, 67056, 66353, 81866, 68171, 66050, 78933, 82411, 55543, 76848, 87259, 76146, 87926, 76449, 54428, 86144, 53725, 71661, 54997, 53119, 87259, 76146, 78872, 87926, 76449, 84229, 69747, 51301, 50150, 56452, 87259, 87926, 77564, 87259, 72776, 93319, 94894, 87926, 88471, 89137, 93379, 90289, 83078, 88471, 85441, 70959, 65444, 86653, 53119, 50695, 54234, 87259, 85441, 70959, 54028, 49180, 72413, 49992, 53628, 63323, 57567, 72716, 62414, 90592, 76109, 76109, 76715, 79442, 88471, 74182, 80145, 75903, 72873, 68026, 72873, 68026, 64026, 87926, 87926, 87926, 93379, 87926, 79842, 63723, 78836, 74594, 66717, 60487, 69335, 60487, 59881, 89137, 83114, 89683, 84023, 62002, 78121, 62002, 97718, 79236, 63117, 73722, 77055, 60487, 59179, 71152, 76909, 71152, 78024, 69844, 84290, 71601, 82605, 87926, 81999, 107510, 109231, 106201, 101354, 89137, 81999, 82908, 82205, 89137, 84023, 86241, 85538, 100651, 64487, 63178, 63881, 63820, 63214, 62511, 71092, 70486, 71092, 70486, 83078, 70486, 69783, 83514, 82908, 89137, 82908, 82205, 89137, 81599, 70789, 70183, 75940, 83078, 70183, 72607, 71904, 84290, 73722, 69480, 75237, 84290, 71904, 84290, 71298, 71092, 69783, 74425, 73819, 83078, 73819, 73116, 82605, 89683, 96603, 60184, 93513, 92604, 60184, 65335, 63820, 91392, 73819, 96239, 97051, 95536, 88471, 94022, 97657, 89683, 81296, 87926, 80690, 88471, 84629, 88471, 82205, 95294, 58876, 76812, 60693, 92204, 71298, 74631, 91901, 56755, 62511, 69783, 69177, 73116, 95330, 101354, 99439, 89683, 89137, 82605, 94627, 89137, 81296, 89683, 89683, 91901, 94591, 91501, 92507, 89683, 84629, 82205, 58330, 73116, 94421, 94022, 69783, 91392, 89683, 89683, 94531, 89683, 89683, 89780, 89477, 74994, 69480, 93113, 80957, 104287, 63517, 95936, 95536, 88471, 87926, 84023, 88471, 83078, 72510, 89137, 81599, 113473, 108625, 110346, 107316, 102469, 89137, 82714, 100651, 61869, 83078, 71298, 70595, 84290, 72413, 91089, 90483, 92058, 90483, 89780, 95536, 93779, 92204, 93173, 91598, 97051, 97354, 98930, 97354, 95597, 92773, 91089, 92773, 91089, 92773, 90483, 93173, 93816, 95391, 93816, 93113, 93173, 91561, 89174, 93173, 91561, 89780, 91561, 88471, 96348, 98227, 96651, 94894, 94288, 94930, 96506, 94930, 94228, 97621, 96045, 100045, 93816, 93210, 94785, 93210, 93210, 94022, 92507, 94325, 97657, 95900, 94325, 94627, 92507, 96506, 94930, 93476, 91901, 96542, 97354, 95839, 97657, 99233, 97657, 95900, 93476, 91901, 95900, 92507, 91901, 93476, 91901, 93319, 91198, 96954, 95197, 93622, 94591, 93016, 98469, 98772, 100348, 98772, 97015, 94082, 92507, 92773, 91198, 97621, 94531, 94591, 97354, 95839, 95233, 96809, 95233, 96651, 94531, 98530, 96954, 97924, 96348, 100348, 94118, 95233, 93319, 93416, 92810, 96142, 94385, 92810, 94930, 93416, 92810, 94385, 92810, 92810, 93622, 92107, 93925, 97257, 95500, 93925, 94531, 92107, 96106, 94531, 93076, 91501, 96142, 96954, 95439, 97257, 98833, 97257, 97924, 92773, 89780, 92773, 94082, 92507, 94688, 93113, 93379, 97621, 91998, 92967, 91392, 90689, 90689, 94688, 93113, 92773, 90083, 94724, 95536, 94022, 97415, 95839, 94082, 94082, 93319, 92507, 95839, 94082, 92507, 90689, 90083, 95839, 91658, 90083, 89380, 95137, 93379, 91804, 92773, 91198, 96651, 96954, 98530, 96954, 95197, 92773, 90689, 92773, 95803, 90689, 92773, 90083, 92773, 93416, 94991, 93416, 92713, 96712, 95137, 96106, 94531, 98530, 96203, 89137, 81296, 89683, 76303, 60184, 95900, 77418, 92810, 72667, 79939, 73782, 81054, 104384, 78630, 91901, 64632, 77418, 61299, 64935, 69335, 68026, 76206, 63178, 73116, 65602, 60754, 88471, 87926, 81296, 87926, 81296, 87926, 79987, 88471, 87926, 85744, 89137, 88471, 89137, 83320, 74994, 58876, 94591, 93016, 76109, 78230, 78230, 91501, 73928, 62511, 83078, 69783, 69783, 69480, 83078, 70595, 68474, 83078, 74231, 100954, 89137, 99439, 89683, 91901, 89683, 89683, 80957, 104287, 95233, 97112, 95536, 98227, 88471, 87926, 84629, 87926, 84629, 87926, 83320, 89743, 88471, 83078, 73116, 83078, 73116, 83078, 71807, 84290, 89137, 82205, 89137, 82205, 89137, 80896, 90349, 83078, 69480, 97051, 81999, 89683, 81296, 86447, 94531, 85332, 89683, 84629, 89683, 84932, 76206, 95803, 92713, 74934, 74631, 63214, 91295, 64026, 62572, 72510, 91901, 94591, 91501, 94627, 93719, 66450, 95137, 89683, 89683, 86047, 98166, 96409, 93319, 75746, 95839, 96651, 100954, 100651, 58876, 62511, 88471, 83320, 80896, 90592, 63323, 71807, 94591, 91501, 93925, 98469, 89683, 81599, 94531, 84932, 84229, 83078, 68874, 63214, 64329, 96506, 94930, 98930, 85938, 87926, 85332, 85332, 88471, 84629, 88022, 86447, 87926, 84023, 88471, 62911, 77018, 62911, 78230, 66450, 98627, 97051, 62208, 78230, 64026, 78230, 72061, 72061, 71358, 70752, 83078, 74934, 83078, 72510, 68935, 68329, 61905, 77018, 64026, 98166, 78230, 65141, 78230, 61202, 73176, 72473, 71867, 83078, 73625, 88022, 84023, 86714, 84023, 87926, 85138, 89137, 87926, 87926, 84932, 87356, 84932, 88471, 84229, 87926, 86047, 90046, 77018, 77018, 98530, 77018, 78230, 99439, 95233, 60087, 78230, 64632, 62208, 77018, 62208, 64632, 65747, 97924, 96348, 78230, 94834, 70050, 83078, 83078, 81866, 72510, 83078, 85538, 87926, 84932, 89137, 86653, 87926, 83623, 83078, 74631, 72813, 72207, 81866, 72207, 83078, 75746, 71504, 83078, 73928, 83078, 73322, 83078, 93719, 78230, 94482, 87926, 88471, 87926, 94022, 89683, 89137, 87926, 88471, 88471, 59578, 75697, 95294, 77418, 76812, 92204, 91295, 76812, 88471, 88471, 87926, 94022, 89683, 89137, 87926, 88471, 88022, 88471, 89137, 90689, 93379, 90289, 83078, 63820, 89477, 74994, 94627, 79333, 78024, 93319, 95137, 89683, 87926, 88471, 88471, 89137, 96409, 77927, 93779, 96506, 96045, 99439, 95742, 89683, 89683, 91901, 94591, 91501, 84290, 91295, 88871, 61602, 74388, 92410, 95742, 88471, 89683, 88471, 93319, 88471, 88471, 89137, 94591, 91501, 89780, 58876, 56452, 57567, 88471, 88168, 60899, 73685, 68171, 91804, 89380, 79745, 83078, 96651, 98772, 99742, 70849, 75297, 82569, 73479, 83623, 80751, 72873, 80145, 71055, 80751, 74594, 83623, 81866, 69747, 79442, 82169, 89137, 89683, 79333, 78630, 78024, 87926, 81599, 111958, 107110, 113073, 108831, 105801, 100954, 83078, 65638, 90749, 89174, 67153, 79442, 66450, 85502, 78872, 89331, 87756, 112661, 111958, 111352, 88665, 88059, 89634, 88059, 91998, 91392, 92967, 91392, 90689, 74485, 68971, 76243, 84290, 75637, 84290, 76243, 84290, 74934, 88665, 90349, 88059, 90349, 88665, 90349, 78363, 75940, 84290, 75334, 77757, 77757, 77055, 84290, 74631, 79575, 84290, 78969, 84290, 79575, 84290, 79442, 65335, 98663, 100481, 103511, 65335, 71092, 81090, 68971, 79575, 101996, 102808, 100687, 104117, 99778, 104929, 103414, 100081, 103717, 90895, 92604, 91901, 89780, 89683, 91392, 90895, 103111, 78230, 84290, 76449, 80387, 67662, 84290, 74934, 78266, 111958, 111352, 97148, 98360, 97960, 101596, 90895, 93210, 90895, 99984, 97960, 80387, 84290, 99984, 97148, 90895, 91089, 90349, 87756, 99778, 91901, 90895, 90689, 77818, 101293, 84290, 90895, 93719, 92604, 90895, 97051, 95936, 68668, 100384, 95536, 77963, 101996, 101693, 91355, 89780, 91089, 84290, 74631, 84290, 96239, 97209, 95633, 112661, 99633, 97815, 96239, 96506, 94930, 102808, 103111, 101354, 100748, 101390, 101390, 104626, 100687, 102505, 111352, 106504, 99633, 97815, 96239, 99572, 100542, 98966, 102966, 99572, 99839, 98263, 96506, 94930, 98324, 98930, 97621, 100687, 103923, 111958, 110649, 105801, 100081, 108928, 104081, 99378, 105196, 98966, 99936, 98360, 102360, 98966, 98360, 99936, 98360, 99778, 101596, 104929, 101596, 97657, 103414, 101657, 100081, 101051, 99475, 105232, 105232, 116503, 103475, 100542, 98966, 99233, 97657, 104081, 99778, 101051, 103814, 102299, 101693, 101693, 103111, 104929, 104929, 100990, 103414, 102808, 112964, 114685, 111655, 106807, 99233, 97657, 101051, 97657, 98627, 97051, 114079, 101051, 99233, 97657, 104226, 100893, 97924, 96348, 104529, 102772, 102166, 102808, 102808, 106044, 106044, 102105, 103923, 112770, 107922, 101657, 100348, 103111, 100990, 100384, 112261, 109231, 104384, 100990, 104226, 99681, 110952, 106104, 105499, 99875, 99269, 100845, 99269, 99269, 100081, 98566, 100384, 103717, 100384, 99778, 99075, 98566, 102566, 100990, 99536, 97960, 102602, 103414, 101899, 103717, 103717, 114079, 114988, 101960, 98566, 99536, 97960, 101960, 98566, 97960, 99536, 97960, 99378, 101196, 104529, 101196, 97257, 103014, 101257, 99681, 100651, 99075, 104832, 104832, 116103, 103075, 100142, 98566, 98833, 97257, 103681, 99378, 100651, 103414, 101899, 101293, 101293, 102711, 104529, 104529, 100590, 103014, 102408, 112564, 114285, 111255, 106407, 98930, 99839, 98263, 101657, 102263, 100954, 98118, 96542, 100542, 96542, 98118, 96542, 95839, 99839, 98263, 98724, 97148, 97415, 95839, 102263, 99233, 100481, 99875, 99875, 101293, 99172, 101596, 111146, 109837, 104989, 99233, 97657, 102299, 103111, 101596, 103414, 103414, 114685, 101657, 95839, 96809, 95233, 112261, 99233, 97415, 95839, 96106, 94531, 102408, 102711, 100954, 100348, 100990, 100990, 104226, 100287, 102105, 110952, 106104, 99839, 98530, 99233, 97415, 95839, 99172, 100142, 98566, 102566, 99172, 99439, 97863, 104287, 103681, 101051, 110843, 110443, 97960, 65335, 99475, 80387, 78230, 68971, 79442, 74485, 74485, 73176, 84290, 80690, 70752, 90446, 90446, 89137, 86447, 89137, 91901, 93779, 92204, 91355, 89780, 94894, 89683, 90689, 89137, 87356, 89137, 87356, 89137, 86047, 92470, 77055, 78230, 84290, 84290, 74631, 74631, 84290, 83078, 78266, 84290, 110952, 97960, 90895, 80387, 91901, 77721, 90349, 87356, 68668, 102808, 104687, 93779, 93779, 92470, 90386, 92264, 90689, 84290, 84290, 84290, 91355, 91355, 90349, 99778, 87756, 89137, 87150, 93719, 100081, 92058, 90483, 101863, 103111, 82205, 97754, 78969, 102202, 97354, 70486, 99984, 79781, 99984, 97960, 80387, 99984, 100651, 101087, 100687, 102505, 90895, 92507, 93319, 104626, 104226, 102469, 97051, 69783, 78266, 101499, 96651, 89683, 89780, 89137, 86447, 98469, 90592, 87356, 87356, 89683, 89380, 79078, 100651, 100384, 99984, 101802, 92204, 90895, 89137, 86750, 92204, 91658, 90083, 91501, 78230, 68365, 78230, 78230, 67662, 84290, 80084, 104081, 91089, 90483, 92058, 90483, 93173, 91598, 95597, 92664, 91089, 91355, 89780, 93173, 91658, 90083, 68062, 70486, 71601, 102202, 78230, 67359, 82205, 84290, 79781, 77212, 83078, 78969, 84290, 84290, 69177, 103317, 68474, 84290, 80896, 84290, 90749, 89174, 93173, 90046, 88471, 94288, 94082, 92204, 94082, 92507, 92204, 90689, 90083, 91658, 90083, 91501, 93379, 91804, 92773, 91198, 95197, 78230, 111861, 72207, 67359, 69783, 69783, 80387, 81502, 112867, 114382, 115800, 113982, 83078, 77660, 83078, 83078, 76958, 92810, 94082, 92264, 90689, 90955, 89380, 95803, 92773, 83078, 77357, 79781, 83078, 76655, 84290, 99778, 84290, 100239, 98930, 90895, 88725, 89683, 89840, 99778, 100081, 89331, 90895, 89137, 92058, 91901, 89634, 89683, 90749, 90895, 89137, 92204, 78230, 103111, 78230, 84290, 84290, 83078, 84290, 83078, 97754, 102202, 97354, 99172, 83078, 89683, 89683, 93719, 90895, 92604, 91901, 89683, 89683, 90895, 92204, 98772, 96748, 79175, 77018, 98772, 83078, 76243, 97051, 95936, 75940, 98772, 100384, 95536, 77963, 78266, 101087, 100687, 102505, 83078, 77818, 74085, 83781, 93719, 93016, 89440, 93319, 84290, 99075, 97960, 102408, 84290, 99984, 98869, 97354, 100990, 96445, 95330, 98772, 99778, 94930, 98469, 100287, 91295, 89683, 89683, 87926, 89683, 92410, 99172, 103620, 98772, 91295, 90749, 89683, 89683, 90895, 100651, 78266, 94627, 95742, 89683, 89137, 89137, 98469, 90592, 87356, 89683, 94627, 64026, 78230, 75746, 99075, 97318, 94228, 84290, 84290, 101802, 74485, 78933, 77115, 76509, 90895, 89137, 77321, 90749, 90895, 93925, 85090, 112261, 111558, 110952, 94785, 93210, 95391, 93816, 98118, 97415, 85502, 81393, 95391, 93816, 81090, 82908, 82205, 86302, 70486, 86847, 79442, 74122, 107147, 107959, 105838, 109874, 104929, 108565, 110177, 105838, 109474, 96506, 94930, 95439, 97148, 85538, 84993, 83417, 104420, 108056, 95027, 93513, 94627, 95330, 103511, 103111, 106747, 76243, 103814, 96348, 101996, 84423, 106844, 106444, 96348, 103414, 96348, 107753, 73819, 96845, 101390, 110237, 117109, 104081, 107147, 106541, 108662, 107959, 109777, 105838, 105389, 104723, 113570, 107413, 104081, 104117, 107510, 112964, 104117, 103511, 112358, 105632, 104929, 106747, 112503, 104117, 102808, 110989, 114079, 108625, 109268, 109268, 108565, 110383, 106807, 107450, 106844, 108965, 108262, 110080, 107450, 106141, 117412, 106807, 102808, 111655, 105499, 108565, 107959, 110080, 109377, 111195, 107256, 108262, 106141, 114988, 116103, 105026, 104420, 113267, 108419, 105026, 104420, 104420, 106541, 105838, 107656, 107656, 103717, 109474, 106141, 105535, 111292, 111292, 105535, 104929, 104226, 105026, 103717, 110140, 119230, 107110, 108359, 107753, 107753, 109874, 109171, 110989, 110989, 107050, 109474, 108868, 113873, 117412, 112564, 103717, 107110, 112564, 103717, 103111, 111958, 105232, 105232, 104529, 110286, 106953, 106347, 112104, 103717, 102408, 110589, 113679, 108831, 108225, 108868, 108868, 108165, 109983, 107716, 106407, 109171, 107050, 106444, 108565, 107862, 110286, 109680, 107050, 105741, 117012, 107413, 102299, 105692, 111146, 102299, 101693, 110540, 102299, 100990, 107413, 106298, 104989, 105632, 105026, 107147, 107147, 106444, 105632, 104323, 116297, 115594, 114988, 106807, 107450, 107450, 108868, 106747, 109171, 108565, 112261, 100990, 117412, 104384, 109837, 116709, 103681, 106747, 106141, 108262, 107559, 109377, 105438, 116103, 104989, 104323, 107716, 113170, 107013, 105995, 105535, 87962, 109534, 84726, 98263, 96506, 85538, 79781, 97960, 99839, 94482, 92907, 99633, 97815, 103814, 96542, 86241, 84726, 97754, 97354, 82811, 96348, 99778, 110686, 103111, 85538, 96239, 97051, 97051, 93816, 92204, 95839, 94082, 92507, 94082, 92507, 95839, 96651, 105535, 96348, 97415, 79442, 89234, 95633, 104480, 96239, 96506, 94930, 100748, 96542, 99233, 75637, 74934, 87356, 108262, 86241, 85696, 84120, 84993, 83417, 97621, 98663, 97960, 99778, 97657, 106504, 97960, 96809, 95233, 95839, 99075, 96106, 94531, 100348, 74934, 108868, 86811, 86108, 99839, 98530, 83114, 84932, 84229, 95027, 93876, 93173, 105838, 95027, 94482, 96506, 94785, 94785, 94627, 95900, 95391, 84290, 84290, 84290, 85696, 86302, 103814, 103111, 95137, 97354, 78230, 93173, 96506, 94627, 81599, 104626, 85502, 101996, 95137, 84423, 106444, 95536, 103414, 79442, 95137, 84993, 96239, 104929, 97354, 102905, 102202, 102505, 103208, 95330, 101390, 95137, 83817, 104323, 96445, 106238, 105838, 107656, 95137, 102808, 95137, 98469, 94421, 98869, 93719, 105232, 94022, 94022, 93476, 96809, 79442, 84726, 101087, 102505, 95137, 100687, 95137, 95137, 102202, 106650, 101802, 103620, 93719, 92204, 94082, 94627, 94082, 93319, 95197, 102505, 95137, 100687, 83114, 95742, 105535, 105135, 106953, 95137, 102105, 95137, 84993, 84290, 96506, 112297, 115024, 113715, 114624, 113206, 109874, 101996, 109268, 113715, 112600, 110177, 110177, 109571, 110177, 108868, 114624, 113509, 112903, 113509, 112200, 108868, 113315, 112200, 107450, 110783, 112600, 113206, 111897, 111897, 102299, 89877, 101390, 98663, 102299, 100990, 101693, 100990, 96542, 86241, 107147, 96348, 97354, 99875, 97354, 100687, 108565]
VoyageDuration: [2, 2, 2, 2, 2, 2, 2, 2, 2, 2, 2, 2, 2, 2, 2, 2, 2, 2, 2, 2, 2, 2, 2, 2, 2, 2, 2, 2, 2, 2, 2, 2, 2, 2, 2, 2, 2, 2, 2, 2, 2, 2, 2, 2, 3, 3, 3, 3, 2, 2, 2, 2, 2, 2, 2, 2, 2, 2, 2, 2, 2, 2, 2, 2, 2, 2, 3, 2, 2, 2, 2, 2, 2, 2, 2, 2, 2, 2, 3, 2, 2, 2, 2, 2, 2, 2, 2, 3, 3, 3, 3, 2, 2, 2, 2, 2, 2, 2, 2, 2, 2, 2, 2, 2, 2, 2, 2, 2, 2, 2, 2, 2, 2, 2, 2, 2, 3, 3, 3, 3, 2, 2, 2, 2, 2, 2, 2, 2, 2, 3, 2, 2, 2, 2, 2, 2, 3, 3, 2, 3, 3, 2, 2, 2, 2, 2, 2, 2, 2, 2, 3, 3, 2, 2, 3, 3, 2, 3, 2, 2, 3, 3, 2, 2, 3, 2, 3, 2, 3, 3, 3, 2, 3, 2, 3, 3, 3, 3, 3, 3, 3, 3, 3, 3, 3, 3, 2, 2, 2, 2, 2, 2, 2, 2, 2, 2, 2, 2, 2, 3, 3, 3, 2, 2, 2, 2, 3, 2, 2, 2, 2, 2, 2, 2, 2, 2, 2, 2, 2, 2, 2, 2, 3, 3, 3, 2, 2, 2, 2, 2, 2, 2, 3, 2, 2, 2, 2, 2, 2, 2, 2, 2, 3, 2, 3, 3, 2, 2, 2, 2, 2, 2, 2, 2, 3, 2, 2, 2, 3, 2, 2, 2, 2, 2, 2, 2, 2, 2, 2, 2, 2, 2, 3, 3, 3, 2, 2, 2, 2, 2, 2, 2, 3, 2, 2, 2, 2, 2, 2, 3, 3, 2, 2, 2, 2, 2, 2, 2, 2, 2, 3, 3, 2, 3, 3, 3, 2, 3, 2, 2, 2, 2, 2, 3, 2, 2, 2, 3, 2, 2, 3, 3, 3, 2, 3, 2, 3, 3, 3, 3, 2, 2, 2, 2, 2, 2, 2, 2, 2, 2, 2, 2, 2, 2, 2, 2, 3, 2, 2, 2, 2, 2, 3, 2, 2, 2, 2, 2, 3, 3, 2, 3, 2, 3, 3, 3, 2, 2, 3, 3, 3, 2, 2, 3, 3, 3, 2, 3, 2, 2, 3, 2, 2, 2, 2, 3, 2, 2, 2, 3, 3, 3, 2, 3, 3, 3, 3, 3, 3, 3, 3, 2, 3, 3, 3, 2, 2, 2, 3, 2, 3, 3, 2, 3, 3, 3, 2, 2, 3, 2, 2, 3, 2, 3, 3, 3, 3, 2, 2, 3, 3, 2, 3, 2, 3, 3, 3, 2, 2, 2, 3, 2, 2, 2, 2, 3, 3, 3, 3, 3, 3, 3, 3, 3, 3, 3, 3, 3, 3, 3, 3, 3, 3, 3, 3, 3, 3, 3, 3, 3, 3, 3, 3, 3, 3, 3, 3, 3, 3, 3, 3, 3, 3, 3, 3, 3, 3, 3, 3, 3, 3, 3, 3, 3, 3, 3, 3, 3, 3, 3, 3, 3, 3, 3, 3, 3, 3, 3, 3, 3, 3, 3, 3, 3, 3, 3, 3, 3, 3, 3, 3, 3, 3, 3, 3, 3, 3, 3, 3, 3, 3, 3, 3, 3, 3, 3, 3, 3, 3, 3, 3, 3, 2, 2, 2, 2, 2, 2, 2, 2, 2, 2, 3, 3, 3, 2, 2, 3, 2, 3, 2, 2, 2, 2, 3, 2, 2, 2, 2, 3, 3, 3, 3, 3, 3, 3, 3, 3, 3, 2, 2, 3, 3, 2, 2, 2, 2, 2, 2, 3, 3, 3, 3, 2, 2, 2, 2, 3, 3, 3, 3, 3, 3, 2, 3, 2, 2, 2, 2, 2, 2, 3, 3, 3, 2, 2, 2, 3, 3, 3, 3, 2, 3, 2, 3, 3, 3, 3, 3, 3, 3, 2, 2, 2, 3, 3, 3, 2, 3, 3, 2, 3, 2, 3, 3, 3, 3, 3, 3, 3, 2, 2, 2, 2, 2, 2, 2, 2, 2, 3, 2, 3, 3, 2, 2, 2, 2, 2, 3, 3, 3, 3, 3, 3, 3, 3, 3, 3, 3, 3, 3, 3, 3, 3, 2, 2, 2, 3, 3, 2, 2, 2, 3, 2, 3, 3, 3, 2, 2, 3, 2, 3, 3, 2, 2, 3, 2, 2, 3, 3, 2, 2, 3, 2, 3, 2, 2, 3, 2, 3, 2, 2, 3, 2, 3, 3, 2, 3, 3, 2, 2, 2, 3, 3, 2, 3, 3, 3, 3, 3, 3, 3, 3, 3, 3, 3, 3, 3, 2, 3, 2, 2, 2, 3, 3, 3, 2, 2, 2, 2, 2, 2, 2, 2, 2, 3, 3, 3, 3, 3, 3, 2, 3, 2, 2, 2, 2, 2, 2, 3, 3, 3, 3, 3, 3, 2, 3, 2, 2, 2, 2, 2, 2, 3, 3, 3, 3, 2, 3, 2, 3, 3, 2, 2, 3, 2, 2, 2, 3, 2, 3, 2, 3, 2, 3, 3, 3, 3, 3, 3, 3, 3, 3, 3, 3, 3, 3, 3, 3, 3, 2, 2, 2, 2, 2, 2, 2, 2, 2, 2, 3, 2, 2, 3, 3, 3, 3, 3, 3, 3, 2, 2, 3, 3, 2, 2, 2, 3, 2, 2, 3, 3, 2, 3, 2, 2, 2, 3, 2, 3, 3, 2, 3, 3, 3, 2, 3, 3, 2, 2, 2, 3, 3, 3, 3, 3, 3, 3, 3, 3, 3, 3, 3, 3, 3, 3, 3, 3, 2, 3, 2, 3, 2, 3, 3, 2, 2, 2, 2, 3, 3, 3, 3, 3, 3, 3, 3, 3, 3, 3, 3, 3, 3, 3, 3, 3, 3, 3, 2, 2, 3, 3, 2, 3, 3, 3, 3, 3, 3, 3, 3, 3, 2, 3, 3, 3, 2, 3, 3, 3, 3, 3, 3, 3, 2, 3, 3, 3, 3, 3, 3, 3, 3, 3, 3, 2, 3, 2, 2, 3, 2, 3, 3, 3, 3, 3, 3, 3, 3, 3, 3, 3, 3, 3, 3, 3, 3, 3, 3, 3, 3, 3, 3, 3, 3, 3, 3, 3, 3, 3, 3, 3, 3, 3, 3, 3, 3, 3, 3, 3, 3, 3, 3, 3, 3, 3, 3, 3, 3, 3, 3, 3, 3, 3, 3, 3, 3, 3, 3, 3, 3, 3, 3, 3, 3, 3, 3, 3, 3, 3, 3, 3, 3, 3, 3, 3, 3, 3, 3, 3, 3, 3, 3, 3, 3, 3, 3, 3, 3, 3, 3, 3, 3, 3, 3, 3, 3, 3, 3, 3, 3, 3, 3, 3, 3, 3, 3, 3, 3, 3, 3, 3, 3, 3, 3, 3, 3, 3, 3, 3, 3, 3, 3, 3, 3, 3, 3, 3, 3, 3, 3, 3, 3, 3, 3, 3, 3, 3, 3, 3, 3, 3, 3, 3, 3, 3, 3, 3, 3, 3, 3, 3, 3, 3, 3, 3, 3, 3, 3, 3, 3, 3, 3, 3, 3, 3, 3, 3, 3, 3, 3, 3, 3, 3, 3, 3, 3, 3, 3, 3, 3, 3, 3, 3, 3, 3, 3, 3, 3, 3, 3, 3, 3, 3, 3, 3, 3, 3, 3, 3, 3, 3, 3, 3, 3, 3, 3, 3, 3, 3, 2, 3, 3, 3, 3, 3, 3, 3, 3, 3, 3, 2, 3, 2, 2, 2, 2, 3, 2, 3, 2, 2, 3, 3, 3, 3, 3, 3, 3, 3, 3, 3, 3, 3, 3, 3, 3, 2, 3, 3, 3, 3, 3, 3, 3, 2, 3, 2, 2, 2, 3, 2, 2, 3, 3, 3, 3, 3, 3, 3, 3, 3, 3, 3, 3, 3, 3, 3, 3, 3, 3, 3, 3, 3, 3, 3, 3, 3, 3, 3, 3, 3, 2, 3, 3, 3, 3, 3, 3, 3, 3, 3, 2, 3, 3, 3, 3, 3, 3, 3, 3, 3, 3, 3, 3, 3, 3, 3, 3, 2, 3, 2, 2, 2, 3, 3, 3, 3, 3, 2, 3, 3, 3, 3, 3, 3, 3, 3, 3, 3, 3, 3, 2, 2, 3, 3, 3, 3, 2, 2, 3, 3, 3, 3, 3, 3, 3, 3, 3, 3, 2, 2, 2, 3, 3, 3, 3, 3, 3, 3, 3, 3, 3, 3, 3, 3, 3, 2, 3, 2, 3, 2, 3, 3, 2, 3, 2, 3, 3, 3, 2, 3, 3, 3, 3, 2, 2, 2, 2, 3, 2, 3, 3, 2, 3, 2, 3, 3, 3, 3, 3, 3, 3, 3, 3, 3, 3, 3, 3, 3, 3, 3, 3, 3, 3, 3, 3, 3, 3, 3, 3, 3, 3, 3, 3, 2, 3, 2, 2, 3, 2, 2, 2, 3, 3, 3, 3, 2, 3, 3, 3, 3, 3, 3, 3, 3, 3, 3, 3, 3, 3, 3, 3, 2, 3, 3, 3, 3, 2, 3, 3, 3, 3, 3, 3, 3, 3, 3, 3, 3, 3, 3, 3, 3, 3, 3, 2, 3, 3, 3, 3, 3, 3, 3, 3, 3, 3, 3, 3, 3, 3, 3, 3, 3, 3, 3, 3, 3, 3, 2, 3, 3, 3, 3, 3, 3, 3, 3, 3, 3, 3, 3, 3, 3, 3, 3, 3, 3, 3, 3, 3, 3, 3, 3, 3, 3, 3, 2, 3, 3, 3, 3, 3, 3, 3, 3, 3, 3, 3, 3, 3, 2, 2, 2, 3, 3, 2, 3, 2, 3, 3, 3, 3, 3, 3, 3, 3, 3, 3, 3, 3, 3, 3, 3, 3, 3, 3, 3, 3, 3, 3, 3, 3, 3, 3, 3, 3, 3, 3, 3, 3, 3, 3, 3, 3, 3, 2, 3, 3, 2, 3, 2, 3, 3, 3, 3, 3, 3, 3, 3, 3, 3, 3, 3, 3, 3, 3, 3, 3, 2, 3, 3, 3, 3, 3, 3, 3, 3, 3, 3, 3, 3, 3, 3, 3, 3, 3, 3, 3, 3, 3, 3, 3, 3, 3, 3, 3, 3, 3, 2, 3, 3, 3, 2, 3, 3, 2, 3, 3, 3, 3, 3, 3, 3, 3, 3, 3, 3, 3, 3, 3, 3, 3, 3, 3, 3, 3, 3, 3, 2, 3, 3, 3, 3, 3, 3, 3, 3, 3, 3, 3, 3, 3, 3, 3, 3, 3, 3, 3, 3, 3, 3, 3, 3, 3, 3, 3, 3, 3, 3, 3, 3, 3, 3, 3, 2, 3, 3, 3, 3, 3, 3, 3, 3, 3, 3, 3, 3, 3, 3, 3, 3, 3, 3, 3, 3, 3, 3, 3, 3, 3, 3, 3, 3, 3, 3, 3, 3, 3, 3, 3, 3, 3, 3, 3, 3, 3, 3, 3, 3, 3, 3, 3, 3, 3, 3, 3, 3, 3, 3, 3, 3, 3, 3, 3, 3, 3, 3, 3, 3, 3, 3, 3, 3, 3, 3, 3, 3, 3, 3, 3, 3, 3, 3, 3, 3, 3, 3, 3, 3, 3, 3, 3, 3, 3, 3, 3, 3, 3, 3, 3, 3, 3, 3, 3, 3, 3, 3, 3, 3, 3, 3, 3, 3, 3, 3, 3, 3, 3, 3, 3, 3, 3, 3, 3, 3, 3, 3, 3, 3, 3, 3, 3, 3, 3, 3, 3, 3, 3, 3, 3, 3, 3, 3, 3, 3, 3, 3, 3, 3, 3, 3, 3, 3, 3, 3, 3, 3, 3, 3, 3, 3, 3, 3, 3, 3, 3, 3, 3, 3, 3, 3, 3, 3, 3, 3, 3, 3, 3, 3, 3, 3, 3, 3, 3, 3, 3, 3, 3, 3, 3, 3, 3, 3, 3, 3, 3, 3, 3, 3, 3, 3, 3, 3, 3, 3, 3, 3, 3, 3, 3, 3, 3, 3, 3, 3, 3, 3, 3, 3, 3, 3, 3, 3, 3, 3, 3, 3, 3, 3, 3, 3, 3, 3, 3, 3, 3, 3, 3, 3, 3, 3, 3, 3, 3, 3, 3, 3, 3, 3, 3, 3, 3, 3, 3, 3, 3, 3, 3, 3, 3, 3, 3, 3, 3, 3, 3, 3, 3, 3, 3, 3, 3, 3, 3, 3, 3, 3, 3, 3, 3, 3, 3, 3, 3, 3, 3, 3, 3, 2, 3, 3, 3, 3, 3, 3, 3, 3, 3, 3, 3, 3, 3, 3, 3, 3, 3, 3, 3, 3, 3, 3, 3, 3, 3, 3, 3, 3, 3, 3, 3, 3, 3, 3, 3, 3, 3, 3, 3, 3, 3, 3, 3, 3, 3, 3, 3, 3, 3, 3, 3, 3, 3, 3, 3, 3, 3, 3, 3, 3, 3, 3, 3, 3, 3, 3, 3, 3, 3, 3, 3, 3, 3, 3, 3, 3, 3, 3, 3, 3, 3, 3, 3, 3, 3, 3, 3, 3, 3, 3, 3, 3, 3, 3, 3, 3, 3, 3, 3, 3, 3, 3, 3, 3, 3, 3, 3, 3, 3, 3, 3, 3, 3, 3, 3, 3, 3, 3, 3, 3, 3, 3, 3, 3, 3, 3, 3, 3, 2, 3, 3, 3, 3, 3, 3, 3, 3, 3, 3, 3, 3, 3, 3, 3, 3, 3, 3, 3, 3, 3, 3, 2, 3, 3, 3, 3, 3, 3, 3, 3, 3, 3, 3, 3, 3, 3, 3, 3, 3, 3, 3, 3, 3, 3, 3, 3, 3, 3, 3, 3, 3, 3, 3, 3, 3, 3, 3, 3, 3, 3, 2, 3, 3, 3, 3, 3, 3, 3, 3, 3, 3, 3, 3, 3, 3, 3, 3, 3, 3, 3, 3, 3, 3, 3, 3, 3, 3, 3, 3, 3, 3, 3, 3, 3, 3, 3, 3, 3, 3, 3, 3, 3, 3, 3, 3, 3, 3, 3, 3, 3, 3, 3, 3, 3, 3, 3, 3, 3, 3, 3, 3, 3, 3, 3, 3, 3, 3, 3, 3, 3, 3, 3, 3, 3, 3, 3, 3, 3, 3, 3, 3, 3, 3, 3, 3, 3, 3, 3, 3, 3, 3, 3, 3, 3, 3, 3, 3, 3, 3, 3, 3, 3, 3, 3, 3, 3, 3, 3, 3, 3, 3, 3, 3, 3, 3, 3, 3, 3, 3, 3, 3, 3, 3, 3, 3, 3, 3, 3, 3, 3, 3, 3, 3, 3, 3, 3, 3, 3, 3, 3, 2, 3, 3, 3, 3, 3, 3, 3, 3, 3, 3, 3, 3, 3, 3, 3, 3, 3, 3, 3, 3, 3, 3, 3, 3, 3, 3, 3, 3, 3, 3, 3, 3, 3, 3, 3, 3, 3, 3, 3, 3, 3, 3, 3, 3, 3, 3, 3, 3, 3, 3, 3, 3, 3, 3, 3, 3, 3, 3, 3, 3, 3, 3, 3, 3, 3, 3, 3, 3, 3, 3, 3, 3, 3, 3, 3, 3, 3, 3, 3, 3, 3, 3, 3, 3, 3, 3, 3, 3, 3, 3, 3, 3, 3, 3, 3, 3, 3, 3, 3, 3, 3, 3, 3, 3, 3, 3, 3, 3, 3, 3, 3, 3, 3, 3, 3, 3, 3, 3, 3, 3, 3, 3, 3, 3, 3, 3, 3, 3, 3, 3, 3, 3, 3, 3, 3, 3, 3, 3, 3, 3, 3, 3, 3, 3, 3, 3, 3, 3, 3, 3, 3, 3, 3, 3, 3, 3, 3, 3, 3, 3, 3, 3, 3, 3, 3, 3, 3, 3, 3, 3, 3, 3, 3, 3, 3, 3, 3, 3, 3, 3, 3, 3, 3, 3, 3, 3, 3, 3, 3, 3, 3, 3, 3, 3, 3, 3, 3, 3, 3, 3, 3, 3, 3, 3, 3, 3, 3, 3, 3, 3, 3, 3, 3, 3, 3, 3, 3, 3, 3, 3, 3, 3, 3, 3, 3, 3, 3, 3, 3, 3, 3, 3, 3, 3, 3, 3, 3, 3, 3, 3, 3, 3, 3, 3, 3, 3, 3, 3, 3, 3, 3, 3, 3, 3, 3, 3, 3, 3, 3, 3, 3, 3, 3, 3, 3, 3, 3, 3, 3, 3, 3, 3, 3, 3, 3, 3, 3, 3, 3, 3, 3, 3, 3, 3, 3, 3, 3, 3, 3, 3, 3, 3, 3, 3, 3, 3, 3, 3, 3, 3, 3, 3, 3, 3, 3, 3, 3, 3, 3, 3, 3, 3, 3, 3, 3, 3, 3, 3, 3, 3, 3, 3, 3, 3, 3, 3, 3, 3, 3, 3, 3, 3, 3, 3, 3, 3, 3, 3, 3, 3, 3, 3, 3, 3, 3, 3, 3, 3, 3, 3, 3, 3, 3, 3, 3, 3, 3, 3, 3, 3, 3, 3, 3, 3, 3, 3, 3, 3, 3, 3, 3, 3, 3, 3, 3, 3, 3, 3, 3, 3, 3, 3, 3, 3, 3, 3, 3, 3, 3, 3, 3, 3, 3, 3, 3, 3, 3, 3, 3, 3, 3, 3, 3, 3, 3, 3, 3, 3, 3, 3, 3, 3, 3, 3, 3, 3, 3, 3, 3, 3, 3, 3, 3, 3, 3, 3, 3, 3, 3, 3, 3, 3, 3, 3, 3, 3, 3, 3, 3, 3, 3, 3, 3, 3, 3, 3, 3, 3, 3, 3, 3, 3, 3, 3, 3, 3, 3, 3, 3, 3, 3, 3, 3, 3, 3, 3, 3, 3, 3, 3, 3, 3, 3, 3, 3, 3, 3, 3, 3, 3, 3, 3, 3, 3]
TimeCharterCost: [120000, 125000, 130000, 110000, 104000]
RequiredVisits: [6, 5, 5, 5, 2, 2, 5, 6, 6, 1, 4, 4]
NumberOfDaysAvailable: [7, 7, 7, 7, 7]
DepotCapacity: [3, 3, 3, 3, 3, 3, 3]
