!Summary:
!Execution time: 0,52 seconds
!Total # voyages: 268 (492 unique)
!Number of installations (excluding depot): 9
!Number of time windows: 2
!Number of vessels: 5

!Min. # installations: 1
!Max. number of installations: 8
!Min. duration: 56
!Max. duration: 80

!Name: FarStar	 # voyages: 70
!Name: FarSymphony	 # voyages: 51
!Name: FarSearcher	 # voyages: 48
!Name: FarSeeker	 # voyages: 48
!Name: HavilaForesight	 # voyages: 51
!------------------------------------------------------------------------------------------------------------------------
nV : 5
nR : 492
nN : 9
nT : 7
minL : 2
maxL : 3

! Sets: 
Rv : [
[264, 267, 271, 299, 304, 325, 328, 385, 388, 389, 391, 393, 401, 402, 404, 406, 409, 412, 419, 420, 421, 433, 435, 437, 443, 444, 446, 449, 451, 453, 456, 457, 459, 462, 464, 466, 467, 468, 474, 475, 477, 478, 480, 481, 485, 486, 487, 491]!Vessel: FarSeeker
[264, 267, 271, 299, 304, 325, 328, 385, 388, 389, 391, 393, 401, 402, 404, 406, 409, 412, 419, 420, 421, 433, 435, 437, 443, 444, 446, 449, 451, 453, 456, 457, 459, 462, 464, 466, 467, 468, 474, 475, 477, 478, 480, 481, 485, 486, 487, 491]!Vessel: FarSearcher
[264, 267, 269, 271, 274, 278, 279, 299, 304, 310, 322, 325, 328, 331, 336, 352, 353, 355, 358, 359, 360, 376, 378, 390, 391, 401, 402, 404, 406, 409, 413, 417, 419, 420, 423, 434, 435, 443, 444, 446, 449, 451, 453, 456, 457, 459, 462, 467, 476, 480, 481]!Vessel: FarSymphony
[264, 267, 271, 274, 299, 304, 310, 322, 325, 328, 331, 336, 376, 378, 385, 388, 389, 390, 391, 393, 401, 402, 404, 406, 409, 412, 419, 420, 421, 433, 435, 437, 443, 444, 446, 449, 451, 453, 456, 457, 459, 462, 466, 467, 468, 476, 478, 480, 481, 487, 491]!Vessel: HavilaForesight
[134, 135, 157, 159, 181, 195, 201, 210, 211, 248, 249, 252, 254, 265, 267, 268, 269, 271, 273, 274, 278, 279, 286, 287, 288, 290, 299, 304, 310, 322, 325, 327, 328, 331, 336, 339, 352, 353, 355, 358, 359, 360, 365, 366, 367, 376, 377, 378, 386, 390, 391, 394, 401, 402, 411, 413, 414, 417, 418, 422, 423, 432, 434, 436, 438, 451, 456, 467, 476, 481]!Vessel: FarStar
] 

Rvi : [
!i : 1, 2, 3, 4, 5, 6, 7, 8, 9
[299, 412, 419, 420, 421, 443, 451, 468, 474, 475, 477, 478, 480, 481], [264, 267, 271, 328, 385, 388, 389, 391, 393, 401, 402, 404, 406, 409, 437, 443, 444, 446, 449, 462, 464, 466, 467, 468, 474, 477, 480, 485, 487, 491], [264, 267, 271, 299, 304, 325, 385, 388, 389, 391, 393, 404, 406, 412, 419, 420, 421, 433, 435, 443, 444, 446, 451, 453, 456, 457, 462, 464, 466, 467, 468, 474, 475, 477, 478, 480, 481, 485, 486, 491], [264, 267, 299, 304, 325, 328, 385, 388, 389, 401, 406, 409, 412, 419, 420, 421, 433, 435, 437, 443, 444, 446, 449, 451, 453, 456, 459, 464, 466, 467, 474, 475, 477, 478, 480, 481, 485, 486, 487], [267, 271, 325, 328, 388, 389, 391, 393, 401, 402, 404, 419, 420, 421, 433, 435, 437, 446, 449, 456, 457, 459, 466, 467, 468, 477, 478, 480, 481, 485, 486, 487, 491], [264, 267, 271, 299, 304, 325, 328, 385, 388, 389, 391, 393, 401, 402, 404, 406, 409, 412, 419, 420, 421, 433, 435, 437, 443, 444, 446, 449, 451, 453, 456, 457, 459, 462, 464, 466, 468, 474, 475, 477, 478, 485, 486, 487, 491], [304, 385, 388, 391, 393, 401, 402, 406, 409, 412, 419, 433, 437, 451, 453, 456, 457, 459, 462, 464, 466, 467, 468, 475, 478, 481, 486, 487, 491], [391, 401, 402, 404, 406, 409, 420, 435, 443, 444, 446, 449, 451, 453, 456, 457, 459, 462, 464, 466, 467, 468, 474, 475, 477, 478, 480, 481, 485, 486, 487, 491], [264, 271, 299, 304, 325, 328, 385, 389, 393, 402, 404, 409, 412, 421, 433, 435, 437, 444, 449, 453, 457, 459, 462, 464, 467, 474, 475, 480, 481, 485, 486, 487, 491]!Vessel: FarSeeker
[299, 412, 419, 420, 421, 443, 451, 468, 474, 475, 477, 478, 480, 481], [264, 267, 271, 328, 385, 388, 389, 391, 393, 401, 402, 404, 406, 409, 437, 443, 444, 446, 449, 462, 464, 466, 467, 468, 474, 477, 480, 485, 487, 491], [264, 267, 271, 299, 304, 325, 385, 388, 389, 391, 393, 404, 406, 412, 419, 420, 421, 433, 435, 443, 444, 446, 451, 453, 456, 457, 462, 464, 466, 467, 468, 474, 475, 477, 478, 480, 481, 485, 486, 491], [264, 267, 299, 304, 325, 328, 385, 388, 389, 401, 406, 409, 412, 419, 420, 421, 433, 435, 437, 443, 444, 446, 449, 451, 453, 456, 459, 464, 466, 467, 474, 475, 477, 478, 480, 481, 485, 486, 487], [267, 271, 325, 328, 388, 389, 391, 393, 401, 402, 404, 419, 420, 421, 433, 435, 437, 446, 449, 456, 457, 459, 466, 467, 468, 477, 478, 480, 481, 485, 486, 487, 491], [264, 267, 271, 299, 304, 325, 328, 385, 388, 389, 391, 393, 401, 402, 404, 406, 409, 412, 419, 420, 421, 433, 435, 437, 443, 444, 446, 449, 451, 453, 456, 457, 459, 462, 464, 466, 468, 474, 475, 477, 478, 485, 486, 487, 491], [304, 385, 388, 391, 393, 401, 402, 406, 409, 412, 419, 433, 437, 451, 453, 456, 457, 459, 462, 464, 466, 467, 468, 475, 478, 481, 486, 487, 491], [391, 401, 402, 404, 406, 409, 420, 435, 443, 444, 446, 449, 451, 453, 456, 457, 459, 462, 464, 466, 467, 468, 474, 475, 477, 478, 480, 481, 485, 486, 487, 491], [264, 271, 299, 304, 325, 328, 385, 389, 393, 402, 404, 409, 412, 421, 433, 435, 437, 444, 449, 453, 457, 459, 462, 464, 467, 474, 475, 480, 481, 485, 486, 487, 491]!Vessel: FarSearcher
[299, 310, 413, 417, 419, 420, 423, 443, 451, 476, 480, 481], [264, 267, 269, 271, 274, 278, 279, 328, 352, 353, 355, 376, 378, 390, 391, 401, 402, 404, 406, 409, 413, 417, 434, 443, 444, 446, 449, 462, 467, 476, 480], [264, 267, 269, 271, 274, 299, 304, 310, 322, 325, 336, 352, 353, 358, 359, 360, 378, 390, 391, 404, 406, 413, 417, 419, 420, 423, 434, 435, 443, 444, 446, 451, 453, 456, 457, 462, 467, 476, 480, 481], [264, 267, 274, 278, 299, 304, 310, 322, 325, 328, 331, 352, 355, 358, 360, 376, 390, 401, 406, 409, 413, 417, 419, 420, 423, 434, 435, 443, 444, 446, 449, 451, 453, 456, 459, 467, 476, 480, 481], [267, 269, 271, 278, 279, 310, 322, 325, 328, 331, 336, 358, 359, 390, 391, 401, 402, 404, 417, 419, 420, 423, 434, 435, 446, 449, 456, 457, 459, 467, 476, 480, 481], [264, 267, 269, 271, 274, 278, 279, 299, 304, 310, 322, 325, 328, 331, 336, 352, 353, 355, 358, 359, 360, 376, 378, 391, 401, 402, 404, 406, 409, 419, 420, 435, 443, 444, 446, 449, 451, 453, 456, 457, 459, 462], [269, 274, 278, 279, 304, 322, 331, 336, 376, 378, 390, 391, 401, 402, 406, 409, 417, 419, 423, 451, 453, 456, 457, 459, 462, 467, 476, 481], [352, 353, 355, 358, 359, 360, 391, 401, 402, 404, 406, 409, 413, 420, 434, 435, 443, 444, 446, 449, 451, 453, 456, 457, 459, 462, 467, 476, 480, 481], [264, 271, 279, 299, 304, 325, 328, 331, 336, 353, 355, 359, 360, 376, 378, 390, 402, 404, 409, 413, 423, 434, 435, 444, 449, 453, 457, 459, 462, 467, 480, 481]!Vessel: FarSymphony
[299, 310, 412, 419, 420, 421, 443, 451, 468, 476, 478, 480, 481], [264, 267, 271, 274, 328, 376, 378, 385, 388, 389, 390, 391, 393, 401, 402, 404, 406, 409, 437, 443, 444, 446, 449, 462, 466, 467, 468, 476, 480, 487, 491], [264, 267, 271, 274, 299, 304, 310, 322, 325, 336, 378, 385, 388, 389, 390, 391, 393, 404, 406, 412, 419, 420, 421, 433, 435, 443, 444, 446, 451, 453, 456, 457, 462, 466, 467, 468, 476, 478, 480, 481, 491], [264, 267, 274, 299, 304, 310, 322, 325, 328, 331, 376, 385, 388, 389, 390, 401, 406, 409, 412, 419, 420, 421, 433, 435, 437, 443, 444, 446, 449, 451, 453, 456, 459, 466, 467, 476, 478, 480, 481, 487], [267, 271, 310, 322, 325, 328, 331, 336, 388, 389, 390, 391, 393, 401, 402, 404, 419, 420, 421, 433, 435, 437, 446, 449, 456, 457, 459, 466, 467, 468, 476, 478, 480, 481, 487, 491], [264, 267, 271, 274, 299, 304, 310, 322, 325, 328, 331, 336, 376, 378, 385, 388, 389, 391, 393, 401, 402, 404, 406, 409, 412, 419, 420, 421, 433, 435, 437, 443, 444, 446, 449, 451, 453, 456, 457, 459, 462, 466, 468, 478, 487, 491], [274, 304, 322, 331, 336, 376, 378, 385, 388, 390, 391, 393, 401, 402, 406, 409, 412, 419, 433, 437, 451, 453, 456, 457, 459, 462, 466, 467, 468, 476, 478, 481, 487, 491], [391, 401, 402, 404, 406, 409, 420, 435, 443, 444, 446, 449, 451, 453, 456, 457, 459, 462, 466, 467, 468, 476, 478, 480, 481, 487, 491], [264, 271, 299, 304, 325, 328, 331, 336, 376, 378, 385, 389, 390, 393, 402, 404, 409, 412, 421, 433, 435, 437, 444, 449, 453, 457, 459, 462, 467, 480, 481, 487, 491]!Vessel: HavilaForesight
[134, 135, 254, 299, 310, 411, 413, 414, 417, 418, 422, 423, 451, 476, 481], [157, 159, 181, 254, 265, 267, 268, 269, 271, 273, 274, 278, 279, 286, 287, 288, 290, 328, 352, 353, 355, 376, 377, 378, 386, 390, 391, 394, 401, 402, 411, 413, 417, 418, 432, 434, 438, 467, 476], [134, 135, 157, 159, 195, 210, 211, 248, 249, 254, 265, 267, 268, 269, 271, 273, 274, 286, 299, 304, 310, 322, 325, 336, 352, 353, 358, 359, 360, 365, 366, 378, 386, 390, 391, 394, 411, 413, 414, 417, 418, 422, 423, 432, 434, 436, 451, 456, 467, 476, 481], [134, 157, 181, 195, 201, 210, 248, 252, 265, 267, 268, 274, 278, 287, 290, 299, 304, 310, 322, 325, 327, 328, 331, 352, 355, 358, 360, 365, 367, 376, 386, 390, 401, 411, 413, 414, 417, 418, 422, 423, 432, 434, 436, 438, 451, 456, 467, 476, 481], [195, 201, 249, 267, 268, 269, 271, 278, 279, 286, 287, 288, 310, 322, 325, 327, 328, 331, 336, 339, 358, 359, 390, 391, 394, 401, 402, 417, 418, 422, 423, 432, 434, 436, 438, 456, 467, 476, 481], [134, 135, 157, 159, 181, 195, 201, 210, 211, 248, 249, 252, 254, 267, 269, 271, 273, 274, 278, 279, 286, 287, 288, 290, 299, 304, 310, 322, 325, 327, 328, 331, 336, 339, 352, 353, 355, 358, 359, 360, 365, 366, 367, 376, 377, 378, 391, 401, 402, 451, 456], [210, 211, 252, 265, 269, 273, 274, 278, 279, 290, 304, 322, 327, 331, 336, 339, 365, 366, 367, 376, 377, 378, 386, 390, 391, 394, 401, 402, 411, 414, 417, 422, 423, 432, 436, 438, 451, 456, 467, 476, 481], [254, 273, 286, 287, 288, 290, 327, 339, 352, 353, 355, 358, 359, 360, 365, 366, 367, 377, 386, 391, 394, 401, 402, 411, 413, 414, 418, 422, 432, 434, 436, 438, 451, 456, 467, 476, 481], [135, 159, 181, 201, 211, 248, 249, 252, 265, 268, 271, 279, 288, 299, 304, 325, 328, 331, 336, 339, 353, 355, 359, 360, 366, 367, 376, 377, 378, 386, 390, 394, 402, 413, 414, 423, 434, 436, 438, 467, 481]!Vessel: FarStar
] 

Rvl : [
!l : 2, 3
[], [264, 267, 271, 299, 304, 325, 328, 385, 388, 389, 391, 393, 401, 402, 404, 406, 409, 412, 419, 420, 421, 433, 435, 437, 443, 444, 446, 449, 451, 453, 456, 457, 459, 462, 464, 466, 467, 468, 474, 475, 477, 478, 480, 481, 485, 486, 487, 491]!Vessel: FarSeeker
[], [264, 267, 271, 299, 304, 325, 328, 385, 388, 389, 391, 393, 401, 402, 404, 406, 409, 412, 419, 420, 421, 433, 435, 437, 443, 444, 446, 449, 451, 453, 456, 457, 459, 462, 464, 466, 467, 468, 474, 475, 477, 478, 480, 481, 485, 486, 487, 491]!Vessel: FarSearcher
[353, 378], [264, 267, 269, 271, 274, 278, 279, 299, 304, 310, 322, 325, 328, 331, 336, 352, 355, 358, 359, 360, 376, 390, 391, 401, 402, 404, 406, 409, 413, 417, 419, 420, 423, 434, 435, 443, 444, 446, 449, 451, 453, 456, 457, 459, 462, 467, 476, 480, 481]!Vessel: FarSymphony
[378], [264, 267, 271, 274, 299, 304, 310, 322, 325, 328, 331, 336, 376, 385, 388, 389, 390, 391, 393, 401, 402, 404, 406, 409, 412, 419, 420, 421, 433, 435, 437, 443, 444, 446, 449, 451, 453, 456, 457, 459, 462, 466, 467, 468, 476, 478, 480, 481, 487, 491]!Vessel: HavilaForesight
[135, 159, 211, 254, 273, 353, 366, 377, 378], [134, 157, 181, 195, 201, 210, 248, 249, 252, 265, 267, 268, 269, 271, 274, 278, 279, 286, 287, 288, 290, 299, 304, 310, 322, 325, 327, 328, 331, 336, 339, 352, 355, 358, 359, 360, 365, 367, 376, 386, 390, 391, 394, 401, 402, 411, 413, 414, 417, 418, 422, 423, 432, 434, 436, 438, 451, 456, 467, 476, 481]!Vessel: FarStar
] 

minF : 2
maxF : 6
Nf : [
!f : 2, 3, 4, 5, 6
[5, 6], [], [], [2, 3, 4, 7], [1, 8, 9]
]

! Parameters
VoyageCost: [37970, 39085, 64838, 59991, 44841, 37570, 44429, 45544, 73722, 62814, 47265, 43726, 43120, 46453, 43120, 73722, 62814, 46053, 38879, 38273, 44029, 74837, 63929, 47265, 42418, 44235, 47568, 72716, 73019, 72413, 75746, 81805, 83017, 62414, 46053, 37570, 43326, 62414, 47265, 45144, 64838, 46053, 50186, 49580, 81296, 70389, 50392, 48877, 50695, 54028, 81599, 84629, 85441, 48877, 49580, 52913, 52210, 80181, 69274, 49277, 78872, 67965, 47968, 46453, 48271, 51604, 81599, 84629, 84229, 79478, 68571, 47265, 44029, 78872, 67965, 82205, 71298, 51301, 82714, 85744, 74837, 85441, 47568, 78872, 78169, 79987, 83320, 90895, 80896, 80290, 83623, 78169, 83320, 79478, 68571, 48574, 67262, 47265, 50901, 84229, 84229, 67262, 81502, 70595, 67965, 48477, 51604, 47265, 49180, 69080, 49083, 52719, 84229, 85441, 47265, 48477, 72413, 52416, 82205, 71298, 51301, 52416, 86047, 84229, 49786, 50598, 55337, 55337, 54731, 89174, 88471, 77963, 81296, 88568, 61299, 54028, 76848, 76146, 76848, 58670, 58064, 57361, 88059, 88471, 77454, 87453, 55034, 85332, 54428, 58064, 89780, 86750, 87259, 76146, 75540, 78872, 86144, 53725, 58876, 51604, 57361, 93319, 85938, 84629, 87356, 88471, 79478, 85441, 84629, 73722, 87962, 85332, 54428, 86750, 88471, 78872, 51301, 88665, 57761, 87259, 89477, 84629, 86447, 89780, 84629, 87962, 84023, 83320, 89077, 90895, 92107, 87356, 86750, 90083, 92107, 86047, 91198, 93319, 86047, 90083, 92107, 89380, 91198, 88471, 86750, 53725, 57361, 87259, 78169, 85441, 58173, 73722, 53725, 88471, 78169, 57058, 87259, 89780, 88471, 78872, 86653, 58876, 53119, 56755, 85441, 87356, 56452, 55543, 59179, 87865, 88471, 79987, 87259, 59991, 93319, 88471, 72413, 52416, 56052, 85441, 86653, 55749, 90592, 80181, 87259, 79478, 89477, 90592, 87259, 57058, 54937, 88774, 60487, 62002, 82605, 63820, 82605, 60184, 92604, 60184, 65335, 63820, 96239, 97051, 95536, 88471, 94022, 97657, 89683, 81296, 88471, 84629, 58876, 91901, 62511, 95330, 89683, 94627, 89683, 91901, 92507, 89683, 84629, 94421, 89683, 89683, 94531, 89683, 89780, 89477, 93113, 63517, 95936, 88471, 91089, 90483, 89780, 95536, 97051, 97354, 91089, 93816, 93113, 96348, 94930, 94228, 93816, 93210, 93210, 94022, 92507, 94325, 97657, 94627, 92507, 96542, 97354, 95839, 97657, 92507, 91901, 93319, 91198, 96954, 98469, 98772, 94531, 97354, 95839, 95233, 96651, 94531, 91901, 64632, 88471, 88471, 89683, 91901, 89683, 95233, 88471, 97051, 81999, 89683, 81296, 86447, 94531, 85332, 89683, 84629, 63214, 91295, 64026, 91901, 94627, 93719, 66450, 95137, 89683, 98166, 58876, 62511, 88471, 83320, 90592, 63323, 93925, 98469, 85938, 85332, 88471, 84629, 62911, 62208, 84023, 95233, 62208, 64632, 100481, 103511, 65335, 71092, 68971, 101996, 102808, 100687, 104117, 99778, 104929, 103414, 90895, 92604, 91901, 89780, 98360, 90895, 93210, 99984, 90895, 91089, 99778, 91901, 90895, 93719, 92604, 97051, 95936, 68668, 100384, 101693, 96239, 102808, 101390, 100687, 99572, 98966, 98966, 98360, 99778, 101596, 104929, 97657, 103414, 105232, 99778, 103814, 102299, 101693, 103111, 104929, 100990, 97657, 104226, 102808, 106044, 102105, 103111, 100990, 91901, 91901, 87756, 93719, 97754, 102202, 70486, 99984, 99984, 101087, 102505, 104626, 97051, 69783, 101499, 89683, 89780, 98469, 90592, 100384, 101802, 91089, 90483, 69783, 107147, 107959, 109874, 104929, 108565, 95027, 103511, 76243, 103814, 96348, 106844, 108662, 107959, 104117, 105632, 104929, 112503, 109268, 108565, 107450, 108965, 108262, 110080, 109377, 108262, 97754, 96239, 97051, 97051, 115024]
VoyageDuration: [2, 2, 2, 2, 2, 2, 2, 2, 2, 2, 2, 2, 2, 2, 2, 2, 2, 2, 2, 2, 2, 2, 2, 2, 2, 2, 2, 2, 2, 2, 2, 3, 3, 2, 2, 2, 2, 2, 2, 2, 2, 2, 2, 2, 3, 2, 2, 2, 2, 2, 3, 3, 3, 2, 2, 2, 2, 2, 2, 2, 2, 2, 2, 2, 2, 2, 3, 3, 3, 2, 2, 2, 2, 2, 2, 3, 2, 2, 3, 3, 2, 3, 2, 2, 2, 2, 3, 3, 2, 2, 3, 2, 3, 2, 2, 2, 2, 2, 2, 3, 3, 2, 3, 2, 2, 2, 2, 2, 2, 2, 2, 2, 3, 3, 2, 2, 2, 2, 3, 2, 2, 2, 3, 3, 2, 2, 2, 2, 2, 3, 3, 2, 3, 3, 2, 2, 2, 2, 2, 2, 2, 2, 3, 3, 2, 3, 2, 3, 2, 2, 3, 3, 3, 2, 2, 3, 3, 2, 2, 2, 2, 3, 3, 3, 3, 3, 3, 3, 3, 2, 3, 3, 2, 3, 3, 3, 2, 3, 2, 3, 3, 3, 3, 3, 3, 3, 3, 3, 3, 3, 3, 3, 3, 3, 3, 3, 3, 3, 3, 3, 3, 3, 3, 3, 3, 2, 2, 3, 3, 3, 2, 2, 2, 3, 3, 2, 3, 3, 3, 3, 3, 2, 2, 2, 3, 3, 2, 2, 2, 3, 3, 3, 3, 2, 3, 3, 2, 2, 2, 3, 3, 2, 3, 3, 3, 3, 3, 3, 3, 2, 2, 3, 2, 2, 3, 2, 3, 2, 3, 2, 2, 2, 3, 3, 3, 3, 3, 3, 3, 3, 3, 3, 2, 3, 2, 3, 3, 3, 3, 3, 3, 3, 3, 3, 3, 3, 3, 3, 3, 3, 3, 2, 3, 3, 3, 3, 3, 3, 3, 3, 3, 3, 3, 3, 3, 3, 3, 3, 3, 3, 3, 3, 3, 3, 3, 3, 3, 3, 3, 3, 3, 3, 3, 3, 3, 3, 3, 3, 3, 3, 3, 3, 3, 2, 3, 3, 3, 3, 3, 3, 3, 3, 3, 3, 3, 3, 3, 3, 3, 3, 2, 3, 2, 3, 3, 3, 2, 3, 3, 3, 2, 2, 3, 3, 3, 2, 3, 3, 3, 3, 3, 3, 2, 2, 3, 3, 2, 2, 3, 3, 2, 3, 2, 3, 3, 3, 3, 3, 3, 3, 3, 3, 3, 3, 3, 3, 3, 3, 3, 3, 3, 3, 3, 3, 3, 3, 3, 2, 3, 3, 3, 3, 3, 3, 3, 3, 3, 3, 3, 3, 3, 3, 3, 3, 3, 3, 3, 3, 3, 3, 3, 3, 3, 3, 3, 3, 3, 3, 3, 3, 3, 3, 3, 3, 3, 3, 3, 3, 3, 3, 3, 3, 3, 3, 3, 3, 3, 3, 3, 3, 3, 3, 3, 3, 3, 3, 3, 3, 3, 3, 3, 3, 3, 3, 3, 3, 3, 3, 3, 3, 3, 3, 3, 3, 3, 3, 3, 3, 3, 3, 3, 3]
TimeCharterCost: [120000, 125000, 130000, 110000, 104000]
RequiredVisits: [6, 5, 5, 5, 2, 2, 5, 6, 6]
NumberOfDaysAvailable: [7, 7, 7, 7, 7]
DepotCapacity: [3, 3, 3, 3, 3, 3, 0]
