!Summary:
!Execution time: 0,71 seconds
!Total # voyages: 652 (813 unique)
!Number of installations (excluding depot): 10
!Number of time windows: 3
!Number of vessels: 5

!Min. # installations: 1
!Max. number of installations: 8
!Min. duration: 56
!Max. duration: 80

!Name: FarStar	 # voyages: 125
!Name: FarSymphony	 # voyages: 127
!Name: FarSearcher	 # voyages: 137
!Name: FarSeeker	 # voyages: 137
!Name: HavilaForesight	 # voyages: 126
!------------------------------------------------------------------------------------------------------------------------
nV : 5
nR : 813
nN : 10
nT : 7
minL : 2
maxL : 3

! Sets: 
Rv : [
[182, 220, 226, 233, 250, 306, 313, 365, 373, 374, 379, 386, 387, 388, 393, 407, 410, 415, 417, 419, 429, 440, 453, 456, 458, 460, 469, 471, 472, 474, 479, 498, 502, 504, 506, 510, 513, 516, 520, 541, 542, 543, 544, 545, 571, 578, 585, 605, 606, 610, 612, 614, 618, 620, 621, 622, 632, 635, 636, 638, 640, 642, 651, 652, 655, 657, 660, 662, 664, 665, 666, 667, 668, 671, 676, 677, 678, 679, 681, 684, 685, 686, 687, 690, 691, 708, 709, 710, 711, 712, 714, 716, 717, 719, 720, 721, 722, 727, 730, 732, 737, 738, 740, 743, 745, 747, 751, 752, 754, 764, 765, 766, 767, 768, 771, 773, 774, 775, 776, 782, 783, 784, 785, 787, 789, 790, 791, 792, 793, 794, 795, 800, 801, 802, 803, 804, 810]!Vessel: FarSeeker
[182, 220, 226, 233, 250, 306, 313, 365, 373, 374, 379, 386, 387, 388, 393, 407, 410, 415, 417, 419, 429, 440, 453, 456, 458, 460, 469, 471, 472, 474, 479, 498, 502, 504, 506, 510, 513, 516, 520, 541, 542, 543, 544, 545, 571, 578, 585, 605, 606, 610, 612, 614, 618, 620, 621, 622, 632, 635, 636, 638, 640, 642, 651, 652, 655, 657, 660, 662, 664, 665, 666, 667, 668, 671, 676, 677, 678, 679, 681, 684, 685, 686, 687, 690, 691, 708, 709, 710, 711, 712, 714, 716, 717, 719, 720, 721, 722, 727, 730, 732, 737, 738, 740, 743, 745, 747, 751, 752, 754, 764, 765, 766, 767, 768, 771, 773, 774, 775, 776, 782, 783, 784, 785, 787, 789, 790, 791, 792, 793, 794, 795, 800, 801, 802, 803, 804, 810]!Vessel: FarSearcher
[100, 127, 168, 182, 220, 226, 233, 250, 262, 268, 290, 306, 313, 331, 341, 345, 350, 365, 373, 374, 375, 379, 384, 388, 393, 407, 410, 412, 414, 415, 420, 425, 427, 440, 446, 453, 456, 457, 458, 460, 468, 469, 470, 471, 472, 474, 476, 479, 481, 498, 499, 502, 503, 504, 506, 507, 510, 513, 514, 516, 517, 519, 520, 521, 535, 540, 541, 544, 568, 569, 572, 575, 576, 577, 585, 587, 604, 610, 611, 614, 615, 619, 637, 638, 651, 652, 655, 657, 660, 662, 664, 667, 669, 671, 676, 678, 681, 682, 685, 686, 689, 691, 708, 712, 713, 714, 720, 721, 722, 727, 732, 737, 738, 740, 743, 745, 747, 751, 752, 754, 764, 765, 766, 774, 788, 794, 795]!Vessel: FarSymphony
[182, 220, 226, 233, 250, 306, 313, 341, 345, 365, 373, 374, 375, 379, 388, 393, 407, 410, 415, 419, 420, 429, 440, 453, 456, 458, 460, 469, 471, 472, 474, 476, 479, 481, 498, 499, 502, 504, 506, 507, 510, 513, 514, 516, 519, 520, 540, 541, 542, 544, 571, 578, 585, 606, 610, 612, 614, 615, 618, 619, 622, 632, 635, 636, 637, 638, 640, 651, 652, 655, 657, 660, 662, 664, 666, 667, 668, 671, 676, 678, 679, 681, 684, 685, 686, 687, 690, 691, 708, 710, 711, 712, 714, 716, 717, 719, 720, 721, 722, 727, 730, 732, 737, 738, 740, 743, 745, 747, 751, 752, 754, 764, 765, 766, 767, 768, 773, 774, 776, 787, 788, 791, 794, 795, 803, 810]!Vessel: HavilaForesight
[85, 100, 127, 139, 168, 180, 181, 216, 217, 219, 233, 247, 252, 262, 265, 268, 275, 281, 284, 287, 290, 296, 300, 303, 304, 305, 306, 312, 319, 331, 341, 345, 350, 364, 370, 375, 378, 382, 384, 385, 393, 397, 408, 410, 411, 412, 414, 415, 418, 420, 425, 426, 427, 435, 436, 437, 439, 446, 456, 457, 458, 468, 469, 470, 471, 476, 479, 481, 499, 502, 503, 504, 507, 508, 509, 510, 514, 516, 517, 519, 521, 535, 539, 540, 541, 548, 555, 568, 569, 572, 575, 576, 577, 583, 584, 586, 587, 604, 611, 615, 617, 619, 633, 637, 638, 641, 651, 652, 663, 669, 670, 682, 683, 688, 689, 692, 707, 713, 715, 718, 745, 751, 774, 788, 795]!Vessel: FarStar
] 

Rvi : [
!i : 1, 2, 3, 4, 5, 6, 7, 8, 9, 10
[182, 386, 387, 388, 393, 453, 456, 458, 460, 479, 621, 622, 664, 665, 666, 667, 668, 671, 681, 684, 685, 686, 687, 690, 691, 737, 745, 767, 776, 782, 783, 784, 785, 787, 789, 790, 791, 792, 793, 794, 795], [220, 226, 233, 373, 386, 393, 407, 410, 415, 417, 419, 429, 440, 453, 469, 474, 479, 498, 510, 513, 520, 542, 571, 605, 610, 612, 618, 622, 632, 635, 636, 638, 640, 642, 651, 652, 655, 657, 660, 662, 664, 665, 666, 676, 677, 679, 681, 684, 708, 709, 710, 717, 719, 720, 722, 727, 730, 732, 737, 738, 740, 743, 764, 766, 771, 773, 774, 775, 776, 782, 784, 787, 789, 790, 794, 800, 801, 803, 804, 810], [182, 220, 250, 306, 365, 386, 387, 388, 393, 407, 410, 415, 417, 419, 453, 456, 458, 460, 469, 471, 472, 474, 498, 502, 504, 506, 541, 542, 543, 544, 545, 578, 605, 606, 610, 621, 622, 632, 635, 636, 638, 640, 642, 655, 657, 664, 665, 666, 667, 668, 671, 676, 677, 678, 679, 684, 685, 686, 687, 690, 691, 708, 709, 710, 711, 712, 714, 716, 727, 730, 732, 737, 738, 740, 745, 747, 751, 752, 764, 765, 766, 767, 768, 771, 773, 774, 775, 776, 782, 783, 784, 785, 789, 790, 791, 792, 793, 794, 795, 800, 801, 802, 810], [226, 250, 313, 374, 387, 407, 410, 417, 429, 453, 456, 458, 460, 469, 471, 472, 474, 479, 498, 502, 504, 506, 510, 513, 516, 520, 543, 571, 578, 585, 620, 632, 635, 636, 651, 657, 660, 664, 665, 666, 667, 668, 671, 676, 677, 678, 679, 681, 684, 685, 686, 687, 690, 691, 708, 709, 710, 711, 712, 714, 716, 717, 719, 720, 721, 722, 737, 738, 740, 743, 745, 747, 751, 754, 767, 768, 771, 773, 774, 782, 783, 784, 785, 787, 789, 790, 791, 792, 793, 794, 795, 800, 801, 802, 803, 804], [393, 410, 415, 479, 498, 502, 504, 506, 510, 513, 516, 541, 610, 622, 635, 636, 638, 640, 651, 652, 655, 662, 681, 684, 685, 686, 687, 690, 691, 708, 709, 710, 711, 712, 714, 716, 717, 719, 720, 721, 727, 730, 740, 743, 751, 752, 754, 764, 765, 768, 773, 774, 775, 776, 787, 789, 790, 791, 792, 793, 794, 795, 800, 801, 802, 803, 804, 810], [182, 220, 226, 233, 250, 306, 313, 365, 373, 374, 379, 386, 387, 388, 407, 410, 415, 417, 419, 429, 440, 458, 471, 504, 510, 542, 543, 544, 545, 571, 578, 585, 605, 606, 612, 614, 618, 620, 621, 632, 635, 636, 638, 640, 642, 651, 652, 655, 657, 660, 668, 685, 686, 687, 711, 714, 717, 737, 738, 740, 743, 745, 747, 751, 752, 754, 766, 771, 773, 776, 784, 785, 790, 791, 792, 801, 802, 803, 810], [233, 306, 313, 379, 429, 440, 456, 469, 471, 472, 502, 516, 520, 541, 542, 543, 544, 545, 585, 614, 618, 620, 621, 622, 632, 635, 638, 640, 642, 651, 652, 657, 660, 662, 666, 667, 668, 676, 677, 678, 685, 690, 710, 711, 712, 717, 719, 721, 722, 727, 730, 732, 745, 747, 751, 752, 754, 765, 766, 767, 768, 771, 773, 774, 775, 776, 782, 783, 785, 787, 791, 793, 795, 800, 802, 803, 804, 810], [388, 419, 440, 544, 571, 578, 585, 606, 612, 614, 621, 638, 642, 651, 652, 655, 657, 660, 662, 664, 667, 671, 676, 678, 679, 681, 686, 691, 708, 712, 714, 716, 720, 721, 722, 727, 732, 737, 738, 740, 743, 745, 747, 751, 752, 754, 764, 765, 766, 771, 773, 774, 775, 776, 782, 783, 784, 785, 787, 789, 790, 791, 792, 793, 794, 795, 800, 801, 802, 803, 804, 810], [365, 373, 374, 379, 407, 415, 458, 460, 471, 472, 474, 504, 506, 510, 513, 516, 520, 541, 545, 605, 606, 610, 612, 614, 618, 620, 632, 636, 640, 652, 655, 660, 662, 665, 668, 671, 677, 678, 679, 687, 709, 711, 714, 716, 717, 719, 720, 721, 722, 730, 732, 738, 743, 747, 752, 754, 764, 765, 766, 767, 768, 771, 774, 775, 783, 784, 785, 792, 794, 795, 801, 802, 803, 804, 810], [182, 220, 226, 233, 250, 306, 313, 365, 373, 374, 379, 386, 387, 388, 393, 417, 419, 429, 440, 453, 456, 460, 469, 472, 474, 479, 498, 502, 506, 513, 516, 520, 541, 542, 543, 544, 545, 571, 578, 585, 605, 606, 610, 612, 614, 618, 620, 621, 622, 642, 662, 664, 665, 666, 667, 671, 676, 677, 678, 679, 681, 684, 690, 691, 708, 709, 710, 712, 716, 719, 720, 721, 722, 727, 730, 732, 764, 765, 767, 768, 775, 782, 783, 787, 789, 793, 800, 804]!Vessel: FarSeeker
[182, 386, 387, 388, 393, 453, 456, 458, 460, 479, 621, 622, 664, 665, 666, 667, 668, 671, 681, 684, 685, 686, 687, 690, 691, 737, 745, 767, 776, 782, 783, 784, 785, 787, 789, 790, 791, 792, 793, 794, 795], [220, 226, 233, 373, 386, 393, 407, 410, 415, 417, 419, 429, 440, 453, 469, 474, 479, 498, 510, 513, 520, 542, 571, 605, 610, 612, 618, 622, 632, 635, 636, 638, 640, 642, 651, 652, 655, 657, 660, 662, 664, 665, 666, 676, 677, 679, 681, 684, 708, 709, 710, 717, 719, 720, 722, 727, 730, 732, 737, 738, 740, 743, 764, 766, 771, 773, 774, 775, 776, 782, 784, 787, 789, 790, 794, 800, 801, 803, 804, 810], [182, 220, 250, 306, 365, 386, 387, 388, 393, 407, 410, 415, 417, 419, 453, 456, 458, 460, 469, 471, 472, 474, 498, 502, 504, 506, 541, 542, 543, 544, 545, 578, 605, 606, 610, 621, 622, 632, 635, 636, 638, 640, 642, 655, 657, 664, 665, 666, 667, 668, 671, 676, 677, 678, 679, 684, 685, 686, 687, 690, 691, 708, 709, 710, 711, 712, 714, 716, 727, 730, 732, 737, 738, 740, 745, 747, 751, 752, 764, 765, 766, 767, 768, 771, 773, 774, 775, 776, 782, 783, 784, 785, 789, 790, 791, 792, 793, 794, 795, 800, 801, 802, 810], [226, 250, 313, 374, 387, 407, 410, 417, 429, 453, 456, 458, 460, 469, 471, 472, 474, 479, 498, 502, 504, 506, 510, 513, 516, 520, 543, 571, 578, 585, 620, 632, 635, 636, 651, 657, 660, 664, 665, 666, 667, 668, 671, 676, 677, 678, 679, 681, 684, 685, 686, 687, 690, 691, 708, 709, 710, 711, 712, 714, 716, 717, 719, 720, 721, 722, 737, 738, 740, 743, 745, 747, 751, 754, 767, 768, 771, 773, 774, 782, 783, 784, 785, 787, 789, 790, 791, 792, 793, 794, 795, 800, 801, 802, 803, 804], [393, 410, 415, 479, 498, 502, 504, 506, 510, 513, 516, 541, 610, 622, 635, 636, 638, 640, 651, 652, 655, 662, 681, 684, 685, 686, 687, 690, 691, 708, 709, 710, 711, 712, 714, 716, 717, 719, 720, 721, 727, 730, 740, 743, 751, 752, 754, 764, 765, 768, 773, 774, 775, 776, 787, 789, 790, 791, 792, 793, 794, 795, 800, 801, 802, 803, 804, 810], [182, 220, 226, 233, 250, 306, 313, 365, 373, 374, 379, 386, 387, 388, 407, 410, 415, 417, 419, 429, 440, 458, 471, 504, 510, 542, 543, 544, 545, 571, 578, 585, 605, 606, 612, 614, 618, 620, 621, 632, 635, 636, 638, 640, 642, 651, 652, 655, 657, 660, 668, 685, 686, 687, 711, 714, 717, 737, 738, 740, 743, 745, 747, 751, 752, 754, 766, 771, 773, 776, 784, 785, 790, 791, 792, 801, 802, 803, 810], [233, 306, 313, 379, 429, 440, 456, 469, 471, 472, 502, 516, 520, 541, 542, 543, 544, 545, 585, 614, 618, 620, 621, 622, 632, 635, 638, 640, 642, 651, 652, 657, 660, 662, 666, 667, 668, 676, 677, 678, 685, 690, 710, 711, 712, 717, 719, 721, 722, 727, 730, 732, 745, 747, 751, 752, 754, 765, 766, 767, 768, 771, 773, 774, 775, 776, 782, 783, 785, 787, 791, 793, 795, 800, 802, 803, 804, 810], [388, 419, 440, 544, 571, 578, 585, 606, 612, 614, 621, 638, 642, 651, 652, 655, 657, 660, 662, 664, 667, 671, 676, 678, 679, 681, 686, 691, 708, 712, 714, 716, 720, 721, 722, 727, 732, 737, 738, 740, 743, 745, 747, 751, 752, 754, 764, 765, 766, 771, 773, 774, 775, 776, 782, 783, 784, 785, 787, 789, 790, 791, 792, 793, 794, 795, 800, 801, 802, 803, 804, 810], [365, 373, 374, 379, 407, 415, 458, 460, 471, 472, 474, 504, 506, 510, 513, 516, 520, 541, 545, 605, 606, 610, 612, 614, 618, 620, 632, 636, 640, 652, 655, 660, 662, 665, 668, 671, 677, 678, 679, 687, 709, 711, 714, 716, 717, 719, 720, 721, 722, 730, 732, 738, 743, 747, 752, 754, 764, 765, 766, 767, 768, 771, 774, 775, 783, 784, 785, 792, 794, 795, 801, 802, 803, 804, 810], [182, 220, 226, 233, 250, 306, 313, 365, 373, 374, 379, 386, 387, 388, 393, 417, 419, 429, 440, 453, 456, 460, 469, 472, 474, 479, 498, 502, 506, 513, 516, 520, 541, 542, 543, 544, 545, 571, 578, 585, 605, 606, 610, 612, 614, 618, 620, 621, 622, 642, 662, 664, 665, 666, 667, 671, 676, 677, 678, 679, 681, 684, 690, 691, 708, 709, 710, 712, 716, 719, 720, 721, 722, 727, 730, 732, 764, 765, 767, 768, 775, 782, 783, 787, 789, 793, 800, 804]!Vessel: FarSearcher
[182, 384, 388, 393, 453, 456, 457, 458, 460, 479, 481, 664, 667, 669, 671, 681, 682, 685, 686, 689, 691, 737, 745, 788, 794, 795], [220, 226, 233, 262, 290, 331, 373, 393, 407, 410, 412, 414, 415, 420, 425, 427, 440, 446, 453, 468, 469, 474, 479, 498, 507, 510, 513, 519, 520, 535, 568, 569, 572, 604, 610, 615, 619, 637, 638, 651, 652, 655, 657, 660, 662, 664, 669, 676, 681, 682, 708, 713, 720, 722, 727, 732, 737, 738, 740, 743, 764, 766, 774, 788, 794], [100, 182, 220, 250, 262, 268, 306, 341, 365, 384, 388, 393, 407, 410, 412, 414, 415, 420, 453, 456, 457, 458, 460, 468, 469, 470, 471, 472, 474, 476, 481, 498, 499, 502, 503, 504, 506, 535, 540, 541, 544, 568, 569, 575, 576, 577, 610, 611, 619, 637, 638, 655, 657, 664, 667, 669, 671, 676, 678, 682, 685, 686, 689, 691, 708, 712, 713, 714, 727, 732, 737, 738, 740, 745, 747, 751, 752, 764, 765, 766, 774, 788, 794, 795], [127, 226, 250, 262, 268, 290, 313, 345, 374, 407, 410, 420, 425, 453, 456, 457, 458, 460, 468, 469, 470, 471, 472, 474, 476, 479, 481, 498, 499, 502, 503, 504, 506, 507, 510, 513, 514, 516, 517, 519, 520, 521, 568, 572, 575, 577, 585, 587, 615, 637, 651, 657, 660, 664, 667, 669, 671, 676, 678, 681, 682, 685, 686, 689, 691, 708, 712, 713, 714, 720, 721, 722, 737, 738, 740, 743, 745, 747, 751, 754, 774, 788, 794, 795], [384, 393, 410, 412, 414, 415, 425, 427, 446, 479, 481, 498, 499, 502, 503, 504, 506, 507, 510, 513, 514, 516, 517, 540, 541, 575, 576, 587, 610, 611, 637, 638, 651, 652, 655, 662, 681, 682, 685, 686, 689, 691, 708, 712, 713, 714, 720, 721, 727, 740, 743, 751, 752, 754, 764, 765, 774, 788, 794, 795], [100, 127, 168, 182, 220, 226, 233, 250, 306, 313, 331, 341, 345, 350, 365, 373, 374, 375, 379, 388, 407, 410, 412, 415, 420, 425, 427, 440, 458, 471, 481, 499, 504, 510, 514, 540, 544, 568, 569, 572, 575, 576, 577, 585, 587, 614, 615, 619, 638, 651, 652, 655, 657, 660, 685, 686, 714, 737, 738, 740, 743, 745, 747, 751, 752, 754, 766], [233, 306, 313, 350, 379, 412, 420, 425, 427, 440, 456, 469, 470, 471, 472, 499, 502, 507, 514, 516, 520, 521, 535, 540, 541, 544, 585, 604, 614, 615, 619, 637, 638, 651, 652, 657, 660, 662, 667, 676, 678, 682, 685, 689, 712, 721, 722, 727, 732, 745, 747, 751, 752, 754, 765, 766, 774, 788, 795], [331, 341, 345, 350, 375, 384, 388, 414, 440, 446, 457, 468, 470, 476, 503, 517, 519, 521, 535, 544, 568, 569, 572, 575, 576, 577, 585, 587, 604, 611, 614, 638, 651, 652, 655, 657, 660, 662, 664, 667, 669, 671, 676, 678, 681, 686, 691, 708, 712, 713, 714, 720, 721, 722, 727, 732, 737, 738, 740, 743, 745, 747, 751, 752, 754, 764, 765, 766, 774, 788, 794, 795], [168, 268, 290, 365, 373, 374, 375, 379, 407, 415, 427, 446, 458, 460, 471, 472, 474, 476, 504, 506, 510, 513, 514, 516, 517, 519, 520, 521, 540, 541, 569, 572, 576, 577, 587, 604, 610, 611, 614, 615, 619, 637, 652, 655, 660, 662, 669, 671, 678, 689, 713, 714, 720, 721, 722, 732, 738, 743, 747, 752, 754, 764, 765, 766, 774, 794, 795], [100, 127, 168, 182, 220, 226, 233, 250, 262, 268, 290, 306, 313, 331, 341, 345, 350, 365, 373, 374, 375, 379, 384, 388, 393, 414, 440, 446, 453, 456, 457, 460, 468, 469, 470, 472, 474, 476, 479, 498, 502, 503, 506, 507, 513, 516, 517, 519, 520, 521, 535, 541, 544, 585, 604, 610, 611, 614, 662, 664, 667, 671, 676, 678, 681, 691, 708, 712, 720, 721, 722, 727, 732, 764, 765]!Vessel: FarSymphony
[182, 388, 393, 453, 456, 458, 460, 479, 481, 622, 664, 666, 667, 668, 671, 681, 684, 685, 686, 687, 690, 691, 737, 745, 767, 776, 787, 788, 791, 794, 795], [220, 226, 233, 373, 393, 407, 410, 415, 419, 420, 429, 440, 453, 469, 474, 479, 498, 507, 510, 513, 519, 520, 542, 571, 610, 612, 615, 618, 619, 622, 632, 635, 636, 637, 638, 640, 651, 652, 655, 657, 660, 662, 664, 666, 676, 679, 681, 684, 708, 710, 717, 719, 720, 722, 727, 730, 732, 737, 738, 740, 743, 764, 766, 773, 774, 776, 787, 788, 794, 803, 810], [182, 220, 250, 306, 341, 365, 388, 393, 407, 410, 415, 419, 420, 453, 456, 458, 460, 469, 471, 472, 474, 476, 481, 498, 499, 502, 504, 506, 540, 541, 542, 544, 578, 606, 610, 619, 622, 632, 635, 636, 637, 638, 640, 655, 657, 664, 666, 667, 668, 671, 676, 678, 679, 684, 685, 686, 687, 690, 691, 708, 710, 711, 712, 714, 716, 727, 730, 732, 737, 738, 740, 745, 747, 751, 752, 764, 765, 766, 767, 768, 773, 774, 776, 788, 791, 794, 795, 810], [226, 250, 313, 345, 374, 407, 410, 420, 429, 453, 456, 458, 460, 469, 471, 472, 474, 476, 479, 481, 498, 499, 502, 504, 506, 507, 510, 513, 514, 516, 519, 520, 571, 578, 585, 615, 632, 635, 636, 637, 651, 657, 660, 664, 666, 667, 668, 671, 676, 678, 679, 681, 684, 685, 686, 687, 690, 691, 708, 710, 711, 712, 714, 716, 717, 719, 720, 721, 722, 737, 738, 740, 743, 745, 747, 751, 754, 767, 768, 773, 774, 787, 788, 791, 794, 795, 803], [393, 410, 415, 479, 481, 498, 499, 502, 504, 506, 507, 510, 513, 514, 516, 540, 541, 610, 622, 635, 636, 637, 638, 640, 651, 652, 655, 662, 681, 684, 685, 686, 687, 690, 691, 708, 710, 711, 712, 714, 716, 717, 719, 720, 721, 727, 730, 740, 743, 751, 752, 754, 764, 765, 768, 773, 774, 776, 787, 788, 791, 794, 795, 803, 810], [182, 220, 226, 233, 250, 306, 313, 341, 345, 365, 373, 374, 375, 379, 388, 407, 410, 415, 419, 420, 429, 440, 458, 471, 481, 499, 504, 510, 514, 540, 542, 544, 571, 578, 585, 606, 612, 614, 615, 618, 619, 632, 635, 636, 638, 640, 651, 652, 655, 657, 660, 668, 685, 686, 687, 711, 714, 717, 737, 738, 740, 743, 745, 747, 751, 752, 754, 766, 773, 776, 791, 803, 810], [233, 306, 313, 379, 420, 429, 440, 456, 469, 471, 472, 499, 502, 507, 514, 516, 520, 540, 541, 542, 544, 585, 614, 615, 618, 619, 622, 632, 635, 637, 638, 640, 651, 652, 657, 660, 662, 666, 667, 668, 676, 678, 685, 690, 710, 711, 712, 717, 719, 721, 722, 727, 730, 732, 745, 747, 751, 752, 754, 765, 766, 767, 768, 773, 774, 776, 787, 788, 791, 795, 803, 810], [341, 345, 375, 388, 419, 440, 476, 519, 544, 571, 578, 585, 606, 612, 614, 638, 651, 652, 655, 657, 660, 662, 664, 667, 671, 676, 678, 679, 681, 686, 691, 708, 712, 714, 716, 720, 721, 722, 727, 732, 737, 738, 740, 743, 745, 747, 751, 752, 754, 764, 765, 766, 773, 774, 776, 787, 788, 791, 794, 795, 803, 810], [365, 373, 374, 375, 379, 407, 415, 458, 460, 471, 472, 474, 476, 504, 506, 510, 513, 514, 516, 519, 520, 540, 541, 606, 610, 612, 614, 615, 618, 619, 632, 636, 637, 640, 652, 655, 660, 662, 668, 671, 678, 679, 687, 711, 714, 716, 717, 719, 720, 721, 722, 730, 732, 738, 743, 747, 752, 754, 764, 765, 766, 767, 768, 774, 794, 795, 803, 810], [182, 220, 226, 233, 250, 306, 313, 341, 345, 365, 373, 374, 375, 379, 388, 393, 419, 429, 440, 453, 456, 460, 469, 472, 474, 476, 479, 498, 502, 506, 507, 513, 516, 519, 520, 541, 542, 544, 571, 578, 585, 606, 610, 612, 614, 618, 622, 662, 664, 666, 667, 671, 676, 678, 679, 681, 684, 690, 691, 708, 710, 712, 716, 719, 720, 721, 722, 727, 730, 732, 764, 765, 767, 768, 787]!Vessel: HavilaForesight
[180, 181, 252, 382, 384, 385, 393, 397, 456, 457, 458, 479, 481, 663, 669, 670, 682, 683, 688, 689, 692, 745, 788, 795], [85, 216, 217, 219, 233, 247, 252, 262, 290, 296, 300, 331, 382, 385, 393, 397, 408, 410, 411, 412, 414, 415, 418, 420, 425, 426, 427, 435, 436, 437, 439, 446, 468, 469, 479, 507, 510, 519, 535, 568, 569, 572, 604, 615, 617, 619, 633, 637, 638, 641, 651, 652, 663, 669, 682, 683, 707, 713, 718, 774, 788], [100, 180, 181, 216, 217, 219, 262, 265, 268, 275, 300, 303, 304, 305, 306, 341, 364, 370, 384, 385, 393, 408, 410, 411, 412, 414, 415, 418, 420, 435, 456, 457, 458, 468, 469, 470, 471, 476, 481, 499, 502, 503, 504, 535, 539, 540, 541, 568, 569, 575, 576, 577, 583, 584, 611, 619, 633, 637, 638, 641, 663, 669, 670, 682, 683, 688, 689, 692, 707, 713, 715, 745, 751, 774, 788, 795], [127, 180, 217, 247, 252, 262, 265, 268, 275, 281, 284, 287, 290, 304, 319, 345, 364, 378, 408, 410, 411, 420, 425, 436, 439, 456, 457, 458, 468, 469, 470, 471, 476, 479, 481, 499, 502, 503, 504, 507, 508, 509, 510, 514, 516, 517, 519, 521, 568, 572, 575, 577, 583, 586, 587, 615, 633, 637, 651, 663, 669, 670, 682, 683, 688, 689, 692, 707, 713, 715, 718, 745, 751, 774, 788, 795], [216, 275, 281, 284, 287, 303, 312, 370, 384, 393, 397, 410, 411, 412, 414, 415, 425, 426, 427, 435, 436, 437, 446, 479, 481, 499, 502, 503, 504, 507, 508, 509, 510, 514, 516, 517, 539, 540, 541, 548, 555, 575, 576, 587, 611, 637, 638, 641, 651, 652, 682, 683, 688, 689, 692, 707, 713, 715, 718, 751, 774, 788, 795], [85, 100, 127, 139, 168, 180, 181, 217, 219, 233, 247, 275, 284, 304, 305, 306, 331, 341, 345, 350, 364, 370, 375, 378, 385, 410, 412, 415, 418, 420, 425, 427, 435, 436, 437, 439, 458, 471, 481, 499, 504, 509, 510, 514, 540, 548, 568, 569, 572, 575, 576, 577, 583, 584, 586, 587, 615, 617, 619, 638, 651, 652, 745, 751], [139, 233, 265, 281, 296, 300, 303, 304, 305, 306, 312, 319, 350, 378, 382, 408, 412, 418, 420, 425, 426, 427, 439, 456, 469, 470, 471, 499, 502, 507, 508, 509, 514, 516, 521, 535, 539, 540, 541, 548, 555, 583, 584, 586, 604, 615, 617, 619, 633, 637, 638, 641, 651, 652, 663, 670, 682, 688, 689, 707, 715, 718, 745, 751, 774, 788, 795], [331, 341, 345, 350, 375, 382, 384, 385, 397, 414, 418, 426, 435, 436, 437, 439, 446, 457, 468, 470, 476, 503, 508, 509, 517, 519, 521, 535, 539, 548, 555, 568, 569, 572, 575, 576, 577, 583, 584, 586, 587, 604, 611, 617, 633, 638, 641, 651, 652, 663, 669, 670, 683, 688, 692, 707, 713, 715, 718, 745, 751, 774, 788, 795], [168, 181, 219, 247, 268, 284, 287, 290, 296, 305, 312, 319, 364, 370, 375, 378, 408, 411, 415, 427, 437, 446, 458, 471, 476, 504, 510, 514, 516, 517, 519, 521, 540, 541, 548, 555, 569, 572, 576, 577, 584, 586, 587, 604, 611, 615, 617, 619, 633, 637, 641, 652, 669, 670, 689, 692, 713, 715, 718, 774, 795], [85, 100, 127, 139, 168, 216, 233, 252, 262, 265, 268, 281, 287, 290, 296, 300, 303, 306, 312, 319, 331, 341, 345, 350, 375, 382, 384, 393, 397, 414, 426, 446, 456, 457, 468, 469, 470, 476, 479, 502, 503, 507, 508, 516, 517, 519, 521, 535, 539, 541, 555, 604, 611]!Vessel: FarStar
] 

Rvl : [
!l : 2, 3
[], [182, 220, 226, 233, 250, 306, 313, 365, 373, 374, 379, 386, 387, 388, 393, 407, 410, 415, 417, 419, 429, 440, 453, 456, 458, 460, 469, 471, 472, 474, 479, 498, 502, 504, 506, 510, 513, 516, 520, 541, 542, 543, 544, 545, 571, 578, 585, 605, 606, 610, 612, 614, 618, 620, 621, 622, 632, 635, 636, 638, 640, 642, 651, 652, 655, 657, 660, 662, 664, 665, 666, 667, 668, 671, 676, 677, 678, 679, 681, 684, 685, 686, 687, 690, 691, 708, 709, 710, 711, 712, 714, 716, 717, 719, 720, 721, 722, 727, 730, 732, 737, 738, 740, 743, 745, 747, 751, 752, 754, 764, 765, 766, 767, 768, 771, 773, 774, 775, 776, 782, 783, 784, 785, 787, 789, 790, 791, 792, 793, 794, 795, 800, 801, 802, 803, 804, 810]!Vessel: FarSeeker
[], [182, 220, 226, 233, 250, 306, 313, 365, 373, 374, 379, 386, 387, 388, 393, 407, 410, 415, 417, 419, 429, 440, 453, 456, 458, 460, 469, 471, 472, 474, 479, 498, 502, 504, 506, 510, 513, 516, 520, 541, 542, 543, 544, 545, 571, 578, 585, 605, 606, 610, 612, 614, 618, 620, 621, 622, 632, 635, 636, 638, 640, 642, 651, 652, 655, 657, 660, 662, 664, 665, 666, 667, 668, 671, 676, 677, 678, 679, 681, 684, 685, 686, 687, 690, 691, 708, 709, 710, 711, 712, 714, 716, 717, 719, 720, 721, 722, 727, 730, 732, 737, 738, 740, 743, 745, 747, 751, 752, 754, 764, 765, 766, 767, 768, 771, 773, 774, 775, 776, 782, 783, 784, 785, 787, 789, 790, 791, 792, 793, 794, 795, 800, 801, 802, 803, 804, 810]!Vessel: FarSearcher
[535, 569, 604, 619], [100, 127, 168, 182, 220, 226, 233, 250, 262, 268, 290, 306, 313, 331, 341, 345, 350, 365, 373, 374, 375, 379, 384, 388, 393, 407, 410, 412, 414, 415, 420, 425, 427, 440, 446, 453, 456, 457, 458, 460, 468, 469, 470, 471, 472, 474, 476, 479, 481, 498, 499, 502, 503, 504, 506, 507, 510, 513, 514, 516, 517, 519, 520, 521, 540, 541, 544, 568, 572, 575, 576, 577, 585, 587, 610, 611, 614, 615, 637, 638, 651, 652, 655, 657, 660, 662, 664, 667, 669, 671, 676, 678, 681, 682, 685, 686, 689, 691, 708, 712, 713, 714, 720, 721, 722, 727, 732, 737, 738, 740, 743, 745, 747, 751, 752, 754, 764, 765, 766, 774, 788, 794, 795]!Vessel: FarSymphony
[619], [182, 220, 226, 233, 250, 306, 313, 341, 345, 365, 373, 374, 375, 379, 388, 393, 407, 410, 415, 419, 420, 429, 440, 453, 456, 458, 460, 469, 471, 472, 474, 476, 479, 481, 498, 499, 502, 504, 506, 507, 510, 513, 514, 516, 519, 520, 540, 541, 542, 544, 571, 578, 585, 606, 610, 612, 614, 615, 618, 622, 632, 635, 636, 637, 638, 640, 651, 652, 655, 657, 660, 662, 664, 666, 667, 668, 671, 676, 678, 679, 681, 684, 685, 686, 687, 690, 691, 708, 710, 711, 712, 714, 716, 717, 719, 720, 721, 722, 727, 730, 732, 737, 738, 740, 743, 745, 747, 751, 752, 754, 764, 765, 766, 767, 768, 773, 774, 776, 787, 788, 791, 794, 795, 803, 810]!Vessel: HavilaForesight
[181, 219, 296, 300, 305, 382, 385, 418, 535, 569, 584, 604, 617, 619], [85, 100, 127, 139, 168, 180, 216, 217, 233, 247, 252, 262, 265, 268, 275, 281, 284, 287, 290, 303, 304, 306, 312, 319, 331, 341, 345, 350, 364, 370, 375, 378, 384, 393, 397, 408, 410, 411, 412, 414, 415, 420, 425, 426, 427, 435, 436, 437, 439, 446, 456, 457, 458, 468, 469, 470, 471, 476, 479, 481, 499, 502, 503, 504, 507, 508, 509, 510, 514, 516, 517, 519, 521, 539, 540, 541, 548, 555, 568, 572, 575, 576, 577, 583, 586, 587, 611, 615, 633, 637, 638, 641, 651, 652, 663, 669, 670, 682, 683, 688, 689, 692, 707, 713, 715, 718, 745, 751, 774, 788, 795]!Vessel: FarStar
] 

minF : 1
maxF : 6
Nf : [
!f : 1, 2, 3, 4, 5, 6
[10], [5, 6], [], [], [2, 3, 4, 7], [1, 8, 9]
]

! Parameters
VoyageCost: [37970, 39085, 64838, 59991, 44841, 37570, 39448, 44429, 45544, 73722, 62814, 47265, 43726, 43120, 46453, 46720, 43120, 73722, 62814, 46053, 38879, 38273, 44029, 44296, 74837, 63929, 47265, 42418, 44235, 47568, 46720, 72716, 73019, 72413, 75746, 81805, 85502, 83017, 68535, 62414, 46053, 37570, 43326, 45508, 62414, 47265, 45144, 44296, 64838, 46053, 46720, 87320, 50186, 51156, 49580, 81296, 70389, 50392, 48877, 50695, 54028, 52271, 81599, 84629, 85441, 70959, 48877, 49580, 49847, 52913, 52210, 80181, 69274, 49277, 78872, 67965, 47968, 46453, 48271, 51604, 49847, 81599, 84629, 84229, 69747, 79478, 68571, 47265, 44029, 78872, 67965, 45508, 82205, 71298, 51301, 82714, 85744, 74837, 85441, 70959, 47568, 50962, 78872, 90349, 90349, 78169, 79987, 83320, 90349, 90895, 80896, 80290, 83623, 78169, 91561, 90349, 83320, 90349, 85502, 85502, 85502, 90349, 90955, 86714, 85502, 85502, 92167, 79478, 68571, 48574, 50453, 45605, 67262, 47265, 50901, 49144, 84229, 84229, 69747, 67262, 45508, 81502, 70595, 67965, 48477, 51604, 47265, 49180, 69080, 49083, 52719, 84229, 85441, 70959, 47265, 48477, 72413, 52416, 82205, 71298, 51301, 53179, 50756, 52416, 54294, 86047, 84229, 69747, 49786, 50598, 52477, 51871, 55337, 55337, 54731, 89174, 88471, 77963, 81296, 88568, 61299, 74085, 54028, 66002, 64693, 72873, 87926, 76848, 76146, 87926, 93779, 76848, 87926, 94591, 56912, 55603, 56306, 58670, 58064, 57361, 88059, 88471, 77454, 87453, 55034, 72970, 85332, 54428, 58064, 89780, 86750, 87259, 76146, 75540, 78872, 87926, 86144, 53725, 58876, 71661, 51604, 57361, 93319, 93779, 87926, 93379, 85938, 84629, 87356, 88471, 79478, 85441, 70959, 84629, 73722, 50756, 87962, 85332, 54428, 86750, 88471, 78872, 51301, 88665, 57761, 87259, 89477, 94894, 87926, 94591, 54294, 91561, 84629, 86447, 89780, 91561, 84629, 91561, 87962, 91561, 84023, 90349, 83320, 89077, 91561, 91561, 90895, 92470, 92107, 87356, 86750, 90083, 91561, 91561, 92107, 86047, 91198, 91561, 93319, 86047, 92773, 91561, 90083, 92107, 89380, 91198, 92773, 91561, 91561, 90349, 91561, 92773, 88471, 86750, 72267, 66208, 53725, 57361, 55603, 53179, 87259, 78169, 87926, 85441, 58173, 70959, 69747, 87926, 87926, 93379, 87926, 87926, 93379, 73722, 53725, 88471, 78169, 57058, 91561, 87259, 89780, 88471, 78872, 86653, 72170, 58876, 53119, 56755, 54997, 85441, 70959, 87356, 56452, 55543, 59179, 87865, 88471, 79987, 87259, 59991, 72776, 93319, 93379, 88471, 94591, 72413, 52416, 56052, 85441, 70959, 86653, 55749, 90592, 91561, 80181, 87259, 79478, 89477, 74994, 66911, 68632, 65602, 63178, 90592, 76109, 68026, 66717, 86714, 86714, 87259, 86714, 86714, 73782, 93379, 74897, 57058, 54937, 88774, 74291, 64899, 105499, 69335, 60487, 89137, 62002, 78121, 97718, 79236, 71152, 76909, 78024, 82605, 87926, 107510, 109231, 106201, 89137, 63820, 82605, 96603, 60184, 92604, 60184, 65335, 63820, 96239, 97051, 95536, 88471, 94022, 97657, 89683, 81296, 87926, 88471, 84629, 95294, 58876, 76812, 91901, 62511, 95330, 89683, 89137, 94627, 89137, 89683, 91901, 94591, 92507, 89683, 84629, 94421, 89683, 89683, 94531, 89683, 89780, 89477, 74994, 93113, 104287, 63517, 95936, 88471, 87926, 113473, 108625, 110346, 107316, 91089, 90483, 92058, 89780, 95536, 93779, 93173, 97051, 97354, 98930, 92773, 92773, 91089, 92773, 93816, 95391, 93113, 91561, 91561, 91561, 96348, 98227, 94930, 96506, 94228, 97621, 93816, 93210, 94785, 93210, 94022, 92507, 94325, 97657, 95900, 94627, 92507, 96506, 93476, 96542, 97354, 95839, 97657, 99233, 93476, 92507, 91901, 93476, 93319, 91198, 96954, 95197, 94591, 98469, 98772, 100348, 94082, 92773, 94531, 97354, 95839, 95233, 96809, 96651, 94531, 98530, 97924, 92773, 94082, 94688, 93379, 89137, 76303, 95900, 77418, 72667, 73782, 104384, 91901, 64632, 77418, 69335, 68026, 76206, 65602, 88471, 87926, 87926, 87926, 88471, 87926, 74994, 94591, 76109, 78230, 89683, 91901, 89683, 104287, 95233, 97112, 88471, 87926, 87926, 87926, 97051, 81999, 89683, 81296, 86447, 94531, 85332, 89683, 84629, 76206, 95803, 63214, 91295, 64026, 91901, 94591, 94627, 93719, 66450, 95137, 89683, 98166, 96409, 58876, 62511, 88471, 83320, 90592, 63323, 94591, 93925, 98469, 96506, 85938, 87926, 85332, 88471, 84629, 88022, 87926, 62911, 77018, 78230, 98627, 62208, 78230, 72061, 71358, 68935, 77018, 78230, 73176, 72473, 84023, 86714, 87926, 77018, 98530, 77018, 95233, 78230, 62208, 77018, 64632, 97924, 79442, 89331, 112661, 111958, 79442, 100481, 103511, 65335, 71092, 68971, 101996, 102808, 100687, 104117, 99778, 104929, 103414, 90895, 92604, 91901, 89780, 78230, 111958, 98360, 90895, 93210, 99984, 90895, 91089, 90349, 99778, 91901, 77818, 90895, 93719, 92604, 97051, 95936, 68668, 100384, 101693, 91355, 96239, 97209, 112661, 97815, 96506, 102808, 101390, 100687, 111352, 97815, 99572, 100542, 99839, 96506, 111958, 110649, 108928, 98966, 99936, 98966, 98360, 99936, 99778, 101596, 104929, 97657, 103414, 101657, 101051, 105232, 116503, 100542, 99233, 99778, 103814, 102299, 101693, 103111, 104929, 100990, 112964, 114685, 111655, 99233, 97657, 98627, 114079, 99233, 104226, 97924, 102808, 106044, 102105, 112770, 103111, 100990, 112261, 109231, 110952, 99839, 101051, 110843, 78230, 74485, 89137, 91901, 93779, 91355, 91901, 77721, 87756, 89137, 93719, 92058, 97754, 102202, 70486, 99984, 99984, 101087, 102505, 104626, 97051, 69783, 101499, 89683, 89780, 89137, 98469, 90592, 100384, 101802, 78230, 78230, 91089, 90483, 92058, 93173, 92664, 91355, 78230, 90749, 90046, 69783, 114382, 115800, 79442, 107147, 107959, 109874, 104929, 108565, 96506, 95027, 103511, 76243, 103814, 96348, 106844, 110237, 117109, 108662, 107959, 113570, 112964, 104117, 112358, 105632, 104929, 112503, 114079, 109268, 108565, 107450, 108965, 108262, 117412, 111655, 110080, 109377, 108262, 114988, 94482, 97815, 97754, 96239, 97051, 97051, 104480, 96506, 115024]
VoyageDuration: [2, 2, 2, 2, 2, 2, 2, 2, 2, 2, 2, 2, 2, 2, 2, 2, 2, 2, 2, 2, 2, 2, 2, 2, 2, 2, 2, 2, 2, 2, 2, 2, 2, 2, 2, 3, 3, 3, 3, 2, 2, 2, 2, 2, 2, 2, 2, 2, 2, 2, 2, 3, 2, 2, 2, 3, 2, 2, 2, 2, 2, 2, 3, 3, 3, 3, 2, 2, 2, 2, 2, 2, 2, 2, 2, 2, 2, 2, 2, 2, 2, 3, 3, 3, 3, 2, 2, 2, 2, 2, 2, 2, 3, 2, 2, 3, 3, 2, 3, 3, 2, 2, 2, 3, 3, 2, 2, 3, 3, 3, 2, 2, 3, 2, 3, 3, 3, 3, 3, 3, 3, 3, 3, 3, 3, 3, 3, 2, 2, 2, 2, 2, 2, 2, 2, 2, 3, 3, 3, 2, 2, 3, 2, 2, 2, 2, 2, 2, 2, 2, 2, 3, 3, 3, 2, 2, 2, 2, 3, 2, 2, 2, 2, 2, 2, 3, 3, 3, 2, 2, 2, 2, 2, 2, 2, 3, 3, 2, 3, 3, 2, 3, 2, 2, 2, 3, 3, 2, 2, 3, 3, 2, 3, 3, 2, 2, 2, 2, 2, 2, 3, 3, 2, 3, 2, 3, 3, 2, 2, 3, 3, 3, 2, 2, 3, 3, 3, 2, 2, 3, 2, 2, 3, 3, 3, 3, 3, 3, 3, 3, 3, 3, 3, 3, 2, 2, 3, 3, 2, 3, 3, 3, 2, 3, 2, 3, 3, 3, 3, 3, 2, 3, 3, 3, 3, 3, 3, 3, 3, 3, 3, 3, 3, 3, 3, 3, 3, 3, 3, 3, 3, 3, 3, 3, 3, 3, 3, 3, 3, 3, 3, 3, 3, 3, 3, 3, 3, 3, 3, 3, 3, 3, 3, 3, 3, 2, 2, 2, 2, 2, 3, 3, 3, 3, 2, 3, 2, 3, 3, 3, 3, 3, 3, 2, 2, 3, 3, 2, 3, 3, 3, 3, 3, 3, 3, 2, 2, 2, 2, 3, 3, 3, 2, 2, 2, 3, 3, 3, 3, 2, 3, 3, 3, 3, 3, 2, 2, 2, 3, 3, 3, 2, 3, 3, 3, 3, 3, 3, 3, 2, 2, 2, 2, 3, 3, 2, 2, 3, 3, 3, 3, 3, 3, 3, 3, 2, 2, 3, 3, 2, 3, 2, 2, 3, 2, 3, 3, 3, 2, 3, 3, 3, 3, 3, 3, 3, 3, 2, 3, 3, 2, 3, 2, 2, 2, 3, 3, 3, 3, 3, 3, 3, 3, 3, 3, 3, 3, 2, 3, 3, 2, 3, 3, 3, 3, 3, 3, 3, 3, 3, 3, 3, 3, 3, 3, 3, 3, 3, 3, 3, 3, 3, 2, 3, 3, 3, 3, 3, 3, 3, 3, 3, 3, 3, 3, 3, 3, 3, 3, 3, 3, 3, 3, 3, 3, 3, 3, 3, 3, 3, 3, 3, 3, 3, 3, 3, 3, 3, 3, 3, 3, 3, 3, 3, 3, 3, 3, 3, 3, 3, 3, 3, 3, 3, 3, 3, 3, 3, 3, 3, 3, 3, 3, 3, 3, 3, 3, 3, 3, 3, 3, 3, 3, 3, 3, 3, 3, 3, 3, 3, 3, 3, 3, 3, 3, 3, 3, 3, 3, 2, 3, 2, 2, 3, 2, 3, 3, 3, 3, 3, 3, 3, 3, 3, 3, 3, 3, 3, 3, 3, 3, 3, 3, 3, 3, 3, 3, 3, 3, 3, 3, 3, 3, 3, 3, 3, 2, 3, 2, 3, 3, 3, 3, 2, 3, 3, 3, 3, 2, 2, 3, 3, 3, 2, 3, 3, 3, 3, 3, 3, 3, 3, 3, 3, 3, 2, 3, 3, 3, 2, 3, 3, 2, 2, 3, 3, 3, 3, 3, 3, 3, 3, 3, 3, 3, 3, 2, 3, 2, 3, 3, 3, 3, 3, 3, 3, 3, 2, 3, 2, 3, 3, 3, 3, 3, 3, 3, 3, 3, 3, 3, 3, 3, 3, 3, 3, 3, 3, 3, 3, 3, 3, 3, 3, 3, 3, 3, 3, 2, 3, 3, 3, 3, 3, 3, 3, 3, 3, 3, 3, 3, 3, 3, 3, 3, 3, 3, 3, 3, 3, 3, 3, 3, 3, 3, 3, 3, 3, 3, 3, 3, 3, 3, 3, 3, 3, 3, 3, 3, 3, 3, 3, 3, 3, 3, 3, 3, 3, 3, 3, 3, 3, 3, 3, 3, 3, 3, 3, 3, 3, 3, 3, 3, 3, 3, 3, 3, 3, 3, 3, 3, 3, 3, 3, 3, 3, 3, 3, 3, 3, 3, 3, 3, 3, 3, 3, 3, 3, 3, 3, 3, 3, 3, 3, 3, 3, 3, 3, 3, 3, 3, 3, 3, 3, 3, 3, 3, 3, 3, 3, 3, 3, 3, 3, 3, 3, 3, 3, 3, 3, 3, 3, 3, 3, 3, 3, 3, 3, 3, 3, 3, 3, 3, 3, 3, 3, 3, 3, 3, 3, 3, 3, 3, 3, 3, 3, 3, 3, 3, 3, 3, 3, 3]
TimeCharterCost: [120000, 125000, 130000, 110000, 104000]
RequiredVisits: [6, 5, 5, 5, 2, 2, 5, 6, 6, 1]
NumberOfDaysAvailable: [7, 7, 7, 7, 7]
DepotCapacity: [3, 3, 3, 3, 3, 3, 0]
