!Summary:
!Execution time: 1,36 seconds
!Total # voyages: 1591 (1496 unique)
!Number of installations (excluding depot): 11
!Number of time windows: 3
!Number of vessels: 5

!Min. # installations: 1
!Max. number of installations: 8
!Min. duration: 56
!Max. duration: 80

!Name: FarStar	 # voyages: 273
!Name: FarSymphony	 # voyages: 285
!Name: FarSearcher	 # voyages: 357
!Name: FarSeeker	 # voyages: 357
!Name: HavilaForesight	 # voyages: 319
!------------------------------------------------------------------------------------------------------------------------
nV : 5
nR : 1496
nN : 11
nT : 7
minL : 2
maxL : 3

! Sets: 
Rv : [
[239, 251, 285, 293, 300, 315, 318, 407, 418, 483, 498, 499, 505, 510, 527, 534, 536, 539, 542, 556, 564, 566, 567, 577, 579, 580, 581, 582, 599, 602, 608, 610, 612, 627, 639, 641, 648, 649, 650, 651, 655, 659, 663, 665, 667, 676, 682, 683, 687, 688, 690, 693, 698, 701, 720, 728, 733, 737, 739, 741, 749, 752, 756, 760, 766, 779, 790, 799, 802, 804, 806, 807, 808, 815, 844, 851, 852, 859, 895, 896, 898, 900, 907, 911, 913, 914, 916, 917, 923, 927, 929, 947, 948, 959, 962, 963, 967, 968, 969, 975, 979, 987, 995, 997, 998, 1002, 1003, 1007, 1008, 1009, 1010, 1012, 1013, 1014, 1025, 1028, 1029, 1031, 1033, 1035, 1047, 1048, 1051, 1053, 1056, 1061, 1063, 1064, 1065, 1067, 1069, 1071, 1072, 1075, 1078, 1079, 1084, 1086, 1088, 1090, 1092, 1093, 1094, 1096, 1097, 1098, 1099, 1101, 1102, 1104, 1106, 1108, 1111, 1113, 1114, 1115, 1116, 1119, 1121, 1134, 1138, 1139, 1140, 1144, 1145, 1146, 1147, 1152, 1154, 1155, 1156, 1158, 1159, 1160, 1163, 1164, 1166, 1167, 1168, 1171, 1172, 1175, 1178, 1179, 1180, 1182, 1184, 1185, 1186, 1187, 1188, 1190, 1191, 1192, 1194, 1197, 1199, 1203, 1206, 1208, 1212, 1214, 1215, 1218, 1224, 1231, 1232, 1234, 1237, 1238, 1239, 1241, 1246, 1247, 1249, 1250, 1252, 1253, 1258, 1260, 1267, 1275, 1277, 1278, 1280, 1281, 1283, 1284, 1286, 1287, 1288, 1289, 1290, 1306, 1307, 1315, 1316, 1318, 1319, 1320, 1321, 1323, 1325, 1327, 1329, 1330, 1331, 1332, 1334, 1335, 1336, 1337, 1339, 1340, 1341, 1342, 1343, 1350, 1352, 1353, 1357, 1358, 1360, 1361, 1362, 1363, 1364, 1365, 1366, 1367, 1368, 1369, 1370, 1375, 1378, 1379, 1380, 1381, 1382, 1383, 1384, 1385, 1386, 1388, 1389, 1390, 1391, 1393, 1394, 1396, 1397, 1398, 1399, 1400, 1401, 1402, 1404, 1405, 1406, 1407, 1408, 1409, 1410, 1413, 1414, 1415, 1416, 1417, 1419, 1421, 1422, 1423, 1424, 1425, 1426, 1427, 1428, 1429, 1430, 1431, 1432, 1433, 1434, 1441, 1442, 1443, 1444, 1445, 1446, 1447, 1448, 1450, 1453, 1454, 1461, 1466, 1469, 1470, 1471, 1472, 1473, 1474, 1475, 1478, 1479, 1482, 1483, 1487, 1488, 1489, 1490, 1491, 1492, 1493, 1494, 1495, 1496]!Vessel: FarSeeker
[239, 251, 285, 293, 300, 315, 318, 407, 418, 483, 498, 499, 505, 510, 527, 534, 536, 539, 542, 556, 564, 566, 567, 577, 579, 580, 581, 582, 599, 602, 608, 610, 612, 627, 639, 641, 648, 649, 650, 651, 655, 659, 663, 665, 667, 676, 682, 683, 687, 688, 690, 693, 698, 701, 720, 728, 733, 737, 739, 741, 749, 752, 756, 760, 766, 779, 790, 799, 802, 804, 806, 807, 808, 815, 844, 851, 852, 859, 895, 896, 898, 900, 907, 911, 913, 914, 916, 917, 923, 927, 929, 947, 948, 959, 962, 963, 967, 968, 969, 975, 979, 987, 995, 997, 998, 1002, 1003, 1007, 1008, 1009, 1010, 1012, 1013, 1014, 1025, 1028, 1029, 1031, 1033, 1035, 1047, 1048, 1051, 1053, 1056, 1061, 1063, 1064, 1065, 1067, 1069, 1071, 1072, 1075, 1078, 1079, 1084, 1086, 1088, 1090, 1092, 1093, 1094, 1096, 1097, 1098, 1099, 1101, 1102, 1104, 1106, 1108, 1111, 1113, 1114, 1115, 1116, 1119, 1121, 1134, 1138, 1139, 1140, 1144, 1145, 1146, 1147, 1152, 1154, 1155, 1156, 1158, 1159, 1160, 1163, 1164, 1166, 1167, 1168, 1171, 1172, 1175, 1178, 1179, 1180, 1182, 1184, 1185, 1186, 1187, 1188, 1190, 1191, 1192, 1194, 1197, 1199, 1203, 1206, 1208, 1212, 1214, 1215, 1218, 1224, 1231, 1232, 1234, 1237, 1238, 1239, 1241, 1246, 1247, 1249, 1250, 1252, 1253, 1258, 1260, 1267, 1275, 1277, 1278, 1280, 1281, 1283, 1284, 1286, 1287, 1288, 1289, 1290, 1306, 1307, 1315, 1316, 1318, 1319, 1320, 1321, 1323, 1325, 1327, 1329, 1330, 1331, 1332, 1334, 1335, 1336, 1337, 1339, 1340, 1341, 1342, 1343, 1350, 1352, 1353, 1357, 1358, 1360, 1361, 1362, 1363, 1364, 1365, 1366, 1367, 1368, 1369, 1370, 1375, 1378, 1379, 1380, 1381, 1382, 1383, 1384, 1385, 1386, 1388, 1389, 1390, 1391, 1393, 1394, 1396, 1397, 1398, 1399, 1400, 1401, 1402, 1404, 1405, 1406, 1407, 1408, 1409, 1410, 1413, 1414, 1415, 1416, 1417, 1419, 1421, 1422, 1423, 1424, 1425, 1426, 1427, 1428, 1429, 1430, 1431, 1432, 1433, 1434, 1441, 1442, 1443, 1444, 1445, 1446, 1447, 1448, 1450, 1453, 1454, 1461, 1466, 1469, 1470, 1471, 1472, 1473, 1474, 1475, 1478, 1479, 1482, 1483, 1487, 1488, 1489, 1490, 1491, 1492, 1493, 1494, 1495, 1496]!Vessel: FarSearcher
[114, 148, 198, 239, 251, 285, 293, 300, 315, 318, 338, 347, 382, 386, 407, 418, 441, 451, 453, 455, 460, 483, 498, 499, 500, 505, 510, 527, 534, 536, 539, 542, 548, 556, 561, 565, 567, 577, 581, 599, 602, 606, 608, 614, 639, 641, 645, 650, 652, 655, 659, 661, 663, 665, 667, 676, 679, 680, 682, 683, 685, 687, 688, 690, 691, 693, 696, 698, 701, 704, 717, 720, 728, 730, 733, 735, 737, 739, 741, 748, 749, 752, 754, 756, 758, 760, 761, 763, 764, 766, 768, 769, 789, 790, 798, 799, 801, 803, 806, 815, 827, 840, 841, 845, 848, 849, 850, 852, 859, 861, 871, 875, 892, 893, 896, 899, 907, 909, 911, 912, 916, 917, 918, 924, 925, 926, 930, 947, 961, 963, 964, 966, 967, 969, 978, 979, 980, 987, 995, 997, 1002, 1003, 1005, 1007, 1009, 1011, 1024, 1027, 1030, 1031, 1047, 1048, 1051, 1053, 1056, 1061, 1066, 1067, 1070, 1072, 1073, 1074, 1078, 1084, 1087, 1088, 1090, 1092, 1094, 1095, 1098, 1100, 1106, 1109, 1112, 1113, 1114, 1118, 1120, 1121, 1124, 1135, 1137, 1138, 1139, 1142, 1146, 1152, 1157, 1160, 1162, 1164, 1165, 1166, 1167, 1179, 1181, 1184, 1186, 1187, 1188, 1190, 1192, 1198, 1203, 1206, 1208, 1213, 1218, 1224, 1231, 1232, 1234, 1237, 1238, 1239, 1241, 1246, 1247, 1249, 1250, 1253, 1256, 1259, 1260, 1267, 1275, 1277, 1278, 1281, 1283, 1286, 1287, 1318, 1323, 1327, 1329, 1330, 1331, 1332, 1334, 1335, 1336, 1337, 1339, 1340, 1341, 1342, 1343, 1350, 1352, 1357, 1358, 1361, 1362, 1364, 1365, 1367, 1369, 1377, 1382, 1386, 1388, 1392, 1395, 1396, 1402, 1403, 1404, 1407, 1409, 1410, 1412, 1413, 1417, 1418, 1421, 1425, 1429, 1431, 1440, 1445, 1447, 1449, 1480]!Vessel: FarSymphony
[239, 251, 285, 293, 300, 315, 318, 407, 418, 451, 455, 483, 498, 499, 500, 505, 510, 527, 534, 536, 539, 542, 556, 565, 567, 577, 579, 580, 581, 582, 599, 602, 608, 612, 614, 627, 639, 641, 649, 650, 655, 659, 663, 665, 667, 676, 682, 683, 687, 688, 690, 693, 696, 698, 701, 704, 717, 720, 728, 730, 733, 737, 739, 741, 749, 752, 754, 756, 760, 764, 766, 779, 790, 798, 799, 801, 802, 803, 806, 808, 815, 827, 844, 851, 852, 859, 871, 896, 898, 907, 911, 913, 916, 917, 918, 923, 924, 925, 926, 929, 947, 961, 962, 963, 964, 967, 969, 975, 979, 987, 995, 997, 1002, 1003, 1007, 1009, 1010, 1013, 1024, 1025, 1027, 1028, 1029, 1030, 1031, 1033, 1047, 1048, 1051, 1053, 1056, 1061, 1064, 1065, 1067, 1069, 1070, 1071, 1072, 1074, 1075, 1078, 1084, 1088, 1090, 1092, 1093, 1094, 1095, 1096, 1098, 1101, 1104, 1106, 1108, 1111, 1113, 1114, 1115, 1116, 1119, 1121, 1124, 1134, 1137, 1138, 1139, 1140, 1144, 1145, 1146, 1147, 1152, 1156, 1158, 1159, 1160, 1162, 1163, 1164, 1166, 1167, 1168, 1171, 1175, 1178, 1179, 1182, 1184, 1185, 1186, 1187, 1188, 1190, 1191, 1192, 1194, 1197, 1199, 1203, 1206, 1208, 1212, 1214, 1215, 1218, 1224, 1231, 1232, 1234, 1237, 1238, 1239, 1241, 1246, 1247, 1249, 1250, 1253, 1258, 1259, 1260, 1267, 1275, 1277, 1278, 1281, 1283, 1286, 1287, 1288, 1289, 1290, 1307, 1316, 1318, 1319, 1320, 1321, 1323, 1325, 1327, 1329, 1330, 1331, 1332, 1334, 1335, 1336, 1337, 1339, 1340, 1341, 1342, 1343, 1350, 1352, 1357, 1358, 1361, 1362, 1364, 1365, 1366, 1367, 1369, 1370, 1375, 1377, 1381, 1382, 1386, 1388, 1392, 1394, 1395, 1396, 1399, 1400, 1402, 1403, 1404, 1407, 1408, 1409, 1410, 1412, 1413, 1415, 1417, 1418, 1421, 1424, 1425, 1429, 1430, 1431, 1440, 1441, 1442, 1445, 1447, 1449, 1473, 1475, 1478, 1479, 1480, 1483, 1487, 1488, 1489, 1490, 1491, 1492, 1493, 1494, 1495, 1496]!Vessel: HavilaForesight
[99, 114, 143, 148, 163, 198, 220, 229, 237, 238, 251, 276, 280, 282, 284, 300, 313, 314, 322, 336, 338, 342, 347, 349, 358, 370, 373, 375, 376, 380, 382, 386, 393, 394, 399, 403, 405, 406, 407, 426, 441, 451, 453, 455, 460, 465, 480, 482, 484, 492, 497, 500, 504, 508, 521, 526, 530, 532, 533, 536, 542, 548, 555, 558, 561, 563, 565, 568, 577, 583, 598, 600, 602, 603, 606, 608, 611, 613, 614, 629, 631, 634, 635, 636, 638, 645, 652, 659, 661, 663, 666, 679, 680, 683, 685, 687, 690, 691, 694, 696, 701, 704, 717, 720, 730, 733, 735, 737, 740, 747, 748, 749, 754, 756, 758, 761, 763, 764, 768, 769, 789, 790, 796, 798, 799, 801, 803, 814, 825, 827, 840, 841, 845, 848, 849, 850, 855, 857, 858, 860, 861, 871, 875, 892, 893, 896, 899, 909, 912, 918, 922, 924, 925, 926, 930, 947, 961, 963, 964, 966, 967, 977, 978, 980, 984, 985, 986, 990, 991, 993, 994, 997, 1003, 1005, 1009, 1011, 1023, 1024, 1026, 1027, 1030, 1031, 1034, 1036, 1047, 1048, 1060, 1062, 1066, 1068, 1070, 1073, 1074, 1076, 1077, 1083, 1085, 1087, 1089, 1091, 1095, 1100, 1103, 1107, 1109, 1110, 1112, 1117, 1118, 1120, 1122, 1123, 1124, 1135, 1136, 1137, 1141, 1142, 1143, 1151, 1153, 1157, 1161, 1162, 1165, 1166, 1169, 1170, 1176, 1177, 1181, 1183, 1189, 1198, 1213, 1239, 1243, 1246, 1251, 1254, 1256, 1257, 1259, 1261, 1279, 1282, 1286, 1332, 1336, 1342, 1350, 1361, 1362, 1367, 1369, 1377, 1386, 1388, 1392, 1395, 1396, 1403, 1409, 1412, 1413, 1418, 1421, 1429, 1431, 1440, 1445, 1449, 1480]!Vessel: FarStar
] 

Rvi : [
!i : 1, 2, 3, 4, 5, 6, 7, 8, 9, 10, 11
[239, 251, 564, 566, 567, 577, 579, 580, 581, 582, 655, 659, 663, 665, 667, 676, 701, 720, 1007, 1008, 1009, 1010, 1012, 1013, 1014, 1061, 1063, 1064, 1065, 1067, 1069, 1071, 1072, 1075, 1078, 1079, 1084, 1086, 1088, 1106, 1108, 1111, 1113, 1114, 1115, 1116, 1119, 1121, 1134, 1138, 1139, 1140, 1144, 1145, 1146, 1147, 1194, 1197, 1199, 1231, 1238, 1239, 1250, 1252, 1253, 1258, 1260, 1267, 1289, 1320, 1332, 1360, 1361, 1362, 1365, 1370, 1375, 1378, 1379, 1380, 1381, 1382, 1383, 1384, 1385, 1386, 1388, 1389, 1390, 1393, 1394, 1396, 1397, 1398, 1399, 1400, 1401, 1402, 1404, 1405, 1406, 1407, 1408, 1409, 1410, 1413, 1414, 1415, 1416, 1417, 1419, 1441, 1444, 1445, 1446, 1447, 1448, 1450, 1471, 1473, 1474, 1488, 1490, 1491, 1493, 1494, 1495, 1496], [285, 293, 300, 498, 527, 564, 577, 579, 599, 602, 608, 610, 612, 627, 639, 641, 648, 655, 676, 682, 683, 693, 701, 728, 749, 752, 766, 779, 790, 802, 844, 895, 896, 907, 913, 914, 923, 947, 948, 959, 962, 963, 979, 1002, 1003, 1007, 1010, 1012, 1025, 1028, 1029, 1031, 1033, 1035, 1047, 1048, 1051, 1053, 1056, 1061, 1063, 1064, 1065, 1084, 1086, 1090, 1092, 1093, 1097, 1101, 1102, 1106, 1108, 1111, 1134, 1144, 1152, 1154, 1155, 1156, 1166, 1175, 1178, 1179, 1180, 1187, 1188, 1190, 1191, 1194, 1197, 1203, 1206, 1212, 1215, 1218, 1231, 1232, 1234, 1237, 1250, 1252, 1258, 1275, 1278, 1280, 1286, 1287, 1288, 1306, 1307, 1315, 1316, 1318, 1319, 1320, 1321, 1323, 1327, 1329, 1330, 1334, 1335, 1340, 1341, 1342, 1350, 1357, 1360, 1361, 1362, 1363, 1364, 1365, 1366, 1367, 1368, 1369, 1370, 1375, 1378, 1381, 1382, 1383, 1388, 1389, 1391, 1393, 1394, 1396, 1397, 1398, 1402, 1407, 1408, 1413, 1414, 1417, 1421, 1422, 1424, 1425, 1426, 1430, 1431, 1432, 1434, 1442, 1443, 1445, 1446, 1447, 1454, 1461, 1466, 1469, 1470, 1471, 1472, 1473, 1475, 1478, 1479, 1490, 1491, 1492, 1493, 1495, 1496], [239, 285, 315, 318, 407, 483, 534, 564, 566, 567, 577, 599, 602, 608, 610, 612, 648, 649, 650, 651, 655, 659, 663, 665, 667, 682, 683, 687, 688, 690, 693, 698, 728, 733, 737, 739, 741, 790, 799, 802, 804, 806, 807, 808, 851, 895, 896, 898, 900, 907, 911, 947, 948, 967, 968, 969, 1002, 1007, 1008, 1009, 1010, 1025, 1028, 1029, 1031, 1033, 1035, 1051, 1053, 1061, 1063, 1064, 1065, 1067, 1069, 1071, 1072, 1075, 1078, 1079, 1090, 1092, 1093, 1094, 1096, 1097, 1098, 1099, 1101, 1102, 1104, 1111, 1113, 1114, 1115, 1116, 1119, 1121, 1152, 1154, 1155, 1156, 1158, 1159, 1160, 1163, 1164, 1166, 1167, 1168, 1171, 1172, 1197, 1199, 1203, 1206, 1208, 1212, 1214, 1215, 1218, 1231, 1232, 1234, 1238, 1239, 1241, 1246, 1247, 1250, 1252, 1253, 1258, 1260, 1275, 1277, 1278, 1280, 1281, 1283, 1287, 1288, 1289, 1290, 1306, 1307, 1316, 1325, 1327, 1331, 1334, 1335, 1336, 1337, 1343, 1350, 1357, 1358, 1360, 1361, 1362, 1363, 1364, 1365, 1366, 1367, 1368, 1369, 1370, 1378, 1379, 1380, 1381, 1382, 1383, 1384, 1385, 1386, 1391, 1396, 1397, 1398, 1399, 1400, 1401, 1402, 1404, 1405, 1406, 1407, 1408, 1409, 1410, 1421, 1422, 1423, 1424, 1425, 1426, 1427, 1428, 1429, 1441, 1442, 1444, 1445, 1446, 1447, 1448, 1450, 1453, 1454, 1461, 1466, 1469, 1470, 1473, 1474, 1475, 1482, 1483, 1487, 1490, 1491, 1492, 1493, 1494, 1496], [293, 318, 418, 499, 539, 566, 599, 602, 610, 627, 655, 659, 663, 665, 667, 676, 682, 683, 687, 688, 690, 693, 698, 701, 720, 728, 733, 737, 739, 741, 749, 752, 756, 760, 766, 804, 844, 851, 859, 927, 947, 959, 963, 968, 975, 987, 997, 998, 1025, 1028, 1029, 1047, 1053, 1056, 1061, 1063, 1064, 1065, 1067, 1069, 1071, 1072, 1075, 1078, 1079, 1084, 1086, 1088, 1090, 1092, 1093, 1094, 1096, 1097, 1098, 1099, 1101, 1102, 1104, 1106, 1108, 1111, 1113, 1114, 1115, 1116, 1119, 1121, 1134, 1138, 1139, 1140, 1144, 1145, 1146, 1147, 1152, 1154, 1155, 1156, 1158, 1159, 1160, 1163, 1164, 1166, 1167, 1168, 1171, 1172, 1175, 1178, 1179, 1180, 1182, 1184, 1185, 1186, 1187, 1188, 1190, 1191, 1192, 1194, 1231, 1232, 1234, 1237, 1238, 1239, 1241, 1246, 1249, 1289, 1290, 1306, 1307, 1316, 1318, 1319, 1320, 1321, 1327, 1329, 1330, 1331, 1339, 1342, 1343, 1352, 1353, 1362, 1363, 1364, 1365, 1366, 1367, 1375, 1378, 1379, 1380, 1381, 1382, 1383, 1384, 1385, 1386, 1388, 1389, 1390, 1391, 1393, 1394, 1396, 1397, 1398, 1399, 1400, 1401, 1402, 1404, 1405, 1406, 1407, 1408, 1409, 1410, 1413, 1414, 1415, 1416, 1417, 1419, 1421, 1422, 1423, 1424, 1425, 1426, 1427, 1428, 1429, 1430, 1431, 1432, 1433, 1434, 1443, 1466, 1469, 1471, 1472, 1478, 1482, 1483, 1488, 1489, 1490, 1491, 1492, 1493, 1494, 1495], [251, 315, 510, 536, 577, 579, 580, 581, 582, 602, 608, 641, 648, 649, 650, 651, 701, 720, 728, 733, 737, 739, 741, 749, 752, 756, 760, 779, 799, 815, 852, 907, 911, 967, 997, 1010, 1012, 1013, 1014, 1028, 1029, 1031, 1033, 1047, 1048, 1051, 1106, 1108, 1111, 1113, 1114, 1115, 1116, 1119, 1121, 1134, 1138, 1139, 1140, 1144, 1145, 1146, 1147, 1152, 1154, 1155, 1156, 1158, 1159, 1160, 1163, 1164, 1166, 1167, 1168, 1171, 1172, 1175, 1178, 1179, 1180, 1182, 1184, 1185, 1186, 1206, 1208, 1212, 1214, 1224, 1234, 1237, 1246, 1247, 1249, 1258, 1260, 1267, 1278, 1280, 1281, 1283, 1290, 1307, 1318, 1321, 1325, 1329, 1331, 1332, 1334, 1335, 1336, 1337, 1339, 1340, 1341, 1365, 1366, 1367, 1368, 1369, 1370, 1393, 1394, 1396, 1397, 1398, 1399, 1400, 1401, 1402, 1404, 1405, 1406, 1407, 1408, 1409, 1410, 1413, 1414, 1415, 1416, 1417, 1419, 1421, 1422, 1423, 1424, 1425, 1426, 1427, 1428, 1429, 1430, 1431, 1432, 1433, 1441, 1442, 1445, 1446, 1447, 1448, 1450, 1453, 1469, 1470, 1472, 1473, 1474, 1475, 1478, 1479, 1483, 1487, 1489, 1491, 1492, 1493, 1494, 1495, 1496], [239, 251, 285, 293, 300, 315, 318, 407, 418, 483, 498, 499, 505, 510, 527, 534, 536, 539, 542, 556, 564, 566, 567, 579, 580, 581, 582, 599, 602, 608, 610, 612, 627, 639, 641, 648, 649, 650, 651, 663, 687, 737, 749, 779, 802, 804, 806, 807, 808, 815, 844, 851, 852, 859, 895, 896, 898, 900, 913, 914, 916, 917, 923, 927, 929, 947, 948, 959, 962, 963, 967, 968, 969, 975, 979, 987, 995, 997, 998, 1007, 1008, 1009, 1012, 1013, 1014, 1025, 1028, 1029, 1031, 1033, 1035, 1047, 1048, 1051, 1053, 1056, 1069, 1075, 1096, 1113, 1114, 1115, 1116, 1134, 1138, 1139, 1140, 1158, 1159, 1167, 1168, 1175, 1182, 1231, 1232, 1234, 1237, 1238, 1239, 1241, 1246, 1247, 1249, 1275, 1277, 1284, 1286, 1287, 1288, 1306, 1307, 1315, 1316, 1318, 1319, 1320, 1321, 1325, 1327, 1329, 1330, 1331, 1332, 1334, 1336, 1337, 1339, 1340, 1342, 1343, 1350, 1352, 1353, 1363, 1366, 1370, 1375, 1383, 1384, 1385, 1398, 1399, 1400, 1401, 1414, 1415, 1416, 1426, 1427, 1428, 1430, 1441, 1442, 1443, 1454, 1466, 1469, 1470, 1471, 1472, 1473, 1474, 1475, 1478, 1479, 1482, 1483, 1487, 1488, 1489], [300, 407, 418, 505, 542, 580, 627, 639, 649, 659, 683, 687, 688, 690, 733, 756, 766, 779, 790, 799, 802, 804, 806, 807, 808, 815, 859, 916, 923, 927, 929, 962, 975, 995, 1003, 1008, 1009, 1010, 1013, 1025, 1028, 1031, 1033, 1035, 1047, 1048, 1053, 1056, 1065, 1067, 1069, 1071, 1088, 1090, 1093, 1094, 1096, 1097, 1098, 1099, 1113, 1119, 1138, 1145, 1156, 1158, 1159, 1160, 1163, 1175, 1178, 1182, 1184, 1185, 1187, 1188, 1191, 1192, 1194, 1197, 1199, 1203, 1206, 1208, 1212, 1214, 1215, 1218, 1224, 1239, 1241, 1246, 1247, 1249, 1253, 1277, 1281, 1284, 1286, 1287, 1288, 1289, 1290, 1315, 1316, 1318, 1319, 1323, 1325, 1336, 1342, 1343, 1350, 1352, 1353, 1358, 1360, 1361, 1362, 1363, 1364, 1365, 1366, 1367, 1368, 1369, 1370, 1375, 1378, 1379, 1380, 1381, 1384, 1386, 1388, 1389, 1390, 1391, 1394, 1399, 1402, 1404, 1405, 1409, 1415, 1417, 1419, 1421, 1422, 1423, 1424, 1427, 1429, 1430, 1431, 1432, 1433, 1434, 1441, 1442, 1443, 1444, 1447, 1448, 1453, 1454, 1461, 1466, 1475, 1478, 1479, 1482, 1483, 1487, 1488, 1489, 1490, 1491, 1492, 1493, 1494, 1495, 1496], [567, 581, 612, 639, 641, 650, 806, 815, 844, 851, 852, 859, 898, 913, 916, 917, 969, 979, 987, 995, 1007, 1008, 1009, 1012, 1013, 1014, 1031, 1035, 1047, 1048, 1051, 1053, 1056, 1061, 1067, 1072, 1078, 1084, 1088, 1090, 1092, 1094, 1098, 1101, 1104, 1106, 1114, 1121, 1139, 1146, 1152, 1160, 1164, 1167, 1171, 1179, 1184, 1186, 1187, 1188, 1190, 1192, 1203, 1206, 1208, 1218, 1224, 1231, 1232, 1234, 1237, 1238, 1239, 1241, 1246, 1247, 1249, 1250, 1253, 1260, 1267, 1275, 1277, 1278, 1281, 1283, 1284, 1286, 1287, 1315, 1323, 1327, 1329, 1330, 1331, 1332, 1334, 1335, 1336, 1337, 1339, 1340, 1341, 1342, 1343, 1350, 1352, 1353, 1357, 1358, 1360, 1361, 1362, 1363, 1364, 1366, 1367, 1368, 1369, 1370, 1375, 1378, 1379, 1380, 1382, 1383, 1384, 1385, 1386, 1388, 1389, 1390, 1391, 1393, 1394, 1396, 1397, 1398, 1399, 1400, 1401, 1405, 1406, 1407, 1409, 1410, 1413, 1414, 1415, 1416, 1419, 1421, 1422, 1423, 1425, 1426, 1427, 1428, 1429, 1430, 1431, 1432, 1433, 1434, 1441, 1442, 1443, 1444, 1445, 1446, 1448, 1450, 1453, 1454, 1461, 1466, 1469, 1470, 1471, 1472, 1473, 1474, 1475, 1478, 1479, 1482, 1483, 1487, 1488, 1489, 1490, 1491, 1492, 1493, 1494, 1495, 1496], [483, 498, 499, 505, 510, 556, 599, 608, 663, 665, 676, 687, 688, 693, 698, 720, 737, 739, 749, 752, 756, 760, 766, 799, 807, 895, 896, 898, 900, 907, 911, 913, 914, 916, 917, 923, 927, 929, 963, 967, 997, 998, 1002, 1003, 1025, 1029, 1033, 1048, 1051, 1056, 1063, 1069, 1075, 1078, 1079, 1084, 1086, 1088, 1096, 1097, 1098, 1099, 1101, 1102, 1104, 1115, 1134, 1138, 1139, 1140, 1144, 1145, 1146, 1147, 1154, 1158, 1166, 1167, 1168, 1171, 1172, 1175, 1178, 1179, 1180, 1182, 1184, 1185, 1186, 1188, 1190, 1191, 1192, 1194, 1197, 1199, 1212, 1214, 1215, 1218, 1224, 1232, 1237, 1238, 1241, 1247, 1249, 1250, 1252, 1253, 1258, 1260, 1267, 1275, 1277, 1278, 1280, 1281, 1283, 1284, 1286, 1287, 1288, 1289, 1290, 1306, 1319, 1320, 1321, 1323, 1325, 1330, 1332, 1337, 1339, 1340, 1341, 1352, 1357, 1358, 1360, 1361, 1362, 1363, 1364, 1365, 1367, 1368, 1369, 1375, 1379, 1381, 1382, 1383, 1384, 1385, 1386, 1388, 1389, 1390, 1401, 1404, 1407, 1408, 1409, 1410, 1413, 1414, 1415, 1416, 1417, 1419, 1424, 1425, 1426, 1427, 1428, 1429, 1430, 1431, 1432, 1433, 1434, 1441, 1442, 1443, 1444, 1445, 1446, 1447, 1448, 1450, 1453, 1454, 1461, 1470, 1471, 1472, 1474, 1479, 1482, 1487, 1488, 1489, 1490, 1491, 1492, 1494, 1495, 1496], [239, 251, 285, 293, 300, 315, 318, 407, 418, 483, 498, 499, 505, 510, 527, 534, 536, 539, 542, 556, 564, 566, 567, 577, 579, 580, 581, 582, 610, 612, 627, 639, 641, 648, 649, 650, 651, 655, 659, 665, 667, 676, 682, 683, 688, 690, 693, 698, 701, 720, 728, 733, 739, 741, 752, 756, 760, 766, 779, 790, 799, 802, 804, 806, 807, 808, 815, 844, 851, 852, 859, 895, 898, 900, 907, 911, 913, 914, 916, 917, 923, 927, 929, 948, 959, 962, 968, 969, 975, 979, 987, 995, 998, 1002, 1003, 1008, 1010, 1012, 1013, 1014, 1035, 1061, 1063, 1064, 1065, 1067, 1071, 1072, 1078, 1079, 1084, 1086, 1088, 1090, 1092, 1093, 1094, 1097, 1098, 1099, 1101, 1102, 1104, 1106, 1108, 1111, 1119, 1121, 1144, 1145, 1146, 1147, 1152, 1154, 1155, 1156, 1160, 1163, 1164, 1171, 1172, 1178, 1179, 1180, 1184, 1185, 1186, 1187, 1188, 1190, 1191, 1192, 1194, 1197, 1199, 1203, 1206, 1208, 1212, 1214, 1215, 1218, 1224, 1250, 1252, 1253, 1258, 1260, 1267, 1278, 1280, 1281, 1283, 1284, 1289, 1290, 1315, 1323, 1335, 1341, 1353, 1357, 1358, 1360, 1368, 1378, 1379, 1380, 1389, 1390, 1391, 1393, 1394, 1397, 1405, 1406, 1419, 1422, 1423, 1432, 1433, 1434, 1444, 1446, 1448, 1450, 1453, 1461], [527, 534, 536, 539, 542, 556, 582, 651, 667, 682, 690, 698, 741, 760, 790, 808, 852, 896, 900, 911, 914, 917, 929, 947, 948, 959, 962, 963, 967, 968, 969, 975, 979, 987, 995, 997, 998, 1002, 1003, 1007, 1009, 1014, 1064, 1071, 1072, 1075, 1079, 1086, 1092, 1093, 1094, 1096, 1099, 1102, 1104, 1108, 1116, 1140, 1147, 1155, 1159, 1163, 1164, 1166, 1168, 1172, 1180, 1182, 1185, 1186, 1187, 1190, 1191, 1192, 1199, 1203, 1208, 1214, 1215, 1224, 1252, 1267, 1275, 1277, 1280, 1283, 1284, 1286, 1288, 1306, 1307, 1315, 1316, 1318, 1319, 1320, 1321, 1323, 1325, 1327, 1329, 1330, 1331, 1332, 1334, 1335, 1336, 1337, 1339, 1340, 1341, 1342, 1343, 1350, 1352, 1353, 1357, 1358, 1361, 1364, 1369, 1380, 1381, 1382, 1385, 1386, 1388, 1390, 1391, 1393, 1396, 1400, 1402, 1404, 1406, 1408, 1410, 1413, 1416, 1417, 1421, 1423, 1424, 1425, 1428, 1429, 1431, 1433, 1434, 1443, 1444, 1445, 1447, 1450, 1453, 1454, 1461, 1466, 1469, 1470, 1471, 1472, 1473, 1474, 1475, 1478, 1479, 1482, 1483, 1487, 1488, 1489, 1490, 1492, 1493, 1494, 1495, 1496]!Vessel: FarSeeker
[239, 251, 564, 566, 567, 577, 579, 580, 581, 582, 655, 659, 663, 665, 667, 676, 701, 720, 1007, 1008, 1009, 1010, 1012, 1013, 1014, 1061, 1063, 1064, 1065, 1067, 1069, 1071, 1072, 1075, 1078, 1079, 1084, 1086, 1088, 1106, 1108, 1111, 1113, 1114, 1115, 1116, 1119, 1121, 1134, 1138, 1139, 1140, 1144, 1145, 1146, 1147, 1194, 1197, 1199, 1231, 1238, 1239, 1250, 1252, 1253, 1258, 1260, 1267, 1289, 1320, 1332, 1360, 1361, 1362, 1365, 1370, 1375, 1378, 1379, 1380, 1381, 1382, 1383, 1384, 1385, 1386, 1388, 1389, 1390, 1393, 1394, 1396, 1397, 1398, 1399, 1400, 1401, 1402, 1404, 1405, 1406, 1407, 1408, 1409, 1410, 1413, 1414, 1415, 1416, 1417, 1419, 1441, 1444, 1445, 1446, 1447, 1448, 1450, 1471, 1473, 1474, 1488, 1490, 1491, 1493, 1494, 1495, 1496], [285, 293, 300, 498, 527, 564, 577, 579, 599, 602, 608, 610, 612, 627, 639, 641, 648, 655, 676, 682, 683, 693, 701, 728, 749, 752, 766, 779, 790, 802, 844, 895, 896, 907, 913, 914, 923, 947, 948, 959, 962, 963, 979, 1002, 1003, 1007, 1010, 1012, 1025, 1028, 1029, 1031, 1033, 1035, 1047, 1048, 1051, 1053, 1056, 1061, 1063, 1064, 1065, 1084, 1086, 1090, 1092, 1093, 1097, 1101, 1102, 1106, 1108, 1111, 1134, 1144, 1152, 1154, 1155, 1156, 1166, 1175, 1178, 1179, 1180, 1187, 1188, 1190, 1191, 1194, 1197, 1203, 1206, 1212, 1215, 1218, 1231, 1232, 1234, 1237, 1250, 1252, 1258, 1275, 1278, 1280, 1286, 1287, 1288, 1306, 1307, 1315, 1316, 1318, 1319, 1320, 1321, 1323, 1327, 1329, 1330, 1334, 1335, 1340, 1341, 1342, 1350, 1357, 1360, 1361, 1362, 1363, 1364, 1365, 1366, 1367, 1368, 1369, 1370, 1375, 1378, 1381, 1382, 1383, 1388, 1389, 1391, 1393, 1394, 1396, 1397, 1398, 1402, 1407, 1408, 1413, 1414, 1417, 1421, 1422, 1424, 1425, 1426, 1430, 1431, 1432, 1434, 1442, 1443, 1445, 1446, 1447, 1454, 1461, 1466, 1469, 1470, 1471, 1472, 1473, 1475, 1478, 1479, 1490, 1491, 1492, 1493, 1495, 1496], [239, 285, 315, 318, 407, 483, 534, 564, 566, 567, 577, 599, 602, 608, 610, 612, 648, 649, 650, 651, 655, 659, 663, 665, 667, 682, 683, 687, 688, 690, 693, 698, 728, 733, 737, 739, 741, 790, 799, 802, 804, 806, 807, 808, 851, 895, 896, 898, 900, 907, 911, 947, 948, 967, 968, 969, 1002, 1007, 1008, 1009, 1010, 1025, 1028, 1029, 1031, 1033, 1035, 1051, 1053, 1061, 1063, 1064, 1065, 1067, 1069, 1071, 1072, 1075, 1078, 1079, 1090, 1092, 1093, 1094, 1096, 1097, 1098, 1099, 1101, 1102, 1104, 1111, 1113, 1114, 1115, 1116, 1119, 1121, 1152, 1154, 1155, 1156, 1158, 1159, 1160, 1163, 1164, 1166, 1167, 1168, 1171, 1172, 1197, 1199, 1203, 1206, 1208, 1212, 1214, 1215, 1218, 1231, 1232, 1234, 1238, 1239, 1241, 1246, 1247, 1250, 1252, 1253, 1258, 1260, 1275, 1277, 1278, 1280, 1281, 1283, 1287, 1288, 1289, 1290, 1306, 1307, 1316, 1325, 1327, 1331, 1334, 1335, 1336, 1337, 1343, 1350, 1357, 1358, 1360, 1361, 1362, 1363, 1364, 1365, 1366, 1367, 1368, 1369, 1370, 1378, 1379, 1380, 1381, 1382, 1383, 1384, 1385, 1386, 1391, 1396, 1397, 1398, 1399, 1400, 1401, 1402, 1404, 1405, 1406, 1407, 1408, 1409, 1410, 1421, 1422, 1423, 1424, 1425, 1426, 1427, 1428, 1429, 1441, 1442, 1444, 1445, 1446, 1447, 1448, 1450, 1453, 1454, 1461, 1466, 1469, 1470, 1473, 1474, 1475, 1482, 1483, 1487, 1490, 1491, 1492, 1493, 1494, 1496], [293, 318, 418, 499, 539, 566, 599, 602, 610, 627, 655, 659, 663, 665, 667, 676, 682, 683, 687, 688, 690, 693, 698, 701, 720, 728, 733, 737, 739, 741, 749, 752, 756, 760, 766, 804, 844, 851, 859, 927, 947, 959, 963, 968, 975, 987, 997, 998, 1025, 1028, 1029, 1047, 1053, 1056, 1061, 1063, 1064, 1065, 1067, 1069, 1071, 1072, 1075, 1078, 1079, 1084, 1086, 1088, 1090, 1092, 1093, 1094, 1096, 1097, 1098, 1099, 1101, 1102, 1104, 1106, 1108, 1111, 1113, 1114, 1115, 1116, 1119, 1121, 1134, 1138, 1139, 1140, 1144, 1145, 1146, 1147, 1152, 1154, 1155, 1156, 1158, 1159, 1160, 1163, 1164, 1166, 1167, 1168, 1171, 1172, 1175, 1178, 1179, 1180, 1182, 1184, 1185, 1186, 1187, 1188, 1190, 1191, 1192, 1194, 1231, 1232, 1234, 1237, 1238, 1239, 1241, 1246, 1249, 1289, 1290, 1306, 1307, 1316, 1318, 1319, 1320, 1321, 1327, 1329, 1330, 1331, 1339, 1342, 1343, 1352, 1353, 1362, 1363, 1364, 1365, 1366, 1367, 1375, 1378, 1379, 1380, 1381, 1382, 1383, 1384, 1385, 1386, 1388, 1389, 1390, 1391, 1393, 1394, 1396, 1397, 1398, 1399, 1400, 1401, 1402, 1404, 1405, 1406, 1407, 1408, 1409, 1410, 1413, 1414, 1415, 1416, 1417, 1419, 1421, 1422, 1423, 1424, 1425, 1426, 1427, 1428, 1429, 1430, 1431, 1432, 1433, 1434, 1443, 1466, 1469, 1471, 1472, 1478, 1482, 1483, 1488, 1489, 1490, 1491, 1492, 1493, 1494, 1495], [251, 315, 510, 536, 577, 579, 580, 581, 582, 602, 608, 641, 648, 649, 650, 651, 701, 720, 728, 733, 737, 739, 741, 749, 752, 756, 760, 779, 799, 815, 852, 907, 911, 967, 997, 1010, 1012, 1013, 1014, 1028, 1029, 1031, 1033, 1047, 1048, 1051, 1106, 1108, 1111, 1113, 1114, 1115, 1116, 1119, 1121, 1134, 1138, 1139, 1140, 1144, 1145, 1146, 1147, 1152, 1154, 1155, 1156, 1158, 1159, 1160, 1163, 1164, 1166, 1167, 1168, 1171, 1172, 1175, 1178, 1179, 1180, 1182, 1184, 1185, 1186, 1206, 1208, 1212, 1214, 1224, 1234, 1237, 1246, 1247, 1249, 1258, 1260, 1267, 1278, 1280, 1281, 1283, 1290, 1307, 1318, 1321, 1325, 1329, 1331, 1332, 1334, 1335, 1336, 1337, 1339, 1340, 1341, 1365, 1366, 1367, 1368, 1369, 1370, 1393, 1394, 1396, 1397, 1398, 1399, 1400, 1401, 1402, 1404, 1405, 1406, 1407, 1408, 1409, 1410, 1413, 1414, 1415, 1416, 1417, 1419, 1421, 1422, 1423, 1424, 1425, 1426, 1427, 1428, 1429, 1430, 1431, 1432, 1433, 1441, 1442, 1445, 1446, 1447, 1448, 1450, 1453, 1469, 1470, 1472, 1473, 1474, 1475, 1478, 1479, 1483, 1487, 1489, 1491, 1492, 1493, 1494, 1495, 1496], [239, 251, 285, 293, 300, 315, 318, 407, 418, 483, 498, 499, 505, 510, 527, 534, 536, 539, 542, 556, 564, 566, 567, 579, 580, 581, 582, 599, 602, 608, 610, 612, 627, 639, 641, 648, 649, 650, 651, 663, 687, 737, 749, 779, 802, 804, 806, 807, 808, 815, 844, 851, 852, 859, 895, 896, 898, 900, 913, 914, 916, 917, 923, 927, 929, 947, 948, 959, 962, 963, 967, 968, 969, 975, 979, 987, 995, 997, 998, 1007, 1008, 1009, 1012, 1013, 1014, 1025, 1028, 1029, 1031, 1033, 1035, 1047, 1048, 1051, 1053, 1056, 1069, 1075, 1096, 1113, 1114, 1115, 1116, 1134, 1138, 1139, 1140, 1158, 1159, 1167, 1168, 1175, 1182, 1231, 1232, 1234, 1237, 1238, 1239, 1241, 1246, 1247, 1249, 1275, 1277, 1284, 1286, 1287, 1288, 1306, 1307, 1315, 1316, 1318, 1319, 1320, 1321, 1325, 1327, 1329, 1330, 1331, 1332, 1334, 1336, 1337, 1339, 1340, 1342, 1343, 1350, 1352, 1353, 1363, 1366, 1370, 1375, 1383, 1384, 1385, 1398, 1399, 1400, 1401, 1414, 1415, 1416, 1426, 1427, 1428, 1430, 1441, 1442, 1443, 1454, 1466, 1469, 1470, 1471, 1472, 1473, 1474, 1475, 1478, 1479, 1482, 1483, 1487, 1488, 1489], [300, 407, 418, 505, 542, 580, 627, 639, 649, 659, 683, 687, 688, 690, 733, 756, 766, 779, 790, 799, 802, 804, 806, 807, 808, 815, 859, 916, 923, 927, 929, 962, 975, 995, 1003, 1008, 1009, 1010, 1013, 1025, 1028, 1031, 1033, 1035, 1047, 1048, 1053, 1056, 1065, 1067, 1069, 1071, 1088, 1090, 1093, 1094, 1096, 1097, 1098, 1099, 1113, 1119, 1138, 1145, 1156, 1158, 1159, 1160, 1163, 1175, 1178, 1182, 1184, 1185, 1187, 1188, 1191, 1192, 1194, 1197, 1199, 1203, 1206, 1208, 1212, 1214, 1215, 1218, 1224, 1239, 1241, 1246, 1247, 1249, 1253, 1277, 1281, 1284, 1286, 1287, 1288, 1289, 1290, 1315, 1316, 1318, 1319, 1323, 1325, 1336, 1342, 1343, 1350, 1352, 1353, 1358, 1360, 1361, 1362, 1363, 1364, 1365, 1366, 1367, 1368, 1369, 1370, 1375, 1378, 1379, 1380, 1381, 1384, 1386, 1388, 1389, 1390, 1391, 1394, 1399, 1402, 1404, 1405, 1409, 1415, 1417, 1419, 1421, 1422, 1423, 1424, 1427, 1429, 1430, 1431, 1432, 1433, 1434, 1441, 1442, 1443, 1444, 1447, 1448, 1453, 1454, 1461, 1466, 1475, 1478, 1479, 1482, 1483, 1487, 1488, 1489, 1490, 1491, 1492, 1493, 1494, 1495, 1496], [567, 581, 612, 639, 641, 650, 806, 815, 844, 851, 852, 859, 898, 913, 916, 917, 969, 979, 987, 995, 1007, 1008, 1009, 1012, 1013, 1014, 1031, 1035, 1047, 1048, 1051, 1053, 1056, 1061, 1067, 1072, 1078, 1084, 1088, 1090, 1092, 1094, 1098, 1101, 1104, 1106, 1114, 1121, 1139, 1146, 1152, 1160, 1164, 1167, 1171, 1179, 1184, 1186, 1187, 1188, 1190, 1192, 1203, 1206, 1208, 1218, 1224, 1231, 1232, 1234, 1237, 1238, 1239, 1241, 1246, 1247, 1249, 1250, 1253, 1260, 1267, 1275, 1277, 1278, 1281, 1283, 1284, 1286, 1287, 1315, 1323, 1327, 1329, 1330, 1331, 1332, 1334, 1335, 1336, 1337, 1339, 1340, 1341, 1342, 1343, 1350, 1352, 1353, 1357, 1358, 1360, 1361, 1362, 1363, 1364, 1366, 1367, 1368, 1369, 1370, 1375, 1378, 1379, 1380, 1382, 1383, 1384, 1385, 1386, 1388, 1389, 1390, 1391, 1393, 1394, 1396, 1397, 1398, 1399, 1400, 1401, 1405, 1406, 1407, 1409, 1410, 1413, 1414, 1415, 1416, 1419, 1421, 1422, 1423, 1425, 1426, 1427, 1428, 1429, 1430, 1431, 1432, 1433, 1434, 1441, 1442, 1443, 1444, 1445, 1446, 1448, 1450, 1453, 1454, 1461, 1466, 1469, 1470, 1471, 1472, 1473, 1474, 1475, 1478, 1479, 1482, 1483, 1487, 1488, 1489, 1490, 1491, 1492, 1493, 1494, 1495, 1496], [483, 498, 499, 505, 510, 556, 599, 608, 663, 665, 676, 687, 688, 693, 698, 720, 737, 739, 749, 752, 756, 760, 766, 799, 807, 895, 896, 898, 900, 907, 911, 913, 914, 916, 917, 923, 927, 929, 963, 967, 997, 998, 1002, 1003, 1025, 1029, 1033, 1048, 1051, 1056, 1063, 1069, 1075, 1078, 1079, 1084, 1086, 1088, 1096, 1097, 1098, 1099, 1101, 1102, 1104, 1115, 1134, 1138, 1139, 1140, 1144, 1145, 1146, 1147, 1154, 1158, 1166, 1167, 1168, 1171, 1172, 1175, 1178, 1179, 1180, 1182, 1184, 1185, 1186, 1188, 1190, 1191, 1192, 1194, 1197, 1199, 1212, 1214, 1215, 1218, 1224, 1232, 1237, 1238, 1241, 1247, 1249, 1250, 1252, 1253, 1258, 1260, 1267, 1275, 1277, 1278, 1280, 1281, 1283, 1284, 1286, 1287, 1288, 1289, 1290, 1306, 1319, 1320, 1321, 1323, 1325, 1330, 1332, 1337, 1339, 1340, 1341, 1352, 1357, 1358, 1360, 1361, 1362, 1363, 1364, 1365, 1367, 1368, 1369, 1375, 1379, 1381, 1382, 1383, 1384, 1385, 1386, 1388, 1389, 1390, 1401, 1404, 1407, 1408, 1409, 1410, 1413, 1414, 1415, 1416, 1417, 1419, 1424, 1425, 1426, 1427, 1428, 1429, 1430, 1431, 1432, 1433, 1434, 1441, 1442, 1443, 1444, 1445, 1446, 1447, 1448, 1450, 1453, 1454, 1461, 1470, 1471, 1472, 1474, 1479, 1482, 1487, 1488, 1489, 1490, 1491, 1492, 1494, 1495, 1496], [239, 251, 285, 293, 300, 315, 318, 407, 418, 483, 498, 499, 505, 510, 527, 534, 536, 539, 542, 556, 564, 566, 567, 577, 579, 580, 581, 582, 610, 612, 627, 639, 641, 648, 649, 650, 651, 655, 659, 665, 667, 676, 682, 683, 688, 690, 693, 698, 701, 720, 728, 733, 739, 741, 752, 756, 760, 766, 779, 790, 799, 802, 804, 806, 807, 808, 815, 844, 851, 852, 859, 895, 898, 900, 907, 911, 913, 914, 916, 917, 923, 927, 929, 948, 959, 962, 968, 969, 975, 979, 987, 995, 998, 1002, 1003, 1008, 1010, 1012, 1013, 1014, 1035, 1061, 1063, 1064, 1065, 1067, 1071, 1072, 1078, 1079, 1084, 1086, 1088, 1090, 1092, 1093, 1094, 1097, 1098, 1099, 1101, 1102, 1104, 1106, 1108, 1111, 1119, 1121, 1144, 1145, 1146, 1147, 1152, 1154, 1155, 1156, 1160, 1163, 1164, 1171, 1172, 1178, 1179, 1180, 1184, 1185, 1186, 1187, 1188, 1190, 1191, 1192, 1194, 1197, 1199, 1203, 1206, 1208, 1212, 1214, 1215, 1218, 1224, 1250, 1252, 1253, 1258, 1260, 1267, 1278, 1280, 1281, 1283, 1284, 1289, 1290, 1315, 1323, 1335, 1341, 1353, 1357, 1358, 1360, 1368, 1378, 1379, 1380, 1389, 1390, 1391, 1393, 1394, 1397, 1405, 1406, 1419, 1422, 1423, 1432, 1433, 1434, 1444, 1446, 1448, 1450, 1453, 1461], [527, 534, 536, 539, 542, 556, 582, 651, 667, 682, 690, 698, 741, 760, 790, 808, 852, 896, 900, 911, 914, 917, 929, 947, 948, 959, 962, 963, 967, 968, 969, 975, 979, 987, 995, 997, 998, 1002, 1003, 1007, 1009, 1014, 1064, 1071, 1072, 1075, 1079, 1086, 1092, 1093, 1094, 1096, 1099, 1102, 1104, 1108, 1116, 1140, 1147, 1155, 1159, 1163, 1164, 1166, 1168, 1172, 1180, 1182, 1185, 1186, 1187, 1190, 1191, 1192, 1199, 1203, 1208, 1214, 1215, 1224, 1252, 1267, 1275, 1277, 1280, 1283, 1284, 1286, 1288, 1306, 1307, 1315, 1316, 1318, 1319, 1320, 1321, 1323, 1325, 1327, 1329, 1330, 1331, 1332, 1334, 1335, 1336, 1337, 1339, 1340, 1341, 1342, 1343, 1350, 1352, 1353, 1357, 1358, 1361, 1364, 1369, 1380, 1381, 1382, 1385, 1386, 1388, 1390, 1391, 1393, 1396, 1400, 1402, 1404, 1406, 1408, 1410, 1413, 1416, 1417, 1421, 1423, 1424, 1425, 1428, 1429, 1431, 1433, 1434, 1443, 1444, 1445, 1447, 1450, 1453, 1454, 1461, 1466, 1469, 1470, 1471, 1472, 1473, 1474, 1475, 1478, 1479, 1482, 1483, 1487, 1488, 1489, 1490, 1492, 1493, 1494, 1495, 1496]!Vessel: FarSearcher
[239, 251, 561, 565, 567, 577, 581, 655, 659, 661, 663, 665, 667, 676, 701, 704, 717, 720, 871, 875, 1007, 1009, 1011, 1024, 1027, 1061, 1066, 1067, 1070, 1072, 1073, 1074, 1078, 1084, 1087, 1088, 1106, 1109, 1112, 1113, 1114, 1118, 1120, 1121, 1124, 1135, 1137, 1138, 1139, 1142, 1146, 1198, 1231, 1238, 1239, 1250, 1253, 1256, 1259, 1260, 1267, 1332, 1361, 1362, 1365, 1377, 1382, 1386, 1388, 1392, 1395, 1396, 1402, 1403, 1404, 1407, 1409, 1410, 1412, 1413, 1417, 1418, 1440, 1445, 1447, 1449, 1480], [285, 293, 300, 338, 382, 441, 498, 527, 565, 577, 599, 602, 606, 608, 614, 639, 641, 645, 655, 676, 679, 680, 682, 683, 693, 701, 728, 749, 752, 761, 764, 766, 789, 790, 803, 840, 841, 845, 892, 893, 896, 907, 918, 924, 925, 947, 961, 963, 978, 979, 1002, 1003, 1007, 1011, 1024, 1027, 1030, 1031, 1047, 1048, 1051, 1053, 1056, 1061, 1066, 1073, 1074, 1084, 1087, 1090, 1092, 1095, 1100, 1106, 1109, 1112, 1135, 1137, 1152, 1157, 1165, 1166, 1179, 1181, 1187, 1188, 1190, 1198, 1203, 1206, 1213, 1218, 1231, 1232, 1234, 1237, 1250, 1256, 1259, 1275, 1278, 1286, 1287, 1318, 1323, 1327, 1329, 1330, 1334, 1335, 1340, 1341, 1342, 1350, 1357, 1361, 1362, 1364, 1365, 1367, 1369, 1377, 1382, 1388, 1392, 1395, 1396, 1402, 1407, 1412, 1413, 1417, 1421, 1425, 1431, 1440, 1445, 1447, 1480], [114, 239, 285, 315, 318, 338, 347, 407, 451, 483, 534, 561, 565, 567, 577, 599, 602, 606, 608, 614, 650, 652, 655, 659, 661, 663, 665, 667, 680, 682, 683, 685, 687, 688, 690, 691, 693, 696, 698, 704, 728, 730, 733, 735, 737, 739, 741, 789, 790, 798, 799, 801, 803, 806, 840, 841, 848, 849, 850, 871, 896, 899, 907, 909, 911, 925, 926, 947, 964, 966, 967, 969, 980, 1002, 1007, 1009, 1011, 1024, 1027, 1030, 1031, 1051, 1053, 1061, 1066, 1067, 1070, 1072, 1073, 1074, 1078, 1090, 1092, 1094, 1095, 1098, 1100, 1109, 1112, 1113, 1114, 1118, 1120, 1121, 1124, 1152, 1157, 1160, 1162, 1164, 1165, 1166, 1167, 1198, 1203, 1206, 1208, 1213, 1218, 1231, 1232, 1234, 1238, 1239, 1241, 1246, 1247, 1250, 1253, 1256, 1259, 1260, 1275, 1277, 1278, 1281, 1283, 1287, 1327, 1331, 1334, 1335, 1336, 1337, 1343, 1350, 1357, 1358, 1361, 1362, 1364, 1365, 1367, 1369, 1377, 1382, 1386, 1395, 1396, 1402, 1403, 1404, 1407, 1409, 1410, 1421, 1425, 1429, 1440, 1445, 1447, 1449], [148, 293, 318, 338, 347, 382, 386, 418, 455, 499, 539, 599, 602, 614, 655, 659, 661, 663, 665, 667, 676, 679, 680, 682, 683, 685, 687, 688, 690, 691, 693, 696, 698, 701, 704, 717, 720, 728, 730, 733, 735, 737, 739, 741, 748, 749, 752, 754, 756, 758, 760, 761, 763, 764, 766, 768, 769, 840, 845, 848, 850, 859, 861, 918, 947, 961, 963, 964, 980, 987, 997, 1024, 1027, 1030, 1047, 1053, 1056, 1061, 1066, 1067, 1070, 1072, 1073, 1074, 1078, 1084, 1087, 1088, 1090, 1092, 1094, 1095, 1098, 1100, 1106, 1109, 1112, 1113, 1114, 1118, 1120, 1121, 1124, 1135, 1137, 1138, 1139, 1142, 1146, 1152, 1157, 1160, 1162, 1164, 1165, 1166, 1167, 1179, 1181, 1184, 1186, 1187, 1188, 1190, 1192, 1231, 1232, 1234, 1237, 1238, 1239, 1241, 1246, 1249, 1318, 1327, 1329, 1330, 1331, 1339, 1342, 1343, 1352, 1362, 1364, 1365, 1367, 1377, 1382, 1386, 1388, 1392, 1395, 1396, 1402, 1403, 1404, 1407, 1409, 1410, 1412, 1413, 1417, 1418, 1421, 1425, 1429, 1431], [251, 315, 453, 510, 536, 561, 577, 581, 602, 606, 608, 641, 645, 650, 701, 704, 717, 720, 728, 730, 733, 735, 737, 739, 741, 748, 749, 752, 754, 756, 758, 760, 798, 799, 801, 815, 827, 848, 849, 852, 861, 871, 875, 907, 909, 911, 912, 964, 966, 967, 997, 1011, 1027, 1030, 1031, 1047, 1048, 1051, 1106, 1109, 1112, 1113, 1114, 1118, 1120, 1121, 1124, 1135, 1137, 1138, 1139, 1142, 1146, 1152, 1157, 1160, 1162, 1164, 1165, 1166, 1167, 1179, 1181, 1184, 1186, 1206, 1208, 1213, 1224, 1234, 1237, 1246, 1247, 1249, 1256, 1259, 1260, 1267, 1278, 1281, 1283, 1318, 1329, 1331, 1332, 1334, 1335, 1336, 1337, 1339, 1340, 1341, 1365, 1367, 1369, 1392, 1395, 1396, 1402, 1403, 1404, 1407, 1409, 1410, 1412, 1413, 1417, 1418, 1421, 1425, 1429, 1431, 1440, 1445, 1447, 1449, 1480], [114, 148, 198, 239, 251, 285, 293, 300, 315, 318, 407, 418, 441, 451, 453, 455, 460, 483, 498, 499, 500, 505, 510, 527, 534, 536, 539, 542, 548, 556, 565, 567, 581, 599, 602, 608, 614, 639, 641, 650, 663, 687, 704, 717, 730, 737, 749, 754, 798, 803, 806, 815, 840, 841, 845, 848, 849, 850, 852, 859, 861, 871, 896, 899, 916, 917, 918, 924, 925, 926, 947, 961, 963, 964, 967, 969, 978, 979, 980, 987, 995, 997, 1007, 1009, 1031, 1047, 1048, 1051, 1053, 1056, 1113, 1114, 1138, 1139, 1167, 1231, 1232, 1234, 1237, 1238, 1239, 1241, 1246, 1247, 1249, 1275, 1277, 1286, 1287, 1318, 1327, 1329, 1330, 1331, 1332, 1334, 1336, 1337, 1339, 1340, 1342, 1343, 1350, 1352], [300, 407, 418, 460, 505, 542, 614, 639, 652, 659, 683, 685, 687, 688, 690, 730, 733, 754, 756, 761, 763, 766, 768, 789, 790, 798, 799, 801, 803, 806, 815, 827, 859, 892, 916, 918, 924, 925, 926, 930, 961, 995, 1003, 1005, 1009, 1011, 1024, 1030, 1031, 1047, 1048, 1053, 1056, 1066, 1067, 1070, 1087, 1088, 1090, 1094, 1095, 1098, 1109, 1113, 1118, 1120, 1135, 1138, 1142, 1157, 1160, 1162, 1181, 1184, 1187, 1188, 1192, 1198, 1203, 1206, 1208, 1213, 1218, 1224, 1239, 1241, 1246, 1247, 1249, 1253, 1256, 1277, 1281, 1286, 1287, 1318, 1323, 1336, 1342, 1343, 1350, 1352, 1358, 1361, 1362, 1364, 1365, 1367, 1369, 1377, 1386, 1388, 1392, 1395, 1402, 1403, 1404, 1409, 1412, 1417, 1418, 1421, 1429, 1431, 1440, 1447, 1449, 1480], [441, 451, 453, 455, 460, 500, 548, 561, 567, 581, 606, 639, 641, 645, 650, 652, 661, 679, 680, 685, 691, 696, 735, 748, 758, 761, 763, 764, 768, 769, 789, 806, 815, 840, 841, 845, 848, 849, 850, 852, 859, 861, 875, 892, 893, 899, 909, 912, 916, 917, 930, 966, 969, 978, 979, 980, 987, 995, 1005, 1007, 1009, 1031, 1047, 1048, 1051, 1053, 1056, 1061, 1067, 1072, 1073, 1078, 1084, 1088, 1090, 1092, 1094, 1098, 1100, 1106, 1114, 1121, 1139, 1146, 1152, 1160, 1164, 1165, 1167, 1179, 1184, 1186, 1187, 1188, 1190, 1192, 1203, 1206, 1208, 1218, 1224, 1231, 1232, 1234, 1237, 1238, 1239, 1241, 1246, 1247, 1249, 1250, 1253, 1260, 1267, 1275, 1277, 1278, 1281, 1283, 1286, 1287, 1323, 1327, 1329, 1330, 1331, 1332, 1334, 1335, 1336, 1337, 1339, 1340, 1341, 1342, 1343, 1350, 1352, 1357, 1358, 1361, 1362, 1364, 1367, 1369, 1377, 1382, 1386, 1388, 1392, 1395, 1396, 1403, 1407, 1409, 1410, 1412, 1413, 1418, 1421, 1425, 1429, 1431, 1440, 1445, 1449, 1480], [198, 347, 382, 386, 483, 498, 499, 500, 505, 510, 556, 599, 608, 645, 663, 665, 676, 687, 688, 693, 696, 698, 717, 720, 737, 739, 749, 752, 754, 756, 758, 760, 764, 766, 768, 769, 798, 799, 827, 841, 845, 849, 850, 861, 871, 875, 892, 893, 896, 899, 907, 909, 911, 912, 916, 917, 918, 924, 925, 926, 930, 963, 967, 978, 997, 1002, 1003, 1005, 1024, 1027, 1030, 1048, 1051, 1056, 1070, 1073, 1074, 1078, 1084, 1087, 1088, 1095, 1098, 1100, 1118, 1124, 1135, 1137, 1138, 1139, 1142, 1146, 1162, 1165, 1166, 1167, 1179, 1181, 1184, 1186, 1188, 1190, 1192, 1198, 1213, 1218, 1224, 1232, 1237, 1238, 1241, 1247, 1249, 1250, 1253, 1256, 1259, 1260, 1267, 1275, 1277, 1278, 1281, 1283, 1286, 1287, 1323, 1330, 1332, 1337, 1339, 1340, 1341, 1352, 1357, 1358, 1361, 1362, 1364, 1365, 1367, 1369, 1382, 1386, 1388, 1404, 1407, 1409, 1410, 1412, 1413, 1417, 1418, 1425, 1429, 1431, 1440, 1445, 1447, 1449, 1480], [114, 148, 198, 239, 251, 285, 293, 300, 315, 318, 338, 347, 382, 386, 407, 418, 441, 451, 453, 455, 460, 483, 498, 499, 500, 505, 510, 527, 534, 536, 539, 542, 548, 556, 561, 567, 577, 581, 606, 639, 641, 645, 650, 652, 655, 659, 661, 665, 667, 676, 679, 680, 682, 683, 685, 688, 690, 691, 693, 696, 698, 701, 720, 728, 733, 735, 739, 741, 748, 752, 756, 758, 760, 761, 763, 764, 766, 768, 769, 789, 790, 799, 801, 806, 815, 827, 852, 859, 875, 892, 893, 907, 909, 911, 912, 916, 917, 930, 966, 969, 979, 987, 995, 1002, 1003, 1005, 1061, 1067, 1072, 1078, 1084, 1088, 1090, 1092, 1094, 1098, 1106, 1121, 1146, 1152, 1160, 1164, 1179, 1184, 1186, 1187, 1188, 1190, 1192, 1203, 1206, 1208, 1218, 1224, 1250, 1253, 1260, 1267, 1278, 1281, 1283, 1323, 1335, 1341, 1357, 1358], [386, 527, 534, 536, 539, 542, 548, 556, 565, 652, 667, 679, 682, 690, 691, 698, 741, 748, 760, 763, 769, 790, 801, 803, 827, 852, 893, 896, 899, 911, 912, 917, 924, 926, 930, 947, 961, 963, 964, 966, 967, 969, 978, 979, 980, 987, 995, 997, 1002, 1003, 1005, 1007, 1009, 1011, 1066, 1070, 1072, 1074, 1087, 1092, 1094, 1095, 1100, 1112, 1120, 1124, 1137, 1142, 1157, 1162, 1164, 1166, 1181, 1186, 1187, 1190, 1192, 1198, 1203, 1208, 1213, 1224, 1259, 1267, 1275, 1277, 1283, 1286, 1318, 1323, 1327, 1329, 1330, 1331, 1332, 1334, 1335, 1336, 1337, 1339, 1340, 1341, 1342, 1343, 1350, 1352, 1357, 1358, 1361, 1364, 1369, 1377, 1382, 1386, 1388, 1392, 1396, 1402, 1403, 1404, 1410, 1413, 1417, 1418, 1421, 1425, 1429, 1431, 1445, 1447, 1449, 1480]!Vessel: FarSymphony
[239, 251, 565, 567, 577, 579, 580, 581, 582, 655, 659, 663, 665, 667, 676, 701, 704, 717, 720, 871, 1007, 1009, 1010, 1013, 1024, 1027, 1061, 1064, 1065, 1067, 1069, 1070, 1071, 1072, 1074, 1075, 1078, 1084, 1088, 1106, 1108, 1111, 1113, 1114, 1115, 1116, 1119, 1121, 1124, 1134, 1137, 1138, 1139, 1140, 1144, 1145, 1146, 1147, 1194, 1197, 1199, 1231, 1238, 1239, 1250, 1253, 1258, 1259, 1260, 1267, 1289, 1320, 1332, 1361, 1362, 1365, 1370, 1375, 1377, 1381, 1382, 1386, 1388, 1392, 1394, 1395, 1396, 1399, 1400, 1402, 1403, 1404, 1407, 1408, 1409, 1410, 1412, 1413, 1415, 1417, 1418, 1440, 1441, 1445, 1447, 1449, 1473, 1480, 1488, 1490, 1491, 1493, 1494, 1495, 1496], [285, 293, 300, 498, 527, 565, 577, 579, 599, 602, 608, 612, 614, 627, 639, 641, 655, 676, 682, 683, 693, 701, 728, 749, 752, 764, 766, 779, 790, 802, 803, 844, 896, 907, 913, 918, 923, 924, 925, 947, 961, 962, 963, 979, 1002, 1003, 1007, 1010, 1024, 1025, 1027, 1028, 1029, 1030, 1031, 1033, 1047, 1048, 1051, 1053, 1056, 1061, 1064, 1065, 1074, 1084, 1090, 1092, 1093, 1095, 1101, 1106, 1108, 1111, 1134, 1137, 1144, 1152, 1156, 1166, 1175, 1178, 1179, 1187, 1188, 1190, 1191, 1194, 1197, 1203, 1206, 1212, 1215, 1218, 1231, 1232, 1234, 1237, 1250, 1258, 1259, 1275, 1278, 1286, 1287, 1288, 1307, 1316, 1318, 1319, 1320, 1321, 1323, 1327, 1329, 1330, 1334, 1335, 1340, 1341, 1342, 1350, 1357, 1361, 1362, 1364, 1365, 1366, 1367, 1369, 1370, 1375, 1377, 1381, 1382, 1388, 1392, 1394, 1395, 1396, 1402, 1407, 1408, 1412, 1413, 1417, 1421, 1424, 1425, 1430, 1431, 1440, 1442, 1445, 1447, 1473, 1475, 1478, 1479, 1480, 1490, 1491, 1492, 1493, 1495, 1496], [239, 285, 315, 318, 407, 451, 483, 534, 565, 567, 577, 599, 602, 608, 612, 614, 649, 650, 655, 659, 663, 665, 667, 682, 683, 687, 688, 690, 693, 696, 698, 704, 728, 730, 733, 737, 739, 741, 790, 798, 799, 801, 802, 803, 806, 808, 851, 871, 896, 898, 907, 911, 925, 926, 947, 964, 967, 969, 1002, 1007, 1009, 1010, 1024, 1025, 1027, 1028, 1029, 1030, 1031, 1033, 1051, 1053, 1061, 1064, 1065, 1067, 1069, 1070, 1071, 1072, 1074, 1075, 1078, 1090, 1092, 1093, 1094, 1095, 1096, 1098, 1101, 1104, 1111, 1113, 1114, 1115, 1116, 1119, 1121, 1124, 1152, 1156, 1158, 1159, 1160, 1162, 1163, 1164, 1166, 1167, 1168, 1171, 1197, 1199, 1203, 1206, 1208, 1212, 1214, 1215, 1218, 1231, 1232, 1234, 1238, 1239, 1241, 1246, 1247, 1250, 1253, 1258, 1259, 1260, 1275, 1277, 1278, 1281, 1283, 1287, 1288, 1289, 1290, 1307, 1316, 1325, 1327, 1331, 1334, 1335, 1336, 1337, 1343, 1350, 1357, 1358, 1361, 1362, 1364, 1365, 1366, 1367, 1369, 1370, 1377, 1381, 1382, 1386, 1395, 1396, 1399, 1400, 1402, 1403, 1404, 1407, 1408, 1409, 1410, 1421, 1424, 1425, 1429, 1440, 1441, 1442, 1445, 1447, 1449, 1473, 1475, 1483, 1487, 1490, 1491, 1492, 1493, 1494, 1496], [293, 318, 418, 455, 499, 539, 599, 602, 614, 627, 655, 659, 663, 665, 667, 676, 682, 683, 687, 688, 690, 693, 696, 698, 701, 704, 717, 720, 728, 730, 733, 737, 739, 741, 749, 752, 754, 756, 760, 764, 766, 844, 851, 859, 918, 947, 961, 963, 964, 975, 987, 997, 1024, 1025, 1027, 1028, 1029, 1030, 1047, 1053, 1056, 1061, 1064, 1065, 1067, 1069, 1070, 1071, 1072, 1074, 1075, 1078, 1084, 1088, 1090, 1092, 1093, 1094, 1095, 1096, 1098, 1101, 1104, 1106, 1108, 1111, 1113, 1114, 1115, 1116, 1119, 1121, 1124, 1134, 1137, 1138, 1139, 1140, 1144, 1145, 1146, 1147, 1152, 1156, 1158, 1159, 1160, 1162, 1163, 1164, 1166, 1167, 1168, 1171, 1175, 1178, 1179, 1182, 1184, 1185, 1186, 1187, 1188, 1190, 1191, 1192, 1194, 1231, 1232, 1234, 1237, 1238, 1239, 1241, 1246, 1249, 1289, 1290, 1307, 1316, 1318, 1319, 1320, 1321, 1327, 1329, 1330, 1331, 1339, 1342, 1343, 1352, 1362, 1364, 1365, 1366, 1367, 1375, 1377, 1381, 1382, 1386, 1388, 1392, 1394, 1395, 1396, 1399, 1400, 1402, 1403, 1404, 1407, 1408, 1409, 1410, 1412, 1413, 1415, 1417, 1418, 1421, 1424, 1425, 1429, 1430, 1431, 1478, 1483, 1488, 1489, 1490, 1491, 1492, 1493, 1494, 1495], [251, 315, 510, 536, 577, 579, 580, 581, 582, 602, 608, 641, 649, 650, 701, 704, 717, 720, 728, 730, 733, 737, 739, 741, 749, 752, 754, 756, 760, 779, 798, 799, 801, 815, 827, 852, 871, 907, 911, 964, 967, 997, 1010, 1013, 1027, 1028, 1029, 1030, 1031, 1033, 1047, 1048, 1051, 1106, 1108, 1111, 1113, 1114, 1115, 1116, 1119, 1121, 1124, 1134, 1137, 1138, 1139, 1140, 1144, 1145, 1146, 1147, 1152, 1156, 1158, 1159, 1160, 1162, 1163, 1164, 1166, 1167, 1168, 1171, 1175, 1178, 1179, 1182, 1184, 1185, 1186, 1206, 1208, 1212, 1214, 1224, 1234, 1237, 1246, 1247, 1249, 1258, 1259, 1260, 1267, 1278, 1281, 1283, 1290, 1307, 1318, 1321, 1325, 1329, 1331, 1332, 1334, 1335, 1336, 1337, 1339, 1340, 1341, 1365, 1366, 1367, 1369, 1370, 1392, 1394, 1395, 1396, 1399, 1400, 1402, 1403, 1404, 1407, 1408, 1409, 1410, 1412, 1413, 1415, 1417, 1418, 1421, 1424, 1425, 1429, 1430, 1431, 1440, 1441, 1442, 1445, 1447, 1449, 1473, 1475, 1478, 1479, 1480, 1483, 1487, 1489, 1491, 1492, 1493, 1494, 1495, 1496], [239, 251, 285, 293, 300, 315, 318, 407, 418, 451, 455, 483, 498, 499, 500, 505, 510, 527, 534, 536, 539, 542, 556, 565, 567, 579, 580, 581, 582, 599, 602, 608, 612, 614, 627, 639, 641, 649, 650, 663, 687, 704, 717, 730, 737, 749, 754, 779, 798, 802, 803, 806, 808, 815, 844, 851, 852, 859, 871, 896, 898, 913, 916, 917, 918, 923, 924, 925, 926, 929, 947, 961, 962, 963, 964, 967, 969, 975, 979, 987, 995, 997, 1007, 1009, 1013, 1025, 1028, 1029, 1031, 1033, 1047, 1048, 1051, 1053, 1056, 1069, 1075, 1096, 1113, 1114, 1115, 1116, 1134, 1138, 1139, 1140, 1158, 1159, 1167, 1168, 1175, 1182, 1231, 1232, 1234, 1237, 1238, 1239, 1241, 1246, 1247, 1249, 1275, 1277, 1286, 1287, 1288, 1307, 1316, 1318, 1319, 1320, 1321, 1325, 1327, 1329, 1330, 1331, 1332, 1334, 1336, 1337, 1339, 1340, 1342, 1343, 1350, 1352, 1366, 1370, 1375, 1399, 1400, 1415, 1430, 1441, 1442, 1473, 1475, 1478, 1479, 1483, 1487, 1488, 1489], [300, 407, 418, 505, 542, 580, 614, 627, 639, 649, 659, 683, 687, 688, 690, 730, 733, 754, 756, 766, 779, 790, 798, 799, 801, 802, 803, 806, 808, 815, 827, 859, 916, 918, 923, 924, 925, 926, 929, 961, 962, 975, 995, 1003, 1009, 1010, 1013, 1024, 1025, 1028, 1030, 1031, 1033, 1047, 1048, 1053, 1056, 1065, 1067, 1069, 1070, 1071, 1088, 1090, 1093, 1094, 1095, 1096, 1098, 1113, 1119, 1138, 1145, 1156, 1158, 1159, 1160, 1162, 1163, 1175, 1178, 1182, 1184, 1185, 1187, 1188, 1191, 1192, 1194, 1197, 1199, 1203, 1206, 1208, 1212, 1214, 1215, 1218, 1224, 1239, 1241, 1246, 1247, 1249, 1253, 1277, 1281, 1286, 1287, 1288, 1289, 1290, 1316, 1318, 1319, 1323, 1325, 1336, 1342, 1343, 1350, 1352, 1358, 1361, 1362, 1364, 1365, 1366, 1367, 1369, 1370, 1375, 1377, 1381, 1386, 1388, 1392, 1394, 1395, 1399, 1402, 1403, 1404, 1409, 1412, 1415, 1417, 1418, 1421, 1424, 1429, 1430, 1431, 1440, 1441, 1442, 1447, 1449, 1475, 1478, 1479, 1480, 1483, 1487, 1488, 1489, 1490, 1491, 1492, 1493, 1494, 1495, 1496], [451, 455, 500, 567, 581, 612, 639, 641, 650, 696, 764, 806, 815, 844, 851, 852, 859, 898, 913, 916, 917, 969, 979, 987, 995, 1007, 1009, 1013, 1031, 1047, 1048, 1051, 1053, 1056, 1061, 1067, 1072, 1078, 1084, 1088, 1090, 1092, 1094, 1098, 1101, 1104, 1106, 1114, 1121, 1139, 1146, 1152, 1160, 1164, 1167, 1171, 1179, 1184, 1186, 1187, 1188, 1190, 1192, 1203, 1206, 1208, 1218, 1224, 1231, 1232, 1234, 1237, 1238, 1239, 1241, 1246, 1247, 1249, 1250, 1253, 1260, 1267, 1275, 1277, 1278, 1281, 1283, 1286, 1287, 1323, 1327, 1329, 1330, 1331, 1332, 1334, 1335, 1336, 1337, 1339, 1340, 1341, 1342, 1343, 1350, 1352, 1357, 1358, 1361, 1362, 1364, 1366, 1367, 1369, 1370, 1375, 1377, 1382, 1386, 1388, 1392, 1394, 1395, 1396, 1399, 1400, 1403, 1407, 1409, 1410, 1412, 1413, 1415, 1418, 1421, 1425, 1429, 1430, 1431, 1440, 1441, 1442, 1445, 1449, 1473, 1475, 1478, 1479, 1480, 1483, 1487, 1488, 1489, 1490, 1491, 1492, 1493, 1494, 1495, 1496], [483, 498, 499, 500, 505, 510, 556, 599, 608, 663, 665, 676, 687, 688, 693, 696, 698, 717, 720, 737, 739, 749, 752, 754, 756, 760, 764, 766, 798, 799, 827, 871, 896, 898, 907, 911, 913, 916, 917, 918, 923, 924, 925, 926, 929, 963, 967, 997, 1002, 1003, 1024, 1025, 1027, 1029, 1030, 1033, 1048, 1051, 1056, 1069, 1070, 1074, 1075, 1078, 1084, 1088, 1095, 1096, 1098, 1101, 1104, 1115, 1124, 1134, 1137, 1138, 1139, 1140, 1144, 1145, 1146, 1147, 1158, 1162, 1166, 1167, 1168, 1171, 1175, 1178, 1179, 1182, 1184, 1185, 1186, 1188, 1190, 1191, 1192, 1194, 1197, 1199, 1212, 1214, 1215, 1218, 1224, 1232, 1237, 1238, 1241, 1247, 1249, 1250, 1253, 1258, 1259, 1260, 1267, 1275, 1277, 1278, 1281, 1283, 1286, 1287, 1288, 1289, 1290, 1319, 1320, 1321, 1323, 1325, 1330, 1332, 1337, 1339, 1340, 1341, 1352, 1357, 1358, 1361, 1362, 1364, 1365, 1367, 1369, 1375, 1381, 1382, 1386, 1388, 1404, 1407, 1408, 1409, 1410, 1412, 1413, 1415, 1417, 1418, 1424, 1425, 1429, 1430, 1431, 1440, 1441, 1442, 1445, 1447, 1449, 1479, 1480, 1487, 1488, 1489, 1490, 1491, 1492, 1494, 1495, 1496], [239, 251, 285, 293, 300, 315, 318, 407, 418, 451, 455, 483, 498, 499, 500, 505, 510, 527, 534, 536, 539, 542, 556, 567, 577, 579, 580, 581, 582, 612, 627, 639, 641, 649, 650, 655, 659, 665, 667, 676, 682, 683, 688, 690, 693, 696, 698, 701, 720, 728, 733, 739, 741, 752, 756, 760, 764, 766, 779, 790, 799, 801, 802, 806, 808, 815, 827, 844, 851, 852, 859, 898, 907, 911, 913, 916, 917, 923, 929, 962, 969, 975, 979, 987, 995, 1002, 1003, 1010, 1013, 1061, 1064, 1065, 1067, 1071, 1072, 1078, 1084, 1088, 1090, 1092, 1093, 1094, 1098, 1101, 1104, 1106, 1108, 1111, 1119, 1121, 1144, 1145, 1146, 1147, 1152, 1156, 1160, 1163, 1164, 1171, 1178, 1179, 1184, 1185, 1186, 1187, 1188, 1190, 1191, 1192, 1194, 1197, 1199, 1203, 1206, 1208, 1212, 1214, 1215, 1218, 1224, 1250, 1253, 1258, 1260, 1267, 1278, 1281, 1283, 1289, 1290, 1323, 1335, 1341, 1357, 1358, 1394], [527, 534, 536, 539, 542, 556, 565, 582, 667, 682, 690, 698, 741, 760, 790, 801, 803, 808, 827, 852, 896, 911, 917, 924, 926, 929, 947, 961, 962, 963, 964, 967, 969, 975, 979, 987, 995, 997, 1002, 1003, 1007, 1009, 1064, 1070, 1071, 1072, 1074, 1075, 1092, 1093, 1094, 1095, 1096, 1104, 1108, 1116, 1124, 1137, 1140, 1147, 1159, 1162, 1163, 1164, 1166, 1168, 1182, 1185, 1186, 1187, 1190, 1191, 1192, 1199, 1203, 1208, 1214, 1215, 1224, 1259, 1267, 1275, 1277, 1283, 1286, 1288, 1307, 1316, 1318, 1319, 1320, 1321, 1323, 1325, 1327, 1329, 1330, 1331, 1332, 1334, 1335, 1336, 1337, 1339, 1340, 1341, 1342, 1343, 1350, 1352, 1357, 1358, 1361, 1364, 1369, 1377, 1381, 1382, 1386, 1388, 1392, 1396, 1400, 1402, 1403, 1404, 1408, 1410, 1413, 1417, 1418, 1421, 1424, 1425, 1429, 1431, 1445, 1447, 1449, 1473, 1475, 1478, 1479, 1480, 1483, 1487, 1488, 1489, 1490, 1492, 1493, 1494, 1495, 1496]!Vessel: HavilaForesight
[229, 237, 238, 251, 322, 465, 558, 561, 563, 565, 568, 577, 583, 598, 659, 661, 663, 666, 701, 704, 717, 720, 871, 875, 1009, 1011, 1023, 1024, 1027, 1060, 1062, 1066, 1068, 1070, 1073, 1074, 1076, 1077, 1083, 1085, 1087, 1089, 1107, 1109, 1110, 1112, 1117, 1118, 1120, 1122, 1123, 1124, 1135, 1136, 1137, 1141, 1142, 1143, 1198, 1239, 1243, 1251, 1254, 1256, 1257, 1259, 1261, 1332, 1361, 1362, 1377, 1386, 1388, 1392, 1395, 1396, 1403, 1409, 1412, 1413, 1418, 1440, 1445, 1449, 1480], [99, 229, 276, 280, 282, 284, 300, 313, 314, 322, 336, 338, 376, 382, 393, 394, 399, 441, 480, 521, 526, 530, 558, 563, 565, 577, 583, 598, 600, 602, 603, 606, 608, 611, 613, 614, 629, 631, 634, 635, 636, 638, 645, 679, 680, 683, 694, 701, 749, 761, 764, 789, 790, 803, 840, 841, 845, 892, 893, 896, 918, 922, 924, 925, 947, 961, 963, 977, 978, 990, 1003, 1011, 1023, 1024, 1026, 1027, 1030, 1031, 1034, 1036, 1047, 1048, 1060, 1062, 1066, 1073, 1074, 1083, 1085, 1087, 1091, 1095, 1100, 1107, 1109, 1110, 1112, 1135, 1136, 1137, 1151, 1153, 1157, 1165, 1166, 1176, 1177, 1181, 1189, 1198, 1213, 1251, 1256, 1257, 1259, 1279, 1286, 1342, 1350, 1361, 1362, 1367, 1369, 1377, 1388, 1392, 1395, 1396, 1412, 1413, 1421, 1431, 1440, 1445, 1480], [114, 237, 238, 276, 280, 282, 284, 338, 342, 347, 349, 358, 399, 403, 405, 406, 407, 451, 482, 484, 492, 521, 532, 533, 561, 563, 565, 568, 577, 598, 600, 602, 603, 606, 608, 611, 613, 614, 634, 652, 659, 661, 663, 666, 680, 683, 685, 687, 690, 691, 694, 696, 704, 730, 733, 735, 737, 740, 789, 790, 796, 798, 799, 801, 803, 840, 841, 848, 849, 850, 855, 857, 858, 871, 896, 899, 909, 925, 926, 947, 964, 966, 967, 980, 984, 991, 1009, 1011, 1023, 1024, 1026, 1027, 1030, 1031, 1034, 1036, 1060, 1062, 1066, 1068, 1070, 1073, 1074, 1076, 1077, 1091, 1095, 1100, 1103, 1109, 1110, 1112, 1117, 1118, 1120, 1122, 1123, 1124, 1151, 1153, 1157, 1161, 1162, 1165, 1166, 1169, 1170, 1198, 1213, 1239, 1243, 1246, 1251, 1254, 1256, 1257, 1259, 1261, 1279, 1282, 1336, 1350, 1361, 1362, 1367, 1369, 1377, 1386, 1395, 1396, 1403, 1409, 1421, 1429, 1440, 1445, 1449], [148, 237, 282, 314, 322, 336, 338, 342, 347, 349, 358, 370, 373, 375, 376, 380, 382, 386, 405, 426, 455, 465, 482, 504, 526, 533, 555, 598, 600, 602, 603, 614, 635, 638, 659, 661, 663, 666, 679, 680, 683, 685, 687, 690, 691, 694, 696, 701, 704, 717, 720, 730, 733, 735, 737, 740, 747, 748, 749, 754, 756, 758, 761, 763, 764, 768, 769, 840, 845, 848, 850, 857, 860, 861, 918, 947, 961, 963, 964, 977, 980, 985, 993, 997, 1024, 1026, 1027, 1030, 1047, 1060, 1062, 1066, 1068, 1070, 1073, 1074, 1076, 1077, 1083, 1085, 1087, 1089, 1091, 1095, 1100, 1103, 1107, 1109, 1110, 1112, 1117, 1118, 1120, 1122, 1123, 1124, 1135, 1136, 1137, 1141, 1142, 1143, 1151, 1153, 1157, 1161, 1162, 1165, 1166, 1169, 1170, 1176, 1177, 1181, 1183, 1189, 1239, 1246, 1342, 1362, 1367, 1377, 1386, 1388, 1392, 1395, 1396, 1403, 1409, 1412, 1413, 1418, 1421, 1429, 1431], [143, 251, 276, 280, 313, 358, 370, 373, 375, 403, 453, 492, 497, 532, 536, 561, 577, 583, 602, 603, 606, 608, 629, 634, 635, 636, 645, 701, 704, 717, 720, 730, 733, 735, 737, 740, 747, 748, 749, 754, 756, 758, 796, 798, 799, 801, 814, 825, 827, 848, 849, 855, 861, 871, 875, 909, 912, 964, 966, 967, 984, 985, 986, 997, 1011, 1027, 1030, 1031, 1034, 1047, 1048, 1107, 1109, 1110, 1112, 1117, 1118, 1120, 1122, 1123, 1124, 1135, 1136, 1137, 1141, 1142, 1143, 1151, 1153, 1157, 1161, 1162, 1165, 1166, 1169, 1170, 1176, 1177, 1181, 1183, 1213, 1243, 1246, 1256, 1257, 1259, 1261, 1279, 1282, 1332, 1336, 1367, 1369, 1392, 1395, 1396, 1403, 1409, 1412, 1413, 1418, 1421, 1429, 1431, 1440, 1445, 1449, 1480], [99, 114, 143, 148, 163, 198, 220, 237, 238, 251, 276, 282, 284, 300, 313, 314, 358, 370, 405, 406, 407, 441, 451, 453, 455, 460, 482, 484, 492, 500, 504, 521, 526, 530, 533, 536, 542, 548, 555, 563, 565, 568, 602, 608, 611, 613, 614, 629, 634, 635, 636, 638, 663, 687, 704, 717, 730, 737, 747, 749, 754, 798, 803, 814, 840, 841, 845, 848, 849, 850, 855, 857, 858, 860, 861, 871, 896, 899, 918, 922, 924, 925, 926, 947, 961, 963, 964, 967, 977, 978, 980, 984, 985, 986, 990, 991, 993, 994, 997, 1009, 1031, 1047, 1048, 1239, 1246, 1286, 1332, 1336, 1342, 1350], [163, 300, 342, 376, 380, 393, 394, 399, 403, 405, 406, 407, 426, 460, 504, 508, 542, 558, 600, 611, 614, 629, 631, 638, 652, 659, 683, 685, 687, 690, 730, 733, 747, 754, 756, 761, 763, 768, 789, 790, 796, 798, 799, 801, 803, 814, 825, 827, 855, 857, 858, 860, 892, 918, 922, 924, 925, 926, 930, 961, 990, 991, 993, 994, 1003, 1005, 1009, 1011, 1023, 1024, 1026, 1030, 1031, 1034, 1036, 1047, 1048, 1060, 1066, 1068, 1070, 1076, 1083, 1087, 1089, 1091, 1095, 1103, 1109, 1117, 1118, 1120, 1135, 1141, 1142, 1151, 1157, 1161, 1162, 1169, 1176, 1181, 1183, 1189, 1198, 1213, 1239, 1243, 1246, 1254, 1256, 1282, 1286, 1336, 1342, 1350, 1361, 1362, 1367, 1369, 1377, 1386, 1388, 1392, 1395, 1403, 1409, 1412, 1418, 1421, 1429, 1431, 1440, 1449, 1480], [441, 451, 453, 455, 460, 500, 548, 558, 561, 563, 568, 583, 606, 611, 613, 629, 631, 634, 635, 636, 638, 645, 652, 661, 679, 680, 685, 691, 696, 735, 747, 748, 758, 761, 763, 764, 768, 769, 789, 796, 814, 825, 840, 841, 845, 848, 849, 850, 855, 857, 858, 860, 861, 875, 892, 893, 899, 909, 912, 922, 930, 966, 977, 978, 980, 984, 985, 986, 990, 991, 993, 994, 1005, 1009, 1023, 1026, 1031, 1034, 1036, 1047, 1048, 1060, 1062, 1068, 1073, 1076, 1077, 1083, 1085, 1089, 1091, 1100, 1103, 1107, 1110, 1117, 1122, 1123, 1136, 1141, 1143, 1151, 1153, 1161, 1165, 1169, 1170, 1176, 1177, 1183, 1189, 1239, 1243, 1246, 1251, 1254, 1257, 1261, 1279, 1282, 1286, 1332, 1336, 1342, 1350, 1361, 1362, 1367, 1369, 1377, 1386, 1388, 1392, 1395, 1396, 1403, 1409, 1412, 1413, 1418, 1421, 1429, 1431, 1440, 1445, 1449, 1480], [198, 238, 284, 313, 314, 347, 370, 373, 382, 386, 393, 406, 426, 465, 480, 482, 484, 492, 497, 500, 504, 508, 530, 555, 598, 600, 603, 608, 636, 645, 663, 666, 687, 694, 696, 717, 720, 737, 740, 749, 754, 756, 758, 764, 768, 769, 798, 799, 814, 825, 827, 841, 845, 849, 850, 858, 860, 861, 871, 875, 892, 893, 896, 899, 909, 912, 918, 922, 924, 925, 926, 930, 963, 967, 978, 986, 994, 997, 1003, 1005, 1023, 1024, 1026, 1027, 1030, 1034, 1036, 1048, 1070, 1073, 1074, 1076, 1077, 1083, 1085, 1087, 1089, 1095, 1100, 1103, 1118, 1123, 1124, 1135, 1136, 1137, 1141, 1142, 1143, 1162, 1165, 1166, 1169, 1170, 1176, 1177, 1181, 1183, 1189, 1198, 1213, 1243, 1251, 1254, 1256, 1257, 1259, 1261, 1279, 1282, 1286, 1332, 1361, 1362, 1367, 1369, 1386, 1388, 1409, 1412, 1413, 1418, 1429, 1431, 1440, 1445, 1449, 1480], [99, 114, 143, 148, 163, 198, 220, 229, 251, 280, 300, 322, 336, 338, 342, 347, 349, 373, 375, 376, 380, 382, 386, 393, 394, 399, 403, 407, 426, 441, 451, 453, 455, 460, 465, 480, 497, 500, 508, 532, 536, 542, 548, 558, 561, 577, 583, 606, 631, 645, 652, 659, 661, 679, 680, 683, 685, 690, 691, 696, 701, 720, 733, 735, 748, 756, 758, 761, 763, 764, 768, 769, 789, 790, 796, 799, 801, 825, 827, 875, 892, 893, 909, 912, 930, 966, 1003, 1005], [220, 229, 336, 349, 375, 380, 386, 394, 480, 484, 497, 508, 521, 526, 530, 532, 533, 536, 542, 548, 555, 565, 568, 613, 631, 652, 666, 679, 690, 691, 694, 740, 748, 763, 769, 790, 801, 803, 827, 893, 896, 899, 912, 924, 926, 930, 947, 961, 963, 964, 966, 967, 977, 978, 980, 984, 985, 986, 990, 991, 993, 994, 997, 1003, 1005, 1009, 1011, 1036, 1062, 1066, 1068, 1070, 1074, 1077, 1085, 1087, 1089, 1091, 1095, 1100, 1103, 1107, 1112, 1120, 1122, 1124, 1137, 1142, 1143, 1153, 1157, 1161, 1162, 1166, 1170, 1177, 1181, 1183, 1189, 1198, 1213, 1251, 1254, 1259, 1261, 1279, 1282, 1286, 1332, 1336, 1342, 1350, 1361, 1369, 1377, 1386, 1388, 1392, 1396, 1403, 1413, 1418, 1421, 1429, 1431, 1445, 1449, 1480]!Vessel: FarStar
] 

Rvl : [
!l : 2, 3
[790, 896, 1007, 1009, 1286, 1350], [239, 251, 285, 293, 300, 315, 318, 407, 418, 483, 498, 499, 505, 510, 527, 534, 536, 539, 542, 556, 564, 566, 567, 577, 579, 580, 581, 582, 599, 602, 608, 610, 612, 627, 639, 641, 648, 649, 650, 651, 655, 659, 663, 665, 667, 676, 682, 683, 687, 688, 690, 693, 698, 701, 720, 728, 733, 737, 739, 741, 749, 752, 756, 760, 766, 779, 799, 802, 804, 806, 807, 808, 815, 844, 851, 852, 859, 895, 898, 900, 907, 911, 913, 914, 916, 917, 923, 927, 929, 947, 948, 959, 962, 963, 967, 968, 969, 975, 979, 987, 995, 997, 998, 1002, 1003, 1008, 1010, 1012, 1013, 1014, 1025, 1028, 1029, 1031, 1033, 1035, 1047, 1048, 1051, 1053, 1056, 1061, 1063, 1064, 1065, 1067, 1069, 1071, 1072, 1075, 1078, 1079, 1084, 1086, 1088, 1090, 1092, 1093, 1094, 1096, 1097, 1098, 1099, 1101, 1102, 1104, 1106, 1108, 1111, 1113, 1114, 1115, 1116, 1119, 1121, 1134, 1138, 1139, 1140, 1144, 1145, 1146, 1147, 1152, 1154, 1155, 1156, 1158, 1159, 1160, 1163, 1164, 1166, 1167, 1168, 1171, 1172, 1175, 1178, 1179, 1180, 1182, 1184, 1185, 1186, 1187, 1188, 1190, 1191, 1192, 1194, 1197, 1199, 1203, 1206, 1208, 1212, 1214, 1215, 1218, 1224, 1231, 1232, 1234, 1237, 1238, 1239, 1241, 1246, 1247, 1249, 1250, 1252, 1253, 1258, 1260, 1267, 1275, 1277, 1278, 1280, 1281, 1283, 1284, 1287, 1288, 1289, 1290, 1306, 1307, 1315, 1316, 1318, 1319, 1320, 1321, 1323, 1325, 1327, 1329, 1330, 1331, 1332, 1334, 1335, 1336, 1337, 1339, 1340, 1341, 1342, 1343, 1352, 1353, 1357, 1358, 1360, 1361, 1362, 1363, 1364, 1365, 1366, 1367, 1368, 1369, 1370, 1375, 1378, 1379, 1380, 1381, 1382, 1383, 1384, 1385, 1386, 1388, 1389, 1390, 1391, 1393, 1394, 1396, 1397, 1398, 1399, 1400, 1401, 1402, 1404, 1405, 1406, 1407, 1408, 1409, 1410, 1413, 1414, 1415, 1416, 1417, 1419, 1421, 1422, 1423, 1424, 1425, 1426, 1427, 1428, 1429, 1430, 1431, 1432, 1433, 1434, 1441, 1442, 1443, 1444, 1445, 1446, 1447, 1448, 1450, 1453, 1454, 1461, 1466, 1469, 1470, 1471, 1472, 1473, 1474, 1475, 1478, 1479, 1482, 1483, 1487, 1488, 1489, 1490, 1491, 1492, 1493, 1494, 1495, 1496]!Vessel: FarSeeker
[790, 896, 1007, 1009, 1286, 1350], [239, 251, 285, 293, 300, 315, 318, 407, 418, 483, 498, 499, 505, 510, 527, 534, 536, 539, 542, 556, 564, 566, 567, 577, 579, 580, 581, 582, 599, 602, 608, 610, 612, 627, 639, 641, 648, 649, 650, 651, 655, 659, 663, 665, 667, 676, 682, 683, 687, 688, 690, 693, 698, 701, 720, 728, 733, 737, 739, 741, 749, 752, 756, 760, 766, 779, 799, 802, 804, 806, 807, 808, 815, 844, 851, 852, 859, 895, 898, 900, 907, 911, 913, 914, 916, 917, 923, 927, 929, 947, 948, 959, 962, 963, 967, 968, 969, 975, 979, 987, 995, 997, 998, 1002, 1003, 1008, 1010, 1012, 1013, 1014, 1025, 1028, 1029, 1031, 1033, 1035, 1047, 1048, 1051, 1053, 1056, 1061, 1063, 1064, 1065, 1067, 1069, 1071, 1072, 1075, 1078, 1079, 1084, 1086, 1088, 1090, 1092, 1093, 1094, 1096, 1097, 1098, 1099, 1101, 1102, 1104, 1106, 1108, 1111, 1113, 1114, 1115, 1116, 1119, 1121, 1134, 1138, 1139, 1140, 1144, 1145, 1146, 1147, 1152, 1154, 1155, 1156, 1158, 1159, 1160, 1163, 1164, 1166, 1167, 1168, 1171, 1172, 1175, 1178, 1179, 1180, 1182, 1184, 1185, 1186, 1187, 1188, 1190, 1191, 1192, 1194, 1197, 1199, 1203, 1206, 1208, 1212, 1214, 1215, 1218, 1224, 1231, 1232, 1234, 1237, 1238, 1239, 1241, 1246, 1247, 1249, 1250, 1252, 1253, 1258, 1260, 1267, 1275, 1277, 1278, 1280, 1281, 1283, 1284, 1287, 1288, 1289, 1290, 1306, 1307, 1315, 1316, 1318, 1319, 1320, 1321, 1323, 1325, 1327, 1329, 1330, 1331, 1332, 1334, 1335, 1336, 1337, 1339, 1340, 1341, 1342, 1343, 1352, 1353, 1357, 1358, 1360, 1361, 1362, 1363, 1364, 1365, 1366, 1367, 1368, 1369, 1370, 1375, 1378, 1379, 1380, 1381, 1382, 1383, 1384, 1385, 1386, 1388, 1389, 1390, 1391, 1393, 1394, 1396, 1397, 1398, 1399, 1400, 1401, 1402, 1404, 1405, 1406, 1407, 1408, 1409, 1410, 1413, 1414, 1415, 1416, 1417, 1419, 1421, 1422, 1423, 1424, 1425, 1426, 1427, 1428, 1429, 1430, 1431, 1432, 1433, 1434, 1441, 1442, 1443, 1444, 1445, 1446, 1447, 1448, 1450, 1453, 1454, 1461, 1466, 1469, 1470, 1471, 1472, 1473, 1474, 1475, 1478, 1479, 1482, 1483, 1487, 1488, 1489, 1490, 1491, 1492, 1493, 1494, 1495, 1496]!Vessel: FarSearcher
[565, 652, 789, 790, 803, 841, 892, 893, 896, 899, 924, 925, 926, 930, 978, 1007, 1009, 1286, 1350], [114, 148, 198, 239, 251, 285, 293, 300, 315, 318, 338, 347, 382, 386, 407, 418, 441, 451, 453, 455, 460, 483, 498, 499, 500, 505, 510, 527, 534, 536, 539, 542, 548, 556, 561, 567, 577, 581, 599, 602, 606, 608, 614, 639, 641, 645, 650, 655, 659, 661, 663, 665, 667, 676, 679, 680, 682, 683, 685, 687, 688, 690, 691, 693, 696, 698, 701, 704, 717, 720, 728, 730, 733, 735, 737, 739, 741, 748, 749, 752, 754, 756, 758, 760, 761, 763, 764, 766, 768, 769, 798, 799, 801, 806, 815, 827, 840, 845, 848, 849, 850, 852, 859, 861, 871, 875, 907, 909, 911, 912, 916, 917, 918, 947, 961, 963, 964, 966, 967, 969, 979, 980, 987, 995, 997, 1002, 1003, 1005, 1011, 1024, 1027, 1030, 1031, 1047, 1048, 1051, 1053, 1056, 1061, 1066, 1067, 1070, 1072, 1073, 1074, 1078, 1084, 1087, 1088, 1090, 1092, 1094, 1095, 1098, 1100, 1106, 1109, 1112, 1113, 1114, 1118, 1120, 1121, 1124, 1135, 1137, 1138, 1139, 1142, 1146, 1152, 1157, 1160, 1162, 1164, 1165, 1166, 1167, 1179, 1181, 1184, 1186, 1187, 1188, 1190, 1192, 1198, 1203, 1206, 1208, 1213, 1218, 1224, 1231, 1232, 1234, 1237, 1238, 1239, 1241, 1246, 1247, 1249, 1250, 1253, 1256, 1259, 1260, 1267, 1275, 1277, 1278, 1281, 1283, 1287, 1318, 1323, 1327, 1329, 1330, 1331, 1332, 1334, 1335, 1336, 1337, 1339, 1340, 1341, 1342, 1343, 1352, 1357, 1358, 1361, 1362, 1364, 1365, 1367, 1369, 1377, 1382, 1386, 1388, 1392, 1395, 1396, 1402, 1403, 1404, 1407, 1409, 1410, 1412, 1413, 1417, 1418, 1421, 1425, 1429, 1431, 1440, 1445, 1447, 1449, 1480]!Vessel: FarSymphony
[565, 790, 803, 896, 924, 925, 926, 1007, 1009, 1286, 1350], [239, 251, 285, 293, 300, 315, 318, 407, 418, 451, 455, 483, 498, 499, 500, 505, 510, 527, 534, 536, 539, 542, 556, 567, 577, 579, 580, 581, 582, 599, 602, 608, 612, 614, 627, 639, 641, 649, 650, 655, 659, 663, 665, 667, 676, 682, 683, 687, 688, 690, 693, 696, 698, 701, 704, 717, 720, 728, 730, 733, 737, 739, 741, 749, 752, 754, 756, 760, 764, 766, 779, 798, 799, 801, 802, 806, 808, 815, 827, 844, 851, 852, 859, 871, 898, 907, 911, 913, 916, 917, 918, 923, 929, 947, 961, 962, 963, 964, 967, 969, 975, 979, 987, 995, 997, 1002, 1003, 1010, 1013, 1024, 1025, 1027, 1028, 1029, 1030, 1031, 1033, 1047, 1048, 1051, 1053, 1056, 1061, 1064, 1065, 1067, 1069, 1070, 1071, 1072, 1074, 1075, 1078, 1084, 1088, 1090, 1092, 1093, 1094, 1095, 1096, 1098, 1101, 1104, 1106, 1108, 1111, 1113, 1114, 1115, 1116, 1119, 1121, 1124, 1134, 1137, 1138, 1139, 1140, 1144, 1145, 1146, 1147, 1152, 1156, 1158, 1159, 1160, 1162, 1163, 1164, 1166, 1167, 1168, 1171, 1175, 1178, 1179, 1182, 1184, 1185, 1186, 1187, 1188, 1190, 1191, 1192, 1194, 1197, 1199, 1203, 1206, 1208, 1212, 1214, 1215, 1218, 1224, 1231, 1232, 1234, 1237, 1238, 1239, 1241, 1246, 1247, 1249, 1250, 1253, 1258, 1259, 1260, 1267, 1275, 1277, 1278, 1281, 1283, 1287, 1288, 1289, 1290, 1307, 1316, 1318, 1319, 1320, 1321, 1323, 1325, 1327, 1329, 1330, 1331, 1332, 1334, 1335, 1336, 1337, 1339, 1340, 1341, 1342, 1343, 1352, 1357, 1358, 1361, 1362, 1364, 1365, 1366, 1367, 1369, 1370, 1375, 1377, 1381, 1382, 1386, 1388, 1392, 1394, 1395, 1396, 1399, 1400, 1402, 1403, 1404, 1407, 1408, 1409, 1410, 1412, 1413, 1415, 1417, 1418, 1421, 1424, 1425, 1429, 1430, 1431, 1440, 1441, 1442, 1445, 1447, 1449, 1473, 1475, 1478, 1479, 1480, 1483, 1487, 1488, 1489, 1490, 1491, 1492, 1493, 1494, 1495, 1496]!Vessel: HavilaForesight
[229, 238, 284, 393, 394, 399, 406, 480, 484, 508, 521, 530, 558, 563, 565, 568, 611, 613, 631, 652, 789, 790, 803, 841, 858, 892, 893, 896, 899, 922, 924, 925, 926, 930, 978, 990, 991, 994, 1009, 1023, 1036, 1254, 1286, 1350], [99, 114, 143, 148, 163, 198, 220, 237, 251, 276, 280, 282, 300, 313, 314, 322, 336, 338, 342, 347, 349, 358, 370, 373, 375, 376, 380, 382, 386, 403, 405, 407, 426, 441, 451, 453, 455, 460, 465, 482, 492, 497, 500, 504, 526, 532, 533, 536, 542, 548, 555, 561, 577, 583, 598, 600, 602, 603, 606, 608, 614, 629, 634, 635, 636, 638, 645, 659, 661, 663, 666, 679, 680, 683, 685, 687, 690, 691, 694, 696, 701, 704, 717, 720, 730, 733, 735, 737, 740, 747, 748, 749, 754, 756, 758, 761, 763, 764, 768, 769, 796, 798, 799, 801, 814, 825, 827, 840, 845, 848, 849, 850, 855, 857, 860, 861, 871, 875, 909, 912, 918, 947, 961, 963, 964, 966, 967, 977, 980, 984, 985, 986, 993, 997, 1003, 1005, 1011, 1024, 1026, 1027, 1030, 1031, 1034, 1047, 1048, 1060, 1062, 1066, 1068, 1070, 1073, 1074, 1076, 1077, 1083, 1085, 1087, 1089, 1091, 1095, 1100, 1103, 1107, 1109, 1110, 1112, 1117, 1118, 1120, 1122, 1123, 1124, 1135, 1136, 1137, 1141, 1142, 1143, 1151, 1153, 1157, 1161, 1162, 1165, 1166, 1169, 1170, 1176, 1177, 1181, 1183, 1189, 1198, 1213, 1239, 1243, 1246, 1251, 1256, 1257, 1259, 1261, 1279, 1282, 1332, 1336, 1342, 1361, 1362, 1367, 1369, 1377, 1386, 1388, 1392, 1395, 1396, 1403, 1409, 1412, 1413, 1418, 1421, 1429, 1431, 1440, 1445, 1449, 1480]!Vessel: FarStar
] 

minF : 1
maxF : 6
Nf : [
!f : 1, 2, 3, 4, 5, 6
[10], [5, 6], [], [11], [2, 3, 4, 7], [1, 8, 9]
]

! Parameters
VoyageCost: [37970, 39085, 64838, 59991, 44841, 37570, 39448, 44429, 45544, 73722, 62814, 47265, 43726, 43120, 46453, 46720, 43120, 43120, 73722, 62814, 46053, 38879, 38273, 44029, 44296, 38273, 74837, 63929, 47265, 42418, 44235, 47568, 46720, 44235, 72716, 73019, 72413, 75746, 72413, 81805, 85502, 83017, 68535, 62414, 46053, 37570, 43326, 45508, 39994, 62414, 47265, 45144, 44296, 36964, 64838, 46053, 46720, 45144, 87320, 63929, 46053, 40660, 50186, 51156, 49580, 49580, 81296, 70389, 50392, 48877, 50695, 54028, 52271, 50695, 81599, 84629, 85441, 70959, 48877, 49580, 49847, 48271, 52913, 52210, 80181, 69274, 49277, 78872, 67965, 47968, 46453, 48271, 51604, 49847, 48271, 81599, 84629, 84229, 69747, 79478, 68571, 47265, 44029, 78872, 67965, 45508, 82205, 71298, 51301, 82714, 85744, 74837, 85441, 70959, 47568, 50962, 49386, 78872, 90349, 90349, 78169, 79987, 83320, 90349, 79987, 90895, 80896, 80290, 83623, 82714, 78169, 91561, 80593, 90349, 77564, 83320, 90349, 83320, 85502, 85502, 85502, 90349, 90955, 86714, 85502, 85502, 86714, 92167, 79478, 68571, 48574, 50453, 48877, 45605, 44029, 67262, 47265, 50901, 49144, 47568, 84229, 84229, 69747, 67262, 45508, 42721, 81502, 70595, 49144, 67965, 48477, 51604, 47265, 49180, 69080, 49083, 52719, 84229, 85441, 70959, 47265, 48477, 72413, 52416, 82205, 71298, 51301, 53179, 51604, 50756, 49180, 52416, 54294, 52719, 86047, 74837, 84229, 69747, 49786, 50598, 52477, 50901, 51871, 50295, 54294, 78872, 67965, 47968, 49847, 78872, 67965, 46053, 43423, 44999, 69080, 49083, 50962, 85744, 84229, 69747, 69686, 47265, 66656, 47265, 44296, 52416, 88531, 55337, 58730, 55337, 54731, 54731, 89174, 88471, 77963, 81296, 88568, 61299, 74085, 54028, 55846, 66002, 64693, 72873, 59845, 87926, 76848, 76146, 87926, 77963, 93779, 76848, 87926, 75540, 94591, 56912, 55337, 55603, 56306, 54731, 58670, 58064, 58064, 57361, 88059, 88471, 77454, 87453, 55034, 72970, 85332, 54428, 58064, 89780, 86750, 87259, 76146, 75540, 78872, 87926, 77963, 86144, 53725, 58876, 71661, 51604, 57361, 57421, 93319, 93779, 87926, 75540, 93379, 85938, 84629, 87356, 88471, 79478, 85441, 70959, 84629, 73722, 50756, 87962, 85332, 54428, 86750, 88471, 78872, 51301, 88665, 57761, 87259, 89477, 94894, 87926, 76655, 94591, 54294, 52719, 58536, 91561, 85332, 84629, 86447, 89780, 91561, 86447, 84629, 91561, 84023, 87962, 91561, 91561, 84023, 91561, 84023, 90349, 84023, 83320, 89077, 91561, 85744, 91561, 85138, 90895, 92470, 90895, 91561, 92107, 87356, 86750, 90083, 91561, 86750, 91561, 86750, 92107, 86047, 91198, 91561, 87865, 93319, 86047, 92773, 88471, 91561, 85441, 90083, 92107, 89380, 91198, 92773, 91198, 92773, 91561, 84629, 91561, 83320, 92773, 91561, 90349, 87356, 91561, 88471, 92470, 92773, 87053, 88471, 86750, 72267, 58027, 66208, 53179, 53725, 57361, 55603, 54028, 53179, 51604, 87259, 78169, 87926, 77261, 85441, 58173, 70959, 54840, 58476, 69747, 56718, 87926, 87926, 93379, 87926, 87926, 89137, 93379, 73722, 53725, 88471, 78169, 51871, 57058, 57361, 91561, 89077, 87259, 80593, 89780, 88471, 78872, 86653, 72170, 58876, 53119, 56755, 54997, 53422, 85441, 70959, 87356, 56452, 55543, 59179, 87865, 88471, 79987, 87259, 59991, 72776, 93319, 93379, 88471, 94591, 72413, 52416, 56052, 85441, 70959, 86653, 55749, 90592, 59179, 91561, 89780, 80181, 87259, 79478, 89477, 74994, 58876, 56755, 66911, 68632, 65602, 60754, 54331, 63178, 58330, 56755, 90592, 76109, 59991, 57870, 68026, 66717, 61869, 86714, 78872, 86714, 87259, 86714, 79987, 86714, 77564, 87926, 73782, 93379, 74897, 57058, 54937, 54937, 88774, 74291, 58173, 64899, 60051, 59445, 105499, 55543, 76848, 87259, 76146, 87926, 54428, 86144, 53725, 71661, 54997, 53119, 87259, 76146, 78872, 87926, 84229, 69747, 51301, 50150, 56452, 87259, 87926, 87259, 72776, 93319, 94894, 87926, 88471, 93379, 88471, 85441, 70959, 53119, 50695, 54234, 87259, 85441, 70959, 54028, 49180, 72413, 49992, 53628, 57567, 90592, 76109, 60487, 69335, 60487, 59881, 89137, 83114, 62002, 78121, 62002, 97718, 79236, 63117, 60487, 59179, 71152, 76909, 71152, 78024, 69844, 82605, 87926, 81999, 107510, 109231, 106201, 101354, 89137, 81999, 64487, 63178, 63881, 63820, 63214, 62511, 82605, 96603, 60184, 92604, 60184, 65335, 63820, 96239, 97051, 95536, 88471, 94022, 97657, 89683, 81296, 87926, 80690, 88471, 84629, 95294, 58876, 76812, 60693, 91901, 56755, 62511, 95330, 101354, 89683, 89137, 82605, 94627, 89137, 81296, 89683, 91901, 94591, 92507, 89683, 84629, 58330, 94421, 89683, 89683, 94531, 89683, 89780, 89477, 74994, 93113, 104287, 63517, 95936, 88471, 87926, 84023, 113473, 108625, 110346, 107316, 102469, 61869, 91089, 90483, 92058, 90483, 89780, 95536, 93779, 92204, 93173, 91598, 97051, 97354, 98930, 97354, 95597, 92773, 91089, 92773, 91089, 92773, 90483, 93173, 93816, 95391, 93816, 93113, 93173, 91561, 89174, 93173, 91561, 89780, 91561, 88471, 96348, 98227, 96651, 94894, 94288, 94930, 96506, 94930, 94228, 97621, 96045, 100045, 93816, 93210, 94785, 93210, 93210, 94022, 92507, 94325, 97657, 95900, 94325, 94627, 92507, 96506, 94930, 93476, 91901, 96542, 97354, 95839, 97657, 99233, 97657, 95900, 93476, 91901, 95900, 92507, 91901, 93476, 91901, 93319, 91198, 96954, 95197, 93622, 94591, 93016, 98469, 98772, 100348, 98772, 97015, 94082, 92507, 92773, 91198, 97621, 94531, 94591, 97354, 95839, 95233, 96809, 95233, 96651, 94531, 98530, 96954, 97924, 96348, 100348, 92773, 89780, 92773, 94082, 92507, 94688, 93113, 93379, 97621, 96203, 89137, 81296, 76303, 60184, 95900, 77418, 72667, 73782, 104384, 91901, 64632, 77418, 61299, 64935, 69335, 68026, 76206, 63178, 65602, 60754, 88471, 87926, 81296, 87926, 81296, 87926, 79987, 88471, 87926, 85744, 89137, 74994, 58876, 94591, 93016, 76109, 78230, 78230, 62511, 100954, 89137, 89683, 91901, 89683, 104287, 95233, 97112, 95536, 98227, 88471, 87926, 84629, 87926, 84629, 87926, 83320, 89743, 97051, 81999, 89683, 81296, 86447, 94531, 85332, 89683, 84629, 76206, 95803, 63214, 91295, 64026, 62572, 91901, 94591, 94627, 93719, 66450, 95137, 89683, 98166, 96409, 100954, 58876, 62511, 88471, 83320, 90592, 63323, 94591, 93925, 98469, 63214, 64329, 96506, 94930, 98930, 85938, 87926, 85332, 85332, 88471, 84629, 88022, 86447, 87926, 84023, 62911, 77018, 62911, 78230, 66450, 98627, 97051, 62208, 78230, 64026, 78230, 72061, 72061, 71358, 70752, 68935, 68329, 61905, 77018, 64026, 98166, 78230, 65141, 78230, 61202, 73176, 72473, 71867, 88022, 84023, 86714, 84023, 87926, 85138, 89137, 87926, 77018, 77018, 98530, 77018, 78230, 95233, 60087, 78230, 64632, 62208, 77018, 62208, 64632, 65747, 97924, 96348, 78230, 70050, 93719, 78230, 94482, 87926, 88471, 87926, 94022, 89683, 89137, 87926, 88471, 59578, 75697, 95294, 77418, 76812, 91295, 76812, 88471, 88471, 87926, 94022, 89683, 89137, 87926, 88471, 88022, 90689, 93379, 63820, 89477, 74994, 94627, 95137, 89683, 87926, 88471, 96409, 77927, 93779, 96506, 95742, 89683, 91901, 94591, 91295, 88871, 61602, 74388, 92410, 95742, 88471, 89683, 88471, 93319, 88471, 94591, 89780, 58876, 56452, 57567, 88471, 88168, 60899, 73685, 91804, 98772, 99742, 70849, 75297, 73479, 72873, 71055, 74594, 69747, 65638, 67153, 79442, 66450, 89331, 87756, 112661, 111958, 111352, 74485, 68971, 79442, 65335, 100481, 103511, 65335, 71092, 68971, 101996, 102808, 100687, 104117, 99778, 104929, 103414, 90895, 92604, 91901, 89780, 78230, 67662, 111958, 111352, 98360, 90895, 93210, 99984, 90895, 91089, 90349, 87756, 99778, 91901, 77818, 90895, 93719, 92604, 97051, 95936, 68668, 100384, 101693, 91355, 89780, 96239, 97209, 95633, 112661, 99633, 97815, 96239, 96506, 94930, 102808, 103111, 101354, 100748, 101390, 101390, 104626, 100687, 102505, 111352, 106504, 99633, 97815, 96239, 99572, 100542, 98966, 102966, 99572, 99839, 98263, 96506, 94930, 98324, 98930, 97621, 100687, 103923, 111958, 110649, 105801, 100081, 108928, 104081, 99378, 105196, 98966, 99936, 98360, 102360, 98966, 98360, 99936, 98360, 99778, 101596, 104929, 101596, 97657, 103414, 101657, 100081, 101051, 99475, 105232, 105232, 116503, 103475, 100542, 98966, 99233, 97657, 104081, 99778, 101051, 103814, 102299, 101693, 101693, 103111, 104929, 104929, 100990, 103414, 102808, 112964, 114685, 111655, 106807, 99233, 97657, 101051, 97657, 98627, 97051, 114079, 101051, 99233, 97657, 104226, 100893, 97924, 96348, 104529, 102772, 102166, 102808, 102808, 106044, 106044, 102105, 103923, 112770, 107922, 101657, 100348, 103111, 100990, 100384, 112261, 109231, 104384, 100990, 104226, 99681, 110952, 106104, 105499, 98930, 99839, 98263, 101657, 102263, 100954, 101051, 110843, 65335, 99475, 78230, 68971, 79442, 74485, 74485, 73176, 70752, 90446, 90446, 89137, 86447, 89137, 91901, 93779, 92204, 91355, 89780, 94894, 78230, 110952, 91901, 77721, 68668, 102808, 104687, 93779, 93779, 92470, 87756, 89137, 87150, 93719, 92058, 90483, 97754, 102202, 70486, 99984, 99984, 101087, 102505, 104626, 97051, 69783, 101499, 89683, 89780, 89137, 86447, 98469, 90592, 100384, 101802, 78230, 68365, 78230, 78230, 67662, 104081, 91089, 90483, 92058, 90483, 93173, 91598, 95597, 92664, 91089, 91355, 89780, 93173, 68062, 70486, 71601, 102202, 78230, 67359, 77212, 69177, 103317, 68474, 90749, 89174, 93173, 90046, 88471, 94288, 78230, 72207, 67359, 69783, 69783, 114382, 115800, 100239, 98930, 90895, 88725, 89683, 89840, 99778, 89331, 90895, 89137, 92058, 91901, 78230, 78230, 97754, 102202, 99172, 89683, 89683, 93719, 90895, 92604, 91901, 98772, 77018, 97051, 95936, 98772, 100384, 101087, 102505, 77818, 74085, 93719, 93016, 98869, 96445, 95330, 98772, 99778, 100287, 91295, 89683, 89683, 87926, 89683, 92410, 99172, 103620, 91295, 90749, 94627, 95742, 89683, 89137, 89137, 98469, 90592, 94627, 64026, 78230, 99075, 97318, 74485, 78933, 77115, 76509, 77321, 70486, 79442, 74122, 107147, 107959, 105838, 109874, 104929, 108565, 96506, 94930, 95027, 103511, 76243, 103814, 96348, 106844, 73819, 101390, 110237, 117109, 104081, 107147, 106541, 108662, 107959, 109777, 105838, 105389, 104723, 113570, 107413, 104081, 104117, 107510, 112964, 104117, 103511, 112358, 105632, 104929, 106747, 112503, 104117, 102808, 110989, 114079, 108625, 109268, 109268, 108565, 110383, 106807, 107450, 106844, 108965, 108262, 110080, 107450, 106141, 117412, 106807, 102808, 111655, 105499, 108565, 107959, 110080, 109377, 111195, 107256, 108262, 106141, 114988, 116103, 107413, 94482, 92907, 99633, 97815, 97754, 96239, 97051, 97051, 105535, 79442, 95633, 104480, 96239, 96506, 94930, 100748, 75637, 74934, 97621, 74934, 95027, 93876, 93173, 95027, 94482, 96506, 78230, 93173, 96506, 79442, 102905, 102202, 103208, 95330, 104323, 96445, 106238, 107656, 94421, 98869, 93719, 79442, 101087, 102505, 95137, 95137, 102202, 106650, 103620, 93719, 102505, 95137, 95742, 105535, 106953, 112297, 115024, 113715, 109268, 113715, 112600, 101390]
VoyageDuration: [2, 2, 2, 2, 2, 2, 2, 2, 2, 2, 2, 2, 2, 2, 2, 2, 2, 2, 2, 2, 2, 2, 2, 2, 2, 2, 2, 2, 2, 2, 2, 2, 2, 2, 2, 2, 2, 2, 2, 3, 3, 3, 3, 2, 2, 2, 2, 2, 2, 2, 2, 2, 2, 2, 2, 2, 2, 2, 3, 2, 2, 2, 2, 2, 2, 2, 3, 2, 2, 2, 2, 2, 2, 2, 3, 3, 3, 3, 2, 2, 2, 2, 2, 2, 2, 2, 2, 2, 2, 2, 2, 2, 2, 2, 2, 3, 3, 3, 3, 2, 2, 2, 2, 2, 2, 2, 3, 2, 2, 3, 3, 2, 3, 3, 2, 2, 2, 2, 3, 3, 2, 2, 3, 3, 2, 3, 2, 2, 3, 3, 2, 3, 2, 3, 2, 3, 3, 3, 3, 3, 3, 3, 3, 3, 3, 3, 3, 3, 2, 2, 2, 2, 2, 2, 2, 2, 2, 2, 2, 2, 3, 3, 3, 2, 2, 2, 3, 2, 2, 2, 2, 2, 2, 2, 2, 2, 2, 3, 3, 3, 2, 2, 2, 2, 3, 2, 2, 2, 2, 2, 2, 2, 2, 2, 3, 2, 3, 3, 2, 2, 2, 2, 2, 2, 2, 2, 2, 2, 2, 2, 2, 2, 2, 2, 2, 2, 2, 3, 3, 3, 2, 2, 2, 2, 2, 2, 3, 2, 2, 2, 2, 2, 3, 3, 2, 3, 3, 2, 3, 2, 2, 2, 2, 3, 2, 3, 2, 2, 3, 3, 3, 2, 3, 2, 3, 2, 2, 2, 2, 2, 2, 2, 2, 2, 3, 3, 2, 3, 2, 3, 3, 2, 2, 3, 3, 3, 2, 2, 3, 3, 3, 3, 2, 2, 3, 2, 2, 2, 3, 3, 3, 2, 3, 3, 3, 3, 3, 3, 3, 3, 3, 2, 2, 3, 3, 2, 3, 3, 3, 2, 3, 2, 3, 3, 3, 3, 2, 3, 2, 2, 2, 3, 3, 3, 3, 3, 3, 3, 3, 3, 3, 3, 3, 3, 3, 3, 3, 3, 3, 3, 3, 3, 3, 3, 3, 3, 3, 3, 3, 3, 3, 3, 3, 3, 3, 3, 3, 3, 3, 3, 3, 3, 3, 3, 3, 3, 3, 3, 3, 3, 3, 3, 3, 3, 3, 3, 3, 3, 3, 3, 3, 3, 3, 3, 3, 3, 3, 3, 3, 3, 3, 2, 2, 2, 2, 2, 2, 2, 2, 2, 3, 3, 3, 2, 3, 2, 3, 2, 2, 2, 2, 3, 3, 3, 3, 3, 3, 3, 2, 2, 3, 3, 2, 2, 2, 3, 3, 3, 3, 3, 3, 3, 3, 3, 2, 2, 2, 2, 2, 3, 3, 3, 2, 2, 2, 3, 3, 3, 3, 2, 3, 3, 3, 3, 3, 2, 2, 2, 3, 3, 3, 2, 3, 2, 3, 3, 3, 3, 3, 3, 3, 2, 2, 2, 2, 2, 2, 2, 2, 2, 2, 3, 3, 2, 2, 2, 2, 2, 3, 3, 3, 3, 3, 3, 3, 3, 3, 3, 3, 3, 2, 2, 2, 3, 3, 2, 2, 2, 2, 3, 2, 2, 3, 2, 3, 2, 3, 2, 3, 2, 2, 3, 2, 3, 3, 3, 3, 2, 2, 2, 3, 3, 3, 3, 3, 3, 3, 3, 3, 3, 3, 3, 2, 2, 2, 3, 3, 3, 2, 2, 2, 2, 2, 2, 3, 3, 2, 2, 2, 2, 3, 3, 2, 3, 2, 3, 3, 2, 2, 2, 2, 3, 2, 3, 2, 3, 3, 3, 3, 3, 3, 3, 3, 3, 2, 2, 2, 2, 2, 2, 3, 3, 2, 3, 2, 2, 2, 3, 3, 3, 3, 3, 3, 3, 3, 3, 3, 3, 3, 3, 2, 3, 2, 3, 2, 2, 3, 3, 3, 3, 3, 3, 3, 3, 3, 3, 3, 3, 3, 3, 2, 3, 3, 3, 3, 3, 3, 3, 3, 3, 3, 2, 3, 3, 3, 3, 3, 3, 3, 3, 3, 2, 3, 3, 3, 3, 3, 3, 3, 3, 3, 3, 3, 3, 3, 3, 3, 3, 3, 3, 3, 3, 3, 3, 3, 3, 3, 3, 3, 3, 3, 3, 3, 3, 3, 3, 3, 3, 3, 3, 3, 3, 3, 3, 3, 3, 3, 3, 3, 3, 3, 3, 3, 3, 3, 3, 3, 3, 3, 3, 3, 3, 3, 3, 3, 3, 3, 3, 3, 3, 3, 3, 3, 3, 3, 3, 3, 3, 3, 3, 3, 3, 3, 3, 3, 3, 3, 3, 3, 3, 3, 3, 3, 3, 3, 3, 3, 3, 3, 3, 3, 3, 3, 3, 3, 3, 3, 3, 3, 3, 3, 3, 3, 3, 3, 3, 3, 3, 3, 3, 3, 3, 3, 2, 3, 3, 3, 3, 3, 3, 2, 3, 2, 2, 2, 2, 3, 2, 2, 2, 3, 3, 3, 3, 3, 3, 3, 3, 3, 3, 3, 3, 2, 3, 3, 3, 3, 3, 2, 3, 3, 3, 3, 3, 3, 3, 3, 3, 3, 3, 3, 3, 3, 3, 3, 3, 3, 3, 3, 3, 3, 3, 3, 3, 3, 3, 3, 3, 2, 3, 2, 2, 3, 3, 3, 3, 2, 3, 3, 3, 3, 3, 2, 2, 3, 3, 3, 2, 3, 3, 3, 2, 2, 3, 3, 3, 3, 3, 3, 3, 3, 3, 3, 3, 3, 3, 2, 3, 2, 3, 2, 3, 3, 2, 3, 2, 3, 3, 3, 2, 3, 2, 2, 2, 3, 2, 3, 3, 2, 3, 2, 3, 3, 3, 3, 3, 3, 3, 3, 3, 3, 3, 3, 3, 3, 3, 3, 3, 2, 3, 2, 2, 3, 2, 2, 2, 3, 3, 3, 2, 3, 3, 3, 3, 3, 3, 3, 3, 3, 3, 3, 2, 3, 3, 3, 3, 3, 3, 3, 3, 3, 3, 3, 3, 3, 3, 3, 3, 3, 2, 3, 3, 3, 3, 3, 3, 3, 3, 3, 3, 3, 3, 3, 3, 3, 3, 3, 2, 3, 3, 3, 3, 3, 3, 3, 3, 3, 3, 2, 2, 2, 3, 3, 2, 3, 3, 3, 3, 3, 3, 3, 3, 3, 3, 3, 2, 2, 3, 2, 3, 3, 3, 3, 3, 3, 2, 3, 2, 3, 3, 2, 3, 2, 3, 3, 3, 3, 3, 3, 3, 3, 3, 3, 3, 3, 2, 3, 3, 3, 3, 3, 3, 3, 3, 3, 3, 3, 3, 3, 3, 3, 3, 3, 3, 2, 3, 3, 3, 3, 3, 3, 3, 3, 3, 3, 3, 3, 3, 3, 3, 3, 3, 3, 3, 3, 3, 3, 3, 3, 3, 3, 3, 3, 3, 3, 3, 3, 3, 3, 3, 3, 3, 3, 3, 3, 3, 3, 3, 3, 3, 3, 3, 3, 3, 3, 3, 3, 3, 3, 3, 3, 3, 3, 3, 3, 3, 3, 3, 3, 3, 3, 3, 3, 3, 3, 3, 3, 3, 3, 3, 3, 3, 3, 3, 3, 3, 3, 3, 3, 3, 3, 3, 3, 3, 3, 3, 3, 3, 3, 3, 3, 3, 3, 3, 3, 3, 3, 3, 3, 3, 3, 3, 3, 3, 3, 3, 3, 3, 3, 3, 3, 3, 3, 3, 3, 3, 3, 3, 3, 3, 3, 3, 3, 3, 3, 3, 3, 3, 3, 3, 3, 3, 3, 3, 2, 3, 3, 3, 3, 3, 3, 3, 3, 3, 3, 3, 3, 3, 3, 3, 3, 3, 3, 3, 3, 3, 3, 3, 3, 3, 3, 3, 3, 3, 3, 3, 3, 3, 3, 3, 3, 3, 3, 3, 3, 3, 3, 3, 3, 3, 3, 3, 3, 3, 3, 3, 3, 3, 3, 3, 3, 3, 3, 2, 3, 3, 3, 3, 3, 3, 3, 3, 3, 3, 3, 3, 3, 3, 3, 3, 3, 3, 2, 3, 3, 3, 3, 3, 3, 3, 3, 3, 3, 3, 3, 2, 3, 3, 3, 3, 3, 3, 3, 3, 3, 3, 3, 3, 3, 3, 3, 3, 3, 3, 3, 3, 3, 3, 3, 3, 3, 3, 3, 3, 3, 3, 3, 3, 3, 3, 3, 3, 3, 3, 3, 3, 3, 3, 3, 3, 3, 3, 3, 3, 3, 3, 3, 3, 3, 3, 3, 3, 3, 3, 3, 3, 3, 3, 3, 2, 3, 3, 3, 3, 3, 3, 3, 3, 3, 3, 3, 3, 3, 3, 3, 3, 3, 3, 3, 3, 3, 3, 3, 3, 3, 3, 3, 3, 3, 3, 3, 3, 3, 3, 3, 3, 3, 3, 3, 3, 3, 3, 3, 3, 3, 3, 3, 3, 3, 3, 3, 3, 3, 3, 3, 3, 3, 3, 3, 3, 3, 3, 3, 3, 3, 3, 3, 3, 3, 3, 3, 3, 3, 3, 3, 3, 3, 3, 3, 3, 3, 3, 3, 3, 3, 3, 3, 3, 3, 3, 3, 3, 3, 3, 3, 3, 3, 3, 3, 3, 3, 3, 3, 3, 3, 3, 3, 3, 3, 3, 3, 3, 3, 3, 3, 3, 3, 3, 3, 3, 3, 3, 3, 3, 3, 3, 3, 3, 3, 3, 3, 3, 3, 3, 3, 3, 3, 3, 3, 3, 3, 3, 3, 3, 3, 3]
TimeCharterCost: [120000, 125000, 130000, 110000, 104000]
RequiredVisits: [6, 5, 5, 5, 2, 2, 5, 6, 6, 1, 4]
NumberOfDaysAvailable: [7, 7, 7, 7, 7]
DepotCapacity: [3, 3, 3, 3, 3, 3, 0]
