!Summary:
!Execution time: 0,77 seconds
!Total # voyages: 2130 (813 unique)
!Number of installations (excluding depot): 10
!Number of time windows: 3
!Number of vessels: 5

!Min. # installations: 1
!Max. number of installations: 8
!Min. duration: 56
!Max. duration: 80

!Name: FarStar	 # voyages: 351
!Name: FarSymphony	 # voyages: 407
!Name: FarSearcher	 # voyages: 466
!Name: FarSeeker	 # voyages: 466
!Name: HavilaForesight	 # voyages: 440
!------------------------------------------------------------------------------------------------------------------------
nV : 5
nR : 813
nN : 10
nT : 7
minL : 2
maxL : 3

! Sets: 
Rv : [
[1, 2, 3, 4, 5, 6, 7, 8, 9, 10, 11, 17, 18, 20, 21, 22, 23, 24, 25, 26, 27, 28, 29, 30, 32, 35, 37, 38, 39, 40, 41, 42, 43, 44, 45, 46, 47, 48, 49, 50, 51, 52, 53, 54, 55, 56, 57, 58, 59, 60, 61, 63, 72, 73, 75, 76, 77, 78, 79, 80, 84, 85, 87, 88, 89, 91, 92, 93, 94, 95, 96, 98, 99, 100, 101, 102, 105, 106, 107, 108, 111, 112, 113, 117, 118, 122, 124, 125, 126, 127, 132, 133, 134, 135, 138, 139, 140, 141, 142, 143, 147, 148, 149, 150, 151, 153, 154, 155, 156, 157, 158, 163, 164, 167, 168, 169, 170, 171, 172, 173, 174, 175, 176, 178, 179, 180, 181, 182, 183, 188, 189, 192, 193, 201, 203, 207, 210, 211, 213, 214, 215, 216, 217, 218, 219, 220, 221, 222, 226, 228, 229, 231, 232, 233, 235, 236, 237, 240, 242, 243, 247, 249, 250, 251, 252, 253, 254, 255, 260, 261, 262, 263, 264, 265, 266, 267, 268, 275, 276, 277, 279, 280, 281, 282, 283, 284, 285, 286, 287, 290, 291, 296, 300, 302, 303, 304, 305, 306, 311, 312, 313, 317, 319, 327, 328, 330, 331, 332, 333, 336, 338, 339, 340, 341, 342, 344, 345, 346, 347, 348, 349, 350, 351, 352, 353, 363, 364, 365, 370, 372, 373, 374, 375, 376, 377, 378, 379, 380, 382, 383, 384, 385, 386, 387, 388, 392, 393, 397, 399, 407, 408, 410, 411, 412, 413, 414, 415, 416, 417, 418, 419, 420, 421, 425, 426, 427, 429, 430, 432, 435, 436, 437, 438, 439, 440, 441, 446, 451, 452, 453, 454, 455, 456, 457, 458, 459, 460, 468, 469, 470, 471, 472, 473, 474, 475, 476, 477, 478, 479, 480, 481, 482, 483, 484, 496, 497, 498, 499, 500, 501, 502, 503, 504, 505, 506, 507, 508, 509, 510, 511, 512, 513, 514, 515, 516, 517, 519, 520, 521, 535, 539, 540, 541, 542, 543, 544, 545, 548, 555, 568, 569, 571, 572, 575, 576, 577, 578, 582, 583, 584, 585, 586, 587, 604, 605, 606, 609, 610, 611, 612, 614, 615, 617, 618, 619, 620, 621, 622, 632, 633, 635, 636, 637, 638, 640, 641, 642, 651, 652, 655, 657, 660, 662, 663, 664, 665, 666, 667, 668, 669, 670, 671, 676, 677, 678, 679, 680, 681, 682, 683, 684, 685, 686, 687, 688, 689, 690, 691, 692, 707, 708, 709, 710, 711, 712, 713, 714, 715, 716, 717, 718, 719, 720, 721, 722, 727, 730, 732, 737, 738, 740, 743, 745, 747, 751, 752, 754, 764, 765, 766, 767, 768, 771, 773, 774, 775, 776, 782, 783, 784, 785, 787, 788, 789, 790, 791, 792, 793, 794, 795, 800, 801, 802, 803, 804, 810]!Vessel: FarSeeker
[1, 2, 3, 4, 5, 6, 7, 8, 9, 10, 11, 17, 18, 20, 21, 22, 23, 24, 25, 26, 27, 28, 29, 30, 32, 35, 37, 38, 39, 40, 41, 42, 43, 44, 45, 46, 47, 48, 49, 50, 51, 52, 53, 54, 55, 56, 57, 58, 59, 60, 61, 63, 72, 73, 75, 76, 77, 78, 79, 80, 84, 85, 87, 88, 89, 91, 92, 93, 94, 95, 96, 98, 99, 100, 101, 102, 105, 106, 107, 108, 111, 112, 113, 117, 118, 122, 124, 125, 126, 127, 132, 133, 134, 135, 138, 139, 140, 141, 142, 143, 147, 148, 149, 150, 151, 153, 154, 155, 156, 157, 158, 163, 164, 167, 168, 169, 170, 171, 172, 173, 174, 175, 176, 178, 179, 180, 181, 182, 183, 188, 189, 192, 193, 201, 203, 207, 210, 211, 213, 214, 215, 216, 217, 218, 219, 220, 221, 222, 226, 228, 229, 231, 232, 233, 235, 236, 237, 240, 242, 243, 247, 249, 250, 251, 252, 253, 254, 255, 260, 261, 262, 263, 264, 265, 266, 267, 268, 275, 276, 277, 279, 280, 281, 282, 283, 284, 285, 286, 287, 290, 291, 296, 300, 302, 303, 304, 305, 306, 311, 312, 313, 317, 319, 327, 328, 330, 331, 332, 333, 336, 338, 339, 340, 341, 342, 344, 345, 346, 347, 348, 349, 350, 351, 352, 353, 363, 364, 365, 370, 372, 373, 374, 375, 376, 377, 378, 379, 380, 382, 383, 384, 385, 386, 387, 388, 392, 393, 397, 399, 407, 408, 410, 411, 412, 413, 414, 415, 416, 417, 418, 419, 420, 421, 425, 426, 427, 429, 430, 432, 435, 436, 437, 438, 439, 440, 441, 446, 451, 452, 453, 454, 455, 456, 457, 458, 459, 460, 468, 469, 470, 471, 472, 473, 474, 475, 476, 477, 478, 479, 480, 481, 482, 483, 484, 496, 497, 498, 499, 500, 501, 502, 503, 504, 505, 506, 507, 508, 509, 510, 511, 512, 513, 514, 515, 516, 517, 519, 520, 521, 535, 539, 540, 541, 542, 543, 544, 545, 548, 555, 568, 569, 571, 572, 575, 576, 577, 578, 582, 583, 584, 585, 586, 587, 604, 605, 606, 609, 610, 611, 612, 614, 615, 617, 618, 619, 620, 621, 622, 632, 633, 635, 636, 637, 638, 640, 641, 642, 651, 652, 655, 657, 660, 662, 663, 664, 665, 666, 667, 668, 669, 670, 671, 676, 677, 678, 679, 680, 681, 682, 683, 684, 685, 686, 687, 688, 689, 690, 691, 692, 707, 708, 709, 710, 711, 712, 713, 714, 715, 716, 717, 718, 719, 720, 721, 722, 727, 730, 732, 737, 738, 740, 743, 745, 747, 751, 752, 754, 764, 765, 766, 767, 768, 771, 773, 774, 775, 776, 782, 783, 784, 785, 787, 788, 789, 790, 791, 792, 793, 794, 795, 800, 801, 802, 803, 804, 810]!Vessel: FarSearcher
[1, 2, 3, 4, 5, 6, 7, 8, 9, 10, 11, 17, 18, 20, 21, 22, 23, 24, 25, 26, 27, 28, 29, 30, 32, 35, 37, 38, 39, 40, 41, 42, 43, 44, 45, 46, 47, 48, 49, 50, 51, 52, 53, 54, 55, 56, 57, 58, 59, 60, 61, 63, 72, 73, 75, 76, 77, 78, 79, 80, 84, 85, 87, 88, 89, 91, 92, 93, 94, 95, 96, 98, 99, 100, 101, 102, 105, 106, 107, 108, 111, 112, 113, 117, 118, 122, 124, 125, 126, 127, 132, 133, 134, 135, 138, 139, 140, 141, 142, 143, 147, 148, 149, 150, 151, 153, 154, 155, 156, 157, 158, 163, 164, 167, 168, 169, 170, 171, 172, 173, 174, 175, 176, 178, 179, 180, 181, 182, 183, 188, 189, 192, 193, 201, 203, 207, 210, 211, 213, 214, 215, 216, 217, 218, 219, 220, 221, 222, 226, 228, 229, 231, 232, 233, 235, 236, 237, 240, 242, 243, 247, 249, 250, 251, 252, 253, 254, 255, 260, 261, 262, 263, 264, 265, 266, 267, 268, 275, 276, 277, 279, 280, 281, 282, 283, 284, 285, 286, 287, 290, 291, 296, 300, 302, 303, 304, 305, 306, 311, 312, 313, 317, 319, 327, 328, 330, 331, 332, 333, 336, 338, 339, 340, 341, 342, 344, 345, 346, 347, 348, 349, 350, 351, 352, 353, 363, 364, 365, 370, 372, 373, 374, 375, 376, 377, 378, 379, 380, 382, 383, 384, 385, 388, 392, 393, 397, 399, 407, 408, 410, 411, 412, 413, 414, 415, 416, 418, 420, 421, 425, 426, 427, 430, 432, 435, 436, 437, 438, 439, 440, 441, 446, 451, 452, 453, 454, 455, 456, 457, 458, 459, 460, 468, 469, 470, 471, 472, 473, 474, 475, 476, 477, 478, 479, 480, 481, 482, 483, 484, 496, 497, 498, 499, 500, 501, 502, 503, 504, 505, 506, 507, 508, 509, 510, 511, 512, 513, 514, 515, 516, 517, 519, 520, 521, 535, 539, 540, 541, 544, 548, 555, 568, 569, 572, 575, 576, 577, 582, 583, 584, 585, 586, 587, 604, 609, 610, 611, 614, 615, 617, 619, 633, 637, 638, 641, 651, 652, 655, 657, 660, 662, 663, 664, 667, 669, 670, 671, 676, 678, 680, 681, 682, 683, 685, 686, 688, 689, 691, 692, 707, 708, 712, 713, 714, 715, 718, 720, 721, 722, 727, 732, 737, 738, 740, 743, 745, 747, 751, 752, 754, 764, 765, 766, 774, 788, 794, 795]!Vessel: FarSymphony
[1, 2, 3, 4, 5, 6, 7, 8, 9, 10, 11, 17, 18, 20, 21, 22, 23, 24, 25, 26, 27, 28, 29, 30, 32, 35, 37, 38, 39, 40, 41, 42, 43, 44, 45, 46, 47, 48, 49, 50, 51, 52, 53, 54, 55, 56, 57, 58, 59, 60, 61, 63, 72, 73, 75, 76, 77, 78, 79, 80, 84, 85, 87, 88, 89, 91, 92, 93, 94, 95, 96, 98, 99, 100, 101, 102, 105, 106, 107, 108, 111, 112, 113, 117, 118, 122, 124, 125, 126, 127, 132, 133, 134, 135, 138, 139, 140, 141, 142, 143, 147, 148, 149, 150, 151, 153, 154, 155, 156, 157, 158, 163, 164, 167, 168, 169, 170, 171, 172, 173, 174, 175, 176, 178, 179, 180, 181, 182, 183, 188, 189, 192, 193, 201, 203, 207, 210, 211, 213, 214, 215, 216, 217, 218, 219, 220, 221, 222, 226, 228, 229, 231, 232, 233, 235, 236, 237, 240, 242, 243, 247, 249, 250, 251, 252, 253, 254, 255, 260, 261, 262, 263, 264, 265, 266, 267, 268, 275, 276, 277, 279, 280, 281, 282, 283, 284, 285, 286, 287, 290, 291, 296, 300, 302, 303, 304, 305, 306, 311, 312, 313, 317, 319, 327, 328, 330, 331, 332, 333, 336, 338, 339, 340, 341, 342, 344, 345, 346, 347, 348, 349, 350, 351, 352, 353, 363, 364, 365, 370, 372, 373, 374, 375, 376, 377, 378, 379, 380, 382, 383, 384, 385, 388, 392, 393, 397, 399, 407, 408, 410, 411, 412, 413, 414, 415, 416, 418, 419, 420, 421, 425, 426, 427, 429, 430, 432, 435, 436, 437, 438, 439, 440, 441, 446, 451, 452, 453, 454, 455, 456, 457, 458, 459, 460, 468, 469, 470, 471, 472, 473, 474, 475, 476, 477, 478, 479, 480, 481, 482, 483, 484, 496, 497, 498, 499, 500, 501, 502, 503, 504, 505, 506, 507, 508, 509, 510, 511, 512, 513, 514, 515, 516, 517, 519, 520, 521, 535, 539, 540, 541, 542, 544, 548, 555, 568, 569, 571, 572, 575, 576, 577, 578, 582, 583, 584, 585, 586, 587, 604, 606, 609, 610, 611, 612, 614, 615, 617, 618, 619, 622, 632, 633, 635, 636, 637, 638, 640, 641, 651, 652, 655, 657, 660, 662, 663, 664, 666, 667, 668, 669, 670, 671, 676, 678, 679, 680, 681, 682, 683, 684, 685, 686, 687, 688, 689, 690, 691, 692, 707, 708, 710, 711, 712, 713, 714, 715, 716, 717, 718, 719, 720, 721, 722, 727, 730, 732, 737, 738, 740, 743, 745, 747, 751, 752, 754, 764, 765, 766, 767, 768, 773, 774, 776, 787, 788, 791, 794, 795, 803, 810]!Vessel: HavilaForesight
[1, 2, 3, 4, 5, 6, 7, 8, 9, 10, 11, 17, 18, 20, 21, 22, 23, 24, 25, 26, 27, 28, 29, 30, 32, 35, 37, 38, 39, 40, 41, 42, 43, 44, 45, 46, 47, 48, 49, 50, 51, 52, 53, 54, 55, 56, 57, 58, 59, 60, 61, 63, 72, 73, 75, 76, 77, 78, 79, 80, 84, 85, 87, 88, 89, 91, 92, 93, 94, 95, 96, 98, 99, 100, 101, 102, 105, 106, 107, 108, 111, 112, 113, 117, 118, 122, 124, 125, 126, 127, 132, 133, 134, 135, 138, 139, 140, 141, 142, 143, 147, 148, 149, 150, 151, 153, 154, 155, 156, 157, 158, 163, 164, 167, 168, 169, 170, 171, 172, 173, 174, 175, 176, 178, 179, 180, 181, 183, 188, 189, 192, 193, 201, 203, 207, 210, 211, 213, 214, 215, 216, 217, 218, 219, 221, 222, 228, 229, 231, 232, 233, 235, 236, 237, 240, 242, 243, 247, 249, 251, 252, 253, 254, 255, 260, 261, 262, 263, 264, 265, 266, 267, 268, 275, 276, 277, 279, 280, 281, 282, 283, 284, 285, 286, 287, 290, 291, 296, 300, 302, 303, 304, 305, 306, 311, 312, 317, 319, 327, 328, 330, 331, 332, 333, 336, 338, 339, 340, 341, 342, 344, 345, 346, 347, 348, 349, 350, 351, 352, 353, 363, 364, 370, 372, 375, 376, 377, 378, 380, 382, 383, 384, 385, 392, 393, 397, 399, 408, 410, 411, 412, 413, 414, 415, 416, 418, 420, 421, 425, 426, 427, 430, 432, 435, 436, 437, 438, 439, 441, 446, 451, 452, 454, 455, 456, 457, 458, 459, 468, 469, 470, 471, 473, 475, 476, 477, 478, 479, 480, 481, 482, 483, 484, 496, 497, 499, 500, 501, 502, 503, 504, 505, 507, 508, 509, 510, 511, 512, 514, 515, 516, 517, 519, 521, 535, 539, 540, 541, 548, 555, 568, 569, 572, 575, 576, 577, 582, 583, 584, 586, 587, 604, 609, 611, 615, 617, 619, 633, 637, 638, 641, 651, 652, 663, 669, 670, 680, 682, 683, 688, 689, 692, 707, 713, 715, 718, 745, 751, 774, 788, 795]!Vessel: FarStar
] 

Rvi : [
!i : 1, 2, 3, 4, 5, 6, 7, 8, 9, 10
[1, 8, 9, 10, 11, 53, 54, 55, 56, 57, 58, 59, 60, 61, 63, 72, 73, 173, 174, 175, 176, 178, 179, 180, 181, 182, 183, 188, 189, 192, 193, 201, 203, 207, 252, 253, 254, 255, 382, 383, 384, 385, 386, 387, 388, 392, 393, 397, 399, 451, 452, 453, 454, 455, 456, 457, 458, 459, 460, 477, 478, 479, 480, 481, 482, 483, 484, 621, 622, 663, 664, 665, 666, 667, 668, 669, 670, 671, 680, 681, 682, 683, 684, 685, 686, 687, 688, 689, 690, 691, 692, 737, 745, 767, 776, 782, 783, 784, 785, 787, 788, 789, 790, 791, 792, 793, 794, 795], [8, 17, 18, 20, 21, 22, 23, 24, 53, 54, 55, 72, 73, 75, 76, 77, 78, 79, 80, 84, 85, 87, 88, 89, 91, 92, 93, 94, 95, 105, 132, 147, 148, 163, 169, 173, 174, 175, 188, 192, 201, 203, 207, 210, 211, 213, 214, 215, 216, 217, 218, 219, 220, 221, 222, 226, 228, 229, 231, 232, 233, 235, 236, 237, 240, 242, 243, 247, 252, 260, 261, 262, 283, 290, 296, 300, 327, 328, 330, 331, 332, 333, 363, 373, 376, 377, 382, 383, 385, 386, 392, 393, 397, 399, 407, 408, 410, 411, 412, 413, 414, 415, 416, 417, 418, 419, 420, 421, 425, 426, 427, 429, 430, 432, 435, 436, 437, 438, 439, 440, 441, 446, 451, 452, 453, 468, 469, 473, 474, 477, 478, 479, 480, 496, 497, 498, 507, 510, 511, 512, 513, 519, 520, 535, 542, 568, 569, 571, 572, 604, 605, 609, 610, 612, 615, 617, 618, 619, 622, 632, 633, 635, 636, 637, 638, 640, 641, 642, 651, 652, 655, 657, 660, 662, 663, 664, 665, 666, 669, 676, 677, 679, 680, 681, 682, 683, 684, 707, 708, 709, 710, 713, 717, 718, 719, 720, 722, 727, 730, 732, 737, 738, 740, 743, 764, 766, 771, 773, 774, 775, 776, 782, 784, 787, 788, 789, 790, 794, 800, 801, 803, 804, 810], [2, 9, 17, 25, 26, 27, 28, 29, 30, 55, 56, 57, 58, 59, 60, 61, 75, 76, 77, 78, 79, 80, 96, 98, 99, 100, 101, 102, 106, 107, 108, 133, 134, 135, 149, 150, 151, 164, 174, 175, 176, 178, 179, 180, 181, 182, 183, 188, 189, 207, 210, 211, 213, 214, 215, 216, 217, 218, 219, 220, 221, 222, 228, 249, 250, 251, 253, 254, 255, 261, 262, 263, 264, 265, 266, 267, 268, 275, 276, 277, 300, 302, 303, 304, 305, 306, 327, 328, 336, 338, 339, 340, 341, 346, 347, 348, 364, 365, 370, 383, 384, 385, 386, 387, 388, 392, 393, 407, 408, 410, 411, 412, 413, 414, 415, 416, 417, 418, 419, 420, 421, 435, 438, 451, 452, 453, 454, 455, 456, 457, 458, 459, 460, 468, 469, 470, 471, 472, 473, 474, 475, 476, 480, 481, 482, 483, 484, 496, 497, 498, 499, 500, 501, 502, 503, 504, 505, 506, 535, 539, 540, 541, 542, 543, 544, 545, 568, 569, 575, 576, 577, 578, 582, 583, 584, 605, 606, 609, 610, 611, 619, 621, 622, 632, 633, 635, 636, 637, 638, 640, 641, 642, 655, 657, 663, 664, 665, 666, 667, 668, 669, 670, 671, 676, 677, 678, 679, 682, 683, 684, 685, 686, 687, 688, 689, 690, 691, 692, 707, 708, 709, 710, 711, 712, 713, 714, 715, 716, 727, 730, 732, 737, 738, 740, 745, 747, 751, 752, 764, 765, 766, 767, 768, 771, 773, 774, 775, 776, 782, 783, 784, 785, 788, 789, 790, 791, 792, 793, 794, 795, 800, 801, 802, 810], [3, 10, 18, 25, 32, 35, 38, 52, 56, 63, 72, 75, 84, 93, 96, 99, 105, 106, 107, 108, 111, 112, 113, 117, 118, 122, 127, 138, 142, 153, 167, 176, 180, 201, 207, 210, 211, 217, 226, 228, 229, 232, 237, 240, 247, 250, 252, 253, 254, 255, 260, 261, 262, 263, 264, 265, 266, 267, 268, 275, 276, 277, 279, 280, 281, 282, 283, 284, 285, 286, 287, 290, 291, 304, 313, 319, 330, 332, 336, 339, 342, 345, 349, 351, 353, 364, 374, 378, 387, 407, 408, 410, 411, 417, 420, 425, 429, 430, 436, 438, 439, 441, 451, 452, 453, 454, 455, 456, 457, 458, 459, 460, 468, 469, 470, 471, 472, 473, 474, 475, 476, 477, 478, 479, 480, 481, 482, 483, 484, 496, 497, 498, 499, 500, 501, 502, 503, 504, 505, 506, 507, 508, 509, 510, 511, 512, 513, 514, 515, 516, 517, 519, 520, 521, 543, 568, 571, 572, 575, 577, 578, 583, 585, 586, 587, 615, 620, 632, 633, 635, 636, 637, 651, 657, 660, 663, 664, 665, 666, 667, 668, 669, 670, 671, 676, 677, 678, 679, 680, 681, 682, 683, 684, 685, 686, 687, 688, 689, 690, 691, 692, 707, 708, 709, 710, 711, 712, 713, 714, 715, 716, 717, 718, 719, 720, 721, 722, 737, 738, 740, 743, 745, 747, 751, 754, 767, 768, 771, 773, 774, 782, 783, 784, 785, 787, 788, 789, 790, 791, 792, 793, 794, 795, 800, 801, 802, 803, 804], [4, 11, 26, 32, 37, 40, 45, 49, 57, 63, 73, 76, 87, 91, 94, 96, 98, 111, 112, 113, 122, 124, 125, 126, 133, 140, 143, 149, 157, 176, 178, 179, 188, 189, 192, 193, 201, 203, 211, 213, 214, 215, 216, 229, 231, 235, 240, 242, 249, 275, 276, 277, 279, 280, 281, 282, 283, 284, 285, 286, 287, 302, 303, 311, 312, 317, 336, 338, 342, 344, 346, 370, 372, 384, 392, 393, 397, 399, 410, 411, 412, 413, 414, 415, 416, 425, 426, 427, 430, 432, 435, 436, 437, 446, 477, 478, 479, 480, 481, 482, 483, 484, 496, 497, 498, 499, 500, 501, 502, 503, 504, 505, 506, 507, 508, 509, 510, 511, 512, 513, 514, 515, 516, 517, 539, 540, 541, 548, 555, 575, 576, 582, 587, 609, 610, 611, 622, 635, 636, 637, 638, 640, 641, 651, 652, 655, 662, 680, 681, 682, 683, 684, 685, 686, 687, 688, 689, 690, 691, 692, 707, 708, 709, 710, 711, 712, 713, 714, 715, 716, 717, 718, 719, 720, 721, 727, 730, 740, 743, 751, 752, 754, 764, 765, 768, 773, 774, 775, 776, 787, 788, 789, 790, 791, 792, 793, 794, 795, 800, 801, 802, 803, 804, 810], [5, 20, 27, 38, 39, 41, 46, 50, 58, 77, 84, 85, 88, 95, 99, 100, 127, 134, 138, 139, 147, 150, 153, 154, 155, 158, 164, 167, 168, 170, 180, 181, 182, 217, 218, 219, 220, 226, 232, 233, 243, 247, 250, 275, 279, 284, 304, 305, 306, 313, 327, 330, 331, 333, 339, 340, 341, 342, 344, 345, 347, 349, 350, 352, 353, 364, 365, 370, 373, 374, 375, 376, 378, 379, 385, 386, 387, 388, 407, 410, 412, 415, 417, 418, 419, 420, 425, 427, 429, 435, 436, 437, 439, 440, 458, 471, 481, 499, 504, 509, 510, 514, 540, 542, 543, 544, 545, 548, 568, 569, 571, 572, 575, 576, 577, 578, 583, 584, 585, 586, 587, 605, 606, 612, 614, 615, 617, 618, 619, 620, 621, 632, 635, 636, 638, 640, 642, 651, 652, 655, 657, 660, 668, 685, 686, 687, 711, 714, 717, 737, 738, 740, 743, 745, 747, 751, 752, 754, 766, 771, 773, 776, 784, 785, 790, 791, 792, 801, 802, 803, 810], [21, 28, 40, 41, 42, 43, 44, 53, 59, 78, 87, 88, 89, 101, 106, 111, 124, 132, 133, 134, 135, 138, 139, 140, 141, 142, 143, 155, 156, 169, 170, 171, 173, 174, 183, 189, 203, 213, 218, 221, 222, 228, 229, 231, 232, 233, 235, 236, 237, 243, 251, 253, 263, 264, 265, 276, 279, 280, 281, 285, 296, 300, 302, 303, 304, 305, 306, 311, 312, 313, 317, 319, 346, 347, 348, 349, 350, 351, 352, 376, 377, 378, 379, 380, 382, 383, 392, 399, 408, 412, 413, 416, 418, 420, 421, 425, 426, 427, 429, 430, 432, 438, 439, 440, 441, 451, 454, 455, 456, 469, 470, 471, 472, 475, 477, 482, 496, 499, 500, 501, 502, 507, 508, 509, 511, 514, 515, 516, 520, 521, 535, 539, 540, 541, 542, 543, 544, 545, 548, 555, 582, 583, 584, 585, 586, 604, 614, 615, 617, 618, 619, 620, 621, 622, 632, 633, 635, 637, 638, 640, 641, 642, 651, 652, 657, 660, 662, 663, 666, 667, 668, 670, 676, 677, 678, 680, 682, 685, 688, 689, 690, 707, 710, 711, 712, 715, 717, 718, 719, 721, 722, 727, 730, 732, 745, 747, 751, 752, 754, 765, 766, 767, 768, 771, 773, 774, 775, 776, 782, 783, 785, 787, 788, 791, 793, 795, 800, 802, 803, 804, 810], [22, 29, 42, 45, 46, 47, 48, 60, 79, 89, 91, 92, 101, 102, 107, 112, 117, 125, 140, 141, 147, 148, 149, 150, 151, 153, 154, 155, 156, 157, 158, 172, 173, 175, 178, 183, 192, 193, 214, 221, 235, 236, 240, 242, 243, 249, 251, 254, 260, 261, 263, 266, 267, 280, 282, 286, 291, 311, 317, 327, 328, 330, 331, 332, 333, 336, 338, 339, 340, 341, 342, 344, 345, 346, 347, 348, 349, 350, 351, 352, 353, 363, 372, 375, 377, 380, 382, 383, 384, 385, 388, 397, 399, 413, 414, 418, 419, 421, 426, 430, 432, 435, 436, 437, 438, 439, 440, 441, 446, 452, 454, 457, 459, 468, 470, 473, 475, 476, 478, 483, 497, 500, 503, 505, 508, 509, 512, 515, 517, 519, 521, 535, 539, 544, 548, 555, 568, 569, 571, 572, 575, 576, 577, 578, 582, 583, 584, 585, 586, 587, 604, 606, 609, 611, 612, 614, 617, 621, 633, 638, 641, 642, 651, 652, 655, 657, 660, 662, 663, 664, 667, 669, 670, 671, 676, 678, 679, 680, 681, 683, 686, 688, 691, 692, 707, 708, 712, 713, 714, 715, 716, 718, 720, 721, 722, 727, 732, 737, 738, 740, 743, 745, 747, 751, 752, 754, 764, 765, 766, 771, 773, 774, 775, 776, 782, 783, 784, 785, 787, 788, 789, 790, 791, 792, 793, 794, 795, 800, 801, 802, 803, 804, 810], [6, 23, 30, 35, 43, 47, 49, 50, 51, 61, 80, 93, 94, 95, 98, 108, 113, 117, 118, 126, 135, 142, 143, 148, 151, 156, 157, 158, 163, 164, 167, 168, 169, 170, 171, 172, 179, 181, 210, 215, 219, 222, 231, 237, 242, 247, 255, 264, 267, 268, 277, 283, 284, 285, 286, 287, 290, 291, 296, 302, 305, 312, 317, 319, 328, 332, 333, 338, 340, 344, 348, 351, 352, 353, 363, 364, 365, 370, 372, 373, 374, 375, 376, 377, 378, 379, 380, 407, 408, 411, 415, 416, 421, 427, 432, 437, 441, 446, 455, 458, 459, 460, 471, 472, 473, 474, 475, 476, 484, 501, 504, 505, 506, 510, 511, 512, 513, 514, 515, 516, 517, 519, 520, 521, 540, 541, 545, 548, 555, 569, 572, 576, 577, 582, 584, 586, 587, 604, 605, 606, 609, 610, 611, 612, 614, 615, 617, 618, 619, 620, 632, 633, 636, 637, 640, 641, 652, 655, 660, 662, 665, 668, 669, 670, 671, 677, 678, 679, 687, 689, 692, 709, 711, 713, 714, 715, 716, 717, 718, 719, 720, 721, 722, 730, 732, 738, 743, 747, 752, 754, 764, 765, 766, 767, 768, 771, 774, 775, 783, 784, 785, 792, 794, 795, 801, 802, 803, 804, 810], [7, 24, 37, 39, 44, 48, 51, 52, 54, 85, 92, 100, 102, 105, 118, 122, 124, 125, 126, 127, 132, 139, 141, 154, 163, 168, 171, 172, 182, 193, 216, 220, 226, 233, 236, 249, 250, 251, 252, 260, 262, 265, 266, 268, 281, 282, 287, 290, 291, 296, 300, 303, 306, 311, 312, 313, 319, 331, 341, 345, 350, 363, 365, 372, 373, 374, 375, 379, 380, 382, 384, 386, 387, 388, 393, 397, 414, 417, 419, 426, 429, 440, 446, 453, 456, 457, 460, 468, 469, 470, 472, 474, 476, 479, 498, 502, 503, 506, 507, 508, 513, 516, 517, 519, 520, 521, 535, 539, 541, 542, 543, 544, 545, 555, 571, 578, 585, 604, 605, 606, 610, 611, 612, 614, 618, 620, 621, 622, 642, 662, 664, 665, 666, 667, 671, 676, 677, 678, 679, 681, 684, 690, 691, 708, 709, 710, 712, 716, 719, 720, 721, 722, 727, 730, 732, 764, 765, 767, 768, 775, 782, 783, 787, 789, 793, 800, 804]!Vessel: FarSeeker
[1, 8, 9, 10, 11, 53, 54, 55, 56, 57, 58, 59, 60, 61, 63, 72, 73, 173, 174, 175, 176, 178, 179, 180, 181, 182, 183, 188, 189, 192, 193, 201, 203, 207, 252, 253, 254, 255, 382, 383, 384, 385, 386, 387, 388, 392, 393, 397, 399, 451, 452, 453, 454, 455, 456, 457, 458, 459, 460, 477, 478, 479, 480, 481, 482, 483, 484, 621, 622, 663, 664, 665, 666, 667, 668, 669, 670, 671, 680, 681, 682, 683, 684, 685, 686, 687, 688, 689, 690, 691, 692, 737, 745, 767, 776, 782, 783, 784, 785, 787, 788, 789, 790, 791, 792, 793, 794, 795], [8, 17, 18, 20, 21, 22, 23, 24, 53, 54, 55, 72, 73, 75, 76, 77, 78, 79, 80, 84, 85, 87, 88, 89, 91, 92, 93, 94, 95, 105, 132, 147, 148, 163, 169, 173, 174, 175, 188, 192, 201, 203, 207, 210, 211, 213, 214, 215, 216, 217, 218, 219, 220, 221, 222, 226, 228, 229, 231, 232, 233, 235, 236, 237, 240, 242, 243, 247, 252, 260, 261, 262, 283, 290, 296, 300, 327, 328, 330, 331, 332, 333, 363, 373, 376, 377, 382, 383, 385, 386, 392, 393, 397, 399, 407, 408, 410, 411, 412, 413, 414, 415, 416, 417, 418, 419, 420, 421, 425, 426, 427, 429, 430, 432, 435, 436, 437, 438, 439, 440, 441, 446, 451, 452, 453, 468, 469, 473, 474, 477, 478, 479, 480, 496, 497, 498, 507, 510, 511, 512, 513, 519, 520, 535, 542, 568, 569, 571, 572, 604, 605, 609, 610, 612, 615, 617, 618, 619, 622, 632, 633, 635, 636, 637, 638, 640, 641, 642, 651, 652, 655, 657, 660, 662, 663, 664, 665, 666, 669, 676, 677, 679, 680, 681, 682, 683, 684, 707, 708, 709, 710, 713, 717, 718, 719, 720, 722, 727, 730, 732, 737, 738, 740, 743, 764, 766, 771, 773, 774, 775, 776, 782, 784, 787, 788, 789, 790, 794, 800, 801, 803, 804, 810], [2, 9, 17, 25, 26, 27, 28, 29, 30, 55, 56, 57, 58, 59, 60, 61, 75, 76, 77, 78, 79, 80, 96, 98, 99, 100, 101, 102, 106, 107, 108, 133, 134, 135, 149, 150, 151, 164, 174, 175, 176, 178, 179, 180, 181, 182, 183, 188, 189, 207, 210, 211, 213, 214, 215, 216, 217, 218, 219, 220, 221, 222, 228, 249, 250, 251, 253, 254, 255, 261, 262, 263, 264, 265, 266, 267, 268, 275, 276, 277, 300, 302, 303, 304, 305, 306, 327, 328, 336, 338, 339, 340, 341, 346, 347, 348, 364, 365, 370, 383, 384, 385, 386, 387, 388, 392, 393, 407, 408, 410, 411, 412, 413, 414, 415, 416, 417, 418, 419, 420, 421, 435, 438, 451, 452, 453, 454, 455, 456, 457, 458, 459, 460, 468, 469, 470, 471, 472, 473, 474, 475, 476, 480, 481, 482, 483, 484, 496, 497, 498, 499, 500, 501, 502, 503, 504, 505, 506, 535, 539, 540, 541, 542, 543, 544, 545, 568, 569, 575, 576, 577, 578, 582, 583, 584, 605, 606, 609, 610, 611, 619, 621, 622, 632, 633, 635, 636, 637, 638, 640, 641, 642, 655, 657, 663, 664, 665, 666, 667, 668, 669, 670, 671, 676, 677, 678, 679, 682, 683, 684, 685, 686, 687, 688, 689, 690, 691, 692, 707, 708, 709, 710, 711, 712, 713, 714, 715, 716, 727, 730, 732, 737, 738, 740, 745, 747, 751, 752, 764, 765, 766, 767, 768, 771, 773, 774, 775, 776, 782, 783, 784, 785, 788, 789, 790, 791, 792, 793, 794, 795, 800, 801, 802, 810], [3, 10, 18, 25, 32, 35, 38, 52, 56, 63, 72, 75, 84, 93, 96, 99, 105, 106, 107, 108, 111, 112, 113, 117, 118, 122, 127, 138, 142, 153, 167, 176, 180, 201, 207, 210, 211, 217, 226, 228, 229, 232, 237, 240, 247, 250, 252, 253, 254, 255, 260, 261, 262, 263, 264, 265, 266, 267, 268, 275, 276, 277, 279, 280, 281, 282, 283, 284, 285, 286, 287, 290, 291, 304, 313, 319, 330, 332, 336, 339, 342, 345, 349, 351, 353, 364, 374, 378, 387, 407, 408, 410, 411, 417, 420, 425, 429, 430, 436, 438, 439, 441, 451, 452, 453, 454, 455, 456, 457, 458, 459, 460, 468, 469, 470, 471, 472, 473, 474, 475, 476, 477, 478, 479, 480, 481, 482, 483, 484, 496, 497, 498, 499, 500, 501, 502, 503, 504, 505, 506, 507, 508, 509, 510, 511, 512, 513, 514, 515, 516, 517, 519, 520, 521, 543, 568, 571, 572, 575, 577, 578, 583, 585, 586, 587, 615, 620, 632, 633, 635, 636, 637, 651, 657, 660, 663, 664, 665, 666, 667, 668, 669, 670, 671, 676, 677, 678, 679, 680, 681, 682, 683, 684, 685, 686, 687, 688, 689, 690, 691, 692, 707, 708, 709, 710, 711, 712, 713, 714, 715, 716, 717, 718, 719, 720, 721, 722, 737, 738, 740, 743, 745, 747, 751, 754, 767, 768, 771, 773, 774, 782, 783, 784, 785, 787, 788, 789, 790, 791, 792, 793, 794, 795, 800, 801, 802, 803, 804], [4, 11, 26, 32, 37, 40, 45, 49, 57, 63, 73, 76, 87, 91, 94, 96, 98, 111, 112, 113, 122, 124, 125, 126, 133, 140, 143, 149, 157, 176, 178, 179, 188, 189, 192, 193, 201, 203, 211, 213, 214, 215, 216, 229, 231, 235, 240, 242, 249, 275, 276, 277, 279, 280, 281, 282, 283, 284, 285, 286, 287, 302, 303, 311, 312, 317, 336, 338, 342, 344, 346, 370, 372, 384, 392, 393, 397, 399, 410, 411, 412, 413, 414, 415, 416, 425, 426, 427, 430, 432, 435, 436, 437, 446, 477, 478, 479, 480, 481, 482, 483, 484, 496, 497, 498, 499, 500, 501, 502, 503, 504, 505, 506, 507, 508, 509, 510, 511, 512, 513, 514, 515, 516, 517, 539, 540, 541, 548, 555, 575, 576, 582, 587, 609, 610, 611, 622, 635, 636, 637, 638, 640, 641, 651, 652, 655, 662, 680, 681, 682, 683, 684, 685, 686, 687, 688, 689, 690, 691, 692, 707, 708, 709, 710, 711, 712, 713, 714, 715, 716, 717, 718, 719, 720, 721, 727, 730, 740, 743, 751, 752, 754, 764, 765, 768, 773, 774, 775, 776, 787, 788, 789, 790, 791, 792, 793, 794, 795, 800, 801, 802, 803, 804, 810], [5, 20, 27, 38, 39, 41, 46, 50, 58, 77, 84, 85, 88, 95, 99, 100, 127, 134, 138, 139, 147, 150, 153, 154, 155, 158, 164, 167, 168, 170, 180, 181, 182, 217, 218, 219, 220, 226, 232, 233, 243, 247, 250, 275, 279, 284, 304, 305, 306, 313, 327, 330, 331, 333, 339, 340, 341, 342, 344, 345, 347, 349, 350, 352, 353, 364, 365, 370, 373, 374, 375, 376, 378, 379, 385, 386, 387, 388, 407, 410, 412, 415, 417, 418, 419, 420, 425, 427, 429, 435, 436, 437, 439, 440, 458, 471, 481, 499, 504, 509, 510, 514, 540, 542, 543, 544, 545, 548, 568, 569, 571, 572, 575, 576, 577, 578, 583, 584, 585, 586, 587, 605, 606, 612, 614, 615, 617, 618, 619, 620, 621, 632, 635, 636, 638, 640, 642, 651, 652, 655, 657, 660, 668, 685, 686, 687, 711, 714, 717, 737, 738, 740, 743, 745, 747, 751, 752, 754, 766, 771, 773, 776, 784, 785, 790, 791, 792, 801, 802, 803, 810], [21, 28, 40, 41, 42, 43, 44, 53, 59, 78, 87, 88, 89, 101, 106, 111, 124, 132, 133, 134, 135, 138, 139, 140, 141, 142, 143, 155, 156, 169, 170, 171, 173, 174, 183, 189, 203, 213, 218, 221, 222, 228, 229, 231, 232, 233, 235, 236, 237, 243, 251, 253, 263, 264, 265, 276, 279, 280, 281, 285, 296, 300, 302, 303, 304, 305, 306, 311, 312, 313, 317, 319, 346, 347, 348, 349, 350, 351, 352, 376, 377, 378, 379, 380, 382, 383, 392, 399, 408, 412, 413, 416, 418, 420, 421, 425, 426, 427, 429, 430, 432, 438, 439, 440, 441, 451, 454, 455, 456, 469, 470, 471, 472, 475, 477, 482, 496, 499, 500, 501, 502, 507, 508, 509, 511, 514, 515, 516, 520, 521, 535, 539, 540, 541, 542, 543, 544, 545, 548, 555, 582, 583, 584, 585, 586, 604, 614, 615, 617, 618, 619, 620, 621, 622, 632, 633, 635, 637, 638, 640, 641, 642, 651, 652, 657, 660, 662, 663, 666, 667, 668, 670, 676, 677, 678, 680, 682, 685, 688, 689, 690, 707, 710, 711, 712, 715, 717, 718, 719, 721, 722, 727, 730, 732, 745, 747, 751, 752, 754, 765, 766, 767, 768, 771, 773, 774, 775, 776, 782, 783, 785, 787, 788, 791, 793, 795, 800, 802, 803, 804, 810], [22, 29, 42, 45, 46, 47, 48, 60, 79, 89, 91, 92, 101, 102, 107, 112, 117, 125, 140, 141, 147, 148, 149, 150, 151, 153, 154, 155, 156, 157, 158, 172, 173, 175, 178, 183, 192, 193, 214, 221, 235, 236, 240, 242, 243, 249, 251, 254, 260, 261, 263, 266, 267, 280, 282, 286, 291, 311, 317, 327, 328, 330, 331, 332, 333, 336, 338, 339, 340, 341, 342, 344, 345, 346, 347, 348, 349, 350, 351, 352, 353, 363, 372, 375, 377, 380, 382, 383, 384, 385, 388, 397, 399, 413, 414, 418, 419, 421, 426, 430, 432, 435, 436, 437, 438, 439, 440, 441, 446, 452, 454, 457, 459, 468, 470, 473, 475, 476, 478, 483, 497, 500, 503, 505, 508, 509, 512, 515, 517, 519, 521, 535, 539, 544, 548, 555, 568, 569, 571, 572, 575, 576, 577, 578, 582, 583, 584, 585, 586, 587, 604, 606, 609, 611, 612, 614, 617, 621, 633, 638, 641, 642, 651, 652, 655, 657, 660, 662, 663, 664, 667, 669, 670, 671, 676, 678, 679, 680, 681, 683, 686, 688, 691, 692, 707, 708, 712, 713, 714, 715, 716, 718, 720, 721, 722, 727, 732, 737, 738, 740, 743, 745, 747, 751, 752, 754, 764, 765, 766, 771, 773, 774, 775, 776, 782, 783, 784, 785, 787, 788, 789, 790, 791, 792, 793, 794, 795, 800, 801, 802, 803, 804, 810], [6, 23, 30, 35, 43, 47, 49, 50, 51, 61, 80, 93, 94, 95, 98, 108, 113, 117, 118, 126, 135, 142, 143, 148, 151, 156, 157, 158, 163, 164, 167, 168, 169, 170, 171, 172, 179, 181, 210, 215, 219, 222, 231, 237, 242, 247, 255, 264, 267, 268, 277, 283, 284, 285, 286, 287, 290, 291, 296, 302, 305, 312, 317, 319, 328, 332, 333, 338, 340, 344, 348, 351, 352, 353, 363, 364, 365, 370, 372, 373, 374, 375, 376, 377, 378, 379, 380, 407, 408, 411, 415, 416, 421, 427, 432, 437, 441, 446, 455, 458, 459, 460, 471, 472, 473, 474, 475, 476, 484, 501, 504, 505, 506, 510, 511, 512, 513, 514, 515, 516, 517, 519, 520, 521, 540, 541, 545, 548, 555, 569, 572, 576, 577, 582, 584, 586, 587, 604, 605, 606, 609, 610, 611, 612, 614, 615, 617, 618, 619, 620, 632, 633, 636, 637, 640, 641, 652, 655, 660, 662, 665, 668, 669, 670, 671, 677, 678, 679, 687, 689, 692, 709, 711, 713, 714, 715, 716, 717, 718, 719, 720, 721, 722, 730, 732, 738, 743, 747, 752, 754, 764, 765, 766, 767, 768, 771, 774, 775, 783, 784, 785, 792, 794, 795, 801, 802, 803, 804, 810], [7, 24, 37, 39, 44, 48, 51, 52, 54, 85, 92, 100, 102, 105, 118, 122, 124, 125, 126, 127, 132, 139, 141, 154, 163, 168, 171, 172, 182, 193, 216, 220, 226, 233, 236, 249, 250, 251, 252, 260, 262, 265, 266, 268, 281, 282, 287, 290, 291, 296, 300, 303, 306, 311, 312, 313, 319, 331, 341, 345, 350, 363, 365, 372, 373, 374, 375, 379, 380, 382, 384, 386, 387, 388, 393, 397, 414, 417, 419, 426, 429, 440, 446, 453, 456, 457, 460, 468, 469, 470, 472, 474, 476, 479, 498, 502, 503, 506, 507, 508, 513, 516, 517, 519, 520, 521, 535, 539, 541, 542, 543, 544, 545, 555, 571, 578, 585, 604, 605, 606, 610, 611, 612, 614, 618, 620, 621, 622, 642, 662, 664, 665, 666, 667, 671, 676, 677, 678, 679, 681, 684, 690, 691, 708, 709, 710, 712, 716, 719, 720, 721, 722, 727, 730, 732, 764, 765, 767, 768, 775, 782, 783, 787, 789, 793, 800, 804]!Vessel: FarSearcher
[1, 8, 9, 10, 11, 53, 54, 55, 56, 57, 58, 59, 60, 61, 63, 72, 73, 173, 174, 175, 176, 178, 179, 180, 181, 182, 183, 188, 189, 192, 193, 201, 203, 207, 252, 253, 254, 255, 382, 383, 384, 385, 388, 392, 393, 397, 399, 451, 452, 453, 454, 455, 456, 457, 458, 459, 460, 477, 478, 479, 480, 481, 482, 483, 484, 663, 664, 667, 669, 670, 671, 680, 681, 682, 683, 685, 686, 688, 689, 691, 692, 737, 745, 788, 794, 795], [8, 17, 18, 20, 21, 22, 23, 24, 53, 54, 55, 72, 73, 75, 76, 77, 78, 79, 80, 84, 85, 87, 88, 89, 91, 92, 93, 94, 95, 105, 132, 147, 148, 163, 169, 173, 174, 175, 188, 192, 201, 203, 207, 210, 211, 213, 214, 215, 216, 217, 218, 219, 220, 221, 222, 226, 228, 229, 231, 232, 233, 235, 236, 237, 240, 242, 243, 247, 252, 260, 261, 262, 283, 290, 296, 300, 327, 328, 330, 331, 332, 333, 363, 373, 376, 377, 382, 383, 385, 392, 393, 397, 399, 407, 408, 410, 411, 412, 413, 414, 415, 416, 418, 420, 421, 425, 426, 427, 430, 432, 435, 436, 437, 438, 439, 440, 441, 446, 451, 452, 453, 468, 469, 473, 474, 477, 478, 479, 480, 496, 497, 498, 507, 510, 511, 512, 513, 519, 520, 535, 568, 569, 572, 604, 609, 610, 615, 617, 619, 633, 637, 638, 641, 651, 652, 655, 657, 660, 662, 663, 664, 669, 676, 680, 681, 682, 683, 707, 708, 713, 718, 720, 722, 727, 732, 737, 738, 740, 743, 764, 766, 774, 788, 794], [2, 9, 17, 25, 26, 27, 28, 29, 30, 55, 56, 57, 58, 59, 60, 61, 75, 76, 77, 78, 79, 80, 96, 98, 99, 100, 101, 102, 106, 107, 108, 133, 134, 135, 149, 150, 151, 164, 174, 175, 176, 178, 179, 180, 181, 182, 183, 188, 189, 207, 210, 211, 213, 214, 215, 216, 217, 218, 219, 220, 221, 222, 228, 249, 250, 251, 253, 254, 255, 261, 262, 263, 264, 265, 266, 267, 268, 275, 276, 277, 300, 302, 303, 304, 305, 306, 327, 328, 336, 338, 339, 340, 341, 346, 347, 348, 364, 365, 370, 383, 384, 385, 388, 392, 393, 407, 408, 410, 411, 412, 413, 414, 415, 416, 418, 420, 421, 435, 438, 451, 452, 453, 454, 455, 456, 457, 458, 459, 460, 468, 469, 470, 471, 472, 473, 474, 475, 476, 480, 481, 482, 483, 484, 496, 497, 498, 499, 500, 501, 502, 503, 504, 505, 506, 535, 539, 540, 541, 544, 568, 569, 575, 576, 577, 582, 583, 584, 609, 610, 611, 619, 633, 637, 638, 641, 655, 657, 663, 664, 667, 669, 670, 671, 676, 678, 682, 683, 685, 686, 688, 689, 691, 692, 707, 708, 712, 713, 714, 715, 727, 732, 737, 738, 740, 745, 747, 751, 752, 764, 765, 766, 774, 788, 794, 795], [3, 10, 18, 25, 32, 35, 38, 52, 56, 63, 72, 75, 84, 93, 96, 99, 105, 106, 107, 108, 111, 112, 113, 117, 118, 122, 127, 138, 142, 153, 167, 176, 180, 201, 207, 210, 211, 217, 226, 228, 229, 232, 237, 240, 247, 250, 252, 253, 254, 255, 260, 261, 262, 263, 264, 265, 266, 267, 268, 275, 276, 277, 279, 280, 281, 282, 283, 284, 285, 286, 287, 290, 291, 304, 313, 319, 330, 332, 336, 339, 342, 345, 349, 351, 353, 364, 374, 378, 407, 408, 410, 411, 420, 425, 430, 436, 438, 439, 441, 451, 452, 453, 454, 455, 456, 457, 458, 459, 460, 468, 469, 470, 471, 472, 473, 474, 475, 476, 477, 478, 479, 480, 481, 482, 483, 484, 496, 497, 498, 499, 500, 501, 502, 503, 504, 505, 506, 507, 508, 509, 510, 511, 512, 513, 514, 515, 516, 517, 519, 520, 521, 568, 572, 575, 577, 583, 585, 586, 587, 615, 633, 637, 651, 657, 660, 663, 664, 667, 669, 670, 671, 676, 678, 680, 681, 682, 683, 685, 686, 688, 689, 691, 692, 707, 708, 712, 713, 714, 715, 718, 720, 721, 722, 737, 738, 740, 743, 745, 747, 751, 754, 774, 788, 794, 795], [4, 11, 26, 32, 37, 40, 45, 49, 57, 63, 73, 76, 87, 91, 94, 96, 98, 111, 112, 113, 122, 124, 125, 126, 133, 140, 143, 149, 157, 176, 178, 179, 188, 189, 192, 193, 201, 203, 211, 213, 214, 215, 216, 229, 231, 235, 240, 242, 249, 275, 276, 277, 279, 280, 281, 282, 283, 284, 285, 286, 287, 302, 303, 311, 312, 317, 336, 338, 342, 344, 346, 370, 372, 384, 392, 393, 397, 399, 410, 411, 412, 413, 414, 415, 416, 425, 426, 427, 430, 432, 435, 436, 437, 446, 477, 478, 479, 480, 481, 482, 483, 484, 496, 497, 498, 499, 500, 501, 502, 503, 504, 505, 506, 507, 508, 509, 510, 511, 512, 513, 514, 515, 516, 517, 539, 540, 541, 548, 555, 575, 576, 582, 587, 609, 610, 611, 637, 638, 641, 651, 652, 655, 662, 680, 681, 682, 683, 685, 686, 688, 689, 691, 692, 707, 708, 712, 713, 714, 715, 718, 720, 721, 727, 740, 743, 751, 752, 754, 764, 765, 774, 788, 794, 795], [5, 20, 27, 38, 39, 41, 46, 50, 58, 77, 84, 85, 88, 95, 99, 100, 127, 134, 138, 139, 147, 150, 153, 154, 155, 158, 164, 167, 168, 170, 180, 181, 182, 217, 218, 219, 220, 226, 232, 233, 243, 247, 250, 275, 279, 284, 304, 305, 306, 313, 327, 330, 331, 333, 339, 340, 341, 342, 344, 345, 347, 349, 350, 352, 353, 364, 365, 370, 373, 374, 375, 376, 378, 379, 385, 388, 407, 410, 412, 415, 418, 420, 425, 427, 435, 436, 437, 439, 440, 458, 471, 481, 499, 504, 509, 510, 514, 540, 544, 548, 568, 569, 572, 575, 576, 577, 583, 584, 585, 586, 587, 614, 615, 617, 619, 638, 651, 652, 655, 657, 660, 685, 686, 714, 737, 738, 740, 743, 745, 747, 751, 752, 754, 766], [21, 28, 40, 41, 42, 43, 44, 53, 59, 78, 87, 88, 89, 101, 106, 111, 124, 132, 133, 134, 135, 138, 139, 140, 141, 142, 143, 155, 156, 169, 170, 171, 173, 174, 183, 189, 203, 213, 218, 221, 222, 228, 229, 231, 232, 233, 235, 236, 237, 243, 251, 253, 263, 264, 265, 276, 279, 280, 281, 285, 296, 300, 302, 303, 304, 305, 306, 311, 312, 313, 317, 319, 346, 347, 348, 349, 350, 351, 352, 376, 377, 378, 379, 380, 382, 383, 392, 399, 408, 412, 413, 416, 418, 420, 421, 425, 426, 427, 430, 432, 438, 439, 440, 441, 451, 454, 455, 456, 469, 470, 471, 472, 475, 477, 482, 496, 499, 500, 501, 502, 507, 508, 509, 511, 514, 515, 516, 520, 521, 535, 539, 540, 541, 544, 548, 555, 582, 583, 584, 585, 586, 604, 614, 615, 617, 619, 633, 637, 638, 641, 651, 652, 657, 660, 662, 663, 667, 670, 676, 678, 680, 682, 685, 688, 689, 707, 712, 715, 718, 721, 722, 727, 732, 745, 747, 751, 752, 754, 765, 766, 774, 788, 795], [22, 29, 42, 45, 46, 47, 48, 60, 79, 89, 91, 92, 101, 102, 107, 112, 117, 125, 140, 141, 147, 148, 149, 150, 151, 153, 154, 155, 156, 157, 158, 172, 173, 175, 178, 183, 192, 193, 214, 221, 235, 236, 240, 242, 243, 249, 251, 254, 260, 261, 263, 266, 267, 280, 282, 286, 291, 311, 317, 327, 328, 330, 331, 332, 333, 336, 338, 339, 340, 341, 342, 344, 345, 346, 347, 348, 349, 350, 351, 352, 353, 363, 372, 375, 377, 380, 382, 383, 384, 385, 388, 397, 399, 413, 414, 418, 421, 426, 430, 432, 435, 436, 437, 438, 439, 440, 441, 446, 452, 454, 457, 459, 468, 470, 473, 475, 476, 478, 483, 497, 500, 503, 505, 508, 509, 512, 515, 517, 519, 521, 535, 539, 544, 548, 555, 568, 569, 572, 575, 576, 577, 582, 583, 584, 585, 586, 587, 604, 609, 611, 614, 617, 633, 638, 641, 651, 652, 655, 657, 660, 662, 663, 664, 667, 669, 670, 671, 676, 678, 680, 681, 683, 686, 688, 691, 692, 707, 708, 712, 713, 714, 715, 718, 720, 721, 722, 727, 732, 737, 738, 740, 743, 745, 747, 751, 752, 754, 764, 765, 766, 774, 788, 794, 795], [6, 23, 30, 35, 43, 47, 49, 50, 51, 61, 80, 93, 94, 95, 98, 108, 113, 117, 118, 126, 135, 142, 143, 148, 151, 156, 157, 158, 163, 164, 167, 168, 169, 170, 171, 172, 179, 181, 210, 215, 219, 222, 231, 237, 242, 247, 255, 264, 267, 268, 277, 283, 284, 285, 286, 287, 290, 291, 296, 302, 305, 312, 317, 319, 328, 332, 333, 338, 340, 344, 348, 351, 352, 353, 363, 364, 365, 370, 372, 373, 374, 375, 376, 377, 378, 379, 380, 407, 408, 411, 415, 416, 421, 427, 432, 437, 441, 446, 455, 458, 459, 460, 471, 472, 473, 474, 475, 476, 484, 501, 504, 505, 506, 510, 511, 512, 513, 514, 515, 516, 517, 519, 520, 521, 540, 541, 548, 555, 569, 572, 576, 577, 582, 584, 586, 587, 604, 609, 610, 611, 614, 615, 617, 619, 633, 637, 641, 652, 655, 660, 662, 669, 670, 671, 678, 689, 692, 713, 714, 715, 718, 720, 721, 722, 732, 738, 743, 747, 752, 754, 764, 765, 766, 774, 794, 795], [7, 24, 37, 39, 44, 48, 51, 52, 54, 85, 92, 100, 102, 105, 118, 122, 124, 125, 126, 127, 132, 139, 141, 154, 163, 168, 171, 172, 182, 193, 216, 220, 226, 233, 236, 249, 250, 251, 252, 260, 262, 265, 266, 268, 281, 282, 287, 290, 291, 296, 300, 303, 306, 311, 312, 313, 319, 331, 341, 345, 350, 363, 365, 372, 373, 374, 375, 379, 380, 382, 384, 388, 393, 397, 414, 426, 440, 446, 453, 456, 457, 460, 468, 469, 470, 472, 474, 476, 479, 498, 502, 503, 506, 507, 508, 513, 516, 517, 519, 520, 521, 535, 539, 541, 544, 555, 585, 604, 610, 611, 614, 662, 664, 667, 671, 676, 678, 681, 691, 708, 712, 720, 721, 722, 727, 732, 764, 765]!Vessel: FarSymphony
[1, 8, 9, 10, 11, 53, 54, 55, 56, 57, 58, 59, 60, 61, 63, 72, 73, 173, 174, 175, 176, 178, 179, 180, 181, 182, 183, 188, 189, 192, 193, 201, 203, 207, 252, 253, 254, 255, 382, 383, 384, 385, 388, 392, 393, 397, 399, 451, 452, 453, 454, 455, 456, 457, 458, 459, 460, 477, 478, 479, 480, 481, 482, 483, 484, 622, 663, 664, 666, 667, 668, 669, 670, 671, 680, 681, 682, 683, 684, 685, 686, 687, 688, 689, 690, 691, 692, 737, 745, 767, 776, 787, 788, 791, 794, 795], [8, 17, 18, 20, 21, 22, 23, 24, 53, 54, 55, 72, 73, 75, 76, 77, 78, 79, 80, 84, 85, 87, 88, 89, 91, 92, 93, 94, 95, 105, 132, 147, 148, 163, 169, 173, 174, 175, 188, 192, 201, 203, 207, 210, 211, 213, 214, 215, 216, 217, 218, 219, 220, 221, 222, 226, 228, 229, 231, 232, 233, 235, 236, 237, 240, 242, 243, 247, 252, 260, 261, 262, 283, 290, 296, 300, 327, 328, 330, 331, 332, 333, 363, 373, 376, 377, 382, 383, 385, 392, 393, 397, 399, 407, 408, 410, 411, 412, 413, 414, 415, 416, 418, 419, 420, 421, 425, 426, 427, 429, 430, 432, 435, 436, 437, 438, 439, 440, 441, 446, 451, 452, 453, 468, 469, 473, 474, 477, 478, 479, 480, 496, 497, 498, 507, 510, 511, 512, 513, 519, 520, 535, 542, 568, 569, 571, 572, 604, 609, 610, 612, 615, 617, 618, 619, 622, 632, 633, 635, 636, 637, 638, 640, 641, 651, 652, 655, 657, 660, 662, 663, 664, 666, 669, 676, 679, 680, 681, 682, 683, 684, 707, 708, 710, 713, 717, 718, 719, 720, 722, 727, 730, 732, 737, 738, 740, 743, 764, 766, 773, 774, 776, 787, 788, 794, 803, 810], [2, 9, 17, 25, 26, 27, 28, 29, 30, 55, 56, 57, 58, 59, 60, 61, 75, 76, 77, 78, 79, 80, 96, 98, 99, 100, 101, 102, 106, 107, 108, 133, 134, 135, 149, 150, 151, 164, 174, 175, 176, 178, 179, 180, 181, 182, 183, 188, 189, 207, 210, 211, 213, 214, 215, 216, 217, 218, 219, 220, 221, 222, 228, 249, 250, 251, 253, 254, 255, 261, 262, 263, 264, 265, 266, 267, 268, 275, 276, 277, 300, 302, 303, 304, 305, 306, 327, 328, 336, 338, 339, 340, 341, 346, 347, 348, 364, 365, 370, 383, 384, 385, 388, 392, 393, 407, 408, 410, 411, 412, 413, 414, 415, 416, 418, 419, 420, 421, 435, 438, 451, 452, 453, 454, 455, 456, 457, 458, 459, 460, 468, 469, 470, 471, 472, 473, 474, 475, 476, 480, 481, 482, 483, 484, 496, 497, 498, 499, 500, 501, 502, 503, 504, 505, 506, 535, 539, 540, 541, 542, 544, 568, 569, 575, 576, 577, 578, 582, 583, 584, 606, 609, 610, 611, 619, 622, 632, 633, 635, 636, 637, 638, 640, 641, 655, 657, 663, 664, 666, 667, 668, 669, 670, 671, 676, 678, 679, 682, 683, 684, 685, 686, 687, 688, 689, 690, 691, 692, 707, 708, 710, 711, 712, 713, 714, 715, 716, 727, 730, 732, 737, 738, 740, 745, 747, 751, 752, 764, 765, 766, 767, 768, 773, 774, 776, 788, 791, 794, 795, 810], [3, 10, 18, 25, 32, 35, 38, 52, 56, 63, 72, 75, 84, 93, 96, 99, 105, 106, 107, 108, 111, 112, 113, 117, 118, 122, 127, 138, 142, 153, 167, 176, 180, 201, 207, 210, 211, 217, 226, 228, 229, 232, 237, 240, 247, 250, 252, 253, 254, 255, 260, 261, 262, 263, 264, 265, 266, 267, 268, 275, 276, 277, 279, 280, 281, 282, 283, 284, 285, 286, 287, 290, 291, 304, 313, 319, 330, 332, 336, 339, 342, 345, 349, 351, 353, 364, 374, 378, 407, 408, 410, 411, 420, 425, 429, 430, 436, 438, 439, 441, 451, 452, 453, 454, 455, 456, 457, 458, 459, 460, 468, 469, 470, 471, 472, 473, 474, 475, 476, 477, 478, 479, 480, 481, 482, 483, 484, 496, 497, 498, 499, 500, 501, 502, 503, 504, 505, 506, 507, 508, 509, 510, 511, 512, 513, 514, 515, 516, 517, 519, 520, 521, 568, 571, 572, 575, 577, 578, 583, 585, 586, 587, 615, 632, 633, 635, 636, 637, 651, 657, 660, 663, 664, 666, 667, 668, 669, 670, 671, 676, 678, 679, 680, 681, 682, 683, 684, 685, 686, 687, 688, 689, 690, 691, 692, 707, 708, 710, 711, 712, 713, 714, 715, 716, 717, 718, 719, 720, 721, 722, 737, 738, 740, 743, 745, 747, 751, 754, 767, 768, 773, 774, 787, 788, 791, 794, 795, 803], [4, 11, 26, 32, 37, 40, 45, 49, 57, 63, 73, 76, 87, 91, 94, 96, 98, 111, 112, 113, 122, 124, 125, 126, 133, 140, 143, 149, 157, 176, 178, 179, 188, 189, 192, 193, 201, 203, 211, 213, 214, 215, 216, 229, 231, 235, 240, 242, 249, 275, 276, 277, 279, 280, 281, 282, 283, 284, 285, 286, 287, 302, 303, 311, 312, 317, 336, 338, 342, 344, 346, 370, 372, 384, 392, 393, 397, 399, 410, 411, 412, 413, 414, 415, 416, 425, 426, 427, 430, 432, 435, 436, 437, 446, 477, 478, 479, 480, 481, 482, 483, 484, 496, 497, 498, 499, 500, 501, 502, 503, 504, 505, 506, 507, 508, 509, 510, 511, 512, 513, 514, 515, 516, 517, 539, 540, 541, 548, 555, 575, 576, 582, 587, 609, 610, 611, 622, 635, 636, 637, 638, 640, 641, 651, 652, 655, 662, 680, 681, 682, 683, 684, 685, 686, 687, 688, 689, 690, 691, 692, 707, 708, 710, 711, 712, 713, 714, 715, 716, 717, 718, 719, 720, 721, 727, 730, 740, 743, 751, 752, 754, 764, 765, 768, 773, 774, 776, 787, 788, 791, 794, 795, 803, 810], [5, 20, 27, 38, 39, 41, 46, 50, 58, 77, 84, 85, 88, 95, 99, 100, 127, 134, 138, 139, 147, 150, 153, 154, 155, 158, 164, 167, 168, 170, 180, 181, 182, 217, 218, 219, 220, 226, 232, 233, 243, 247, 250, 275, 279, 284, 304, 305, 306, 313, 327, 330, 331, 333, 339, 340, 341, 342, 344, 345, 347, 349, 350, 352, 353, 364, 365, 370, 373, 374, 375, 376, 378, 379, 385, 388, 407, 410, 412, 415, 418, 419, 420, 425, 427, 429, 435, 436, 437, 439, 440, 458, 471, 481, 499, 504, 509, 510, 514, 540, 542, 544, 548, 568, 569, 571, 572, 575, 576, 577, 578, 583, 584, 585, 586, 587, 606, 612, 614, 615, 617, 618, 619, 632, 635, 636, 638, 640, 651, 652, 655, 657, 660, 668, 685, 686, 687, 711, 714, 717, 737, 738, 740, 743, 745, 747, 751, 752, 754, 766, 773, 776, 791, 803, 810], [21, 28, 40, 41, 42, 43, 44, 53, 59, 78, 87, 88, 89, 101, 106, 111, 124, 132, 133, 134, 135, 138, 139, 140, 141, 142, 143, 155, 156, 169, 170, 171, 173, 174, 183, 189, 203, 213, 218, 221, 222, 228, 229, 231, 232, 233, 235, 236, 237, 243, 251, 253, 263, 264, 265, 276, 279, 280, 281, 285, 296, 300, 302, 303, 304, 305, 306, 311, 312, 313, 317, 319, 346, 347, 348, 349, 350, 351, 352, 376, 377, 378, 379, 380, 382, 383, 392, 399, 408, 412, 413, 416, 418, 420, 421, 425, 426, 427, 429, 430, 432, 438, 439, 440, 441, 451, 454, 455, 456, 469, 470, 471, 472, 475, 477, 482, 496, 499, 500, 501, 502, 507, 508, 509, 511, 514, 515, 516, 520, 521, 535, 539, 540, 541, 542, 544, 548, 555, 582, 583, 584, 585, 586, 604, 614, 615, 617, 618, 619, 622, 632, 633, 635, 637, 638, 640, 641, 651, 652, 657, 660, 662, 663, 666, 667, 668, 670, 676, 678, 680, 682, 685, 688, 689, 690, 707, 710, 711, 712, 715, 717, 718, 719, 721, 722, 727, 730, 732, 745, 747, 751, 752, 754, 765, 766, 767, 768, 773, 774, 776, 787, 788, 791, 795, 803, 810], [22, 29, 42, 45, 46, 47, 48, 60, 79, 89, 91, 92, 101, 102, 107, 112, 117, 125, 140, 141, 147, 148, 149, 150, 151, 153, 154, 155, 156, 157, 158, 172, 173, 175, 178, 183, 192, 193, 214, 221, 235, 236, 240, 242, 243, 249, 251, 254, 260, 261, 263, 266, 267, 280, 282, 286, 291, 311, 317, 327, 328, 330, 331, 332, 333, 336, 338, 339, 340, 341, 342, 344, 345, 346, 347, 348, 349, 350, 351, 352, 353, 363, 372, 375, 377, 380, 382, 383, 384, 385, 388, 397, 399, 413, 414, 418, 419, 421, 426, 430, 432, 435, 436, 437, 438, 439, 440, 441, 446, 452, 454, 457, 459, 468, 470, 473, 475, 476, 478, 483, 497, 500, 503, 505, 508, 509, 512, 515, 517, 519, 521, 535, 539, 544, 548, 555, 568, 569, 571, 572, 575, 576, 577, 578, 582, 583, 584, 585, 586, 587, 604, 606, 609, 611, 612, 614, 617, 633, 638, 641, 651, 652, 655, 657, 660, 662, 663, 664, 667, 669, 670, 671, 676, 678, 679, 680, 681, 683, 686, 688, 691, 692, 707, 708, 712, 713, 714, 715, 716, 718, 720, 721, 722, 727, 732, 737, 738, 740, 743, 745, 747, 751, 752, 754, 764, 765, 766, 773, 774, 776, 787, 788, 791, 794, 795, 803, 810], [6, 23, 30, 35, 43, 47, 49, 50, 51, 61, 80, 93, 94, 95, 98, 108, 113, 117, 118, 126, 135, 142, 143, 148, 151, 156, 157, 158, 163, 164, 167, 168, 169, 170, 171, 172, 179, 181, 210, 215, 219, 222, 231, 237, 242, 247, 255, 264, 267, 268, 277, 283, 284, 285, 286, 287, 290, 291, 296, 302, 305, 312, 317, 319, 328, 332, 333, 338, 340, 344, 348, 351, 352, 353, 363, 364, 365, 370, 372, 373, 374, 375, 376, 377, 378, 379, 380, 407, 408, 411, 415, 416, 421, 427, 432, 437, 441, 446, 455, 458, 459, 460, 471, 472, 473, 474, 475, 476, 484, 501, 504, 505, 506, 510, 511, 512, 513, 514, 515, 516, 517, 519, 520, 521, 540, 541, 548, 555, 569, 572, 576, 577, 582, 584, 586, 587, 604, 606, 609, 610, 611, 612, 614, 615, 617, 618, 619, 632, 633, 636, 637, 640, 641, 652, 655, 660, 662, 668, 669, 670, 671, 678, 679, 687, 689, 692, 711, 713, 714, 715, 716, 717, 718, 719, 720, 721, 722, 730, 732, 738, 743, 747, 752, 754, 764, 765, 766, 767, 768, 774, 794, 795, 803, 810], [7, 24, 37, 39, 44, 48, 51, 52, 54, 85, 92, 100, 102, 105, 118, 122, 124, 125, 126, 127, 132, 139, 141, 154, 163, 168, 171, 172, 182, 193, 216, 220, 226, 233, 236, 249, 250, 251, 252, 260, 262, 265, 266, 268, 281, 282, 287, 290, 291, 296, 300, 303, 306, 311, 312, 313, 319, 331, 341, 345, 350, 363, 365, 372, 373, 374, 375, 379, 380, 382, 384, 388, 393, 397, 414, 419, 426, 429, 440, 446, 453, 456, 457, 460, 468, 469, 470, 472, 474, 476, 479, 498, 502, 503, 506, 507, 508, 513, 516, 517, 519, 520, 521, 535, 539, 541, 542, 544, 555, 571, 578, 585, 604, 606, 610, 611, 612, 614, 618, 622, 662, 664, 666, 667, 671, 676, 678, 679, 681, 684, 690, 691, 708, 710, 712, 716, 719, 720, 721, 722, 727, 730, 732, 764, 765, 767, 768, 787]!Vessel: HavilaForesight
[1, 8, 9, 10, 11, 53, 54, 55, 56, 57, 58, 59, 60, 61, 63, 72, 73, 173, 174, 175, 176, 178, 179, 180, 181, 183, 188, 189, 192, 193, 201, 203, 207, 252, 253, 254, 255, 382, 383, 384, 385, 392, 393, 397, 399, 451, 452, 454, 455, 456, 457, 458, 459, 477, 478, 479, 480, 481, 482, 483, 484, 663, 669, 670, 680, 682, 683, 688, 689, 692, 745, 788, 795], [8, 17, 18, 20, 21, 22, 23, 24, 53, 54, 55, 72, 73, 75, 76, 77, 78, 79, 80, 84, 85, 87, 88, 89, 91, 92, 93, 94, 95, 105, 132, 147, 148, 163, 169, 173, 174, 175, 188, 192, 201, 203, 207, 210, 211, 213, 214, 215, 216, 217, 218, 219, 221, 222, 228, 229, 231, 232, 233, 235, 236, 237, 240, 242, 243, 247, 252, 260, 261, 262, 283, 290, 296, 300, 327, 328, 330, 331, 332, 333, 363, 376, 377, 382, 383, 385, 392, 393, 397, 399, 408, 410, 411, 412, 413, 414, 415, 416, 418, 420, 421, 425, 426, 427, 430, 432, 435, 436, 437, 438, 439, 441, 446, 451, 452, 468, 469, 473, 477, 478, 479, 480, 496, 497, 507, 510, 511, 512, 519, 535, 568, 569, 572, 604, 609, 615, 617, 619, 633, 637, 638, 641, 651, 652, 663, 669, 680, 682, 683, 707, 713, 718, 774, 788], [2, 9, 17, 25, 26, 27, 28, 29, 30, 55, 56, 57, 58, 59, 60, 61, 75, 76, 77, 78, 79, 80, 96, 98, 99, 100, 101, 102, 106, 107, 108, 133, 134, 135, 149, 150, 151, 164, 174, 175, 176, 178, 179, 180, 181, 183, 188, 189, 207, 210, 211, 213, 214, 215, 216, 217, 218, 219, 221, 222, 228, 249, 251, 253, 254, 255, 261, 262, 263, 264, 265, 266, 267, 268, 275, 276, 277, 300, 302, 303, 304, 305, 306, 327, 328, 336, 338, 339, 340, 341, 346, 347, 348, 364, 370, 383, 384, 385, 392, 393, 408, 410, 411, 412, 413, 414, 415, 416, 418, 420, 421, 435, 438, 451, 452, 454, 455, 456, 457, 458, 459, 468, 469, 470, 471, 473, 475, 476, 480, 481, 482, 483, 484, 496, 497, 499, 500, 501, 502, 503, 504, 505, 535, 539, 540, 541, 568, 569, 575, 576, 577, 582, 583, 584, 609, 611, 619, 633, 637, 638, 641, 663, 669, 670, 682, 683, 688, 689, 692, 707, 713, 715, 745, 751, 774, 788, 795], [3, 10, 18, 25, 32, 35, 38, 52, 56, 63, 72, 75, 84, 93, 96, 99, 105, 106, 107, 108, 111, 112, 113, 117, 118, 122, 127, 138, 142, 153, 167, 176, 180, 201, 207, 210, 211, 217, 228, 229, 232, 237, 240, 247, 252, 253, 254, 255, 260, 261, 262, 263, 264, 265, 266, 267, 268, 275, 276, 277, 279, 280, 281, 282, 283, 284, 285, 286, 287, 290, 291, 304, 319, 330, 332, 336, 339, 342, 345, 349, 351, 353, 364, 378, 408, 410, 411, 420, 425, 430, 436, 438, 439, 441, 451, 452, 454, 455, 456, 457, 458, 459, 468, 469, 470, 471, 473, 475, 476, 477, 478, 479, 480, 481, 482, 483, 484, 496, 497, 499, 500, 501, 502, 503, 504, 505, 507, 508, 509, 510, 511, 512, 514, 515, 516, 517, 519, 521, 568, 572, 575, 577, 583, 586, 587, 615, 633, 637, 651, 663, 669, 670, 680, 682, 683, 688, 689, 692, 707, 713, 715, 718, 745, 751, 774, 788, 795], [4, 11, 26, 32, 37, 40, 45, 49, 57, 63, 73, 76, 87, 91, 94, 96, 98, 111, 112, 113, 122, 124, 125, 126, 133, 140, 143, 149, 157, 176, 178, 179, 188, 189, 192, 193, 201, 203, 211, 213, 214, 215, 216, 229, 231, 235, 240, 242, 249, 275, 276, 277, 279, 280, 281, 282, 283, 284, 285, 286, 287, 302, 303, 311, 312, 317, 336, 338, 342, 344, 346, 370, 372, 384, 392, 393, 397, 399, 410, 411, 412, 413, 414, 415, 416, 425, 426, 427, 430, 432, 435, 436, 437, 446, 477, 478, 479, 480, 481, 482, 483, 484, 496, 497, 499, 500, 501, 502, 503, 504, 505, 507, 508, 509, 510, 511, 512, 514, 515, 516, 517, 539, 540, 541, 548, 555, 575, 576, 582, 587, 609, 611, 637, 638, 641, 651, 652, 680, 682, 683, 688, 689, 692, 707, 713, 715, 718, 751, 774, 788, 795], [5, 20, 27, 38, 39, 41, 46, 50, 58, 77, 84, 85, 88, 95, 99, 100, 127, 134, 138, 139, 147, 150, 153, 154, 155, 158, 164, 167, 168, 170, 180, 181, 217, 218, 219, 232, 233, 243, 247, 275, 279, 284, 304, 305, 306, 327, 330, 331, 333, 339, 340, 341, 342, 344, 345, 347, 349, 350, 352, 353, 364, 370, 375, 376, 378, 385, 410, 412, 415, 418, 420, 425, 427, 435, 436, 437, 439, 458, 471, 481, 499, 504, 509, 510, 514, 540, 548, 568, 569, 572, 575, 576, 577, 583, 584, 586, 587, 615, 617, 619, 638, 651, 652, 745, 751], [21, 28, 40, 41, 42, 43, 44, 53, 59, 78, 87, 88, 89, 101, 106, 111, 124, 132, 133, 134, 135, 138, 139, 140, 141, 142, 143, 155, 156, 169, 170, 171, 173, 174, 183, 189, 203, 213, 218, 221, 222, 228, 229, 231, 232, 233, 235, 236, 237, 243, 251, 253, 263, 264, 265, 276, 279, 280, 281, 285, 296, 300, 302, 303, 304, 305, 306, 311, 312, 317, 319, 346, 347, 348, 349, 350, 351, 352, 376, 377, 378, 380, 382, 383, 392, 399, 408, 412, 413, 416, 418, 420, 421, 425, 426, 427, 430, 432, 438, 439, 441, 451, 454, 455, 456, 469, 470, 471, 475, 477, 482, 496, 499, 500, 501, 502, 507, 508, 509, 511, 514, 515, 516, 521, 535, 539, 540, 541, 548, 555, 582, 583, 584, 586, 604, 615, 617, 619, 633, 637, 638, 641, 651, 652, 663, 670, 680, 682, 688, 689, 707, 715, 718, 745, 751, 774, 788, 795], [22, 29, 42, 45, 46, 47, 48, 60, 79, 89, 91, 92, 101, 102, 107, 112, 117, 125, 140, 141, 147, 148, 149, 150, 151, 153, 154, 155, 156, 157, 158, 172, 173, 175, 178, 183, 192, 193, 214, 221, 235, 236, 240, 242, 243, 249, 251, 254, 260, 261, 263, 266, 267, 280, 282, 286, 291, 311, 317, 327, 328, 330, 331, 332, 333, 336, 338, 339, 340, 341, 342, 344, 345, 346, 347, 348, 349, 350, 351, 352, 353, 363, 372, 375, 377, 380, 382, 383, 384, 385, 397, 399, 413, 414, 418, 421, 426, 430, 432, 435, 436, 437, 438, 439, 441, 446, 452, 454, 457, 459, 468, 470, 473, 475, 476, 478, 483, 497, 500, 503, 505, 508, 509, 512, 515, 517, 519, 521, 535, 539, 548, 555, 568, 569, 572, 575, 576, 577, 582, 583, 584, 586, 587, 604, 609, 611, 617, 633, 638, 641, 651, 652, 663, 669, 670, 680, 683, 688, 692, 707, 713, 715, 718, 745, 751, 774, 788, 795], [6, 23, 30, 35, 43, 47, 49, 50, 51, 61, 80, 93, 94, 95, 98, 108, 113, 117, 118, 126, 135, 142, 143, 148, 151, 156, 157, 158, 163, 164, 167, 168, 169, 170, 171, 172, 179, 181, 210, 215, 219, 222, 231, 237, 242, 247, 255, 264, 267, 268, 277, 283, 284, 285, 286, 287, 290, 291, 296, 302, 305, 312, 317, 319, 328, 332, 333, 338, 340, 344, 348, 351, 352, 353, 363, 364, 370, 372, 375, 376, 377, 378, 380, 408, 411, 415, 416, 421, 427, 432, 437, 441, 446, 455, 458, 459, 471, 473, 475, 476, 484, 501, 504, 505, 510, 511, 512, 514, 515, 516, 517, 519, 521, 540, 541, 548, 555, 569, 572, 576, 577, 582, 584, 586, 587, 604, 609, 611, 615, 617, 619, 633, 637, 641, 652, 669, 670, 689, 692, 713, 715, 718, 774, 795], [7, 24, 37, 39, 44, 48, 51, 52, 54, 85, 92, 100, 102, 105, 118, 122, 124, 125, 126, 127, 132, 139, 141, 154, 163, 168, 171, 172, 193, 216, 233, 236, 249, 251, 252, 260, 262, 265, 266, 268, 281, 282, 287, 290, 291, 296, 300, 303, 306, 311, 312, 319, 331, 341, 345, 350, 363, 372, 375, 380, 382, 384, 393, 397, 414, 426, 446, 456, 457, 468, 469, 470, 476, 479, 502, 503, 507, 508, 516, 517, 519, 521, 535, 539, 541, 555, 604, 611]!Vessel: FarStar
] 

Rvl : [
!l : 2, 3
[1, 2, 3, 4, 5, 6, 7, 8, 9, 10, 11, 17, 18, 20, 21, 22, 23, 24, 25, 26, 27, 28, 29, 30, 32, 35, 40, 41, 42, 43, 44, 45, 46, 47, 48, 49, 50, 51, 53, 54, 55, 57, 58, 59, 60, 61, 72, 73, 75, 76, 77, 78, 79, 80, 87, 88, 89, 91, 92, 94, 95, 98, 101, 102, 106, 107, 111, 112, 132, 133, 134, 135, 140, 141, 143, 147, 148, 149, 150, 151, 155, 156, 157, 158, 163, 164, 169, 170, 171, 172, 173, 174, 175, 178, 181, 183, 188, 189, 192, 203, 213, 214, 218, 219, 221, 222, 235, 236, 243, 251, 296, 300, 305, 327, 328, 333, 340, 346, 347, 348, 352, 363, 376, 377, 380, 382, 383, 385, 418, 421, 535, 569, 584, 604, 617, 619], [37, 38, 39, 52, 56, 63, 84, 85, 93, 96, 99, 100, 105, 108, 113, 117, 118, 122, 124, 125, 126, 127, 138, 139, 142, 153, 154, 167, 168, 176, 179, 180, 182, 193, 201, 207, 210, 211, 215, 216, 217, 220, 226, 228, 229, 231, 232, 233, 237, 240, 242, 247, 249, 250, 252, 253, 254, 255, 260, 261, 262, 263, 264, 265, 266, 267, 268, 275, 276, 277, 279, 280, 281, 282, 283, 284, 285, 286, 287, 290, 291, 302, 303, 304, 306, 311, 312, 313, 317, 319, 330, 331, 332, 336, 338, 339, 341, 342, 344, 345, 349, 350, 351, 353, 364, 365, 370, 372, 373, 374, 375, 378, 379, 384, 386, 387, 388, 392, 393, 397, 399, 407, 408, 410, 411, 412, 413, 414, 415, 416, 417, 419, 420, 425, 426, 427, 429, 430, 432, 435, 436, 437, 438, 439, 440, 441, 446, 451, 452, 453, 454, 455, 456, 457, 458, 459, 460, 468, 469, 470, 471, 472, 473, 474, 475, 476, 477, 478, 479, 480, 481, 482, 483, 484, 496, 497, 498, 499, 500, 501, 502, 503, 504, 505, 506, 507, 508, 509, 510, 511, 512, 513, 514, 515, 516, 517, 519, 520, 521, 539, 540, 541, 542, 543, 544, 545, 548, 555, 568, 571, 572, 575, 576, 577, 578, 582, 583, 585, 586, 587, 605, 606, 609, 610, 611, 612, 614, 615, 618, 620, 621, 622, 632, 633, 635, 636, 637, 638, 640, 641, 642, 651, 652, 655, 657, 660, 662, 663, 664, 665, 666, 667, 668, 669, 670, 671, 676, 677, 678, 679, 680, 681, 682, 683, 684, 685, 686, 687, 688, 689, 690, 691, 692, 707, 708, 709, 710, 711, 712, 713, 714, 715, 716, 717, 718, 719, 720, 721, 722, 727, 730, 732, 737, 738, 740, 743, 745, 747, 751, 752, 754, 764, 765, 766, 767, 768, 771, 773, 774, 775, 776, 782, 783, 784, 785, 787, 788, 789, 790, 791, 792, 793, 794, 795, 800, 801, 802, 803, 804, 810]!Vessel: FarSeeker
[1, 2, 3, 4, 5, 6, 7, 8, 9, 10, 11, 17, 18, 20, 21, 22, 23, 24, 25, 26, 27, 28, 29, 30, 32, 35, 40, 41, 42, 43, 44, 45, 46, 47, 48, 49, 50, 51, 53, 54, 55, 57, 58, 59, 60, 61, 72, 73, 75, 76, 77, 78, 79, 80, 87, 88, 89, 91, 92, 94, 95, 98, 101, 102, 106, 107, 111, 112, 132, 133, 134, 135, 140, 141, 143, 147, 148, 149, 150, 151, 155, 156, 157, 158, 163, 164, 169, 170, 171, 172, 173, 174, 175, 178, 181, 183, 188, 189, 192, 203, 213, 214, 218, 219, 221, 222, 235, 236, 243, 251, 296, 300, 305, 327, 328, 333, 340, 346, 347, 348, 352, 363, 376, 377, 380, 382, 383, 385, 418, 421, 535, 569, 584, 604, 617, 619], [37, 38, 39, 52, 56, 63, 84, 85, 93, 96, 99, 100, 105, 108, 113, 117, 118, 122, 124, 125, 126, 127, 138, 139, 142, 153, 154, 167, 168, 176, 179, 180, 182, 193, 201, 207, 210, 211, 215, 216, 217, 220, 226, 228, 229, 231, 232, 233, 237, 240, 242, 247, 249, 250, 252, 253, 254, 255, 260, 261, 262, 263, 264, 265, 266, 267, 268, 275, 276, 277, 279, 280, 281, 282, 283, 284, 285, 286, 287, 290, 291, 302, 303, 304, 306, 311, 312, 313, 317, 319, 330, 331, 332, 336, 338, 339, 341, 342, 344, 345, 349, 350, 351, 353, 364, 365, 370, 372, 373, 374, 375, 378, 379, 384, 386, 387, 388, 392, 393, 397, 399, 407, 408, 410, 411, 412, 413, 414, 415, 416, 417, 419, 420, 425, 426, 427, 429, 430, 432, 435, 436, 437, 438, 439, 440, 441, 446, 451, 452, 453, 454, 455, 456, 457, 458, 459, 460, 468, 469, 470, 471, 472, 473, 474, 475, 476, 477, 478, 479, 480, 481, 482, 483, 484, 496, 497, 498, 499, 500, 501, 502, 503, 504, 505, 506, 507, 508, 509, 510, 511, 512, 513, 514, 515, 516, 517, 519, 520, 521, 539, 540, 541, 542, 543, 544, 545, 548, 555, 568, 571, 572, 575, 576, 577, 578, 582, 583, 585, 586, 587, 605, 606, 609, 610, 611, 612, 614, 615, 618, 620, 621, 622, 632, 633, 635, 636, 637, 638, 640, 641, 642, 651, 652, 655, 657, 660, 662, 663, 664, 665, 666, 667, 668, 669, 670, 671, 676, 677, 678, 679, 680, 681, 682, 683, 684, 685, 686, 687, 688, 689, 690, 691, 692, 707, 708, 709, 710, 711, 712, 713, 714, 715, 716, 717, 718, 719, 720, 721, 722, 727, 730, 732, 737, 738, 740, 743, 745, 747, 751, 752, 754, 764, 765, 766, 767, 768, 771, 773, 774, 775, 776, 782, 783, 784, 785, 787, 788, 789, 790, 791, 792, 793, 794, 795, 800, 801, 802, 803, 804, 810]!Vessel: FarSearcher
[1, 2, 3, 4, 5, 6, 7, 8, 9, 10, 11, 17, 18, 20, 21, 22, 23, 24, 25, 26, 27, 28, 29, 30, 32, 35, 40, 41, 42, 43, 44, 45, 46, 47, 48, 49, 50, 51, 53, 54, 55, 57, 58, 59, 60, 61, 72, 73, 75, 76, 77, 78, 79, 80, 87, 88, 89, 91, 92, 94, 95, 98, 101, 102, 106, 107, 111, 112, 132, 133, 134, 135, 140, 141, 143, 147, 148, 149, 150, 151, 155, 156, 157, 158, 163, 164, 169, 170, 171, 172, 173, 174, 175, 178, 181, 183, 188, 189, 192, 203, 213, 214, 218, 219, 221, 222, 235, 236, 243, 251, 296, 300, 305, 327, 328, 333, 340, 346, 347, 348, 352, 363, 376, 377, 380, 382, 383, 385, 418, 421, 535, 569, 584, 604, 617, 619], [37, 38, 39, 52, 56, 63, 84, 85, 93, 96, 99, 100, 105, 108, 113, 117, 118, 122, 124, 125, 126, 127, 138, 139, 142, 153, 154, 167, 168, 176, 179, 180, 182, 193, 201, 207, 210, 211, 215, 216, 217, 220, 226, 228, 229, 231, 232, 233, 237, 240, 242, 247, 249, 250, 252, 253, 254, 255, 260, 261, 262, 263, 264, 265, 266, 267, 268, 275, 276, 277, 279, 280, 281, 282, 283, 284, 285, 286, 287, 290, 291, 302, 303, 304, 306, 311, 312, 313, 317, 319, 330, 331, 332, 336, 338, 339, 341, 342, 344, 345, 349, 350, 351, 353, 364, 365, 370, 372, 373, 374, 375, 378, 379, 384, 388, 392, 393, 397, 399, 407, 408, 410, 411, 412, 413, 414, 415, 416, 420, 425, 426, 427, 430, 432, 435, 436, 437, 438, 439, 440, 441, 446, 451, 452, 453, 454, 455, 456, 457, 458, 459, 460, 468, 469, 470, 471, 472, 473, 474, 475, 476, 477, 478, 479, 480, 481, 482, 483, 484, 496, 497, 498, 499, 500, 501, 502, 503, 504, 505, 506, 507, 508, 509, 510, 511, 512, 513, 514, 515, 516, 517, 519, 520, 521, 539, 540, 541, 544, 548, 555, 568, 572, 575, 576, 577, 582, 583, 585, 586, 587, 609, 610, 611, 614, 615, 633, 637, 638, 641, 651, 652, 655, 657, 660, 662, 663, 664, 667, 669, 670, 671, 676, 678, 680, 681, 682, 683, 685, 686, 688, 689, 691, 692, 707, 708, 712, 713, 714, 715, 718, 720, 721, 722, 727, 732, 737, 738, 740, 743, 745, 747, 751, 752, 754, 764, 765, 766, 774, 788, 794, 795]!Vessel: FarSymphony
[1, 2, 3, 4, 5, 6, 7, 8, 9, 10, 11, 17, 18, 20, 21, 22, 23, 24, 25, 26, 27, 28, 29, 30, 32, 35, 40, 41, 42, 43, 44, 45, 46, 47, 48, 49, 50, 51, 53, 54, 55, 57, 58, 59, 60, 61, 72, 73, 75, 76, 77, 78, 79, 80, 87, 88, 89, 91, 92, 94, 95, 98, 101, 102, 106, 107, 111, 112, 132, 133, 134, 135, 140, 141, 143, 147, 148, 149, 150, 151, 155, 156, 157, 158, 163, 164, 169, 170, 171, 172, 173, 174, 175, 178, 181, 183, 188, 189, 192, 203, 213, 214, 218, 219, 221, 222, 235, 236, 243, 251, 296, 300, 305, 327, 328, 333, 340, 346, 347, 348, 352, 363, 376, 377, 380, 382, 383, 385, 418, 421, 535, 569, 584, 604, 617, 619], [37, 38, 39, 52, 56, 63, 84, 85, 93, 96, 99, 100, 105, 108, 113, 117, 118, 122, 124, 125, 126, 127, 138, 139, 142, 153, 154, 167, 168, 176, 179, 180, 182, 193, 201, 207, 210, 211, 215, 216, 217, 220, 226, 228, 229, 231, 232, 233, 237, 240, 242, 247, 249, 250, 252, 253, 254, 255, 260, 261, 262, 263, 264, 265, 266, 267, 268, 275, 276, 277, 279, 280, 281, 282, 283, 284, 285, 286, 287, 290, 291, 302, 303, 304, 306, 311, 312, 313, 317, 319, 330, 331, 332, 336, 338, 339, 341, 342, 344, 345, 349, 350, 351, 353, 364, 365, 370, 372, 373, 374, 375, 378, 379, 384, 388, 392, 393, 397, 399, 407, 408, 410, 411, 412, 413, 414, 415, 416, 419, 420, 425, 426, 427, 429, 430, 432, 435, 436, 437, 438, 439, 440, 441, 446, 451, 452, 453, 454, 455, 456, 457, 458, 459, 460, 468, 469, 470, 471, 472, 473, 474, 475, 476, 477, 478, 479, 480, 481, 482, 483, 484, 496, 497, 498, 499, 500, 501, 502, 503, 504, 505, 506, 507, 508, 509, 510, 511, 512, 513, 514, 515, 516, 517, 519, 520, 521, 539, 540, 541, 542, 544, 548, 555, 568, 571, 572, 575, 576, 577, 578, 582, 583, 585, 586, 587, 606, 609, 610, 611, 612, 614, 615, 618, 622, 632, 633, 635, 636, 637, 638, 640, 641, 651, 652, 655, 657, 660, 662, 663, 664, 666, 667, 668, 669, 670, 671, 676, 678, 679, 680, 681, 682, 683, 684, 685, 686, 687, 688, 689, 690, 691, 692, 707, 708, 710, 711, 712, 713, 714, 715, 716, 717, 718, 719, 720, 721, 722, 727, 730, 732, 737, 738, 740, 743, 745, 747, 751, 752, 754, 764, 765, 766, 767, 768, 773, 774, 776, 787, 788, 791, 794, 795, 803, 810]!Vessel: HavilaForesight
[1, 2, 3, 4, 5, 6, 7, 8, 9, 10, 11, 17, 18, 20, 21, 22, 23, 24, 25, 26, 27, 28, 29, 30, 32, 35, 40, 41, 42, 43, 44, 45, 46, 47, 48, 49, 50, 51, 53, 54, 55, 57, 58, 59, 60, 61, 72, 73, 75, 76, 77, 78, 79, 80, 87, 88, 89, 91, 92, 94, 95, 98, 101, 102, 106, 107, 111, 112, 132, 133, 134, 135, 140, 141, 143, 147, 148, 149, 150, 151, 155, 156, 157, 158, 163, 164, 169, 170, 171, 172, 173, 174, 175, 178, 181, 183, 188, 189, 192, 203, 213, 214, 218, 219, 221, 222, 235, 236, 243, 251, 296, 300, 305, 327, 328, 333, 340, 346, 347, 348, 352, 363, 376, 377, 380, 382, 383, 385, 418, 421, 535, 569, 584, 604, 617, 619], [37, 38, 39, 52, 56, 63, 84, 85, 93, 96, 99, 100, 105, 108, 113, 117, 118, 122, 124, 125, 126, 127, 138, 139, 142, 153, 154, 167, 168, 176, 179, 180, 193, 201, 207, 210, 211, 215, 216, 217, 228, 229, 231, 232, 233, 237, 240, 242, 247, 249, 252, 253, 254, 255, 260, 261, 262, 263, 264, 265, 266, 267, 268, 275, 276, 277, 279, 280, 281, 282, 283, 284, 285, 286, 287, 290, 291, 302, 303, 304, 306, 311, 312, 317, 319, 330, 331, 332, 336, 338, 339, 341, 342, 344, 345, 349, 350, 351, 353, 364, 370, 372, 375, 378, 384, 392, 393, 397, 399, 408, 410, 411, 412, 413, 414, 415, 416, 420, 425, 426, 427, 430, 432, 435, 436, 437, 438, 439, 441, 446, 451, 452, 454, 455, 456, 457, 458, 459, 468, 469, 470, 471, 473, 475, 476, 477, 478, 479, 480, 481, 482, 483, 484, 496, 497, 499, 500, 501, 502, 503, 504, 505, 507, 508, 509, 510, 511, 512, 514, 515, 516, 517, 519, 521, 539, 540, 541, 548, 555, 568, 572, 575, 576, 577, 582, 583, 586, 587, 609, 611, 615, 633, 637, 638, 641, 651, 652, 663, 669, 670, 680, 682, 683, 688, 689, 692, 707, 713, 715, 718, 745, 751, 774, 788, 795]!Vessel: FarStar
] 

minF : 1
maxF : 6
Nf : [
!f : 1, 2, 3, 4, 5, 6
[10], [5, 6], [], [], [2, 3, 4, 7], [1, 8, 9]
]

! Parameters
VoyageCost: [37970, 39085, 64838, 59991, 44841, 37570, 39448, 44429, 45544, 73722, 62814, 47265, 43726, 43120, 46453, 46720, 43120, 73722, 62814, 46053, 38879, 38273, 44029, 44296, 74837, 63929, 47265, 42418, 44235, 47568, 46720, 72716, 73019, 72413, 75746, 81805, 85502, 83017, 68535, 62414, 46053, 37570, 43326, 45508, 62414, 47265, 45144, 44296, 64838, 46053, 46720, 87320, 50186, 51156, 49580, 81296, 70389, 50392, 48877, 50695, 54028, 52271, 81599, 84629, 85441, 70959, 48877, 49580, 49847, 52913, 52210, 80181, 69274, 49277, 78872, 67965, 47968, 46453, 48271, 51604, 49847, 81599, 84629, 84229, 69747, 79478, 68571, 47265, 44029, 78872, 67965, 45508, 82205, 71298, 51301, 82714, 85744, 74837, 85441, 70959, 47568, 50962, 78872, 90349, 90349, 78169, 79987, 83320, 90349, 90895, 80896, 80290, 83623, 78169, 91561, 90349, 83320, 90349, 85502, 85502, 85502, 90349, 90955, 86714, 85502, 85502, 92167, 79478, 68571, 48574, 50453, 45605, 67262, 47265, 50901, 49144, 84229, 84229, 69747, 67262, 45508, 81502, 70595, 67965, 48477, 51604, 47265, 49180, 69080, 49083, 52719, 84229, 85441, 70959, 47265, 48477, 72413, 52416, 82205, 71298, 51301, 53179, 50756, 52416, 54294, 86047, 84229, 69747, 49786, 50598, 52477, 51871, 55337, 55337, 54731, 89174, 88471, 77963, 81296, 88568, 61299, 74085, 54028, 66002, 64693, 72873, 87926, 76848, 76146, 87926, 93779, 76848, 87926, 94591, 56912, 55603, 56306, 58670, 58064, 57361, 88059, 88471, 77454, 87453, 55034, 72970, 85332, 54428, 58064, 89780, 86750, 87259, 76146, 75540, 78872, 87926, 86144, 53725, 58876, 71661, 51604, 57361, 93319, 93779, 87926, 93379, 85938, 84629, 87356, 88471, 79478, 85441, 70959, 84629, 73722, 50756, 87962, 85332, 54428, 86750, 88471, 78872, 51301, 88665, 57761, 87259, 89477, 94894, 87926, 94591, 54294, 91561, 84629, 86447, 89780, 91561, 84629, 91561, 87962, 91561, 84023, 90349, 83320, 89077, 91561, 91561, 90895, 92470, 92107, 87356, 86750, 90083, 91561, 91561, 92107, 86047, 91198, 91561, 93319, 86047, 92773, 91561, 90083, 92107, 89380, 91198, 92773, 91561, 91561, 90349, 91561, 92773, 88471, 86750, 72267, 66208, 53725, 57361, 55603, 53179, 87259, 78169, 87926, 85441, 58173, 70959, 69747, 87926, 87926, 93379, 87926, 87926, 93379, 73722, 53725, 88471, 78169, 57058, 91561, 87259, 89780, 88471, 78872, 86653, 72170, 58876, 53119, 56755, 54997, 85441, 70959, 87356, 56452, 55543, 59179, 87865, 88471, 79987, 87259, 59991, 72776, 93319, 93379, 88471, 94591, 72413, 52416, 56052, 85441, 70959, 86653, 55749, 90592, 91561, 80181, 87259, 79478, 89477, 74994, 66911, 68632, 65602, 63178, 90592, 76109, 68026, 66717, 86714, 86714, 87259, 86714, 86714, 73782, 93379, 74897, 57058, 54937, 88774, 74291, 64899, 105499, 69335, 60487, 89137, 62002, 78121, 97718, 79236, 71152, 76909, 78024, 82605, 87926, 107510, 109231, 106201, 89137, 63820, 82605, 96603, 60184, 92604, 60184, 65335, 63820, 96239, 97051, 95536, 88471, 94022, 97657, 89683, 81296, 87926, 88471, 84629, 95294, 58876, 76812, 91901, 62511, 95330, 89683, 89137, 94627, 89137, 89683, 91901, 94591, 92507, 89683, 84629, 94421, 89683, 89683, 94531, 89683, 89780, 89477, 74994, 93113, 104287, 63517, 95936, 88471, 87926, 113473, 108625, 110346, 107316, 91089, 90483, 92058, 89780, 95536, 93779, 93173, 97051, 97354, 98930, 92773, 92773, 91089, 92773, 93816, 95391, 93113, 91561, 91561, 91561, 96348, 98227, 94930, 96506, 94228, 97621, 93816, 93210, 94785, 93210, 94022, 92507, 94325, 97657, 95900, 94627, 92507, 96506, 93476, 96542, 97354, 95839, 97657, 99233, 93476, 92507, 91901, 93476, 93319, 91198, 96954, 95197, 94591, 98469, 98772, 100348, 94082, 92773, 94531, 97354, 95839, 95233, 96809, 96651, 94531, 98530, 97924, 92773, 94082, 94688, 93379, 89137, 76303, 95900, 77418, 72667, 73782, 104384, 91901, 64632, 77418, 69335, 68026, 76206, 65602, 88471, 87926, 87926, 87926, 88471, 87926, 74994, 94591, 76109, 78230, 89683, 91901, 89683, 104287, 95233, 97112, 88471, 87926, 87926, 87926, 97051, 81999, 89683, 81296, 86447, 94531, 85332, 89683, 84629, 76206, 95803, 63214, 91295, 64026, 91901, 94591, 94627, 93719, 66450, 95137, 89683, 98166, 96409, 58876, 62511, 88471, 83320, 90592, 63323, 94591, 93925, 98469, 96506, 85938, 87926, 85332, 88471, 84629, 88022, 87926, 62911, 77018, 78230, 98627, 62208, 78230, 72061, 71358, 68935, 77018, 78230, 73176, 72473, 84023, 86714, 87926, 77018, 98530, 77018, 95233, 78230, 62208, 77018, 64632, 97924, 79442, 89331, 112661, 111958, 79442, 100481, 103511, 65335, 71092, 68971, 101996, 102808, 100687, 104117, 99778, 104929, 103414, 90895, 92604, 91901, 89780, 78230, 111958, 98360, 90895, 93210, 99984, 90895, 91089, 90349, 99778, 91901, 77818, 90895, 93719, 92604, 97051, 95936, 68668, 100384, 101693, 91355, 96239, 97209, 112661, 97815, 96506, 102808, 101390, 100687, 111352, 97815, 99572, 100542, 99839, 96506, 111958, 110649, 108928, 98966, 99936, 98966, 98360, 99936, 99778, 101596, 104929, 97657, 103414, 101657, 101051, 105232, 116503, 100542, 99233, 99778, 103814, 102299, 101693, 103111, 104929, 100990, 112964, 114685, 111655, 99233, 97657, 98627, 114079, 99233, 104226, 97924, 102808, 106044, 102105, 112770, 103111, 100990, 112261, 109231, 110952, 99839, 101051, 110843, 78230, 74485, 89137, 91901, 93779, 91355, 91901, 77721, 87756, 89137, 93719, 92058, 97754, 102202, 70486, 99984, 99984, 101087, 102505, 104626, 97051, 69783, 101499, 89683, 89780, 89137, 98469, 90592, 100384, 101802, 78230, 78230, 91089, 90483, 92058, 93173, 92664, 91355, 78230, 90749, 90046, 69783, 114382, 115800, 79442, 107147, 107959, 109874, 104929, 108565, 96506, 95027, 103511, 76243, 103814, 96348, 106844, 110237, 117109, 108662, 107959, 113570, 112964, 104117, 112358, 105632, 104929, 112503, 114079, 109268, 108565, 107450, 108965, 108262, 117412, 111655, 110080, 109377, 108262, 114988, 94482, 97815, 97754, 96239, 97051, 97051, 104480, 96506, 115024]
VoyageDuration: [2, 2, 2, 2, 2, 2, 2, 2, 2, 2, 2, 2, 2, 2, 2, 2, 2, 2, 2, 2, 2, 2, 2, 2, 2, 2, 2, 2, 2, 2, 2, 2, 2, 2, 2, 3, 3, 3, 3, 2, 2, 2, 2, 2, 2, 2, 2, 2, 2, 2, 2, 3, 2, 2, 2, 3, 2, 2, 2, 2, 2, 2, 3, 3, 3, 3, 2, 2, 2, 2, 2, 2, 2, 2, 2, 2, 2, 2, 2, 2, 2, 3, 3, 3, 3, 2, 2, 2, 2, 2, 2, 2, 3, 2, 2, 3, 3, 2, 3, 3, 2, 2, 2, 3, 3, 2, 2, 3, 3, 3, 2, 2, 3, 2, 3, 3, 3, 3, 3, 3, 3, 3, 3, 3, 3, 3, 3, 2, 2, 2, 2, 2, 2, 2, 2, 2, 3, 3, 3, 2, 2, 3, 2, 2, 2, 2, 2, 2, 2, 2, 2, 3, 3, 3, 2, 2, 2, 2, 3, 2, 2, 2, 2, 2, 2, 3, 3, 3, 2, 2, 2, 2, 2, 2, 2, 3, 3, 2, 3, 3, 2, 3, 2, 2, 2, 3, 3, 2, 2, 3, 3, 2, 3, 3, 2, 2, 2, 2, 2, 2, 3, 3, 2, 3, 2, 3, 3, 2, 2, 3, 3, 3, 2, 2, 3, 3, 3, 2, 2, 3, 2, 2, 3, 3, 3, 3, 3, 3, 3, 3, 3, 3, 3, 3, 2, 2, 3, 3, 2, 3, 3, 3, 2, 3, 2, 3, 3, 3, 3, 3, 2, 3, 3, 3, 3, 3, 3, 3, 3, 3, 3, 3, 3, 3, 3, 3, 3, 3, 3, 3, 3, 3, 3, 3, 3, 3, 3, 3, 3, 3, 3, 3, 3, 3, 3, 3, 3, 3, 3, 3, 3, 3, 3, 3, 3, 2, 2, 2, 2, 2, 3, 3, 3, 3, 2, 3, 2, 3, 3, 3, 3, 3, 3, 2, 2, 3, 3, 2, 3, 3, 3, 3, 3, 3, 3, 2, 2, 2, 2, 3, 3, 3, 2, 2, 2, 3, 3, 3, 3, 2, 3, 3, 3, 3, 3, 2, 2, 2, 3, 3, 3, 2, 3, 3, 3, 3, 3, 3, 3, 2, 2, 2, 2, 3, 3, 2, 2, 3, 3, 3, 3, 3, 3, 3, 3, 2, 2, 3, 3, 2, 3, 2, 2, 3, 2, 3, 3, 3, 2, 3, 3, 3, 3, 3, 3, 3, 3, 2, 3, 3, 2, 3, 2, 2, 2, 3, 3, 3, 3, 3, 3, 3, 3, 3, 3, 3, 3, 2, 3, 3, 2, 3, 3, 3, 3, 3, 3, 3, 3, 3, 3, 3, 3, 3, 3, 3, 3, 3, 3, 3, 3, 3, 2, 3, 3, 3, 3, 3, 3, 3, 3, 3, 3, 3, 3, 3, 3, 3, 3, 3, 3, 3, 3, 3, 3, 3, 3, 3, 3, 3, 3, 3, 3, 3, 3, 3, 3, 3, 3, 3, 3, 3, 3, 3, 3, 3, 3, 3, 3, 3, 3, 3, 3, 3, 3, 3, 3, 3, 3, 3, 3, 3, 3, 3, 3, 3, 3, 3, 3, 3, 3, 3, 3, 3, 3, 3, 3, 3, 3, 3, 3, 3, 3, 3, 3, 3, 3, 3, 3, 2, 3, 2, 2, 3, 2, 3, 3, 3, 3, 3, 3, 3, 3, 3, 3, 3, 3, 3, 3, 3, 3, 3, 3, 3, 3, 3, 3, 3, 3, 3, 3, 3, 3, 3, 3, 3, 2, 3, 2, 3, 3, 3, 3, 2, 3, 3, 3, 3, 2, 2, 3, 3, 3, 2, 3, 3, 3, 3, 3, 3, 3, 3, 3, 3, 3, 2, 3, 3, 3, 2, 3, 3, 2, 2, 3, 3, 3, 3, 3, 3, 3, 3, 3, 3, 3, 3, 2, 3, 2, 3, 3, 3, 3, 3, 3, 3, 3, 2, 3, 2, 3, 3, 3, 3, 3, 3, 3, 3, 3, 3, 3, 3, 3, 3, 3, 3, 3, 3, 3, 3, 3, 3, 3, 3, 3, 3, 3, 3, 2, 3, 3, 3, 3, 3, 3, 3, 3, 3, 3, 3, 3, 3, 3, 3, 3, 3, 3, 3, 3, 3, 3, 3, 3, 3, 3, 3, 3, 3, 3, 3, 3, 3, 3, 3, 3, 3, 3, 3, 3, 3, 3, 3, 3, 3, 3, 3, 3, 3, 3, 3, 3, 3, 3, 3, 3, 3, 3, 3, 3, 3, 3, 3, 3, 3, 3, 3, 3, 3, 3, 3, 3, 3, 3, 3, 3, 3, 3, 3, 3, 3, 3, 3, 3, 3, 3, 3, 3, 3, 3, 3, 3, 3, 3, 3, 3, 3, 3, 3, 3, 3, 3, 3, 3, 3, 3, 3, 3, 3, 3, 3, 3, 3, 3, 3, 3, 3, 3, 3, 3, 3, 3, 3, 3, 3, 3, 3, 3, 3, 3, 3, 3, 3, 3, 3, 3, 3, 3, 3, 3, 3, 3, 3, 3, 3, 3, 3, 3, 3, 3, 3, 3, 3, 3]
TimeCharterCost: [120000, 125000, 130000, 110000, 104000]
RequiredVisits: [6, 5, 5, 5, 2, 2, 5, 6, 6, 1]
NumberOfDaysAvailable: [7, 7, 7, 7, 7]
DepotCapacity: [3, 3, 3, 3, 3, 3, 0]
