!Summary:
!Execution time: 0,59 seconds
!Total # voyages: 2048 (829 unique)
!Number of installations (excluding depot): 10
!Number of time windows: 0
!Number of vessels: 5

!Min. # installations: 1
!Max. number of installations: 8
!Min. duration: 56
!Max. duration: 80

!Name: FarStar	 # voyages: 344
!Name: FarSymphony	 # voyages: 395
!Name: FarSearcher	 # voyages: 444
!Name: FarSeeker	 # voyages: 444
!Name: HavilaForesight	 # voyages: 421
!------------------------------------------------------------------------------------------------------------------------
nV : 5
nR : 829
nN : 10
nT : 7
minL : 2
maxL : 3

! Sets: 
Rv : [
[1, 2, 3, 4, 5, 6, 7, 8, 9, 15, 16, 18, 19, 20, 21, 22, 23, 24, 25, 26, 27, 28, 30, 33, 34, 35, 36, 37, 39, 40, 41, 42, 43, 44, 45, 46, 47, 48, 49, 50, 51, 52, 53, 54, 55, 56, 57, 58, 59, 61, 69, 70, 71, 72, 73, 74, 75, 76, 78, 79, 81, 82, 84, 85, 87, 88, 89, 90, 91, 92, 93, 97, 98, 99, 100, 102, 103, 104, 105, 107, 112, 113, 117, 118, 119, 123, 124, 125, 126, 127, 128, 132, 133, 134, 135, 139, 140, 142, 143, 144, 146, 147, 148, 149, 150, 151, 152, 153, 157, 159, 160, 161, 163, 164, 166, 167, 168, 170, 171, 172, 173, 174, 175, 176, 177, 188, 189, 190, 193, 194, 195, 197, 198, 199, 200, 201, 204, 205, 207, 210, 211, 213, 216, 217, 218, 219, 225, 226, 227, 228, 229, 238, 239, 240, 241, 242, 243, 244, 245, 252, 253, 254, 258, 259, 260, 261, 262, 263, 264, 265, 266, 267, 268, 274, 275, 276, 277, 278, 288, 292, 293, 294, 295, 296, 297, 298, 299, 300, 307, 308, 309, 310, 311, 312, 316, 317, 318, 326, 328, 329, 331, 332, 333, 334, 335, 336, 340, 341, 342, 344, 345, 346, 347, 348, 349, 350, 353, 354, 355, 362, 364, 365, 366, 367, 368, 370, 371, 372, 373, 377, 379, 380, 381, 382, 383, 397, 398, 399, 400, 403, 404, 405, 406, 410, 411, 413, 414, 415, 418, 421, 422, 423, 425, 426, 427, 428, 429, 430, 431, 432, 433, 434, 435, 436, 448, 449, 450, 451, 452, 453, 454, 455, 456, 457, 458, 459, 460, 461, 462, 463, 464, 465, 476, 477, 478, 479, 480, 481, 482, 483, 490, 491, 492, 493, 494, 495, 496, 497, 498, 499, 501, 502, 503, 504, 507, 508, 524, 525, 526, 527, 528, 529, 530, 531, 532, 533, 542, 543, 546, 549, 552, 554, 555, 558, 567, 568, 569, 570, 571, 573, 574, 577, 584, 585, 586, 588, 598, 605, 608, 609, 610, 611, 612, 613, 614, 621, 627, 629, 630, 631, 646, 647, 648, 649, 652, 653, 654, 658, 659, 661, 662, 664, 666, 667, 668, 669, 670, 671, 672, 673, 674, 675, 684, 685, 686, 687, 688, 689, 690, 691, 692, 693, 694, 695, 696, 697, 698, 699, 700, 701, 714, 715, 716, 717, 718, 719, 720, 721, 722, 723, 726, 727, 728, 729, 742, 743, 746, 747, 749, 754, 755, 756, 757, 762, 764, 772, 773, 775, 776, 777, 779, 780, 790, 791, 793, 795, 799, 800, 801, 802, 804, 805, 806, 807, 808, 809, 810, 811, 812, 819, 820, 821, 822, 823]!Vessel: FarSeeker
[1, 2, 3, 4, 5, 6, 7, 8, 9, 15, 16, 18, 19, 20, 21, 22, 23, 24, 25, 26, 27, 28, 30, 33, 34, 35, 36, 37, 39, 40, 41, 42, 43, 44, 45, 46, 47, 48, 49, 50, 51, 52, 53, 54, 55, 56, 57, 58, 59, 61, 69, 70, 71, 72, 73, 74, 75, 76, 78, 79, 81, 82, 84, 85, 87, 88, 89, 90, 91, 92, 93, 97, 98, 99, 100, 102, 103, 104, 105, 107, 112, 113, 117, 118, 119, 123, 124, 125, 126, 127, 128, 132, 133, 134, 135, 139, 140, 142, 143, 144, 146, 147, 148, 149, 150, 151, 152, 153, 157, 159, 160, 161, 163, 164, 166, 167, 168, 170, 171, 172, 173, 174, 175, 176, 177, 188, 189, 190, 193, 194, 195, 197, 198, 199, 200, 201, 204, 205, 207, 210, 211, 213, 216, 217, 218, 219, 225, 226, 227, 228, 229, 238, 239, 240, 241, 242, 243, 244, 245, 252, 253, 254, 258, 259, 260, 261, 262, 263, 264, 265, 266, 267, 268, 274, 275, 276, 277, 278, 288, 292, 293, 294, 295, 296, 297, 298, 299, 300, 307, 308, 309, 310, 311, 312, 316, 317, 318, 326, 328, 329, 331, 332, 333, 334, 335, 336, 340, 341, 342, 344, 345, 346, 347, 348, 349, 350, 353, 354, 355, 362, 364, 365, 366, 367, 368, 370, 371, 372, 373, 377, 379, 380, 381, 382, 383, 397, 398, 399, 400, 403, 404, 405, 406, 410, 411, 413, 414, 415, 418, 421, 422, 423, 425, 426, 427, 428, 429, 430, 431, 432, 433, 434, 435, 436, 448, 449, 450, 451, 452, 453, 454, 455, 456, 457, 458, 459, 460, 461, 462, 463, 464, 465, 476, 477, 478, 479, 480, 481, 482, 483, 490, 491, 492, 493, 494, 495, 496, 497, 498, 499, 501, 502, 503, 504, 507, 508, 524, 525, 526, 527, 528, 529, 530, 531, 532, 533, 542, 543, 546, 549, 552, 554, 555, 558, 567, 568, 569, 570, 571, 573, 574, 577, 584, 585, 586, 588, 598, 605, 608, 609, 610, 611, 612, 613, 614, 621, 627, 629, 630, 631, 646, 647, 648, 649, 652, 653, 654, 658, 659, 661, 662, 664, 666, 667, 668, 669, 670, 671, 672, 673, 674, 675, 684, 685, 686, 687, 688, 689, 690, 691, 692, 693, 694, 695, 696, 697, 698, 699, 700, 701, 714, 715, 716, 717, 718, 719, 720, 721, 722, 723, 726, 727, 728, 729, 742, 743, 746, 747, 749, 754, 755, 756, 757, 762, 764, 772, 773, 775, 776, 777, 779, 780, 790, 791, 793, 795, 799, 800, 801, 802, 804, 805, 806, 807, 808, 809, 810, 811, 812, 819, 820, 821, 822, 823]!Vessel: FarSearcher
[1, 2, 3, 4, 5, 6, 7, 8, 9, 15, 16, 18, 19, 20, 21, 22, 23, 24, 25, 26, 27, 28, 30, 33, 34, 35, 36, 37, 39, 40, 41, 42, 43, 44, 45, 46, 47, 48, 49, 50, 51, 52, 53, 54, 55, 56, 57, 58, 59, 61, 69, 70, 71, 72, 73, 74, 75, 76, 78, 79, 81, 82, 84, 85, 87, 88, 89, 90, 91, 92, 93, 97, 98, 99, 100, 102, 103, 104, 105, 107, 112, 113, 117, 118, 119, 123, 124, 125, 126, 127, 128, 132, 133, 134, 135, 139, 140, 142, 143, 144, 146, 147, 148, 149, 150, 151, 152, 153, 157, 159, 160, 161, 163, 164, 166, 167, 168, 170, 171, 172, 173, 174, 175, 176, 177, 188, 189, 190, 193, 194, 195, 197, 198, 199, 200, 201, 204, 205, 207, 210, 211, 213, 216, 217, 218, 219, 225, 226, 227, 228, 229, 238, 239, 240, 241, 242, 243, 244, 245, 252, 253, 254, 258, 259, 260, 261, 262, 263, 264, 265, 266, 267, 268, 274, 275, 276, 277, 278, 288, 292, 293, 294, 295, 296, 297, 298, 299, 300, 307, 308, 309, 310, 311, 312, 316, 317, 318, 326, 328, 329, 331, 332, 333, 334, 335, 336, 340, 341, 342, 344, 345, 346, 347, 348, 349, 350, 353, 354, 355, 362, 364, 365, 366, 367, 368, 370, 371, 372, 373, 377, 379, 380, 381, 382, 383, 397, 398, 399, 400, 403, 404, 405, 406, 410, 411, 413, 414, 415, 418, 421, 422, 423, 425, 426, 427, 428, 429, 430, 431, 432, 433, 434, 435, 436, 448, 449, 451, 452, 453, 454, 455, 456, 457, 458, 459, 460, 461, 462, 463, 464, 465, 476, 477, 478, 479, 480, 481, 482, 483, 490, 491, 492, 493, 494, 495, 498, 499, 501, 502, 504, 507, 508, 525, 526, 527, 529, 530, 532, 543, 546, 549, 552, 554, 555, 558, 567, 568, 569, 570, 571, 573, 577, 584, 585, 586, 588, 598, 605, 608, 610, 611, 613, 614, 621, 627, 629, 630, 631, 646, 647, 649, 652, 654, 659, 661, 662, 664, 666, 667, 668, 669, 672, 673, 675, 684, 685, 686, 689, 690, 691, 692, 693, 695, 696, 698, 699, 700, 701, 714, 715, 716, 718, 720, 721, 723, 726, 727, 729, 742, 743, 747, 749, 754, 755, 756, 764, 772, 773, 775, 776, 777, 790, 805, 811, 812]!Vessel: FarSymphony
[1, 2, 3, 4, 5, 6, 7, 8, 9, 15, 16, 18, 19, 20, 21, 22, 23, 24, 25, 26, 27, 28, 30, 33, 34, 35, 36, 37, 39, 40, 41, 42, 43, 44, 45, 46, 47, 48, 49, 50, 51, 52, 53, 54, 55, 56, 57, 58, 59, 61, 69, 70, 71, 72, 73, 74, 75, 76, 78, 79, 81, 82, 84, 85, 87, 88, 89, 90, 91, 92, 93, 97, 98, 99, 100, 102, 103, 104, 105, 107, 112, 113, 117, 118, 119, 123, 124, 125, 126, 127, 128, 132, 133, 134, 135, 139, 140, 142, 143, 144, 146, 147, 148, 149, 150, 151, 152, 153, 157, 159, 160, 161, 163, 164, 166, 167, 168, 170, 171, 172, 173, 174, 175, 176, 177, 188, 189, 190, 193, 194, 195, 197, 198, 199, 200, 201, 204, 205, 207, 210, 211, 213, 216, 217, 218, 219, 225, 226, 227, 228, 229, 238, 239, 240, 241, 242, 243, 244, 245, 252, 253, 254, 258, 259, 260, 261, 262, 263, 264, 265, 266, 267, 268, 274, 275, 276, 277, 278, 288, 292, 293, 294, 295, 296, 297, 298, 299, 300, 307, 308, 309, 310, 311, 312, 316, 317, 318, 326, 328, 329, 331, 332, 333, 334, 335, 336, 340, 341, 342, 344, 345, 346, 347, 348, 349, 350, 353, 354, 355, 362, 364, 365, 366, 367, 368, 370, 371, 372, 373, 377, 379, 380, 381, 382, 383, 397, 398, 399, 400, 403, 404, 405, 406, 410, 411, 413, 414, 415, 418, 421, 422, 423, 425, 426, 427, 428, 429, 430, 431, 432, 433, 434, 435, 436, 448, 449, 451, 452, 453, 454, 455, 456, 457, 458, 459, 460, 461, 462, 463, 464, 465, 476, 477, 478, 479, 480, 481, 482, 483, 490, 491, 492, 493, 494, 495, 496, 497, 498, 499, 501, 502, 503, 504, 507, 508, 524, 525, 526, 527, 528, 529, 530, 532, 533, 542, 543, 546, 549, 552, 554, 555, 558, 567, 568, 569, 570, 571, 573, 574, 577, 584, 585, 586, 588, 598, 605, 608, 610, 611, 612, 613, 614, 621, 627, 629, 630, 631, 646, 647, 648, 649, 652, 654, 658, 659, 661, 662, 664, 666, 667, 668, 669, 670, 671, 672, 673, 675, 684, 685, 686, 688, 689, 690, 691, 692, 693, 694, 695, 696, 697, 698, 699, 700, 701, 714, 715, 716, 717, 718, 719, 720, 721, 723, 726, 727, 728, 729, 742, 743, 746, 747, 749, 754, 755, 756, 757, 762, 764, 772, 773, 775, 776, 777, 790, 795, 804, 805, 808, 811, 812, 823]!Vessel: HavilaForesight
[1, 2, 3, 4, 5, 6, 7, 8, 9, 15, 16, 18, 19, 20, 21, 22, 23, 24, 25, 26, 27, 28, 30, 33, 34, 35, 36, 37, 39, 40, 41, 42, 43, 44, 45, 46, 47, 48, 49, 50, 51, 52, 53, 54, 55, 56, 57, 58, 59, 61, 69, 70, 71, 72, 73, 74, 75, 76, 78, 79, 81, 82, 84, 85, 87, 88, 89, 90, 91, 92, 93, 97, 98, 99, 100, 102, 103, 104, 105, 107, 112, 113, 117, 118, 119, 123, 124, 125, 126, 127, 128, 132, 133, 134, 135, 139, 140, 142, 143, 144, 146, 147, 148, 149, 150, 151, 152, 153, 157, 159, 160, 161, 163, 164, 166, 167, 168, 170, 171, 172, 173, 174, 175, 176, 177, 188, 189, 190, 193, 194, 195, 197, 198, 199, 200, 201, 204, 205, 207, 210, 211, 213, 216, 217, 218, 219, 225, 226, 227, 228, 229, 238, 239, 240, 241, 242, 243, 244, 245, 252, 253, 254, 258, 259, 260, 261, 262, 264, 265, 266, 267, 268, 274, 275, 276, 277, 278, 288, 292, 294, 295, 296, 297, 298, 299, 307, 308, 310, 311, 312, 316, 317, 318, 326, 328, 329, 331, 332, 333, 334, 335, 336, 340, 341, 342, 344, 345, 346, 348, 349, 350, 353, 354, 355, 362, 364, 365, 368, 370, 371, 372, 373, 377, 379, 380, 381, 382, 383, 397, 398, 400, 403, 404, 405, 406, 410, 411, 414, 415, 418, 421, 422, 423, 425, 426, 427, 428, 430, 431, 432, 433, 434, 435, 436, 448, 449, 451, 452, 453, 454, 455, 457, 458, 459, 460, 461, 462, 463, 464, 465, 476, 478, 479, 480, 481, 482, 483, 490, 491, 492, 493, 495, 498, 499, 502, 504, 507, 508, 526, 527, 530, 532, 546, 549, 552, 554, 555, 558, 567, 568, 570, 571, 573, 577, 584, 585, 588, 598, 605, 608, 610, 611, 613, 614, 621, 629, 630, 646, 649, 652, 661, 662, 664, 666, 669, 673, 675, 690, 692, 693, 698, 699, 701, 716, 721, 723, 726, 747, 749, 772, 777, 790, 805, 812]!Vessel: FarStar
] 

Rvi : [
!i : 1, 2, 3, 4, 5, 6, 7, 8, 9, 10
[1, 6, 7, 8, 9, 51, 52, 53, 54, 55, 56, 57, 58, 59, 61, 69, 70, 171, 172, 173, 174, 175, 176, 177, 188, 189, 190, 226, 227, 228, 229, 267, 268, 312, 349, 350, 381, 382, 383, 414, 427, 428, 429, 430, 431, 432, 433, 434, 435, 436, 458, 459, 460, 461, 462, 463, 464, 465, 502, 503, 504, 549, 555, 577, 584, 598, 631, 661, 666, 667, 668, 669, 670, 671, 672, 673, 674, 675, 690, 691, 692, 693, 694, 695, 696, 697, 698, 699, 700, 701, 747, 749, 757, 762, 764, 772, 777, 799, 800, 801, 802, 804, 805, 806, 807, 808, 809, 810, 811, 812, 823], [6, 15, 16, 18, 19, 20, 21, 22, 51, 52, 53, 69, 70, 71, 72, 73, 74, 75, 76, 78, 79, 81, 82, 84, 85, 87, 88, 89, 90, 97, 123, 124, 139, 146, 157, 159, 171, 172, 173, 174, 188, 189, 190, 193, 194, 195, 197, 198, 199, 200, 201, 204, 205, 207, 210, 211, 213, 216, 217, 218, 219, 238, 239, 240, 259, 262, 263, 274, 275, 288, 292, 293, 307, 308, 309, 316, 326, 328, 329, 340, 341, 344, 345, 346, 349, 350, 353, 354, 355, 381, 382, 397, 398, 399, 400, 403, 404, 405, 406, 410, 411, 413, 414, 415, 418, 421, 422, 423, 425, 426, 427, 428, 429, 448, 449, 450, 453, 455, 456, 458, 459, 460, 461, 476, 477, 490, 492, 493, 494, 496, 497, 498, 501, 507, 524, 528, 530, 531, 542, 549, 552, 567, 569, 570, 571, 573, 574, 577, 584, 585, 586, 588, 610, 611, 631, 646, 647, 648, 649, 652, 653, 654, 658, 659, 661, 662, 664, 666, 667, 668, 671, 673, 674, 684, 685, 687, 688, 690, 691, 692, 693, 694, 714, 715, 719, 721, 722, 726, 727, 728, 742, 746, 747, 754, 756, 757, 764, 772, 773, 775, 776, 790, 791, 793, 795, 799, 800, 804, 805, 806, 807, 811, 819, 820, 822, 823], [2, 7, 15, 23, 24, 25, 26, 27, 28, 53, 54, 55, 56, 57, 58, 59, 71, 72, 73, 74, 75, 76, 91, 92, 93, 98, 99, 100, 112, 113, 125, 126, 127, 128, 140, 147, 148, 149, 172, 173, 174, 175, 176, 177, 189, 190, 193, 194, 195, 197, 198, 199, 200, 201, 210, 211, 225, 226, 227, 228, 229, 239, 240, 241, 242, 243, 244, 245, 252, 253, 254, 267, 268, 274, 275, 276, 277, 278, 292, 293, 294, 295, 296, 297, 298, 299, 300, 312, 316, 317, 318, 326, 331, 332, 333, 334, 341, 342, 362, 371, 372, 373, 381, 382, 383, 397, 398, 399, 400, 403, 404, 405, 406, 414, 415, 421, 422, 427, 428, 429, 430, 431, 432, 433, 434, 435, 436, 448, 449, 450, 451, 452, 453, 454, 455, 456, 457, 461, 462, 463, 464, 465, 476, 477, 478, 479, 480, 481, 482, 483, 502, 503, 504, 507, 508, 524, 525, 526, 527, 528, 529, 530, 531, 532, 533, 546, 549, 552, 554, 555, 558, 567, 568, 569, 570, 577, 584, 585, 586, 598, 605, 612, 613, 614, 621, 631, 646, 647, 648, 649, 652, 653, 654, 661, 662, 666, 667, 668, 669, 670, 671, 672, 673, 674, 675, 684, 685, 686, 687, 688, 689, 692, 693, 694, 695, 696, 697, 698, 699, 700, 701, 714, 715, 716, 717, 718, 719, 720, 721, 722, 723, 742, 743, 746, 747, 749, 754, 755, 756, 757, 762, 764, 773, 777, 779, 790, 791, 793, 799, 800, 801, 802, 805, 806, 807, 808, 809, 810, 811, 812, 819, 820, 821, 823], [3, 8, 16, 23, 30, 33, 34, 37, 54, 61, 69, 71, 78, 79, 89, 91, 97, 98, 99, 100, 102, 103, 104, 105, 107, 125, 143, 150, 152, 163, 164, 166, 175, 188, 189, 193, 194, 195, 204, 205, 210, 213, 218, 226, 227, 228, 229, 238, 239, 240, 241, 242, 243, 244, 245, 252, 253, 254, 258, 259, 260, 261, 262, 263, 264, 265, 266, 328, 331, 333, 335, 349, 354, 362, 364, 365, 366, 367, 368, 371, 397, 398, 399, 400, 410, 411, 415, 418, 421, 423, 425, 427, 428, 429, 430, 431, 432, 433, 434, 435, 436, 448, 449, 450, 451, 452, 453, 454, 455, 456, 457, 458, 459, 460, 461, 462, 463, 464, 465, 476, 477, 478, 479, 480, 481, 482, 483, 490, 491, 492, 493, 494, 495, 496, 497, 498, 499, 501, 554, 598, 605, 608, 609, 610, 612, 613, 614, 627, 629, 646, 647, 648, 649, 658, 659, 662, 664, 666, 667, 668, 669, 670, 671, 672, 673, 674, 675, 684, 685, 686, 687, 688, 689, 690, 691, 692, 693, 694, 695, 696, 697, 698, 699, 700, 701, 714, 715, 716, 717, 718, 719, 720, 721, 722, 723, 726, 727, 728, 729, 762, 775, 780, 790, 791, 795, 799, 800, 801, 802, 804, 805, 806, 807, 808, 809, 810, 811, 812, 819, 820, 821, 822], [4, 9, 24, 30, 35, 36, 46, 49, 55, 61, 70, 72, 78, 84, 87, 90, 91, 102, 103, 112, 113, 117, 118, 119, 126, 144, 147, 150, 151, 163, 167, 175, 188, 190, 193, 197, 204, 211, 216, 219, 252, 253, 254, 258, 259, 260, 261, 267, 268, 274, 275, 276, 277, 278, 294, 295, 312, 317, 329, 331, 332, 336, 350, 353, 355, 364, 365, 370, 372, 377, 379, 397, 403, 410, 414, 415, 418, 422, 426, 458, 459, 460, 461, 462, 463, 464, 465, 476, 477, 478, 479, 480, 481, 482, 483, 490, 491, 492, 493, 494, 495, 502, 503, 504, 507, 508, 525, 526, 527, 546, 549, 552, 555, 558, 569, 577, 585, 588, 605, 608, 611, 614, 621, 630, 646, 652, 658, 661, 662, 664, 690, 691, 692, 693, 694, 695, 696, 697, 698, 699, 700, 701, 714, 715, 716, 717, 718, 719, 720, 721, 722, 723, 726, 727, 728, 729, 742, 743, 746, 747, 749, 754, 755, 757, 762, 764, 772, 773, 776, 777, 779, 780, 790, 793, 795, 804, 805, 806, 807, 808, 809, 810, 811, 812, 819, 820, 821, 822, 823], [18, 25, 37, 39, 40, 41, 42, 56, 73, 79, 81, 82, 104, 105, 123, 124, 125, 126, 127, 128, 132, 133, 134, 135, 148, 152, 164, 168, 170, 194, 198, 199, 204, 205, 207, 213, 226, 241, 242, 252, 262, 263, 264, 265, 266, 267, 288, 292, 293, 294, 295, 296, 297, 298, 299, 300, 307, 308, 309, 310, 311, 333, 344, 347, 366, 367, 373, 380, 398, 399, 404, 410, 411, 413, 423, 430, 431, 432, 449, 450, 451, 452, 462, 478, 479, 480, 496, 497, 498, 499, 502, 503, 524, 525, 526, 527, 528, 529, 530, 531, 532, 533, 542, 543, 554, 570, 573, 574, 609, 612, 627, 647, 648, 653, 658, 659, 664, 668, 669, 670, 685, 686, 695, 696, 697, 715, 716, 717, 718, 742, 743, 756, 779, 780, 791, 795, 800, 801, 807, 808, 809, 820, 821], [19, 26, 35, 39, 43, 44, 45, 51, 57, 74, 81, 84, 85, 92, 98, 102, 104, 112, 117, 127, 132, 133, 139, 140, 142, 143, 144, 153, 159, 160, 167, 168, 171, 172, 176, 198, 200, 201, 207, 210, 211, 213, 216, 217, 218, 219, 225, 227, 241, 243, 244, 253, 258, 260, 264, 265, 276, 277, 296, 297, 298, 307, 310, 312, 316, 317, 318, 334, 335, 336, 344, 345, 346, 347, 348, 353, 362, 364, 366, 368, 370, 379, 380, 381, 383, 398, 400, 403, 404, 405, 406, 411, 413, 414, 415, 418, 421, 422, 423, 425, 426, 427, 430, 433, 434, 451, 452, 453, 454, 457, 458, 463, 478, 481, 482, 490, 491, 492, 495, 497, 499, 501, 508, 526, 528, 529, 532, 543, 546, 555, 558, 568, 570, 571, 573, 574, 584, 585, 586, 588, 598, 605, 608, 609, 627, 629, 630, 631, 646, 647, 648, 649, 652, 653, 654, 658, 659, 661, 662, 664, 666, 669, 670, 671, 672, 675, 684, 686, 687, 689, 690, 692, 695, 698, 699, 716, 717, 719, 720, 723, 726, 728, 729, 743, 746, 749, 755, 756, 757, 762, 772, 773, 775, 776, 777, 779, 780, 790, 791, 793, 795, 799, 801, 802, 804, 805, 808, 810, 812, 819, 821, 822, 823], [20, 27, 40, 43, 46, 47, 50, 58, 75, 85, 87, 88, 92, 93, 99, 107, 117, 118, 123, 132, 134, 142, 146, 147, 148, 149, 150, 151, 152, 153, 161, 170, 171, 173, 176, 177, 200, 207, 216, 217, 225, 228, 238, 239, 243, 245, 258, 261, 262, 264, 266, 268, 274, 276, 288, 292, 294, 296, 299, 308, 310, 311, 326, 328, 329, 331, 332, 333, 334, 335, 336, 340, 342, 345, 348, 371, 372, 373, 377, 379, 380, 381, 382, 383, 404, 405, 406, 413, 418, 421, 422, 423, 425, 426, 428, 431, 433, 435, 436, 448, 449, 451, 454, 455, 457, 459, 464, 476, 479, 481, 483, 491, 493, 495, 496, 498, 499, 502, 504, 507, 508, 524, 525, 527, 529, 530, 532, 533, 542, 543, 549, 552, 554, 555, 558, 567, 568, 571, 573, 610, 611, 612, 613, 614, 621, 627, 629, 630, 631, 647, 649, 652, 653, 654, 659, 661, 662, 664, 666, 667, 668, 669, 672, 673, 675, 684, 685, 686, 688, 689, 690, 691, 693, 696, 698, 700, 701, 714, 715, 716, 718, 720, 721, 723, 726, 727, 729, 742, 743, 747, 749, 754, 755, 756, 764, 772, 773, 775, 776, 777, 779, 780, 790, 791, 793, 795, 799, 800, 801, 802, 804, 805, 806, 807, 808, 809, 810, 811, 812, 819, 820, 821, 822, 823], [5, 21, 28, 33, 36, 41, 44, 47, 48, 59, 76, 82, 89, 90, 100, 103, 105, 107, 113, 119, 128, 133, 134, 135, 140, 143, 144, 146, 149, 151, 153, 157, 159, 160, 161, 166, 195, 197, 199, 201, 205, 218, 219, 229, 242, 244, 245, 254, 259, 260, 261, 265, 266, 278, 295, 297, 299, 300, 308, 309, 310, 311, 317, 318, 326, 328, 329, 332, 334, 335, 336, 340, 341, 342, 344, 345, 346, 347, 348, 354, 355, 365, 367, 368, 370, 377, 397, 399, 400, 403, 406, 410, 411, 425, 426, 432, 434, 436, 452, 455, 456, 457, 465, 480, 482, 483, 492, 493, 494, 495, 498, 499, 501, 526, 527, 530, 531, 532, 533, 542, 543, 546, 552, 554, 558, 567, 568, 569, 570, 571, 573, 574, 586, 588, 608, 609, 610, 611, 613, 621, 629, 630, 646, 648, 649, 652, 654, 658, 659, 670, 673, 674, 675, 685, 686, 687, 688, 689, 697, 699, 701, 717, 718, 721, 722, 723, 726, 727, 728, 729, 742, 743, 746, 747, 749, 754, 755, 756, 775, 776, 790, 791, 793, 795, 800, 801, 802, 809, 811, 812, 820, 821, 822], [22, 34, 42, 45, 48, 49, 50, 52, 88, 93, 97, 118, 119, 124, 135, 139, 142, 157, 160, 161, 163, 164, 166, 167, 168, 170, 174, 177, 217, 225, 238, 240, 263, 275, 277, 278, 288, 293, 298, 300, 307, 309, 311, 316, 318, 340, 341, 342, 346, 347, 348, 349, 350, 353, 354, 355, 362, 364, 365, 366, 367, 368, 370, 371, 372, 373, 377, 379, 380, 382, 383, 405, 413, 429, 435, 448, 450, 453, 454, 456, 460, 477, 490, 491, 494, 496, 497, 501, 503, 504, 507, 508, 524, 525, 528, 529, 531, 533, 542, 543, 546, 567, 568, 569, 571, 574, 577, 584, 585, 586, 588, 598, 605, 608, 609, 610, 611, 612, 613, 614, 621, 627, 629, 630, 631, 653, 654, 667, 671, 672, 674, 684, 687, 688, 689, 691, 694, 700, 714, 719, 720, 722, 727, 728, 729, 746, 754, 755, 757, 762, 764, 772, 773, 775, 776, 777, 779, 780, 793, 799, 802, 804, 806, 810, 819, 822, 823]!Vessel: FarSeeker
[1, 6, 7, 8, 9, 51, 52, 53, 54, 55, 56, 57, 58, 59, 61, 69, 70, 171, 172, 173, 174, 175, 176, 177, 188, 189, 190, 226, 227, 228, 229, 267, 268, 312, 349, 350, 381, 382, 383, 414, 427, 428, 429, 430, 431, 432, 433, 434, 435, 436, 458, 459, 460, 461, 462, 463, 464, 465, 502, 503, 504, 549, 555, 577, 584, 598, 631, 661, 666, 667, 668, 669, 670, 671, 672, 673, 674, 675, 690, 691, 692, 693, 694, 695, 696, 697, 698, 699, 700, 701, 747, 749, 757, 762, 764, 772, 777, 799, 800, 801, 802, 804, 805, 806, 807, 808, 809, 810, 811, 812, 823], [6, 15, 16, 18, 19, 20, 21, 22, 51, 52, 53, 69, 70, 71, 72, 73, 74, 75, 76, 78, 79, 81, 82, 84, 85, 87, 88, 89, 90, 97, 123, 124, 139, 146, 157, 159, 171, 172, 173, 174, 188, 189, 190, 193, 194, 195, 197, 198, 199, 200, 201, 204, 205, 207, 210, 211, 213, 216, 217, 218, 219, 238, 239, 240, 259, 262, 263, 274, 275, 288, 292, 293, 307, 308, 309, 316, 326, 328, 329, 340, 341, 344, 345, 346, 349, 350, 353, 354, 355, 381, 382, 397, 398, 399, 400, 403, 404, 405, 406, 410, 411, 413, 414, 415, 418, 421, 422, 423, 425, 426, 427, 428, 429, 448, 449, 450, 453, 455, 456, 458, 459, 460, 461, 476, 477, 490, 492, 493, 494, 496, 497, 498, 501, 507, 524, 528, 530, 531, 542, 549, 552, 567, 569, 570, 571, 573, 574, 577, 584, 585, 586, 588, 610, 611, 631, 646, 647, 648, 649, 652, 653, 654, 658, 659, 661, 662, 664, 666, 667, 668, 671, 673, 674, 684, 685, 687, 688, 690, 691, 692, 693, 694, 714, 715, 719, 721, 722, 726, 727, 728, 742, 746, 747, 754, 756, 757, 764, 772, 773, 775, 776, 790, 791, 793, 795, 799, 800, 804, 805, 806, 807, 811, 819, 820, 822, 823], [2, 7, 15, 23, 24, 25, 26, 27, 28, 53, 54, 55, 56, 57, 58, 59, 71, 72, 73, 74, 75, 76, 91, 92, 93, 98, 99, 100, 112, 113, 125, 126, 127, 128, 140, 147, 148, 149, 172, 173, 174, 175, 176, 177, 189, 190, 193, 194, 195, 197, 198, 199, 200, 201, 210, 211, 225, 226, 227, 228, 229, 239, 240, 241, 242, 243, 244, 245, 252, 253, 254, 267, 268, 274, 275, 276, 277, 278, 292, 293, 294, 295, 296, 297, 298, 299, 300, 312, 316, 317, 318, 326, 331, 332, 333, 334, 341, 342, 362, 371, 372, 373, 381, 382, 383, 397, 398, 399, 400, 403, 404, 405, 406, 414, 415, 421, 422, 427, 428, 429, 430, 431, 432, 433, 434, 435, 436, 448, 449, 450, 451, 452, 453, 454, 455, 456, 457, 461, 462, 463, 464, 465, 476, 477, 478, 479, 480, 481, 482, 483, 502, 503, 504, 507, 508, 524, 525, 526, 527, 528, 529, 530, 531, 532, 533, 546, 549, 552, 554, 555, 558, 567, 568, 569, 570, 577, 584, 585, 586, 598, 605, 612, 613, 614, 621, 631, 646, 647, 648, 649, 652, 653, 654, 661, 662, 666, 667, 668, 669, 670, 671, 672, 673, 674, 675, 684, 685, 686, 687, 688, 689, 692, 693, 694, 695, 696, 697, 698, 699, 700, 701, 714, 715, 716, 717, 718, 719, 720, 721, 722, 723, 742, 743, 746, 747, 749, 754, 755, 756, 757, 762, 764, 773, 777, 779, 790, 791, 793, 799, 800, 801, 802, 805, 806, 807, 808, 809, 810, 811, 812, 819, 820, 821, 823], [3, 8, 16, 23, 30, 33, 34, 37, 54, 61, 69, 71, 78, 79, 89, 91, 97, 98, 99, 100, 102, 103, 104, 105, 107, 125, 143, 150, 152, 163, 164, 166, 175, 188, 189, 193, 194, 195, 204, 205, 210, 213, 218, 226, 227, 228, 229, 238, 239, 240, 241, 242, 243, 244, 245, 252, 253, 254, 258, 259, 260, 261, 262, 263, 264, 265, 266, 328, 331, 333, 335, 349, 354, 362, 364, 365, 366, 367, 368, 371, 397, 398, 399, 400, 410, 411, 415, 418, 421, 423, 425, 427, 428, 429, 430, 431, 432, 433, 434, 435, 436, 448, 449, 450, 451, 452, 453, 454, 455, 456, 457, 458, 459, 460, 461, 462, 463, 464, 465, 476, 477, 478, 479, 480, 481, 482, 483, 490, 491, 492, 493, 494, 495, 496, 497, 498, 499, 501, 554, 598, 605, 608, 609, 610, 612, 613, 614, 627, 629, 646, 647, 648, 649, 658, 659, 662, 664, 666, 667, 668, 669, 670, 671, 672, 673, 674, 675, 684, 685, 686, 687, 688, 689, 690, 691, 692, 693, 694, 695, 696, 697, 698, 699, 700, 701, 714, 715, 716, 717, 718, 719, 720, 721, 722, 723, 726, 727, 728, 729, 762, 775, 780, 790, 791, 795, 799, 800, 801, 802, 804, 805, 806, 807, 808, 809, 810, 811, 812, 819, 820, 821, 822], [4, 9, 24, 30, 35, 36, 46, 49, 55, 61, 70, 72, 78, 84, 87, 90, 91, 102, 103, 112, 113, 117, 118, 119, 126, 144, 147, 150, 151, 163, 167, 175, 188, 190, 193, 197, 204, 211, 216, 219, 252, 253, 254, 258, 259, 260, 261, 267, 268, 274, 275, 276, 277, 278, 294, 295, 312, 317, 329, 331, 332, 336, 350, 353, 355, 364, 365, 370, 372, 377, 379, 397, 403, 410, 414, 415, 418, 422, 426, 458, 459, 460, 461, 462, 463, 464, 465, 476, 477, 478, 479, 480, 481, 482, 483, 490, 491, 492, 493, 494, 495, 502, 503, 504, 507, 508, 525, 526, 527, 546, 549, 552, 555, 558, 569, 577, 585, 588, 605, 608, 611, 614, 621, 630, 646, 652, 658, 661, 662, 664, 690, 691, 692, 693, 694, 695, 696, 697, 698, 699, 700, 701, 714, 715, 716, 717, 718, 719, 720, 721, 722, 723, 726, 727, 728, 729, 742, 743, 746, 747, 749, 754, 755, 757, 762, 764, 772, 773, 776, 777, 779, 780, 790, 793, 795, 804, 805, 806, 807, 808, 809, 810, 811, 812, 819, 820, 821, 822, 823], [18, 25, 37, 39, 40, 41, 42, 56, 73, 79, 81, 82, 104, 105, 123, 124, 125, 126, 127, 128, 132, 133, 134, 135, 148, 152, 164, 168, 170, 194, 198, 199, 204, 205, 207, 213, 226, 241, 242, 252, 262, 263, 264, 265, 266, 267, 288, 292, 293, 294, 295, 296, 297, 298, 299, 300, 307, 308, 309, 310, 311, 333, 344, 347, 366, 367, 373, 380, 398, 399, 404, 410, 411, 413, 423, 430, 431, 432, 449, 450, 451, 452, 462, 478, 479, 480, 496, 497, 498, 499, 502, 503, 524, 525, 526, 527, 528, 529, 530, 531, 532, 533, 542, 543, 554, 570, 573, 574, 609, 612, 627, 647, 648, 653, 658, 659, 664, 668, 669, 670, 685, 686, 695, 696, 697, 715, 716, 717, 718, 742, 743, 756, 779, 780, 791, 795, 800, 801, 807, 808, 809, 820, 821], [19, 26, 35, 39, 43, 44, 45, 51, 57, 74, 81, 84, 85, 92, 98, 102, 104, 112, 117, 127, 132, 133, 139, 140, 142, 143, 144, 153, 159, 160, 167, 168, 171, 172, 176, 198, 200, 201, 207, 210, 211, 213, 216, 217, 218, 219, 225, 227, 241, 243, 244, 253, 258, 260, 264, 265, 276, 277, 296, 297, 298, 307, 310, 312, 316, 317, 318, 334, 335, 336, 344, 345, 346, 347, 348, 353, 362, 364, 366, 368, 370, 379, 380, 381, 383, 398, 400, 403, 404, 405, 406, 411, 413, 414, 415, 418, 421, 422, 423, 425, 426, 427, 430, 433, 434, 451, 452, 453, 454, 457, 458, 463, 478, 481, 482, 490, 491, 492, 495, 497, 499, 501, 508, 526, 528, 529, 532, 543, 546, 555, 558, 568, 570, 571, 573, 574, 584, 585, 586, 588, 598, 605, 608, 609, 627, 629, 630, 631, 646, 647, 648, 649, 652, 653, 654, 658, 659, 661, 662, 664, 666, 669, 670, 671, 672, 675, 684, 686, 687, 689, 690, 692, 695, 698, 699, 716, 717, 719, 720, 723, 726, 728, 729, 743, 746, 749, 755, 756, 757, 762, 772, 773, 775, 776, 777, 779, 780, 790, 791, 793, 795, 799, 801, 802, 804, 805, 808, 810, 812, 819, 821, 822, 823], [20, 27, 40, 43, 46, 47, 50, 58, 75, 85, 87, 88, 92, 93, 99, 107, 117, 118, 123, 132, 134, 142, 146, 147, 148, 149, 150, 151, 152, 153, 161, 170, 171, 173, 176, 177, 200, 207, 216, 217, 225, 228, 238, 239, 243, 245, 258, 261, 262, 264, 266, 268, 274, 276, 288, 292, 294, 296, 299, 308, 310, 311, 326, 328, 329, 331, 332, 333, 334, 335, 336, 340, 342, 345, 348, 371, 372, 373, 377, 379, 380, 381, 382, 383, 404, 405, 406, 413, 418, 421, 422, 423, 425, 426, 428, 431, 433, 435, 436, 448, 449, 451, 454, 455, 457, 459, 464, 476, 479, 481, 483, 491, 493, 495, 496, 498, 499, 502, 504, 507, 508, 524, 525, 527, 529, 530, 532, 533, 542, 543, 549, 552, 554, 555, 558, 567, 568, 571, 573, 610, 611, 612, 613, 614, 621, 627, 629, 630, 631, 647, 649, 652, 653, 654, 659, 661, 662, 664, 666, 667, 668, 669, 672, 673, 675, 684, 685, 686, 688, 689, 690, 691, 693, 696, 698, 700, 701, 714, 715, 716, 718, 720, 721, 723, 726, 727, 729, 742, 743, 747, 749, 754, 755, 756, 764, 772, 773, 775, 776, 777, 779, 780, 790, 791, 793, 795, 799, 800, 801, 802, 804, 805, 806, 807, 808, 809, 810, 811, 812, 819, 820, 821, 822, 823], [5, 21, 28, 33, 36, 41, 44, 47, 48, 59, 76, 82, 89, 90, 100, 103, 105, 107, 113, 119, 128, 133, 134, 135, 140, 143, 144, 146, 149, 151, 153, 157, 159, 160, 161, 166, 195, 197, 199, 201, 205, 218, 219, 229, 242, 244, 245, 254, 259, 260, 261, 265, 266, 278, 295, 297, 299, 300, 308, 309, 310, 311, 317, 318, 326, 328, 329, 332, 334, 335, 336, 340, 341, 342, 344, 345, 346, 347, 348, 354, 355, 365, 367, 368, 370, 377, 397, 399, 400, 403, 406, 410, 411, 425, 426, 432, 434, 436, 452, 455, 456, 457, 465, 480, 482, 483, 492, 493, 494, 495, 498, 499, 501, 526, 527, 530, 531, 532, 533, 542, 543, 546, 552, 554, 558, 567, 568, 569, 570, 571, 573, 574, 586, 588, 608, 609, 610, 611, 613, 621, 629, 630, 646, 648, 649, 652, 654, 658, 659, 670, 673, 674, 675, 685, 686, 687, 688, 689, 697, 699, 701, 717, 718, 721, 722, 723, 726, 727, 728, 729, 742, 743, 746, 747, 749, 754, 755, 756, 775, 776, 790, 791, 793, 795, 800, 801, 802, 809, 811, 812, 820, 821, 822], [22, 34, 42, 45, 48, 49, 50, 52, 88, 93, 97, 118, 119, 124, 135, 139, 142, 157, 160, 161, 163, 164, 166, 167, 168, 170, 174, 177, 217, 225, 238, 240, 263, 275, 277, 278, 288, 293, 298, 300, 307, 309, 311, 316, 318, 340, 341, 342, 346, 347, 348, 349, 350, 353, 354, 355, 362, 364, 365, 366, 367, 368, 370, 371, 372, 373, 377, 379, 380, 382, 383, 405, 413, 429, 435, 448, 450, 453, 454, 456, 460, 477, 490, 491, 494, 496, 497, 501, 503, 504, 507, 508, 524, 525, 528, 529, 531, 533, 542, 543, 546, 567, 568, 569, 571, 574, 577, 584, 585, 586, 588, 598, 605, 608, 609, 610, 611, 612, 613, 614, 621, 627, 629, 630, 631, 653, 654, 667, 671, 672, 674, 684, 687, 688, 689, 691, 694, 700, 714, 719, 720, 722, 727, 728, 729, 746, 754, 755, 757, 762, 764, 772, 773, 775, 776, 777, 779, 780, 793, 799, 802, 804, 806, 810, 819, 822, 823]!Vessel: FarSearcher
[1, 6, 7, 8, 9, 51, 52, 53, 54, 55, 56, 57, 58, 59, 61, 69, 70, 171, 172, 173, 174, 175, 176, 177, 188, 189, 190, 226, 227, 228, 229, 267, 268, 312, 349, 350, 381, 382, 383, 414, 427, 428, 429, 430, 431, 432, 433, 434, 435, 436, 458, 459, 460, 461, 462, 463, 464, 465, 502, 504, 549, 555, 577, 584, 598, 631, 661, 666, 667, 668, 669, 672, 673, 675, 690, 691, 692, 693, 695, 696, 698, 699, 700, 701, 747, 749, 764, 772, 777, 805, 811, 812], [6, 15, 16, 18, 19, 20, 21, 22, 51, 52, 53, 69, 70, 71, 72, 73, 74, 75, 76, 78, 79, 81, 82, 84, 85, 87, 88, 89, 90, 97, 123, 124, 139, 146, 157, 159, 171, 172, 173, 174, 188, 189, 190, 193, 194, 195, 197, 198, 199, 200, 201, 204, 205, 207, 210, 211, 213, 216, 217, 218, 219, 238, 239, 240, 259, 262, 263, 274, 275, 288, 292, 293, 307, 308, 309, 316, 326, 328, 329, 340, 341, 344, 345, 346, 349, 350, 353, 354, 355, 381, 382, 397, 398, 399, 400, 403, 404, 405, 406, 410, 411, 413, 414, 415, 418, 421, 422, 423, 425, 426, 427, 428, 429, 448, 449, 453, 455, 456, 458, 459, 460, 461, 476, 477, 490, 492, 493, 494, 498, 501, 507, 530, 549, 552, 567, 569, 570, 571, 573, 577, 584, 585, 586, 588, 610, 611, 631, 646, 647, 649, 652, 654, 659, 661, 662, 664, 666, 667, 668, 673, 684, 685, 690, 691, 692, 693, 714, 715, 721, 726, 727, 742, 747, 754, 756, 764, 772, 773, 775, 776, 790, 805, 811], [2, 7, 15, 23, 24, 25, 26, 27, 28, 53, 54, 55, 56, 57, 58, 59, 71, 72, 73, 74, 75, 76, 91, 92, 93, 98, 99, 100, 112, 113, 125, 126, 127, 128, 140, 147, 148, 149, 172, 173, 174, 175, 176, 177, 189, 190, 193, 194, 195, 197, 198, 199, 200, 201, 210, 211, 225, 226, 227, 228, 229, 239, 240, 241, 242, 243, 244, 245, 252, 253, 254, 267, 268, 274, 275, 276, 277, 278, 292, 293, 294, 295, 296, 297, 298, 299, 300, 312, 316, 317, 318, 326, 331, 332, 333, 334, 341, 342, 362, 371, 372, 373, 381, 382, 383, 397, 398, 399, 400, 403, 404, 405, 406, 414, 415, 421, 422, 427, 428, 429, 430, 431, 432, 433, 434, 435, 436, 448, 449, 451, 452, 453, 454, 455, 456, 457, 461, 462, 463, 464, 465, 476, 477, 478, 479, 480, 481, 482, 483, 502, 504, 507, 508, 525, 526, 527, 529, 530, 532, 546, 549, 552, 554, 555, 558, 567, 568, 569, 570, 577, 584, 585, 586, 598, 605, 613, 614, 621, 631, 646, 647, 649, 652, 654, 661, 662, 666, 667, 668, 669, 672, 673, 675, 684, 685, 686, 689, 692, 693, 695, 696, 698, 699, 700, 701, 714, 715, 716, 718, 720, 721, 723, 742, 743, 747, 749, 754, 755, 756, 764, 773, 777, 790, 805, 811, 812], [3, 8, 16, 23, 30, 33, 34, 37, 54, 61, 69, 71, 78, 79, 89, 91, 97, 98, 99, 100, 102, 103, 104, 105, 107, 125, 143, 150, 152, 163, 164, 166, 175, 188, 189, 193, 194, 195, 204, 205, 210, 213, 218, 226, 227, 228, 229, 238, 239, 240, 241, 242, 243, 244, 245, 252, 253, 254, 258, 259, 260, 261, 262, 263, 264, 265, 266, 328, 331, 333, 335, 349, 354, 362, 364, 365, 366, 367, 368, 371, 397, 398, 399, 400, 410, 411, 415, 418, 421, 423, 425, 427, 428, 429, 430, 431, 432, 433, 434, 435, 436, 448, 449, 451, 452, 453, 454, 455, 456, 457, 458, 459, 460, 461, 462, 463, 464, 465, 476, 477, 478, 479, 480, 481, 482, 483, 490, 491, 492, 493, 494, 495, 498, 499, 501, 554, 598, 605, 608, 610, 613, 614, 627, 629, 646, 647, 649, 659, 662, 664, 666, 667, 668, 669, 672, 673, 675, 684, 685, 686, 689, 690, 691, 692, 693, 695, 696, 698, 699, 700, 701, 714, 715, 716, 718, 720, 721, 723, 726, 727, 729, 775, 790, 805, 811, 812], [4, 9, 24, 30, 35, 36, 46, 49, 55, 61, 70, 72, 78, 84, 87, 90, 91, 102, 103, 112, 113, 117, 118, 119, 126, 144, 147, 150, 151, 163, 167, 175, 188, 190, 193, 197, 204, 211, 216, 219, 252, 253, 254, 258, 259, 260, 261, 267, 268, 274, 275, 276, 277, 278, 294, 295, 312, 317, 329, 331, 332, 336, 350, 353, 355, 364, 365, 370, 372, 377, 379, 397, 403, 410, 414, 415, 418, 422, 426, 458, 459, 460, 461, 462, 463, 464, 465, 476, 477, 478, 479, 480, 481, 482, 483, 490, 491, 492, 493, 494, 495, 502, 504, 507, 508, 525, 526, 527, 546, 549, 552, 555, 558, 569, 577, 585, 588, 605, 608, 611, 614, 621, 630, 646, 652, 661, 662, 664, 690, 691, 692, 693, 695, 696, 698, 699, 700, 701, 714, 715, 716, 718, 720, 721, 723, 726, 727, 729, 742, 743, 747, 749, 754, 755, 764, 772, 773, 776, 777, 790, 805, 811, 812], [18, 25, 37, 39, 40, 41, 42, 56, 73, 79, 81, 82, 104, 105, 123, 124, 125, 126, 127, 128, 132, 133, 134, 135, 148, 152, 164, 168, 170, 194, 198, 199, 204, 205, 207, 213, 226, 241, 242, 252, 262, 263, 264, 265, 266, 267, 288, 292, 293, 294, 295, 296, 297, 298, 299, 300, 307, 308, 309, 310, 311, 333, 344, 347, 366, 367, 373, 380, 398, 399, 404, 410, 411, 413, 423, 430, 431, 432, 449, 451, 452, 462, 478, 479, 480, 498, 499, 502, 525, 526, 527, 529, 530, 532, 543, 554, 570, 573, 627, 647, 659, 664, 668, 669, 685, 686, 695, 696, 715, 716, 718, 742, 743, 756], [19, 26, 35, 39, 43, 44, 45, 51, 57, 74, 81, 84, 85, 92, 98, 102, 104, 112, 117, 127, 132, 133, 139, 140, 142, 143, 144, 153, 159, 160, 167, 168, 171, 172, 176, 198, 200, 201, 207, 210, 211, 213, 216, 217, 218, 219, 225, 227, 241, 243, 244, 253, 258, 260, 264, 265, 276, 277, 296, 297, 298, 307, 310, 312, 316, 317, 318, 334, 335, 336, 344, 345, 346, 347, 348, 353, 362, 364, 366, 368, 370, 379, 380, 381, 383, 398, 400, 403, 404, 405, 406, 411, 413, 414, 415, 418, 421, 422, 423, 425, 426, 427, 430, 433, 434, 451, 452, 453, 454, 457, 458, 463, 478, 481, 482, 490, 491, 492, 495, 499, 501, 508, 526, 529, 532, 543, 546, 555, 558, 568, 570, 571, 573, 584, 585, 586, 588, 598, 605, 608, 627, 629, 630, 631, 646, 647, 649, 652, 654, 659, 661, 662, 664, 666, 669, 672, 675, 684, 686, 689, 690, 692, 695, 698, 699, 716, 720, 723, 726, 729, 743, 749, 755, 756, 772, 773, 775, 776, 777, 790, 805, 812], [20, 27, 40, 43, 46, 47, 50, 58, 75, 85, 87, 88, 92, 93, 99, 107, 117, 118, 123, 132, 134, 142, 146, 147, 148, 149, 150, 151, 152, 153, 161, 170, 171, 173, 176, 177, 200, 207, 216, 217, 225, 228, 238, 239, 243, 245, 258, 261, 262, 264, 266, 268, 274, 276, 288, 292, 294, 296, 299, 308, 310, 311, 326, 328, 329, 331, 332, 333, 334, 335, 336, 340, 342, 345, 348, 371, 372, 373, 377, 379, 380, 381, 382, 383, 404, 405, 406, 413, 418, 421, 422, 423, 425, 426, 428, 431, 433, 435, 436, 448, 449, 451, 454, 455, 457, 459, 464, 476, 479, 481, 483, 491, 493, 495, 498, 499, 502, 504, 507, 508, 525, 527, 529, 530, 532, 543, 549, 552, 554, 555, 558, 567, 568, 571, 573, 610, 611, 613, 614, 621, 627, 629, 630, 631, 647, 649, 652, 654, 659, 661, 662, 664, 666, 667, 668, 669, 672, 673, 675, 684, 685, 686, 689, 690, 691, 693, 696, 698, 700, 701, 714, 715, 716, 718, 720, 721, 723, 726, 727, 729, 742, 743, 747, 749, 754, 755, 756, 764, 772, 773, 775, 776, 777, 790, 805, 811, 812], [5, 21, 28, 33, 36, 41, 44, 47, 48, 59, 76, 82, 89, 90, 100, 103, 105, 107, 113, 119, 128, 133, 134, 135, 140, 143, 144, 146, 149, 151, 153, 157, 159, 160, 161, 166, 195, 197, 199, 201, 205, 218, 219, 229, 242, 244, 245, 254, 259, 260, 261, 265, 266, 278, 295, 297, 299, 300, 308, 309, 310, 311, 317, 318, 326, 328, 329, 332, 334, 335, 336, 340, 341, 342, 344, 345, 346, 347, 348, 354, 355, 365, 367, 368, 370, 377, 397, 399, 400, 403, 406, 410, 411, 425, 426, 432, 434, 436, 452, 455, 456, 457, 465, 480, 482, 483, 492, 493, 494, 495, 498, 499, 501, 526, 527, 530, 532, 543, 546, 552, 554, 558, 567, 568, 569, 570, 571, 573, 586, 588, 608, 610, 611, 613, 621, 629, 630, 646, 649, 652, 654, 659, 673, 675, 685, 686, 689, 699, 701, 718, 721, 723, 726, 727, 729, 742, 743, 747, 749, 754, 755, 756, 775, 776, 790, 811, 812], [22, 34, 42, 45, 48, 49, 50, 52, 88, 93, 97, 118, 119, 124, 135, 139, 142, 157, 160, 161, 163, 164, 166, 167, 168, 170, 174, 177, 217, 225, 238, 240, 263, 275, 277, 278, 288, 293, 298, 300, 307, 309, 311, 316, 318, 340, 341, 342, 346, 347, 348, 349, 350, 353, 354, 355, 362, 364, 365, 366, 367, 368, 370, 371, 372, 373, 377, 379, 380, 382, 383, 405, 413, 429, 435, 448, 453, 454, 456, 460, 477, 490, 491, 494, 501, 504, 507, 508, 525, 529, 543, 546, 567, 568, 569, 571, 577, 584, 585, 586, 588, 598, 605, 608, 610, 611, 613, 614, 621, 627, 629, 630, 631, 654, 667, 672, 684, 689, 691, 700, 714, 720, 727, 729, 754, 755, 764, 772, 773, 775, 776, 777]!Vessel: FarSymphony
[1, 6, 7, 8, 9, 51, 52, 53, 54, 55, 56, 57, 58, 59, 61, 69, 70, 171, 172, 173, 174, 175, 176, 177, 188, 189, 190, 226, 227, 228, 229, 267, 268, 312, 349, 350, 381, 382, 383, 414, 427, 428, 429, 430, 431, 432, 433, 434, 435, 436, 458, 459, 460, 461, 462, 463, 464, 465, 502, 503, 504, 549, 555, 577, 584, 598, 631, 661, 666, 667, 668, 669, 670, 671, 672, 673, 675, 690, 691, 692, 693, 694, 695, 696, 697, 698, 699, 700, 701, 747, 749, 757, 762, 764, 772, 777, 804, 805, 808, 811, 812, 823], [6, 15, 16, 18, 19, 20, 21, 22, 51, 52, 53, 69, 70, 71, 72, 73, 74, 75, 76, 78, 79, 81, 82, 84, 85, 87, 88, 89, 90, 97, 123, 124, 139, 146, 157, 159, 171, 172, 173, 174, 188, 189, 190, 193, 194, 195, 197, 198, 199, 200, 201, 204, 205, 207, 210, 211, 213, 216, 217, 218, 219, 238, 239, 240, 259, 262, 263, 274, 275, 288, 292, 293, 307, 308, 309, 316, 326, 328, 329, 340, 341, 344, 345, 346, 349, 350, 353, 354, 355, 381, 382, 397, 398, 399, 400, 403, 404, 405, 406, 410, 411, 413, 414, 415, 418, 421, 422, 423, 425, 426, 427, 428, 429, 448, 449, 453, 455, 456, 458, 459, 460, 461, 476, 477, 490, 492, 493, 494, 496, 497, 498, 501, 507, 524, 528, 530, 542, 549, 552, 567, 569, 570, 571, 573, 574, 577, 584, 585, 586, 588, 610, 611, 631, 646, 647, 648, 649, 652, 654, 658, 659, 661, 662, 664, 666, 667, 668, 671, 673, 684, 685, 688, 690, 691, 692, 693, 694, 714, 715, 719, 721, 726, 727, 728, 742, 746, 747, 754, 756, 757, 764, 772, 773, 775, 776, 790, 795, 804, 805, 811, 823], [2, 7, 15, 23, 24, 25, 26, 27, 28, 53, 54, 55, 56, 57, 58, 59, 71, 72, 73, 74, 75, 76, 91, 92, 93, 98, 99, 100, 112, 113, 125, 126, 127, 128, 140, 147, 148, 149, 172, 173, 174, 175, 176, 177, 189, 190, 193, 194, 195, 197, 198, 199, 200, 201, 210, 211, 225, 226, 227, 228, 229, 239, 240, 241, 242, 243, 244, 245, 252, 253, 254, 267, 268, 274, 275, 276, 277, 278, 292, 293, 294, 295, 296, 297, 298, 299, 300, 312, 316, 317, 318, 326, 331, 332, 333, 334, 341, 342, 362, 371, 372, 373, 381, 382, 383, 397, 398, 399, 400, 403, 404, 405, 406, 414, 415, 421, 422, 427, 428, 429, 430, 431, 432, 433, 434, 435, 436, 448, 449, 451, 452, 453, 454, 455, 456, 457, 461, 462, 463, 464, 465, 476, 477, 478, 479, 480, 481, 482, 483, 502, 503, 504, 507, 508, 524, 525, 526, 527, 528, 529, 530, 532, 533, 546, 549, 552, 554, 555, 558, 567, 568, 569, 570, 577, 584, 585, 586, 598, 605, 612, 613, 614, 621, 631, 646, 647, 648, 649, 652, 654, 661, 662, 666, 667, 668, 669, 670, 671, 672, 673, 675, 684, 685, 686, 688, 689, 692, 693, 694, 695, 696, 697, 698, 699, 700, 701, 714, 715, 716, 717, 718, 719, 720, 721, 723, 742, 743, 746, 747, 749, 754, 755, 756, 757, 762, 764, 773, 777, 790, 805, 808, 811, 812, 823], [3, 8, 16, 23, 30, 33, 34, 37, 54, 61, 69, 71, 78, 79, 89, 91, 97, 98, 99, 100, 102, 103, 104, 105, 107, 125, 143, 150, 152, 163, 164, 166, 175, 188, 189, 193, 194, 195, 204, 205, 210, 213, 218, 226, 227, 228, 229, 238, 239, 240, 241, 242, 243, 244, 245, 252, 253, 254, 258, 259, 260, 261, 262, 263, 264, 265, 266, 328, 331, 333, 335, 349, 354, 362, 364, 365, 366, 367, 368, 371, 397, 398, 399, 400, 410, 411, 415, 418, 421, 423, 425, 427, 428, 429, 430, 431, 432, 433, 434, 435, 436, 448, 449, 451, 452, 453, 454, 455, 456, 457, 458, 459, 460, 461, 462, 463, 464, 465, 476, 477, 478, 479, 480, 481, 482, 483, 490, 491, 492, 493, 494, 495, 496, 497, 498, 499, 501, 554, 598, 605, 608, 610, 612, 613, 614, 627, 629, 646, 647, 648, 649, 658, 659, 662, 664, 666, 667, 668, 669, 670, 671, 672, 673, 675, 684, 685, 686, 688, 689, 690, 691, 692, 693, 694, 695, 696, 697, 698, 699, 700, 701, 714, 715, 716, 717, 718, 719, 720, 721, 723, 726, 727, 728, 729, 762, 775, 790, 795, 804, 805, 808, 811, 812], [4, 9, 24, 30, 35, 36, 46, 49, 55, 61, 70, 72, 78, 84, 87, 90, 91, 102, 103, 112, 113, 117, 118, 119, 126, 144, 147, 150, 151, 163, 167, 175, 188, 190, 193, 197, 204, 211, 216, 219, 252, 253, 254, 258, 259, 260, 261, 267, 268, 274, 275, 276, 277, 278, 294, 295, 312, 317, 329, 331, 332, 336, 350, 353, 355, 364, 365, 370, 372, 377, 379, 397, 403, 410, 414, 415, 418, 422, 426, 458, 459, 460, 461, 462, 463, 464, 465, 476, 477, 478, 479, 480, 481, 482, 483, 490, 491, 492, 493, 494, 495, 502, 503, 504, 507, 508, 525, 526, 527, 546, 549, 552, 555, 558, 569, 577, 585, 588, 605, 608, 611, 614, 621, 630, 646, 652, 658, 661, 662, 664, 690, 691, 692, 693, 694, 695, 696, 697, 698, 699, 700, 701, 714, 715, 716, 717, 718, 719, 720, 721, 723, 726, 727, 728, 729, 742, 743, 746, 747, 749, 754, 755, 757, 762, 764, 772, 773, 776, 777, 790, 795, 804, 805, 808, 811, 812, 823], [18, 25, 37, 39, 40, 41, 42, 56, 73, 79, 81, 82, 104, 105, 123, 124, 125, 126, 127, 128, 132, 133, 134, 135, 148, 152, 164, 168, 170, 194, 198, 199, 204, 205, 207, 213, 226, 241, 242, 252, 262, 263, 264, 265, 266, 267, 288, 292, 293, 294, 295, 296, 297, 298, 299, 300, 307, 308, 309, 310, 311, 333, 344, 347, 366, 367, 373, 380, 398, 399, 404, 410, 411, 413, 423, 430, 431, 432, 449, 451, 452, 462, 478, 479, 480, 496, 497, 498, 499, 502, 503, 524, 525, 526, 527, 528, 529, 530, 532, 533, 542, 543, 554, 570, 573, 574, 612, 627, 647, 648, 658, 659, 664, 668, 669, 670, 685, 686, 695, 696, 697, 715, 716, 717, 718, 742, 743, 756, 795, 808], [19, 26, 35, 39, 43, 44, 45, 51, 57, 74, 81, 84, 85, 92, 98, 102, 104, 112, 117, 127, 132, 133, 139, 140, 142, 143, 144, 153, 159, 160, 167, 168, 171, 172, 176, 198, 200, 201, 207, 210, 211, 213, 216, 217, 218, 219, 225, 227, 241, 243, 244, 253, 258, 260, 264, 265, 276, 277, 296, 297, 298, 307, 310, 312, 316, 317, 318, 334, 335, 336, 344, 345, 346, 347, 348, 353, 362, 364, 366, 368, 370, 379, 380, 381, 383, 398, 400, 403, 404, 405, 406, 411, 413, 414, 415, 418, 421, 422, 423, 425, 426, 427, 430, 433, 434, 451, 452, 453, 454, 457, 458, 463, 478, 481, 482, 490, 491, 492, 495, 497, 499, 501, 508, 526, 528, 529, 532, 543, 546, 555, 558, 568, 570, 571, 573, 574, 584, 585, 586, 588, 598, 605, 608, 627, 629, 630, 631, 646, 647, 648, 649, 652, 654, 658, 659, 661, 662, 664, 666, 669, 670, 671, 672, 675, 684, 686, 689, 690, 692, 695, 698, 699, 716, 717, 719, 720, 723, 726, 728, 729, 743, 746, 749, 755, 756, 757, 762, 772, 773, 775, 776, 777, 790, 795, 804, 805, 808, 812, 823], [20, 27, 40, 43, 46, 47, 50, 58, 75, 85, 87, 88, 92, 93, 99, 107, 117, 118, 123, 132, 134, 142, 146, 147, 148, 149, 150, 151, 152, 153, 161, 170, 171, 173, 176, 177, 200, 207, 216, 217, 225, 228, 238, 239, 243, 245, 258, 261, 262, 264, 266, 268, 274, 276, 288, 292, 294, 296, 299, 308, 310, 311, 326, 328, 329, 331, 332, 333, 334, 335, 336, 340, 342, 345, 348, 371, 372, 373, 377, 379, 380, 381, 382, 383, 404, 405, 406, 413, 418, 421, 422, 423, 425, 426, 428, 431, 433, 435, 436, 448, 449, 451, 454, 455, 457, 459, 464, 476, 479, 481, 483, 491, 493, 495, 496, 498, 499, 502, 504, 507, 508, 524, 525, 527, 529, 530, 532, 533, 542, 543, 549, 552, 554, 555, 558, 567, 568, 571, 573, 610, 611, 612, 613, 614, 621, 627, 629, 630, 631, 647, 649, 652, 654, 659, 661, 662, 664, 666, 667, 668, 669, 672, 673, 675, 684, 685, 686, 688, 689, 690, 691, 693, 696, 698, 700, 701, 714, 715, 716, 718, 720, 721, 723, 726, 727, 729, 742, 743, 747, 749, 754, 755, 756, 764, 772, 773, 775, 776, 777, 790, 795, 804, 805, 808, 811, 812, 823], [5, 21, 28, 33, 36, 41, 44, 47, 48, 59, 76, 82, 89, 90, 100, 103, 105, 107, 113, 119, 128, 133, 134, 135, 140, 143, 144, 146, 149, 151, 153, 157, 159, 160, 161, 166, 195, 197, 199, 201, 205, 218, 219, 229, 242, 244, 245, 254, 259, 260, 261, 265, 266, 278, 295, 297, 299, 300, 308, 309, 310, 311, 317, 318, 326, 328, 329, 332, 334, 335, 336, 340, 341, 342, 344, 345, 346, 347, 348, 354, 355, 365, 367, 368, 370, 377, 397, 399, 400, 403, 406, 410, 411, 425, 426, 432, 434, 436, 452, 455, 456, 457, 465, 480, 482, 483, 492, 493, 494, 495, 498, 499, 501, 526, 527, 530, 532, 533, 542, 543, 546, 552, 554, 558, 567, 568, 569, 570, 571, 573, 574, 586, 588, 608, 610, 611, 613, 621, 629, 630, 646, 648, 649, 652, 654, 658, 659, 670, 673, 675, 685, 686, 688, 689, 697, 699, 701, 717, 718, 721, 723, 726, 727, 728, 729, 742, 743, 746, 747, 749, 754, 755, 756, 775, 776, 790, 795, 811, 812], [22, 34, 42, 45, 48, 49, 50, 52, 88, 93, 97, 118, 119, 124, 135, 139, 142, 157, 160, 161, 163, 164, 166, 167, 168, 170, 174, 177, 217, 225, 238, 240, 263, 275, 277, 278, 288, 293, 298, 300, 307, 309, 311, 316, 318, 340, 341, 342, 346, 347, 348, 349, 350, 353, 354, 355, 362, 364, 365, 366, 367, 368, 370, 371, 372, 373, 377, 379, 380, 382, 383, 405, 413, 429, 435, 448, 453, 454, 456, 460, 477, 490, 491, 494, 496, 497, 501, 503, 504, 507, 508, 524, 525, 528, 529, 533, 542, 543, 546, 567, 568, 569, 571, 574, 577, 584, 585, 586, 588, 598, 605, 608, 610, 611, 612, 613, 614, 621, 627, 629, 630, 631, 654, 667, 671, 672, 684, 688, 689, 691, 694, 700, 714, 719, 720, 727, 728, 729, 746, 754, 755, 757, 762, 764, 772, 773, 775, 776, 777, 804, 823]!Vessel: HavilaForesight
[1, 6, 7, 8, 9, 51, 52, 53, 54, 55, 56, 57, 58, 59, 61, 69, 70, 171, 172, 173, 174, 175, 176, 177, 188, 189, 190, 226, 227, 228, 229, 267, 268, 312, 349, 350, 381, 382, 383, 414, 427, 428, 430, 431, 432, 433, 434, 435, 436, 458, 459, 460, 461, 462, 463, 464, 465, 502, 504, 549, 555, 577, 584, 598, 661, 666, 669, 673, 675, 690, 692, 693, 698, 699, 701, 747, 749, 772, 777, 805, 812], [6, 15, 16, 18, 19, 20, 21, 22, 51, 52, 53, 69, 70, 71, 72, 73, 74, 75, 76, 78, 79, 81, 82, 84, 85, 87, 88, 89, 90, 97, 123, 124, 139, 146, 157, 159, 171, 172, 173, 174, 188, 189, 190, 193, 194, 195, 197, 198, 199, 200, 201, 204, 205, 207, 210, 211, 213, 216, 217, 218, 219, 238, 239, 240, 259, 262, 274, 275, 288, 292, 307, 308, 316, 326, 328, 329, 340, 341, 344, 345, 346, 349, 350, 353, 354, 355, 381, 382, 397, 398, 400, 403, 404, 405, 406, 410, 411, 414, 415, 418, 421, 422, 423, 425, 426, 427, 428, 448, 449, 453, 455, 458, 459, 460, 461, 476, 490, 492, 493, 498, 507, 530, 549, 552, 567, 570, 571, 573, 577, 584, 585, 588, 610, 611, 646, 649, 652, 661, 662, 664, 666, 673, 690, 692, 693, 721, 726, 747, 772, 790, 805], [2, 7, 15, 23, 24, 25, 26, 27, 28, 53, 54, 55, 56, 57, 58, 59, 71, 72, 73, 74, 75, 76, 91, 92, 93, 98, 99, 100, 112, 113, 125, 126, 127, 128, 140, 147, 148, 149, 172, 173, 174, 175, 176, 177, 189, 190, 193, 194, 195, 197, 198, 199, 200, 201, 210, 211, 225, 226, 227, 228, 229, 239, 240, 241, 242, 243, 244, 245, 252, 253, 254, 267, 268, 274, 275, 276, 277, 278, 292, 294, 295, 296, 297, 298, 299, 312, 316, 317, 318, 326, 331, 332, 333, 334, 341, 342, 362, 371, 372, 373, 381, 382, 383, 397, 398, 400, 403, 404, 405, 406, 414, 415, 421, 422, 427, 428, 430, 431, 432, 433, 434, 435, 436, 448, 449, 451, 452, 453, 454, 455, 457, 461, 462, 463, 464, 465, 476, 478, 479, 480, 481, 482, 483, 502, 504, 507, 508, 526, 527, 530, 532, 546, 549, 552, 554, 555, 558, 567, 568, 570, 577, 584, 585, 598, 605, 613, 614, 621, 646, 649, 652, 661, 662, 666, 669, 673, 675, 692, 693, 698, 699, 701, 716, 721, 723, 747, 749, 777, 790, 805, 812], [3, 8, 16, 23, 30, 33, 34, 37, 54, 61, 69, 71, 78, 79, 89, 91, 97, 98, 99, 100, 102, 103, 104, 105, 107, 125, 143, 150, 152, 163, 164, 166, 175, 188, 189, 193, 194, 195, 204, 205, 210, 213, 218, 226, 227, 228, 229, 238, 239, 240, 241, 242, 243, 244, 245, 252, 253, 254, 258, 259, 260, 261, 262, 264, 265, 266, 328, 331, 333, 335, 349, 354, 362, 364, 365, 368, 371, 397, 398, 400, 410, 411, 415, 418, 421, 423, 425, 427, 428, 430, 431, 432, 433, 434, 435, 436, 448, 449, 451, 452, 453, 454, 455, 457, 458, 459, 460, 461, 462, 463, 464, 465, 476, 478, 479, 480, 481, 482, 483, 490, 491, 492, 493, 495, 498, 499, 554, 598, 605, 608, 610, 613, 614, 629, 646, 649, 662, 664, 666, 669, 673, 675, 690, 692, 693, 698, 699, 701, 716, 721, 723, 726, 790, 805, 812], [4, 9, 24, 30, 35, 36, 46, 49, 55, 61, 70, 72, 78, 84, 87, 90, 91, 102, 103, 112, 113, 117, 118, 119, 126, 144, 147, 150, 151, 163, 167, 175, 188, 190, 193, 197, 204, 211, 216, 219, 252, 253, 254, 258, 259, 260, 261, 267, 268, 274, 275, 276, 277, 278, 294, 295, 312, 317, 329, 331, 332, 336, 350, 353, 355, 364, 365, 370, 372, 377, 379, 397, 403, 410, 414, 415, 418, 422, 426, 458, 459, 460, 461, 462, 463, 464, 465, 476, 478, 479, 480, 481, 482, 483, 490, 491, 492, 493, 495, 502, 504, 507, 508, 526, 527, 546, 549, 552, 555, 558, 577, 585, 588, 605, 608, 611, 614, 621, 630, 646, 652, 661, 662, 664, 690, 692, 693, 698, 699, 701, 716, 721, 723, 726, 747, 749, 772, 777, 790, 805, 812], [18, 25, 37, 39, 40, 41, 42, 56, 73, 79, 81, 82, 104, 105, 123, 124, 125, 126, 127, 128, 132, 133, 134, 135, 148, 152, 164, 168, 170, 194, 198, 199, 204, 205, 207, 213, 226, 241, 242, 252, 262, 264, 265, 266, 267, 288, 292, 294, 295, 296, 297, 298, 299, 307, 308, 310, 311, 333, 344, 373, 380, 398, 404, 410, 411, 423, 430, 431, 432, 449, 451, 452, 462, 478, 479, 480, 498, 499, 502, 526, 527, 530, 532, 554, 570, 573, 664, 669, 716], [19, 26, 35, 39, 43, 44, 45, 51, 57, 74, 81, 84, 85, 92, 98, 102, 104, 112, 117, 127, 132, 133, 139, 140, 142, 143, 144, 153, 159, 160, 167, 168, 171, 172, 176, 198, 200, 201, 207, 210, 211, 213, 216, 217, 218, 219, 225, 227, 241, 243, 244, 253, 258, 260, 264, 265, 276, 277, 296, 297, 298, 307, 310, 312, 316, 317, 318, 334, 335, 336, 344, 345, 346, 348, 353, 362, 364, 368, 370, 379, 380, 381, 383, 398, 400, 403, 404, 405, 406, 411, 414, 415, 418, 421, 422, 423, 425, 426, 427, 430, 433, 434, 451, 452, 453, 454, 457, 458, 463, 478, 481, 482, 490, 491, 492, 495, 499, 508, 526, 532, 546, 555, 558, 568, 570, 571, 573, 584, 585, 588, 598, 605, 608, 629, 630, 646, 649, 652, 661, 662, 664, 666, 669, 675, 690, 692, 698, 699, 716, 723, 726, 749, 772, 777, 790, 805, 812], [20, 27, 40, 43, 46, 47, 50, 58, 75, 85, 87, 88, 92, 93, 99, 107, 117, 118, 123, 132, 134, 142, 146, 147, 148, 149, 150, 151, 152, 153, 161, 170, 171, 173, 176, 177, 200, 207, 216, 217, 225, 228, 238, 239, 243, 245, 258, 261, 262, 264, 266, 268, 274, 276, 288, 292, 294, 296, 299, 308, 310, 311, 326, 328, 329, 331, 332, 333, 334, 335, 336, 340, 342, 345, 348, 371, 372, 373, 377, 379, 380, 381, 382, 383, 404, 405, 406, 418, 421, 422, 423, 425, 426, 428, 431, 433, 435, 436, 448, 449, 451, 454, 455, 457, 459, 464, 476, 479, 481, 483, 491, 493, 495, 498, 499, 502, 504, 507, 508, 527, 530, 532, 549, 552, 554, 555, 558, 567, 568, 571, 573, 610, 611, 613, 614, 621, 629, 630, 649, 652, 661, 662, 664, 666, 669, 673, 675, 690, 693, 698, 701, 716, 721, 723, 726, 747, 749, 772, 777, 790, 805, 812], [5, 21, 28, 33, 36, 41, 44, 47, 48, 59, 76, 82, 89, 90, 100, 103, 105, 107, 113, 119, 128, 133, 134, 135, 140, 143, 144, 146, 149, 151, 153, 157, 159, 160, 161, 166, 195, 197, 199, 201, 205, 218, 219, 229, 242, 244, 245, 254, 259, 260, 261, 265, 266, 278, 295, 297, 299, 308, 310, 311, 317, 318, 326, 328, 329, 332, 334, 335, 336, 340, 341, 342, 344, 345, 346, 348, 354, 355, 365, 368, 370, 377, 397, 400, 403, 406, 410, 411, 425, 426, 432, 434, 436, 452, 455, 457, 465, 480, 482, 483, 492, 493, 495, 498, 499, 526, 527, 530, 532, 546, 552, 554, 558, 567, 568, 570, 571, 573, 588, 608, 610, 611, 613, 621, 629, 630, 646, 649, 652, 673, 675, 699, 701, 721, 723, 726, 747, 749, 790, 812], [22, 34, 42, 45, 48, 49, 50, 52, 88, 93, 97, 118, 119, 124, 135, 139, 142, 157, 160, 161, 163, 164, 166, 167, 168, 170, 174, 177, 217, 225, 238, 240, 275, 277, 278, 288, 298, 307, 311, 316, 318, 340, 341, 342, 346, 348, 349, 350, 353, 354, 355, 362, 364, 365, 368, 370, 371, 372, 373, 377, 379, 380, 382, 383, 405, 435, 448, 453, 454, 460, 490, 491, 504, 507, 508, 546, 567, 568, 571, 577, 584, 585, 588, 598, 605, 608, 610, 611, 613, 614, 621, 629, 630, 772, 777]!Vessel: FarStar
] 

Rvl : [
!l : 2, 3
[1, 2, 3, 4, 5, 6, 7, 8, 9, 15, 16, 18, 19, 20, 21, 22, 23, 24, 25, 26, 27, 28, 30, 33, 34, 35, 36, 37, 39, 40, 41, 42, 43, 44, 45, 46, 47, 48, 49, 50, 51, 52, 53, 55, 56, 57, 58, 59, 69, 70, 71, 72, 73, 74, 75, 76, 79, 81, 82, 84, 85, 87, 88, 90, 92, 93, 98, 99, 102, 104, 112, 113, 117, 118, 119, 123, 124, 125, 126, 127, 128, 132, 133, 134, 135, 139, 140, 142, 144, 146, 147, 148, 149, 150, 151, 152, 153, 157, 159, 160, 161, 167, 168, 170, 171, 172, 173, 174, 176, 177, 190, 198, 199, 200, 201, 207, 211, 216, 217, 225, 267, 268, 274, 275, 276, 288, 292, 293, 294, 296, 297, 298, 299, 300, 307, 308, 309, 310, 311, 312, 316, 318, 326, 334, 336, 340, 341, 342, 344, 345, 346, 347, 348, 350, 353, 372, 373, 379, 380, 381, 382, 383, 404, 405, 406, 413, 524, 528, 529, 530, 531, 532, 533, 542, 543, 567, 568, 570, 571, 573, 574, 584, 586, 631, 653], [54, 61, 78, 89, 91, 97, 100, 103, 105, 107, 143, 163, 164, 166, 175, 188, 189, 193, 194, 195, 197, 204, 205, 210, 213, 218, 219, 226, 227, 228, 229, 238, 239, 240, 241, 242, 243, 244, 245, 252, 253, 254, 258, 259, 260, 261, 262, 263, 264, 265, 266, 277, 278, 295, 317, 328, 329, 331, 332, 333, 335, 349, 354, 355, 362, 364, 365, 366, 367, 368, 370, 371, 377, 397, 398, 399, 400, 403, 410, 411, 414, 415, 418, 421, 422, 423, 425, 426, 427, 428, 429, 430, 431, 432, 433, 434, 435, 436, 448, 449, 450, 451, 452, 453, 454, 455, 456, 457, 458, 459, 460, 461, 462, 463, 464, 465, 476, 477, 478, 479, 480, 481, 482, 483, 490, 491, 492, 493, 494, 495, 496, 497, 498, 499, 501, 502, 503, 504, 507, 508, 525, 526, 527, 546, 549, 552, 554, 555, 558, 569, 577, 585, 588, 598, 605, 608, 609, 610, 611, 612, 613, 614, 621, 627, 629, 630, 646, 647, 648, 649, 652, 654, 658, 659, 661, 662, 664, 666, 667, 668, 669, 670, 671, 672, 673, 674, 675, 684, 685, 686, 687, 688, 689, 690, 691, 692, 693, 694, 695, 696, 697, 698, 699, 700, 701, 714, 715, 716, 717, 718, 719, 720, 721, 722, 723, 726, 727, 728, 729, 742, 743, 746, 747, 749, 754, 755, 756, 757, 762, 764, 772, 773, 775, 776, 777, 779, 780, 790, 791, 793, 795, 799, 800, 801, 802, 804, 805, 806, 807, 808, 809, 810, 811, 812, 819, 820, 821, 822, 823]!Vessel: FarSeeker
[1, 2, 3, 4, 5, 6, 7, 8, 9, 15, 16, 18, 19, 20, 21, 22, 23, 24, 25, 26, 27, 28, 30, 33, 34, 35, 36, 37, 39, 40, 41, 42, 43, 44, 45, 46, 47, 48, 49, 50, 51, 52, 53, 55, 56, 57, 58, 59, 69, 70, 71, 72, 73, 74, 75, 76, 79, 81, 82, 84, 85, 87, 88, 90, 92, 93, 98, 99, 102, 104, 112, 113, 117, 118, 119, 123, 124, 125, 126, 127, 128, 132, 133, 134, 135, 139, 140, 142, 144, 146, 147, 148, 149, 150, 151, 152, 153, 157, 159, 160, 161, 167, 168, 170, 171, 172, 173, 174, 176, 177, 190, 198, 199, 200, 201, 207, 211, 216, 217, 225, 267, 268, 274, 275, 276, 288, 292, 293, 294, 296, 297, 298, 299, 300, 307, 308, 309, 310, 311, 312, 316, 318, 326, 334, 336, 340, 341, 342, 344, 345, 346, 347, 348, 350, 353, 372, 373, 379, 380, 381, 382, 383, 404, 405, 406, 413, 524, 528, 529, 530, 531, 532, 533, 542, 543, 567, 568, 570, 571, 573, 574, 584, 586, 631, 653], [54, 61, 78, 89, 91, 97, 100, 103, 105, 107, 143, 163, 164, 166, 175, 188, 189, 193, 194, 195, 197, 204, 205, 210, 213, 218, 219, 226, 227, 228, 229, 238, 239, 240, 241, 242, 243, 244, 245, 252, 253, 254, 258, 259, 260, 261, 262, 263, 264, 265, 266, 277, 278, 295, 317, 328, 329, 331, 332, 333, 335, 349, 354, 355, 362, 364, 365, 366, 367, 368, 370, 371, 377, 397, 398, 399, 400, 403, 410, 411, 414, 415, 418, 421, 422, 423, 425, 426, 427, 428, 429, 430, 431, 432, 433, 434, 435, 436, 448, 449, 450, 451, 452, 453, 454, 455, 456, 457, 458, 459, 460, 461, 462, 463, 464, 465, 476, 477, 478, 479, 480, 481, 482, 483, 490, 491, 492, 493, 494, 495, 496, 497, 498, 499, 501, 502, 503, 504, 507, 508, 525, 526, 527, 546, 549, 552, 554, 555, 558, 569, 577, 585, 588, 598, 605, 608, 609, 610, 611, 612, 613, 614, 621, 627, 629, 630, 646, 647, 648, 649, 652, 654, 658, 659, 661, 662, 664, 666, 667, 668, 669, 670, 671, 672, 673, 674, 675, 684, 685, 686, 687, 688, 689, 690, 691, 692, 693, 694, 695, 696, 697, 698, 699, 700, 701, 714, 715, 716, 717, 718, 719, 720, 721, 722, 723, 726, 727, 728, 729, 742, 743, 746, 747, 749, 754, 755, 756, 757, 762, 764, 772, 773, 775, 776, 777, 779, 780, 790, 791, 793, 795, 799, 800, 801, 802, 804, 805, 806, 807, 808, 809, 810, 811, 812, 819, 820, 821, 822, 823]!Vessel: FarSearcher
[1, 2, 3, 4, 5, 6, 7, 8, 9, 15, 16, 18, 19, 20, 21, 22, 23, 24, 25, 26, 27, 28, 30, 33, 34, 35, 36, 37, 39, 40, 41, 42, 43, 44, 45, 46, 47, 48, 49, 50, 51, 52, 53, 55, 56, 57, 58, 59, 69, 70, 71, 72, 73, 74, 75, 76, 79, 81, 82, 84, 85, 87, 88, 90, 92, 93, 98, 99, 102, 104, 112, 113, 117, 118, 119, 123, 124, 125, 126, 127, 128, 132, 133, 134, 135, 139, 140, 142, 144, 146, 147, 148, 149, 150, 151, 152, 153, 157, 159, 160, 161, 167, 168, 170, 171, 172, 173, 174, 176, 177, 190, 198, 199, 200, 201, 207, 211, 216, 217, 225, 267, 268, 274, 275, 276, 288, 292, 293, 294, 296, 297, 298, 299, 300, 307, 308, 309, 310, 311, 312, 316, 318, 326, 334, 336, 340, 341, 342, 344, 345, 346, 347, 348, 350, 353, 372, 373, 379, 380, 381, 382, 383, 404, 405, 406, 413, 529, 530, 532, 543, 567, 568, 570, 571, 573, 584, 586, 631], [54, 61, 78, 89, 91, 97, 100, 103, 105, 107, 143, 163, 164, 166, 175, 188, 189, 193, 194, 195, 197, 204, 205, 210, 213, 218, 219, 226, 227, 228, 229, 238, 239, 240, 241, 242, 243, 244, 245, 252, 253, 254, 258, 259, 260, 261, 262, 263, 264, 265, 266, 277, 278, 295, 317, 328, 329, 331, 332, 333, 335, 349, 354, 355, 362, 364, 365, 366, 367, 368, 370, 371, 377, 397, 398, 399, 400, 403, 410, 411, 414, 415, 418, 421, 422, 423, 425, 426, 427, 428, 429, 430, 431, 432, 433, 434, 435, 436, 448, 449, 451, 452, 453, 454, 455, 456, 457, 458, 459, 460, 461, 462, 463, 464, 465, 476, 477, 478, 479, 480, 481, 482, 483, 490, 491, 492, 493, 494, 495, 498, 499, 501, 502, 504, 507, 508, 525, 526, 527, 546, 549, 552, 554, 555, 558, 569, 577, 585, 588, 598, 605, 608, 610, 611, 613, 614, 621, 627, 629, 630, 646, 647, 649, 652, 654, 659, 661, 662, 664, 666, 667, 668, 669, 672, 673, 675, 684, 685, 686, 689, 690, 691, 692, 693, 695, 696, 698, 699, 700, 701, 714, 715, 716, 718, 720, 721, 723, 726, 727, 729, 742, 743, 747, 749, 754, 755, 756, 764, 772, 773, 775, 776, 777, 790, 805, 811, 812]!Vessel: FarSymphony
[1, 2, 3, 4, 5, 6, 7, 8, 9, 15, 16, 18, 19, 20, 21, 22, 23, 24, 25, 26, 27, 28, 30, 33, 34, 35, 36, 37, 39, 40, 41, 42, 43, 44, 45, 46, 47, 48, 49, 50, 51, 52, 53, 55, 56, 57, 58, 59, 69, 70, 71, 72, 73, 74, 75, 76, 79, 81, 82, 84, 85, 87, 88, 90, 92, 93, 98, 99, 102, 104, 112, 113, 117, 118, 119, 123, 124, 125, 126, 127, 128, 132, 133, 134, 135, 139, 140, 142, 144, 146, 147, 148, 149, 150, 151, 152, 153, 157, 159, 160, 161, 167, 168, 170, 171, 172, 173, 174, 176, 177, 190, 198, 199, 200, 201, 207, 211, 216, 217, 225, 267, 268, 274, 275, 276, 288, 292, 293, 294, 296, 297, 298, 299, 300, 307, 308, 309, 310, 311, 312, 316, 318, 326, 334, 336, 340, 341, 342, 344, 345, 346, 347, 348, 350, 353, 372, 373, 379, 380, 381, 382, 383, 404, 405, 406, 413, 524, 528, 529, 530, 532, 533, 542, 543, 567, 568, 570, 571, 573, 574, 584, 586, 631], [54, 61, 78, 89, 91, 97, 100, 103, 105, 107, 143, 163, 164, 166, 175, 188, 189, 193, 194, 195, 197, 204, 205, 210, 213, 218, 219, 226, 227, 228, 229, 238, 239, 240, 241, 242, 243, 244, 245, 252, 253, 254, 258, 259, 260, 261, 262, 263, 264, 265, 266, 277, 278, 295, 317, 328, 329, 331, 332, 333, 335, 349, 354, 355, 362, 364, 365, 366, 367, 368, 370, 371, 377, 397, 398, 399, 400, 403, 410, 411, 414, 415, 418, 421, 422, 423, 425, 426, 427, 428, 429, 430, 431, 432, 433, 434, 435, 436, 448, 449, 451, 452, 453, 454, 455, 456, 457, 458, 459, 460, 461, 462, 463, 464, 465, 476, 477, 478, 479, 480, 481, 482, 483, 490, 491, 492, 493, 494, 495, 496, 497, 498, 499, 501, 502, 503, 504, 507, 508, 525, 526, 527, 546, 549, 552, 554, 555, 558, 569, 577, 585, 588, 598, 605, 608, 610, 611, 612, 613, 614, 621, 627, 629, 630, 646, 647, 648, 649, 652, 654, 658, 659, 661, 662, 664, 666, 667, 668, 669, 670, 671, 672, 673, 675, 684, 685, 686, 688, 689, 690, 691, 692, 693, 694, 695, 696, 697, 698, 699, 700, 701, 714, 715, 716, 717, 718, 719, 720, 721, 723, 726, 727, 728, 729, 742, 743, 746, 747, 749, 754, 755, 756, 757, 762, 764, 772, 773, 775, 776, 777, 790, 795, 804, 805, 808, 811, 812, 823]!Vessel: HavilaForesight
[1, 2, 3, 4, 5, 6, 7, 8, 9, 15, 16, 18, 19, 20, 21, 22, 23, 24, 25, 26, 27, 28, 30, 33, 34, 35, 36, 37, 39, 40, 41, 42, 43, 44, 45, 46, 47, 48, 49, 50, 51, 52, 53, 55, 56, 57, 58, 59, 69, 70, 71, 72, 73, 74, 75, 76, 79, 81, 82, 84, 85, 87, 88, 90, 92, 93, 98, 99, 102, 104, 112, 113, 117, 118, 119, 123, 124, 125, 126, 127, 128, 132, 133, 134, 135, 139, 140, 142, 144, 146, 147, 148, 149, 150, 151, 152, 153, 157, 159, 160, 161, 167, 168, 170, 171, 172, 173, 174, 176, 177, 190, 198, 199, 200, 201, 207, 211, 216, 217, 225, 267, 268, 274, 275, 276, 288, 292, 294, 296, 297, 298, 299, 307, 308, 310, 311, 312, 316, 318, 326, 334, 336, 340, 341, 342, 344, 345, 346, 348, 350, 353, 372, 373, 379, 380, 381, 382, 383, 404, 405, 406, 530, 532, 567, 568, 570, 571, 573, 584], [54, 61, 78, 89, 91, 97, 100, 103, 105, 107, 143, 163, 164, 166, 175, 188, 189, 193, 194, 195, 197, 204, 205, 210, 213, 218, 219, 226, 227, 228, 229, 238, 239, 240, 241, 242, 243, 244, 245, 252, 253, 254, 258, 259, 260, 261, 262, 264, 265, 266, 277, 278, 295, 317, 328, 329, 331, 332, 333, 335, 349, 354, 355, 362, 364, 365, 368, 370, 371, 377, 397, 398, 400, 403, 410, 411, 414, 415, 418, 421, 422, 423, 425, 426, 427, 428, 430, 431, 432, 433, 434, 435, 436, 448, 449, 451, 452, 453, 454, 455, 457, 458, 459, 460, 461, 462, 463, 464, 465, 476, 478, 479, 480, 481, 482, 483, 490, 491, 492, 493, 495, 498, 499, 502, 504, 507, 508, 526, 527, 546, 549, 552, 554, 555, 558, 577, 585, 588, 598, 605, 608, 610, 611, 613, 614, 621, 629, 630, 646, 649, 652, 661, 662, 664, 666, 669, 673, 675, 690, 692, 693, 698, 699, 701, 716, 721, 723, 726, 747, 749, 772, 777, 790, 805, 812]!Vessel: FarStar
] 

minF : 1
maxF : 6
Nf : [
!f : 1, 2, 3, 4, 5, 6
[10], [5, 6], [], [], [2, 3, 4, 7], [1, 8, 9]
]

! Parameters
VoyageCost: [37970, 39085, 64838, 53931, 37570, 44429, 45544, 73722, 62814, 42817, 43726, 43120, 46453, 44696, 43120, 73722, 62814, 40394, 38879, 38273, 44029, 39848, 74837, 63929, 43932, 42418, 44235, 47568, 45811, 72716, 73019, 72413, 75746, 73988, 62111, 64838, 72110, 61202, 39691, 41509, 44841, 43084, 37570, 43326, 41569, 61505, 45144, 46720, 65505, 38539, 50186, 51156, 49580, 81296, 70389, 50392, 48877, 50695, 54028, 52271, 81599, 49277, 48574, 48877, 49580, 49847, 52913, 52210, 80181, 69274, 78872, 67965, 47968, 46453, 48271, 51604, 49847, 81599, 78569, 67662, 46150, 51301, 79478, 68571, 44029, 78872, 67965, 44999, 82205, 71298, 82714, 47568, 50962, 78569, 78872, 80448, 80448, 78169, 79987, 83320, 79987, 80896, 83623, 77867, 83017, 78169, 83320, 67662, 67965, 69541, 69541, 67262, 72413, 70656, 66959, 70353, 67262, 68232, 73988, 47968, 51301, 49544, 45544, 47120, 79684, 68777, 47265, 52416, 50659, 68777, 72110, 44841, 50598, 52416, 53991, 79478, 68571, 50453, 45605, 50901, 49144, 44296, 81502, 70595, 51604, 49180, 69080, 49083, 52719, 80290, 72413, 79684, 48477, 82205, 71298, 53179, 50756, 54294, 49786, 52477, 51871, 81563, 81866, 81260, 82169, 84896, 71261, 48841, 79139, 48235, 55337, 55337, 54731, 56306, 89174, 54028, 57421, 55034, 54428, 56003, 53725, 55603, 56306, 58670, 58064, 59639, 57361, 88059, 85332, 74425, 54428, 58064, 86750, 86144, 89780, 75237, 78872, 53725, 58876, 51604, 57361, 74122, 57761, 86447, 89477, 78569, 51301, 85938, 75031, 84629, 73722, 87356, 84326, 73419, 84629, 73722, 50756, 87962, 77055, 85332, 74425, 86750, 88665, 77757, 54294, 86144, 84629, 86447, 89780, 88022, 85029, 84326, 86144, 89477, 84629, 85599, 87962, 85599, 84023, 85599, 85441, 90592, 83320, 89077, 90895, 86447, 87356, 86750, 90083, 88325, 88325, 87562, 86047, 91198, 85744, 87562, 90895, 86047, 90083, 89380, 91198, 83720, 85296, 83017, 88774, 90592, 75237, 75540, 77115, 76812, 74691, 77055, 74691, 73116, 74691, 72413, 76412, 81563, 72813, 74388, 72110, 75237, 78569, 54694, 57058, 58876, 60451, 52271, 55543, 58876, 57118, 53119, 54694, 76352, 79684, 52416, 58173, 56415, 59991, 61566, 74534, 77927, 75503, 77867, 79684, 81260, 52877, 56452, 58027, 55749, 59142, 73722, 53725, 57361, 55603, 53179, 78169, 60051, 77721, 73419, 55300, 73722, 58936, 89780, 78872, 56755, 54997, 87356, 76449, 59179, 87865, 79987, 87259, 56052, 86653, 75746, 78872, 60754, 58330, 55906, 58330, 59445, 80448, 57058, 54937, 56512, 59748, 55203, 86908, 76000, 56912, 86205, 75297, 88931, 78024, 89440, 88834, 92470, 87719, 88628, 91355, 87320, 89137, 90046, 92773, 87017, 92167, 90652, 76109, 79745, 86714, 75806, 55809, 87017, 86411, 90046, 79139, 84896, 73988, 51568, 60487, 61457, 60754, 60184, 61154, 60451, 63820, 64790, 65396, 81696, 92604, 60184, 65335, 63820, 96239, 94022, 97657, 91901, 97051, 95536, 80993, 86144, 84629, 58876, 58330, 62511, 92907, 63517, 95936, 97354, 95233, 84326, 58027, 80181, 92507, 79878, 80181, 92507, 94421, 83514, 89780, 78872, 89477, 78569, 93113, 82205, 91089, 90483, 92058, 91901, 93719, 97051, 89780, 95536, 93173, 97354, 90786, 90180, 91755, 89477, 95233, 97051, 91089, 92058, 93816, 95391, 93113, 90749, 91295, 92870, 90592, 96348, 91355, 90046, 94930, 96506, 94228, 93816, 93210, 94785, 93210, 94022, 92507, 94325, 97657, 95900, 92204, 94022, 97354, 92507, 93476, 96542, 95839, 97657, 93476, 91901, 93476, 93319, 95137, 98469, 91198, 96954, 98772, 92204, 91598, 93173, 90895, 96651, 98469, 94082, 92773, 95839, 95233, 96809, 94531, 90446, 91052, 94627, 93925, 91355, 94688, 82811, 84387, 82266, 82908, 84484, 79842, 79139, 79539, 80993, 86144, 85029, 84326, 86144, 87719, 62911, 64487, 64632, 66450, 68026, 62208, 65602, 62269, 59845, 83078, 85441, 87259, 60451, 59142, 64026, 65602, 63323, 66717, 80387, 81963, 79684, 83720, 85296, 83017, 87017, 62875, 63178, 62475, 66511, 82872, 87320, 82569, 86447, 79575, 59578, 63214, 84023, 79272, 98166, 78872, 58876, 62511, 83320, 78569, 82205, 64790, 65905, 85332, 84629, 88022, 85599, 63481, 62778, 85599, 64632, 61663, 66208, 62208, 63784, 67323, 86205, 81151, 61154, 80848, 92664, 81757, 61760, 62063, 62063, 80448, 64087, 80145, 83781, 81151, 95294, 98930, 96712, 100348, 94591, 98227, 83684, 88834, 93779, 93476, 98627, 97112, 95597, 96506, 99233, 95197, 94894, 100045, 98530, 97924, 94082, 83175, 93985, 97621, 94591, 92870, 96506, 94288, 97924, 97318, 81963, 86714, 86411, 91355, 80448, 64087, 80448, 89743, 78836, 93379, 82472, 67214, 66911, 70546, 87453, 92604, 100481, 103511, 65335, 71092, 68971, 98360, 101996, 104117, 99778, 104929, 103414, 97051, 102808, 100687, 86144, 91901, 89780, 65602, 69238, 68668, 101693, 103814, 103111, 100384, 89477, 85332, 97657, 85029, 97354, 88665, 96239, 97209, 97754, 97051, 102808, 97815, 96506, 101390, 102966, 100687, 95936, 96203, 101087, 100384, 97815, 99572, 100542, 101148, 96506, 102202, 101499, 102263, 101657, 100954, 98966, 99936, 98966, 98360, 99936, 99778, 101596, 104929, 97657, 103414, 101051, 105232, 98663, 98057, 97354, 103111, 104929, 100542, 99233, 102299, 101693, 103269, 100990, 99233, 98627, 99172, 98469, 104226, 106044, 99233, 97924, 102808, 104384, 102105, 102505, 101802, 100990, 101960, 102566, 101257, 89634, 65602, 86847, 86144, 91901, 93719, 90786, 90180, 89477, 70486, 69783, 68935, 91295, 90592, 70546, 93779, 91355, 90483, 104626, 89780, 69940, 69238, 91089, 92058, 90749, 90046, 69783, 86908, 90240, 104687, 106807, 106104, 101657, 104989, 86302, 85999, 104081, 100748, 104384, 105499, 89537, 93173, 86908, 85599, 85296, 99839, 88931, 85599, 85296, 86411, 97621, 89743, 99839, 88931, 92604, 75697, 103511, 107147, 109874, 104929, 108565, 107959, 97051, 96506, 106844, 108262, 76243, 96239, 95936, 102966, 108662, 107959, 107413, 106298, 105692, 104117, 105086, 105632, 104929, 112503, 104384, 109268, 108565, 103814, 108965, 108262, 107450, 108419, 107716, 104384, 110080, 109377, 107716, 92058, 95391, 97754, 97051, 97209, 96506, 115024]
VoyageDuration: [2, 2, 2, 2, 2, 2, 2, 2, 2, 2, 2, 2, 2, 2, 2, 2, 2, 2, 2, 2, 2, 2, 2, 2, 2, 2, 2, 2, 2, 2, 2, 2, 2, 2, 2, 2, 2, 2, 2, 2, 2, 2, 2, 2, 2, 2, 2, 2, 2, 2, 2, 2, 2, 3, 2, 2, 2, 2, 2, 2, 3, 2, 2, 2, 2, 2, 2, 2, 2, 2, 2, 2, 2, 2, 2, 2, 2, 3, 2, 2, 2, 2, 2, 2, 2, 2, 2, 2, 3, 2, 3, 2, 2, 2, 2, 3, 3, 2, 2, 3, 2, 2, 3, 2, 3, 2, 3, 2, 2, 2, 2, 2, 2, 2, 2, 2, 2, 2, 2, 2, 2, 2, 2, 2, 2, 2, 2, 2, 2, 2, 2, 2, 2, 2, 2, 2, 2, 2, 2, 2, 2, 2, 3, 2, 2, 2, 2, 2, 2, 2, 2, 2, 2, 3, 2, 2, 2, 2, 2, 2, 2, 3, 3, 3, 3, 3, 2, 2, 2, 2, 2, 2, 2, 2, 3, 2, 2, 2, 2, 2, 2, 2, 2, 2, 2, 2, 2, 3, 3, 2, 2, 2, 3, 3, 3, 2, 3, 2, 2, 2, 2, 2, 2, 3, 3, 3, 2, 3, 2, 3, 2, 3, 3, 2, 3, 2, 2, 3, 3, 3, 2, 3, 3, 3, 2, 3, 3, 3, 3, 3, 3, 3, 3, 3, 3, 3, 3, 3, 3, 3, 3, 3, 3, 3, 3, 3, 3, 3, 3, 3, 3, 3, 3, 3, 3, 3, 3, 3, 3, 3, 3, 3, 3, 3, 3, 3, 2, 2, 3, 3, 2, 3, 2, 2, 2, 2, 3, 3, 2, 2, 2, 2, 3, 2, 2, 2, 2, 2, 2, 2, 2, 2, 2, 2, 3, 2, 2, 2, 2, 2, 2, 3, 2, 3, 3, 3, 2, 2, 2, 2, 2, 2, 2, 2, 2, 2, 3, 2, 3, 2, 2, 2, 2, 3, 3, 2, 2, 3, 3, 2, 3, 3, 3, 2, 3, 2, 3, 2, 2, 2, 2, 2, 3, 2, 2, 2, 2, 2, 3, 2, 2, 3, 2, 3, 3, 3, 3, 3, 3, 3, 3, 3, 3, 3, 3, 3, 3, 3, 2, 3, 3, 2, 2, 3, 3, 3, 3, 3, 2, 2, 2, 2, 2, 2, 2, 2, 2, 2, 2, 3, 3, 2, 2, 2, 3, 3, 3, 3, 3, 3, 3, 3, 3, 2, 2, 2, 3, 2, 3, 3, 3, 3, 2, 3, 3, 3, 3, 3, 3, 3, 3, 3, 3, 3, 3, 3, 3, 3, 3, 3, 3, 3, 3, 3, 3, 3, 3, 3, 3, 3, 3, 3, 3, 3, 3, 3, 3, 3, 3, 3, 3, 3, 3, 3, 3, 3, 3, 3, 3, 3, 3, 3, 3, 3, 3, 3, 3, 3, 3, 3, 3, 3, 3, 3, 3, 3, 3, 3, 3, 3, 3, 3, 3, 3, 3, 3, 3, 3, 3, 3, 3, 3, 3, 3, 3, 3, 3, 3, 3, 3, 3, 3, 3, 3, 3, 3, 3, 3, 3, 3, 3, 3, 3, 3, 3, 2, 2, 2, 2, 3, 2, 2, 2, 2, 3, 3, 3, 2, 2, 2, 2, 2, 2, 3, 3, 3, 3, 3, 3, 3, 2, 2, 2, 2, 3, 3, 3, 3, 3, 2, 2, 3, 3, 3, 3, 2, 2, 3, 3, 3, 2, 2, 3, 3, 3, 3, 2, 2, 3, 2, 2, 2, 2, 2, 2, 3, 3, 2, 3, 3, 3, 2, 2, 2, 3, 2, 3, 3, 3, 3, 3, 3, 3, 3, 3, 3, 3, 3, 3, 3, 3, 3, 3, 3, 3, 3, 3, 3, 3, 3, 3, 3, 3, 3, 3, 3, 3, 3, 3, 3, 3, 3, 3, 3, 2, 3, 3, 3, 3, 3, 2, 2, 3, 3, 3, 3, 3, 2, 3, 2, 3, 3, 3, 3, 3, 3, 3, 3, 3, 3, 3, 3, 2, 3, 2, 3, 3, 3, 3, 3, 3, 3, 3, 3, 3, 3, 3, 3, 3, 3, 3, 3, 3, 3, 3, 3, 3, 3, 3, 3, 3, 3, 3, 3, 3, 3, 3, 3, 3, 3, 3, 3, 3, 3, 3, 3, 3, 3, 3, 3, 3, 3, 3, 3, 3, 3, 3, 3, 3, 3, 3, 3, 3, 3, 3, 3, 3, 3, 3, 3, 3, 3, 3, 3, 3, 3, 3, 3, 3, 3, 2, 3, 3, 3, 3, 3, 3, 3, 3, 3, 3, 3, 3, 3, 3, 3, 3, 3, 3, 3, 3, 3, 3, 3, 3, 3, 3, 3, 3, 3, 3, 3, 3, 3, 3, 3, 3, 3, 3, 3, 3, 3, 3, 3, 3, 3, 3, 3, 3, 3, 3, 3, 3, 3, 3, 3, 3, 3, 3, 3, 3, 3, 3, 3, 3, 3, 3, 3, 3, 3, 3, 3, 3, 3, 3, 3, 3, 3, 3, 3, 3, 3, 3, 3, 3, 3, 3, 3, 3, 3, 3, 3, 3, 3, 3, 3, 3, 3, 3]
TimeCharterCost: [120000, 125000, 130000, 110000, 104000]
RequiredVisits: [6, 5, 5, 5, 2, 2, 5, 6, 6, 1]
NumberOfDaysAvailable: [7, 7, 7, 7, 7]
DepotCapacity: [3, 3, 3, 3, 3, 3, 0]
