!Summary:
!Execution time: 0,37 seconds
!Total # voyages: 308 (62 unique)
!Number of installations (excluding depot): 6
!Number of time windows: 2
!Number of vessels: 5

!Min. # installations: 1
!Max. number of installations: 8
!Min. duration: 56
!Max. duration: 80

!Name: FarStar	 # voyages: 61
!Name: FarSymphony	 # voyages: 61
!Name: FarSearcher	 # voyages: 62
!Name: FarSeeker	 # voyages: 62
!Name: HavilaForesight	 # voyages: 62
!------------------------------------------------------------------------------------------------------------------------
nV : 5
nR : 62
nN : 6
nT : 7
minL : 2
maxL : 3

! Sets: 
Rv : [
[1, 2, 3, 4, 5, 6, 7, 8, 9, 10, 11, 12, 13, 14, 15, 16, 17, 18, 19, 20, 21, 22, 23, 24, 25, 26, 27, 28, 29, 30, 31, 32, 33, 34, 35, 36, 37, 38, 39, 40, 41, 42, 43, 44, 45, 46, 47, 48, 49, 50, 51, 52, 53, 54, 55, 56, 57, 58, 59, 60, 61, 62]!Vessel: FarSeeker
[1, 2, 3, 4, 5, 6, 7, 8, 9, 10, 11, 12, 13, 14, 15, 16, 17, 18, 19, 20, 21, 22, 23, 24, 25, 26, 27, 28, 29, 30, 31, 32, 33, 34, 35, 36, 37, 38, 39, 40, 41, 42, 43, 44, 45, 46, 47, 48, 49, 50, 51, 52, 53, 54, 55, 56, 57, 58, 59, 60, 61, 62]!Vessel: FarSearcher
[1, 2, 3, 4, 5, 6, 7, 8, 9, 10, 11, 12, 13, 14, 15, 16, 17, 18, 19, 20, 21, 22, 23, 24, 25, 26, 27, 28, 29, 30, 31, 32, 33, 34, 35, 36, 37, 38, 39, 40, 41, 42, 43, 44, 45, 46, 47, 48, 49, 50, 51, 52, 53, 54, 55, 56, 57, 58, 59, 60, 61]!Vessel: FarSymphony
[1, 2, 3, 4, 5, 6, 7, 8, 9, 10, 11, 12, 13, 14, 15, 16, 17, 18, 19, 20, 21, 22, 23, 24, 25, 26, 27, 28, 29, 30, 31, 32, 33, 34, 35, 36, 37, 38, 39, 40, 41, 42, 43, 44, 45, 46, 47, 48, 49, 50, 51, 52, 53, 54, 55, 56, 57, 58, 59, 60, 61, 62]!Vessel: HavilaForesight
[1, 2, 3, 4, 5, 6, 7, 8, 9, 10, 11, 12, 13, 14, 15, 16, 17, 18, 19, 20, 21, 22, 23, 24, 25, 26, 27, 28, 29, 30, 31, 32, 33, 34, 35, 36, 37, 38, 39, 40, 41, 42, 43, 44, 45, 46, 47, 48, 49, 50, 51, 52, 53, 54, 55, 56, 57, 58, 59, 60, 61]!Vessel: FarStar
] 

Rvi : [
!i : 1, 2, 3, 4, 5, 6
[1, 6, 7, 8, 9, 10, 21, 22, 23, 24, 25, 26, 27, 28, 29, 38, 41, 42, 43, 44, 45, 46, 47, 48, 49, 54, 56, 57, 59, 60, 61, 62], [6, 11, 12, 13, 14, 21, 27, 28, 29, 30, 31, 32, 33, 34, 39, 44, 45, 46, 47, 48, 49, 50, 51, 52, 53, 56, 57, 58, 59, 60, 62], [2, 7, 11, 15, 16, 17, 21, 22, 23, 24, 30, 31, 32, 35, 36, 40, 41, 42, 43, 47, 48, 49, 50, 51, 52, 55, 56, 57, 58, 60, 61, 62], [3, 8, 12, 15, 18, 19, 22, 25, 27, 30, 33, 35, 37, 38, 39, 40, 41, 42, 45, 46, 47, 50, 51, 53, 54, 55, 57, 58, 59, 60, 61, 62], [4, 9, 13, 16, 18, 20, 23, 25, 26, 28, 31, 33, 34, 35, 36, 37, 41, 43, 44, 45, 48, 50, 52, 53, 54, 55, 56, 58, 59, 60, 61, 62], [5, 10, 14, 17, 19, 20, 24, 26, 29, 32, 34, 36, 37, 38, 39, 40, 42, 43, 44, 46, 49, 51, 52, 53, 54, 55, 56, 57, 58, 59, 61, 62]!Vessel: FarSeeker
[1, 6, 7, 8, 9, 10, 21, 22, 23, 24, 25, 26, 27, 28, 29, 38, 41, 42, 43, 44, 45, 46, 47, 48, 49, 54, 56, 57, 59, 60, 61, 62], [6, 11, 12, 13, 14, 21, 27, 28, 29, 30, 31, 32, 33, 34, 39, 44, 45, 46, 47, 48, 49, 50, 51, 52, 53, 56, 57, 58, 59, 60, 62], [2, 7, 11, 15, 16, 17, 21, 22, 23, 24, 30, 31, 32, 35, 36, 40, 41, 42, 43, 47, 48, 49, 50, 51, 52, 55, 56, 57, 58, 60, 61, 62], [3, 8, 12, 15, 18, 19, 22, 25, 27, 30, 33, 35, 37, 38, 39, 40, 41, 42, 45, 46, 47, 50, 51, 53, 54, 55, 57, 58, 59, 60, 61, 62], [4, 9, 13, 16, 18, 20, 23, 25, 26, 28, 31, 33, 34, 35, 36, 37, 41, 43, 44, 45, 48, 50, 52, 53, 54, 55, 56, 58, 59, 60, 61, 62], [5, 10, 14, 17, 19, 20, 24, 26, 29, 32, 34, 36, 37, 38, 39, 40, 42, 43, 44, 46, 49, 51, 52, 53, 54, 55, 56, 57, 58, 59, 61, 62]!Vessel: FarSearcher
[1, 6, 7, 8, 9, 10, 21, 22, 23, 24, 25, 26, 27, 28, 29, 38, 41, 42, 43, 44, 45, 46, 47, 48, 49, 54, 56, 57, 59, 60, 61], [6, 11, 12, 13, 14, 21, 27, 28, 29, 30, 31, 32, 33, 34, 39, 44, 45, 46, 47, 48, 49, 50, 51, 52, 53, 56, 57, 58, 59, 60], [2, 7, 11, 15, 16, 17, 21, 22, 23, 24, 30, 31, 32, 35, 36, 40, 41, 42, 43, 47, 48, 49, 50, 51, 52, 55, 56, 57, 58, 60, 61], [3, 8, 12, 15, 18, 19, 22, 25, 27, 30, 33, 35, 37, 38, 39, 40, 41, 42, 45, 46, 47, 50, 51, 53, 54, 55, 57, 58, 59, 60, 61], [4, 9, 13, 16, 18, 20, 23, 25, 26, 28, 31, 33, 34, 35, 36, 37, 41, 43, 44, 45, 48, 50, 52, 53, 54, 55, 56, 58, 59, 60, 61], [5, 10, 14, 17, 19, 20, 24, 26, 29, 32, 34, 36, 37, 38, 39, 40, 42, 43, 44, 46, 49, 51, 52, 53, 54, 55, 56, 57, 58, 59, 61]!Vessel: FarSymphony
[1, 6, 7, 8, 9, 10, 21, 22, 23, 24, 25, 26, 27, 28, 29, 38, 41, 42, 43, 44, 45, 46, 47, 48, 49, 54, 56, 57, 59, 60, 61, 62], [6, 11, 12, 13, 14, 21, 27, 28, 29, 30, 31, 32, 33, 34, 39, 44, 45, 46, 47, 48, 49, 50, 51, 52, 53, 56, 57, 58, 59, 60, 62], [2, 7, 11, 15, 16, 17, 21, 22, 23, 24, 30, 31, 32, 35, 36, 40, 41, 42, 43, 47, 48, 49, 50, 51, 52, 55, 56, 57, 58, 60, 61, 62], [3, 8, 12, 15, 18, 19, 22, 25, 27, 30, 33, 35, 37, 38, 39, 40, 41, 42, 45, 46, 47, 50, 51, 53, 54, 55, 57, 58, 59, 60, 61, 62], [4, 9, 13, 16, 18, 20, 23, 25, 26, 28, 31, 33, 34, 35, 36, 37, 41, 43, 44, 45, 48, 50, 52, 53, 54, 55, 56, 58, 59, 60, 61, 62], [5, 10, 14, 17, 19, 20, 24, 26, 29, 32, 34, 36, 37, 38, 39, 40, 42, 43, 44, 46, 49, 51, 52, 53, 54, 55, 56, 57, 58, 59, 61, 62]!Vessel: HavilaForesight
[1, 6, 7, 8, 9, 10, 21, 22, 23, 24, 25, 26, 27, 28, 29, 38, 41, 42, 43, 44, 45, 46, 47, 48, 49, 54, 56, 57, 59, 60, 61], [6, 11, 12, 13, 14, 21, 27, 28, 29, 30, 31, 32, 33, 34, 39, 44, 45, 46, 47, 48, 49, 50, 51, 52, 53, 56, 57, 58, 59, 60], [2, 7, 11, 15, 16, 17, 21, 22, 23, 24, 30, 31, 32, 35, 36, 40, 41, 42, 43, 47, 48, 49, 50, 51, 52, 55, 56, 57, 58, 60, 61], [3, 8, 12, 15, 18, 19, 22, 25, 27, 30, 33, 35, 37, 38, 39, 40, 41, 42, 45, 46, 47, 50, 51, 53, 54, 55, 57, 58, 59, 60, 61], [4, 9, 13, 16, 18, 20, 23, 25, 26, 28, 31, 33, 34, 35, 36, 37, 41, 43, 44, 45, 48, 50, 52, 53, 54, 55, 56, 58, 59, 60, 61], [5, 10, 14, 17, 19, 20, 24, 26, 29, 32, 34, 36, 37, 38, 39, 40, 42, 43, 44, 46, 49, 51, 52, 53, 54, 55, 56, 57, 58, 59, 61]!Vessel: FarStar
] 

Rvl : [
!l : 2, 3
[1, 2, 3, 4, 5, 6, 7, 8, 9, 10, 11, 12, 13, 14, 15, 16, 17, 18, 19, 20, 21, 23, 24, 26, 27, 28, 29, 30, 31, 32, 34, 36, 38, 39, 44, 48, 49, 52], [22, 25, 33, 35, 37, 40, 41, 42, 43, 45, 46, 47, 50, 51, 53, 54, 55, 56, 57, 58, 59, 60, 61, 62]!Vessel: FarSeeker
[1, 2, 3, 4, 5, 6, 7, 8, 9, 10, 11, 12, 13, 14, 15, 16, 17, 18, 19, 20, 21, 23, 24, 26, 27, 28, 29, 30, 31, 32, 34, 36, 38, 39, 44, 48, 49, 52], [22, 25, 33, 35, 37, 40, 41, 42, 43, 45, 46, 47, 50, 51, 53, 54, 55, 56, 57, 58, 59, 60, 61, 62]!Vessel: FarSearcher
[1, 2, 3, 4, 5, 6, 7, 8, 9, 10, 11, 12, 13, 14, 15, 16, 17, 18, 19, 20, 21, 23, 24, 26, 27, 28, 29, 30, 31, 32, 34, 36, 38, 39, 44, 48, 49, 52], [22, 25, 33, 35, 37, 40, 41, 42, 43, 45, 46, 47, 50, 51, 53, 54, 55, 56, 57, 58, 59, 60, 61]!Vessel: FarSymphony
[1, 2, 3, 4, 5, 6, 7, 8, 9, 10, 11, 12, 13, 14, 15, 16, 17, 18, 19, 20, 21, 23, 24, 26, 27, 28, 29, 30, 31, 32, 34, 36, 38, 39, 44, 48, 49, 52], [22, 25, 33, 35, 37, 40, 41, 42, 43, 45, 46, 47, 50, 51, 53, 54, 55, 56, 57, 58, 59, 60, 61, 62]!Vessel: HavilaForesight
[1, 2, 3, 4, 5, 6, 7, 8, 9, 10, 11, 12, 13, 14, 15, 16, 17, 18, 19, 20, 21, 23, 24, 26, 27, 28, 29, 30, 31, 32, 34, 36, 38, 39, 44, 48, 49, 52], [22, 25, 33, 35, 37, 40, 41, 42, 43, 45, 46, 47, 50, 51, 53, 54, 55, 56, 57, 58, 59, 60, 61]!Vessel: FarStar
] 

minF : 2
maxF : 6
Nf : [
!f : 2, 3, 4, 5, 6
[5, 6], [], [], [2, 3, 4], [1]
]

! Parameters
VoyageCost: [37970, 39085, 64838, 59991, 42418, 44429, 45544, 73722, 62814, 47265, 43120, 73722, 62814, 46053, 74837, 63929, 47265, 72716, 72110, 67262, 49580, 81296, 70389, 50392, 81599, 70086, 80181, 69274, 49277, 78872, 67965, 47968, 81599, 70086, 82714, 71201, 88471, 80993, 78569, 82108, 89174, 88568, 77660, 76545, 88059, 87453, 85332, 74425, 54428, 86750, 86144, 75237, 92107, 92107, 92107, 84120, 92604, 94022, 95330, 93210, 94022, 100481]
VoyageDuration: [2, 2, 2, 2, 2, 2, 2, 2, 2, 2, 2, 2, 2, 2, 2, 2, 2, 2, 2, 2, 2, 3, 2, 2, 3, 2, 2, 2, 2, 2, 2, 2, 3, 2, 3, 2, 3, 2, 2, 3, 3, 3, 3, 2, 3, 3, 3, 2, 2, 3, 3, 2, 3, 3, 3, 3, 3, 3, 3, 3, 3, 3]
TimeCharterCost: [120000, 125000, 130000, 110000, 104000]
RequiredVisits: [6, 5, 5, 5, 2, 2]
NumberOfDaysAvailable: [7, 7, 7, 7, 7]
DepotCapacity: [3, 3, 3, 3, 3, 3, 0]
