!Summary:
!Execution time: 0,41 seconds
!Total # voyages: 606 (123 unique)
!Number of installations (excluding depot): 7
!Number of time windows: 0
!Number of vessels: 5

!Min. # installations: 1
!Max. number of installations: 8
!Min. duration: 56
!Max. duration: 80

!Name: FarStar	 # voyages: 117
!Name: FarSymphony	 # voyages: 120
!Name: FarSearcher	 # voyages: 123
!Name: FarSeeker	 # voyages: 123
!Name: HavilaForesight	 # voyages: 123
!------------------------------------------------------------------------------------------------------------------------
nV : 5
nR : 123
nN : 7
nT : 7
minL : 2
maxL : 3

! Sets: 
Rv : [
[1, 2, 3, 4, 5, 6, 7, 8, 9, 10, 11, 12, 13, 14, 15, 16, 17, 18, 19, 20, 21, 22, 23, 24, 25, 26, 27, 28, 29, 30, 31, 32, 33, 34, 35, 36, 37, 38, 39, 40, 41, 42, 43, 44, 45, 46, 47, 48, 49, 50, 51, 52, 53, 54, 55, 56, 57, 58, 59, 60, 61, 62, 63, 64, 65, 66, 67, 68, 69, 70, 71, 72, 73, 74, 75, 76, 77, 78, 79, 80, 81, 82, 83, 84, 85, 86, 87, 88, 89, 90, 91, 92, 93, 94, 95, 96, 97, 98, 99, 100, 101, 102, 103, 104, 105, 106, 107, 108, 109, 110, 111, 112, 113, 114, 115, 116, 117, 118, 119, 120, 121, 122, 123]!Vessel: FarSeeker
[1, 2, 3, 4, 5, 6, 7, 8, 9, 10, 11, 12, 13, 14, 15, 16, 17, 18, 19, 20, 21, 22, 23, 24, 25, 26, 27, 28, 29, 30, 31, 32, 33, 34, 35, 36, 37, 38, 39, 40, 41, 42, 43, 44, 45, 46, 47, 48, 49, 50, 51, 52, 53, 54, 55, 56, 57, 58, 59, 60, 61, 62, 63, 64, 65, 66, 67, 68, 69, 70, 71, 72, 73, 74, 75, 76, 77, 78, 79, 80, 81, 82, 83, 84, 85, 86, 87, 88, 89, 90, 91, 92, 93, 94, 95, 96, 97, 98, 99, 100, 101, 102, 103, 104, 105, 106, 107, 108, 109, 110, 111, 112, 113, 114, 115, 116, 117, 118, 119, 120, 121, 122, 123]!Vessel: FarSearcher
[1, 2, 3, 4, 5, 6, 7, 8, 9, 10, 11, 12, 13, 14, 15, 16, 17, 18, 19, 20, 21, 22, 23, 24, 25, 26, 27, 28, 29, 30, 31, 32, 33, 34, 35, 36, 37, 38, 39, 40, 41, 42, 43, 44, 45, 46, 47, 48, 49, 50, 51, 52, 53, 54, 55, 56, 57, 58, 59, 60, 61, 62, 63, 64, 65, 66, 67, 68, 69, 70, 71, 72, 73, 74, 75, 76, 77, 78, 79, 80, 81, 82, 83, 84, 85, 86, 87, 88, 89, 90, 91, 92, 93, 94, 95, 96, 97, 98, 99, 100, 101, 102, 103, 104, 105, 106, 107, 108, 109, 110, 111, 112, 113, 114, 115, 116, 117, 121, 122, 123]!Vessel: FarSymphony
[1, 2, 3, 4, 5, 6, 7, 8, 9, 10, 11, 12, 13, 14, 15, 16, 17, 18, 19, 20, 21, 22, 23, 24, 25, 26, 27, 28, 29, 30, 31, 32, 33, 34, 35, 36, 37, 38, 39, 40, 41, 42, 43, 44, 45, 46, 47, 48, 49, 50, 51, 52, 53, 54, 55, 56, 57, 58, 59, 60, 61, 62, 63, 64, 65, 66, 67, 68, 69, 70, 71, 72, 73, 74, 75, 76, 77, 78, 79, 80, 81, 82, 83, 84, 85, 86, 87, 88, 89, 90, 91, 92, 93, 94, 95, 96, 97, 98, 99, 100, 101, 102, 103, 104, 105, 106, 107, 108, 109, 110, 111, 112, 113, 114, 115, 116, 117, 118, 119, 120, 121, 122, 123]!Vessel: HavilaForesight
[1, 2, 3, 4, 5, 6, 7, 8, 9, 10, 11, 12, 13, 14, 15, 16, 17, 18, 19, 20, 21, 22, 23, 24, 25, 26, 27, 28, 29, 30, 31, 32, 33, 34, 35, 36, 37, 38, 39, 40, 41, 42, 43, 44, 45, 46, 47, 48, 49, 50, 51, 52, 53, 54, 55, 56, 57, 58, 59, 60, 61, 62, 63, 64, 65, 66, 67, 68, 69, 70, 71, 72, 73, 74, 75, 76, 77, 78, 79, 80, 81, 82, 83, 84, 85, 86, 87, 88, 89, 90, 91, 92, 93, 94, 95, 96, 97, 98, 99, 100, 101, 102, 103, 104, 105, 106, 107, 108, 109, 110, 111, 112, 113, 114, 115, 116, 121]!Vessel: FarStar
] 

Rvi : [
!i : 1, 2, 3, 4, 5, 6, 7
[1, 5, 6, 7, 8, 9, 10, 26, 27, 28, 29, 30, 31, 32, 33, 34, 35, 36, 48, 53, 59, 60, 61, 62, 63, 64, 65, 66, 67, 72, 74, 75, 81, 82, 83, 84, 86, 87, 91, 93, 94, 95, 96, 97, 98, 102, 103, 105, 106, 107, 108, 109, 110, 111, 112, 113, 116, 117, 118, 119, 121, 122, 123], [5, 11, 12, 13, 14, 15, 26, 27, 33, 35, 36, 37, 38, 39, 40, 41, 42, 43, 44, 45, 46, 61, 63, 64, 65, 66, 67, 68, 69, 70, 71, 72, 73, 74, 75, 76, 77, 78, 79, 80, 83, 96, 97, 98, 99, 100, 101, 102, 103, 104, 105, 106, 108, 109, 110, 115, 117, 118, 119, 120, 121, 123], [2, 6, 11, 16, 17, 18, 19, 27, 28, 29, 30, 31, 37, 38, 39, 40, 47, 49, 54, 56, 57, 58, 61, 62, 65, 66, 67, 68, 69, 70, 71, 76, 77, 81, 82, 85, 88, 89, 91, 92, 93, 94, 96, 97, 98, 99, 100, 101, 103, 104, 106, 107, 110, 111, 112, 114, 116, 117, 118, 119, 120, 121, 122], [3, 7, 12, 16, 20, 21, 23, 28, 32, 35, 37, 41, 42, 45, 47, 48, 49, 50, 51, 52, 56, 59, 62, 64, 65, 68, 69, 73, 74, 76, 78, 79, 81, 82, 83, 84, 85, 86, 87, 88, 89, 90, 97, 99, 100, 102, 104, 106, 107, 108, 109, 110, 111, 112, 113, 114, 115, 118, 119, 120, 121, 122, 123], [4, 8, 13, 17, 20, 22, 24, 29, 32, 36, 38, 41, 43, 46, 47, 50, 51, 53, 54, 55, 57, 60, 62, 64, 66, 68, 70, 72, 73, 75, 77, 78, 80, 86, 87, 88, 89, 90, 91, 92, 93, 95, 96, 99, 101, 102, 103, 104, 105, 109, 110, 111, 112, 113, 114, 115, 116, 117, 118, 120, 121, 122, 123], [9, 14, 18, 23, 24, 25, 30, 33, 34, 39, 42, 43, 44, 48, 50, 52, 53, 55, 56, 57, 58, 63, 67, 69, 70, 71, 72, 73, 79, 80, 81, 83, 84, 85, 86, 88, 90, 91, 92, 94, 95, 96, 97, 98, 99, 100, 101, 102, 105, 107, 108, 111, 113, 114, 115, 116, 117, 118, 119, 120, 122, 123], [10, 15, 19, 21, 22, 25, 26, 31, 34, 40, 44, 45, 46, 49, 51, 52, 54, 55, 58, 59, 60, 61, 63, 71, 74, 75, 76, 77, 78, 79, 80, 82, 84, 85, 87, 89, 90, 92, 93, 94, 95, 98, 100, 101, 103, 104, 105, 106, 107, 108, 109, 112, 113, 114, 115, 116, 117, 119, 120, 121, 122, 123]!Vessel: FarSeeker
[1, 5, 6, 7, 8, 9, 10, 26, 27, 28, 29, 30, 31, 32, 33, 34, 35, 36, 48, 53, 59, 60, 61, 62, 63, 64, 65, 66, 67, 72, 74, 75, 81, 82, 83, 84, 86, 87, 91, 93, 94, 95, 96, 97, 98, 102, 103, 105, 106, 107, 108, 109, 110, 111, 112, 113, 116, 117, 118, 119, 121, 122, 123], [5, 11, 12, 13, 14, 15, 26, 27, 33, 35, 36, 37, 38, 39, 40, 41, 42, 43, 44, 45, 46, 61, 63, 64, 65, 66, 67, 68, 69, 70, 71, 72, 73, 74, 75, 76, 77, 78, 79, 80, 83, 96, 97, 98, 99, 100, 101, 102, 103, 104, 105, 106, 108, 109, 110, 115, 117, 118, 119, 120, 121, 123], [2, 6, 11, 16, 17, 18, 19, 27, 28, 29, 30, 31, 37, 38, 39, 40, 47, 49, 54, 56, 57, 58, 61, 62, 65, 66, 67, 68, 69, 70, 71, 76, 77, 81, 82, 85, 88, 89, 91, 92, 93, 94, 96, 97, 98, 99, 100, 101, 103, 104, 106, 107, 110, 111, 112, 114, 116, 117, 118, 119, 120, 121, 122], [3, 7, 12, 16, 20, 21, 23, 28, 32, 35, 37, 41, 42, 45, 47, 48, 49, 50, 51, 52, 56, 59, 62, 64, 65, 68, 69, 73, 74, 76, 78, 79, 81, 82, 83, 84, 85, 86, 87, 88, 89, 90, 97, 99, 100, 102, 104, 106, 107, 108, 109, 110, 111, 112, 113, 114, 115, 118, 119, 120, 121, 122, 123], [4, 8, 13, 17, 20, 22, 24, 29, 32, 36, 38, 41, 43, 46, 47, 50, 51, 53, 54, 55, 57, 60, 62, 64, 66, 68, 70, 72, 73, 75, 77, 78, 80, 86, 87, 88, 89, 90, 91, 92, 93, 95, 96, 99, 101, 102, 103, 104, 105, 109, 110, 111, 112, 113, 114, 115, 116, 117, 118, 120, 121, 122, 123], [9, 14, 18, 23, 24, 25, 30, 33, 34, 39, 42, 43, 44, 48, 50, 52, 53, 55, 56, 57, 58, 63, 67, 69, 70, 71, 72, 73, 79, 80, 81, 83, 84, 85, 86, 88, 90, 91, 92, 94, 95, 96, 97, 98, 99, 100, 101, 102, 105, 107, 108, 111, 113, 114, 115, 116, 117, 118, 119, 120, 122, 123], [10, 15, 19, 21, 22, 25, 26, 31, 34, 40, 44, 45, 46, 49, 51, 52, 54, 55, 58, 59, 60, 61, 63, 71, 74, 75, 76, 77, 78, 79, 80, 82, 84, 85, 87, 89, 90, 92, 93, 94, 95, 98, 100, 101, 103, 104, 105, 106, 107, 108, 109, 112, 113, 114, 115, 116, 117, 119, 120, 121, 122, 123]!Vessel: FarSearcher
[1, 5, 6, 7, 8, 9, 10, 26, 27, 28, 29, 30, 31, 32, 33, 34, 35, 36, 48, 53, 59, 60, 61, 62, 63, 64, 65, 66, 67, 72, 74, 75, 81, 82, 83, 84, 86, 87, 91, 93, 94, 95, 96, 97, 98, 102, 103, 105, 106, 107, 108, 109, 110, 111, 112, 113, 116, 117, 121, 122, 123], [5, 11, 12, 13, 14, 15, 26, 27, 33, 35, 36, 37, 38, 39, 40, 41, 42, 43, 44, 45, 46, 61, 63, 64, 65, 66, 67, 68, 69, 70, 71, 72, 73, 74, 75, 76, 77, 78, 79, 80, 83, 96, 97, 98, 99, 100, 101, 102, 103, 104, 105, 106, 108, 109, 110, 115, 117, 121, 123], [2, 6, 11, 16, 17, 18, 19, 27, 28, 29, 30, 31, 37, 38, 39, 40, 47, 49, 54, 56, 57, 58, 61, 62, 65, 66, 67, 68, 69, 70, 71, 76, 77, 81, 82, 85, 88, 89, 91, 92, 93, 94, 96, 97, 98, 99, 100, 101, 103, 104, 106, 107, 110, 111, 112, 114, 116, 117, 121, 122], [3, 7, 12, 16, 20, 21, 23, 28, 32, 35, 37, 41, 42, 45, 47, 48, 49, 50, 51, 52, 56, 59, 62, 64, 65, 68, 69, 73, 74, 76, 78, 79, 81, 82, 83, 84, 85, 86, 87, 88, 89, 90, 97, 99, 100, 102, 104, 106, 107, 108, 109, 110, 111, 112, 113, 114, 115, 121, 122, 123], [4, 8, 13, 17, 20, 22, 24, 29, 32, 36, 38, 41, 43, 46, 47, 50, 51, 53, 54, 55, 57, 60, 62, 64, 66, 68, 70, 72, 73, 75, 77, 78, 80, 86, 87, 88, 89, 90, 91, 92, 93, 95, 96, 99, 101, 102, 103, 104, 105, 109, 110, 111, 112, 113, 114, 115, 116, 117, 121, 122, 123], [9, 14, 18, 23, 24, 25, 30, 33, 34, 39, 42, 43, 44, 48, 50, 52, 53, 55, 56, 57, 58, 63, 67, 69, 70, 71, 72, 73, 79, 80, 81, 83, 84, 85, 86, 88, 90, 91, 92, 94, 95, 96, 97, 98, 99, 100, 101, 102, 105, 107, 108, 111, 113, 114, 115, 116, 117, 122, 123], [10, 15, 19, 21, 22, 25, 26, 31, 34, 40, 44, 45, 46, 49, 51, 52, 54, 55, 58, 59, 60, 61, 63, 71, 74, 75, 76, 77, 78, 79, 80, 82, 84, 85, 87, 89, 90, 92, 93, 94, 95, 98, 100, 101, 103, 104, 105, 106, 107, 108, 109, 112, 113, 114, 115, 116, 117, 121, 122, 123]!Vessel: FarSymphony
[1, 5, 6, 7, 8, 9, 10, 26, 27, 28, 29, 30, 31, 32, 33, 34, 35, 36, 48, 53, 59, 60, 61, 62, 63, 64, 65, 66, 67, 72, 74, 75, 81, 82, 83, 84, 86, 87, 91, 93, 94, 95, 96, 97, 98, 102, 103, 105, 106, 107, 108, 109, 110, 111, 112, 113, 116, 117, 118, 119, 121, 122, 123], [5, 11, 12, 13, 14, 15, 26, 27, 33, 35, 36, 37, 38, 39, 40, 41, 42, 43, 44, 45, 46, 61, 63, 64, 65, 66, 67, 68, 69, 70, 71, 72, 73, 74, 75, 76, 77, 78, 79, 80, 83, 96, 97, 98, 99, 100, 101, 102, 103, 104, 105, 106, 108, 109, 110, 115, 117, 118, 119, 120, 121, 123], [2, 6, 11, 16, 17, 18, 19, 27, 28, 29, 30, 31, 37, 38, 39, 40, 47, 49, 54, 56, 57, 58, 61, 62, 65, 66, 67, 68, 69, 70, 71, 76, 77, 81, 82, 85, 88, 89, 91, 92, 93, 94, 96, 97, 98, 99, 100, 101, 103, 104, 106, 107, 110, 111, 112, 114, 116, 117, 118, 119, 120, 121, 122], [3, 7, 12, 16, 20, 21, 23, 28, 32, 35, 37, 41, 42, 45, 47, 48, 49, 50, 51, 52, 56, 59, 62, 64, 65, 68, 69, 73, 74, 76, 78, 79, 81, 82, 83, 84, 85, 86, 87, 88, 89, 90, 97, 99, 100, 102, 104, 106, 107, 108, 109, 110, 111, 112, 113, 114, 115, 118, 119, 120, 121, 122, 123], [4, 8, 13, 17, 20, 22, 24, 29, 32, 36, 38, 41, 43, 46, 47, 50, 51, 53, 54, 55, 57, 60, 62, 64, 66, 68, 70, 72, 73, 75, 77, 78, 80, 86, 87, 88, 89, 90, 91, 92, 93, 95, 96, 99, 101, 102, 103, 104, 105, 109, 110, 111, 112, 113, 114, 115, 116, 117, 118, 120, 121, 122, 123], [9, 14, 18, 23, 24, 25, 30, 33, 34, 39, 42, 43, 44, 48, 50, 52, 53, 55, 56, 57, 58, 63, 67, 69, 70, 71, 72, 73, 79, 80, 81, 83, 84, 85, 86, 88, 90, 91, 92, 94, 95, 96, 97, 98, 99, 100, 101, 102, 105, 107, 108, 111, 113, 114, 115, 116, 117, 118, 119, 120, 122, 123], [10, 15, 19, 21, 22, 25, 26, 31, 34, 40, 44, 45, 46, 49, 51, 52, 54, 55, 58, 59, 60, 61, 63, 71, 74, 75, 76, 77, 78, 79, 80, 82, 84, 85, 87, 89, 90, 92, 93, 94, 95, 98, 100, 101, 103, 104, 105, 106, 107, 108, 109, 112, 113, 114, 115, 116, 117, 119, 120, 121, 122, 123]!Vessel: HavilaForesight
[1, 5, 6, 7, 8, 9, 10, 26, 27, 28, 29, 30, 31, 32, 33, 34, 35, 36, 48, 53, 59, 60, 61, 62, 63, 64, 65, 66, 67, 72, 74, 75, 81, 82, 83, 84, 86, 87, 91, 93, 94, 95, 96, 97, 98, 102, 103, 105, 106, 107, 108, 109, 110, 111, 112, 113, 116, 121], [5, 11, 12, 13, 14, 15, 26, 27, 33, 35, 36, 37, 38, 39, 40, 41, 42, 43, 44, 45, 46, 61, 63, 64, 65, 66, 67, 68, 69, 70, 71, 72, 73, 74, 75, 76, 77, 78, 79, 80, 83, 96, 97, 98, 99, 100, 101, 102, 103, 104, 105, 106, 108, 109, 110, 115, 121], [2, 6, 11, 16, 17, 18, 19, 27, 28, 29, 30, 31, 37, 38, 39, 40, 47, 49, 54, 56, 57, 58, 61, 62, 65, 66, 67, 68, 69, 70, 71, 76, 77, 81, 82, 85, 88, 89, 91, 92, 93, 94, 96, 97, 98, 99, 100, 101, 103, 104, 106, 107, 110, 111, 112, 114, 116, 121], [3, 7, 12, 16, 20, 21, 23, 28, 32, 35, 37, 41, 42, 45, 47, 48, 49, 50, 51, 52, 56, 59, 62, 64, 65, 68, 69, 73, 74, 76, 78, 79, 81, 82, 83, 84, 85, 86, 87, 88, 89, 90, 97, 99, 100, 102, 104, 106, 107, 108, 109, 110, 111, 112, 113, 114, 115, 121], [4, 8, 13, 17, 20, 22, 24, 29, 32, 36, 38, 41, 43, 46, 47, 50, 51, 53, 54, 55, 57, 60, 62, 64, 66, 68, 70, 72, 73, 75, 77, 78, 80, 86, 87, 88, 89, 90, 91, 92, 93, 95, 96, 99, 101, 102, 103, 104, 105, 109, 110, 111, 112, 113, 114, 115, 116, 121], [9, 14, 18, 23, 24, 25, 30, 33, 34, 39, 42, 43, 44, 48, 50, 52, 53, 55, 56, 57, 58, 63, 67, 69, 70, 71, 72, 73, 79, 80, 81, 83, 84, 85, 86, 88, 90, 91, 92, 94, 95, 96, 97, 98, 99, 100, 101, 102, 105, 107, 108, 111, 113, 114, 115, 116], [10, 15, 19, 21, 22, 25, 26, 31, 34, 40, 44, 45, 46, 49, 51, 52, 54, 55, 58, 59, 60, 61, 63, 71, 74, 75, 76, 77, 78, 79, 80, 82, 84, 85, 87, 89, 90, 92, 93, 94, 95, 98, 100, 101, 103, 104, 105, 106, 107, 108, 109, 112, 113, 114, 115, 116, 121]!Vessel: FarStar
] 

Rvl : [
!l : 2, 3
[1, 2, 3, 4, 5, 6, 7, 8, 9, 10, 11, 12, 13, 14, 15, 16, 17, 18, 19, 20, 21, 22, 23, 24, 25, 26, 27, 29, 30, 31, 33, 34, 35, 36, 37, 38, 39, 40, 42, 43, 44, 45, 46, 48, 49, 50, 51, 52, 53, 54, 55, 56, 57, 58, 59, 60, 61, 63, 66, 67, 70, 71, 72, 75, 77, 80, 91, 92, 93, 94, 95, 98], [28, 32, 41, 47, 62, 64, 65, 68, 69, 73, 74, 76, 78, 79, 81, 82, 83, 84, 85, 86, 87, 88, 89, 90, 96, 97, 99, 100, 101, 102, 103, 104, 105, 106, 107, 108, 109, 110, 111, 112, 113, 114, 115, 116, 117, 118, 119, 120, 121, 122, 123]!Vessel: FarSeeker
[1, 2, 3, 4, 5, 6, 7, 8, 9, 10, 11, 12, 13, 14, 15, 16, 17, 18, 19, 20, 21, 22, 23, 24, 25, 26, 27, 29, 30, 31, 33, 34, 35, 36, 37, 38, 39, 40, 42, 43, 44, 45, 46, 48, 49, 50, 51, 52, 53, 54, 55, 56, 57, 58, 59, 60, 61, 63, 66, 67, 70, 71, 72, 75, 77, 80, 91, 92, 93, 94, 95, 98], [28, 32, 41, 47, 62, 64, 65, 68, 69, 73, 74, 76, 78, 79, 81, 82, 83, 84, 85, 86, 87, 88, 89, 90, 96, 97, 99, 100, 101, 102, 103, 104, 105, 106, 107, 108, 109, 110, 111, 112, 113, 114, 115, 116, 117, 118, 119, 120, 121, 122, 123]!Vessel: FarSearcher
[1, 2, 3, 4, 5, 6, 7, 8, 9, 10, 11, 12, 13, 14, 15, 16, 17, 18, 19, 20, 21, 22, 23, 24, 25, 26, 27, 29, 30, 31, 33, 34, 35, 36, 37, 38, 39, 40, 42, 43, 44, 45, 46, 48, 49, 50, 51, 52, 53, 54, 55, 56, 57, 58, 59, 60, 61, 63, 66, 67, 70, 71, 72, 75, 77, 80, 91, 92, 93, 94, 95, 98], [28, 32, 41, 47, 62, 64, 65, 68, 69, 73, 74, 76, 78, 79, 81, 82, 83, 84, 85, 86, 87, 88, 89, 90, 96, 97, 99, 100, 101, 102, 103, 104, 105, 106, 107, 108, 109, 110, 111, 112, 113, 114, 115, 116, 117, 121, 122, 123]!Vessel: FarSymphony
[1, 2, 3, 4, 5, 6, 7, 8, 9, 10, 11, 12, 13, 14, 15, 16, 17, 18, 19, 20, 21, 22, 23, 24, 25, 26, 27, 29, 30, 31, 33, 34, 35, 36, 37, 38, 39, 40, 42, 43, 44, 45, 46, 48, 49, 50, 51, 52, 53, 54, 55, 56, 57, 58, 59, 60, 61, 63, 66, 67, 70, 71, 72, 75, 77, 80, 91, 92, 93, 94, 95, 98], [28, 32, 41, 47, 62, 64, 65, 68, 69, 73, 74, 76, 78, 79, 81, 82, 83, 84, 85, 86, 87, 88, 89, 90, 96, 97, 99, 100, 101, 102, 103, 104, 105, 106, 107, 108, 109, 110, 111, 112, 113, 114, 115, 116, 117, 118, 119, 120, 121, 122, 123]!Vessel: HavilaForesight
[1, 2, 3, 4, 5, 6, 7, 8, 9, 10, 11, 12, 13, 14, 15, 16, 17, 18, 19, 20, 21, 22, 23, 24, 25, 26, 27, 29, 30, 31, 33, 34, 35, 36, 37, 38, 39, 40, 42, 43, 44, 45, 46, 48, 49, 50, 51, 52, 53, 54, 55, 56, 57, 58, 59, 60, 61, 63, 66, 67, 70, 71, 72, 75, 77, 80, 91, 92, 93, 94, 95, 98], [28, 32, 41, 47, 62, 64, 65, 68, 69, 73, 74, 76, 78, 79, 81, 82, 83, 84, 85, 86, 87, 88, 89, 90, 96, 97, 99, 100, 101, 102, 103, 104, 105, 106, 107, 108, 109, 110, 111, 112, 113, 114, 115, 116, 121]!Vessel: FarStar
] 

minF : 2
maxF : 6
Nf : [
!f : 2, 3, 4, 5, 6
[5, 6], [], [], [2, 3, 4, 7], [1]
]

! Parameters
VoyageCost: [37970, 39085, 64838, 53931, 44429, 45544, 73722, 62814, 42817, 43726, 43120, 73722, 62814, 40394, 38879, 74837, 63929, 43932, 42418, 72716, 73019, 62111, 72110, 61202, 39691, 50186, 49580, 81296, 70389, 50392, 48877, 81599, 49277, 48574, 80181, 69274, 78872, 67965, 47968, 46453, 81599, 78569, 67662, 46150, 79478, 68571, 82714, 78569, 78169, 79987, 80896, 77867, 67662, 67262, 66959, 79684, 68777, 47265, 79478, 68571, 55337, 89174, 55034, 88059, 85332, 74425, 54428, 86750, 86144, 75237, 53725, 74122, 86447, 85938, 75031, 84629, 73722, 87356, 84326, 73419, 86144, 84629, 85029, 84326, 85441, 86447, 87356, 87562, 86047, 85744, 75237, 74534, 73722, 53725, 73419, 81696, 92604, 60184, 94022, 91901, 80993, 92907, 80181, 92507, 79878, 91089, 91901, 90786, 93816, 93210, 94022, 92507, 92204, 93319, 92204, 80993, 87453, 100481, 98360, 99778, 98966, 99778, 98663]
VoyageDuration: [2, 2, 2, 2, 2, 2, 2, 2, 2, 2, 2, 2, 2, 2, 2, 2, 2, 2, 2, 2, 2, 2, 2, 2, 2, 2, 2, 3, 2, 2, 2, 3, 2, 2, 2, 2, 2, 2, 2, 2, 3, 2, 2, 2, 2, 2, 3, 2, 2, 2, 2, 2, 2, 2, 2, 2, 2, 2, 2, 2, 2, 3, 2, 3, 3, 2, 2, 3, 3, 2, 2, 2, 3, 3, 2, 3, 2, 3, 3, 2, 3, 3, 3, 3, 3, 3, 3, 3, 3, 3, 2, 2, 2, 2, 2, 3, 3, 2, 3, 3, 3, 3, 3, 3, 3, 3, 3, 3, 3, 3, 3, 3, 3, 3, 3, 3, 3, 3, 3, 3, 3, 3, 3]
TimeCharterCost: [120000, 125000, 130000, 110000, 104000]
RequiredVisits: [6, 5, 5, 5, 2, 2, 5]
NumberOfDaysAvailable: [7, 7, 7, 7, 7]
DepotCapacity: [3, 3, 3, 3, 3, 3, 0]
