!Summary:
!Execution time: 0,39 seconds
!Total # voyages: 611 (124 unique)
!Number of installations (excluding depot): 7
!Number of time windows: 2
!Number of vessels: 5

!Min. # installations: 1
!Max. number of installations: 8
!Min. duration: 56
!Max. duration: 80

!Name: FarStar	 # voyages: 118
!Name: FarSymphony	 # voyages: 121
!Name: FarSearcher	 # voyages: 124
!Name: FarSeeker	 # voyages: 124
!Name: HavilaForesight	 # voyages: 124
!------------------------------------------------------------------------------------------------------------------------
nV : 5
nR : 124
nN : 7
nT : 7
minL : 2
maxL : 3

! Sets: 
Rv : [
[1, 2, 3, 4, 5, 6, 7, 8, 9, 10, 11, 12, 13, 14, 15, 16, 17, 18, 19, 20, 21, 22, 23, 24, 25, 26, 27, 28, 29, 30, 31, 32, 33, 34, 35, 36, 37, 38, 39, 40, 41, 42, 43, 44, 45, 46, 47, 48, 49, 50, 51, 52, 53, 54, 55, 56, 57, 58, 59, 60, 61, 62, 63, 64, 65, 66, 67, 68, 69, 70, 71, 72, 73, 74, 75, 76, 77, 78, 79, 80, 81, 82, 83, 84, 85, 86, 87, 88, 89, 90, 91, 92, 93, 94, 95, 96, 97, 98, 99, 100, 101, 102, 103, 104, 105, 106, 107, 108, 109, 110, 111, 112, 113, 114, 115, 116, 117, 118, 119, 120, 121, 122, 123, 124]!Vessel: FarSeeker
[1, 2, 3, 4, 5, 6, 7, 8, 9, 10, 11, 12, 13, 14, 15, 16, 17, 18, 19, 20, 21, 22, 23, 24, 25, 26, 27, 28, 29, 30, 31, 32, 33, 34, 35, 36, 37, 38, 39, 40, 41, 42, 43, 44, 45, 46, 47, 48, 49, 50, 51, 52, 53, 54, 55, 56, 57, 58, 59, 60, 61, 62, 63, 64, 65, 66, 67, 68, 69, 70, 71, 72, 73, 74, 75, 76, 77, 78, 79, 80, 81, 82, 83, 84, 85, 86, 87, 88, 89, 90, 91, 92, 93, 94, 95, 96, 97, 98, 99, 100, 101, 102, 103, 104, 105, 106, 107, 108, 109, 110, 111, 112, 113, 114, 115, 116, 117, 118, 119, 120, 121, 122, 123, 124]!Vessel: FarSearcher
[1, 2, 3, 4, 5, 6, 7, 8, 9, 10, 11, 12, 13, 14, 15, 16, 17, 18, 19, 20, 21, 22, 23, 24, 25, 26, 27, 28, 29, 30, 31, 32, 33, 34, 35, 36, 37, 38, 39, 40, 41, 42, 43, 44, 45, 46, 47, 48, 49, 50, 51, 52, 53, 54, 55, 56, 57, 58, 59, 60, 61, 62, 63, 64, 65, 66, 67, 68, 69, 70, 71, 72, 73, 74, 75, 76, 77, 78, 79, 80, 81, 82, 83, 84, 85, 86, 87, 88, 89, 90, 91, 92, 93, 94, 95, 96, 97, 98, 99, 100, 101, 102, 103, 104, 105, 106, 107, 108, 109, 110, 111, 112, 113, 114, 115, 116, 117, 121, 122, 123, 124]!Vessel: FarSymphony
[1, 2, 3, 4, 5, 6, 7, 8, 9, 10, 11, 12, 13, 14, 15, 16, 17, 18, 19, 20, 21, 22, 23, 24, 25, 26, 27, 28, 29, 30, 31, 32, 33, 34, 35, 36, 37, 38, 39, 40, 41, 42, 43, 44, 45, 46, 47, 48, 49, 50, 51, 52, 53, 54, 55, 56, 57, 58, 59, 60, 61, 62, 63, 64, 65, 66, 67, 68, 69, 70, 71, 72, 73, 74, 75, 76, 77, 78, 79, 80, 81, 82, 83, 84, 85, 86, 87, 88, 89, 90, 91, 92, 93, 94, 95, 96, 97, 98, 99, 100, 101, 102, 103, 104, 105, 106, 107, 108, 109, 110, 111, 112, 113, 114, 115, 116, 117, 118, 119, 120, 121, 122, 123, 124]!Vessel: HavilaForesight
[1, 2, 3, 4, 5, 6, 7, 8, 9, 10, 11, 12, 13, 14, 15, 16, 17, 18, 19, 20, 21, 22, 23, 24, 25, 26, 27, 28, 29, 30, 31, 32, 33, 34, 35, 36, 37, 38, 39, 40, 41, 42, 43, 44, 45, 46, 47, 48, 49, 50, 51, 52, 53, 54, 55, 56, 57, 58, 59, 60, 61, 62, 63, 64, 65, 66, 67, 68, 69, 70, 71, 72, 73, 74, 75, 76, 77, 78, 79, 80, 81, 82, 83, 84, 85, 86, 87, 88, 89, 90, 91, 92, 93, 94, 95, 96, 97, 98, 99, 100, 101, 102, 103, 104, 105, 106, 107, 108, 109, 110, 111, 112, 113, 114, 115, 116, 117, 123]!Vessel: FarStar
] 

Rvi : [
!i : 1, 2, 3, 4, 5, 6, 7
[1, 6, 7, 8, 9, 10, 11, 27, 28, 29, 30, 31, 32, 33, 34, 35, 36, 37, 38, 55, 56, 57, 62, 63, 64, 65, 66, 67, 68, 69, 70, 71, 72, 73, 74, 81, 86, 87, 88, 92, 93, 94, 97, 98, 99, 100, 104, 105, 107, 108, 109, 110, 111, 112, 113, 116, 117, 118, 120, 121, 122, 123, 124], [6, 12, 13, 14, 15, 16, 27, 28, 36, 37, 38, 39, 40, 41, 42, 43, 44, 45, 46, 47, 48, 62, 66, 68, 69, 70, 71, 72, 73, 74, 75, 76, 77, 78, 79, 80, 81, 82, 83, 84, 85, 97, 98, 99, 100, 101, 102, 103, 104, 105, 106, 107, 108, 109, 110, 114, 118, 119, 120, 121, 122, 123], [2, 7, 12, 17, 18, 19, 20, 28, 29, 30, 31, 32, 39, 40, 41, 42, 49, 50, 51, 52, 58, 59, 62, 63, 64, 65, 66, 67, 73, 74, 75, 76, 77, 78, 79, 82, 86, 89, 90, 94, 95, 96, 97, 98, 99, 100, 101, 102, 103, 108, 110, 111, 112, 114, 115, 116, 117, 118, 119, 120, 121, 123, 124], [3, 8, 13, 17, 21, 22, 24, 29, 33, 35, 36, 39, 43, 45, 46, 49, 51, 52, 53, 54, 55, 61, 63, 65, 68, 71, 73, 75, 78, 80, 81, 82, 83, 85, 86, 87, 88, 89, 90, 91, 93, 96, 98, 101, 103, 104, 106, 107, 108, 109, 110, 111, 112, 113, 114, 115, 116, 118, 119, 120, 122, 123, 124], [4, 9, 14, 18, 21, 23, 25, 30, 33, 34, 37, 40, 43, 44, 47, 49, 50, 53, 54, 56, 58, 60, 63, 64, 66, 67, 68, 69, 70, 75, 76, 77, 80, 83, 84, 87, 88, 89, 90, 91, 92, 95, 97, 100, 101, 102, 104, 105, 106, 109, 110, 111, 112, 113, 114, 115, 117, 118, 119, 121, 122, 123, 124], [5, 10, 15, 19, 23, 24, 26, 31, 34, 35, 38, 41, 44, 45, 48, 50, 51, 53, 57, 59, 60, 61, 64, 65, 69, 71, 72, 74, 76, 78, 79, 80, 84, 85, 87, 89, 91, 92, 93, 94, 95, 96, 98, 99, 100, 101, 102, 103, 104, 105, 106, 107, 111, 113, 115, 116, 117, 118, 119, 120, 121, 122, 124], [11, 16, 20, 22, 25, 26, 27, 32, 42, 46, 47, 48, 52, 54, 55, 56, 57, 58, 59, 60, 61, 62, 67, 70, 72, 77, 79, 81, 82, 83, 84, 85, 86, 88, 90, 91, 92, 93, 94, 95, 96, 97, 99, 102, 103, 105, 106, 107, 108, 109, 112, 113, 114, 115, 116, 117, 119, 120, 121, 122, 123, 124]!Vessel: FarSeeker
[1, 6, 7, 8, 9, 10, 11, 27, 28, 29, 30, 31, 32, 33, 34, 35, 36, 37, 38, 55, 56, 57, 62, 63, 64, 65, 66, 67, 68, 69, 70, 71, 72, 73, 74, 81, 86, 87, 88, 92, 93, 94, 97, 98, 99, 100, 104, 105, 107, 108, 109, 110, 111, 112, 113, 116, 117, 118, 120, 121, 122, 123, 124], [6, 12, 13, 14, 15, 16, 27, 28, 36, 37, 38, 39, 40, 41, 42, 43, 44, 45, 46, 47, 48, 62, 66, 68, 69, 70, 71, 72, 73, 74, 75, 76, 77, 78, 79, 80, 81, 82, 83, 84, 85, 97, 98, 99, 100, 101, 102, 103, 104, 105, 106, 107, 108, 109, 110, 114, 118, 119, 120, 121, 122, 123], [2, 7, 12, 17, 18, 19, 20, 28, 29, 30, 31, 32, 39, 40, 41, 42, 49, 50, 51, 52, 58, 59, 62, 63, 64, 65, 66, 67, 73, 74, 75, 76, 77, 78, 79, 82, 86, 89, 90, 94, 95, 96, 97, 98, 99, 100, 101, 102, 103, 108, 110, 111, 112, 114, 115, 116, 117, 118, 119, 120, 121, 123, 124], [3, 8, 13, 17, 21, 22, 24, 29, 33, 35, 36, 39, 43, 45, 46, 49, 51, 52, 53, 54, 55, 61, 63, 65, 68, 71, 73, 75, 78, 80, 81, 82, 83, 85, 86, 87, 88, 89, 90, 91, 93, 96, 98, 101, 103, 104, 106, 107, 108, 109, 110, 111, 112, 113, 114, 115, 116, 118, 119, 120, 122, 123, 124], [4, 9, 14, 18, 21, 23, 25, 30, 33, 34, 37, 40, 43, 44, 47, 49, 50, 53, 54, 56, 58, 60, 63, 64, 66, 67, 68, 69, 70, 75, 76, 77, 80, 83, 84, 87, 88, 89, 90, 91, 92, 95, 97, 100, 101, 102, 104, 105, 106, 109, 110, 111, 112, 113, 114, 115, 117, 118, 119, 121, 122, 123, 124], [5, 10, 15, 19, 23, 24, 26, 31, 34, 35, 38, 41, 44, 45, 48, 50, 51, 53, 57, 59, 60, 61, 64, 65, 69, 71, 72, 74, 76, 78, 79, 80, 84, 85, 87, 89, 91, 92, 93, 94, 95, 96, 98, 99, 100, 101, 102, 103, 104, 105, 106, 107, 111, 113, 115, 116, 117, 118, 119, 120, 121, 122, 124], [11, 16, 20, 22, 25, 26, 27, 32, 42, 46, 47, 48, 52, 54, 55, 56, 57, 58, 59, 60, 61, 62, 67, 70, 72, 77, 79, 81, 82, 83, 84, 85, 86, 88, 90, 91, 92, 93, 94, 95, 96, 97, 99, 102, 103, 105, 106, 107, 108, 109, 112, 113, 114, 115, 116, 117, 119, 120, 121, 122, 123, 124]!Vessel: FarSearcher
[1, 6, 7, 8, 9, 10, 11, 27, 28, 29, 30, 31, 32, 33, 34, 35, 36, 37, 38, 55, 56, 57, 62, 63, 64, 65, 66, 67, 68, 69, 70, 71, 72, 73, 74, 81, 86, 87, 88, 92, 93, 94, 97, 98, 99, 100, 104, 105, 107, 108, 109, 110, 111, 112, 113, 116, 117, 121, 122, 123, 124], [6, 12, 13, 14, 15, 16, 27, 28, 36, 37, 38, 39, 40, 41, 42, 43, 44, 45, 46, 47, 48, 62, 66, 68, 69, 70, 71, 72, 73, 74, 75, 76, 77, 78, 79, 80, 81, 82, 83, 84, 85, 97, 98, 99, 100, 101, 102, 103, 104, 105, 106, 107, 108, 109, 110, 114, 121, 122, 123], [2, 7, 12, 17, 18, 19, 20, 28, 29, 30, 31, 32, 39, 40, 41, 42, 49, 50, 51, 52, 58, 59, 62, 63, 64, 65, 66, 67, 73, 74, 75, 76, 77, 78, 79, 82, 86, 89, 90, 94, 95, 96, 97, 98, 99, 100, 101, 102, 103, 108, 110, 111, 112, 114, 115, 116, 117, 121, 123, 124], [3, 8, 13, 17, 21, 22, 24, 29, 33, 35, 36, 39, 43, 45, 46, 49, 51, 52, 53, 54, 55, 61, 63, 65, 68, 71, 73, 75, 78, 80, 81, 82, 83, 85, 86, 87, 88, 89, 90, 91, 93, 96, 98, 101, 103, 104, 106, 107, 108, 109, 110, 111, 112, 113, 114, 115, 116, 122, 123, 124], [4, 9, 14, 18, 21, 23, 25, 30, 33, 34, 37, 40, 43, 44, 47, 49, 50, 53, 54, 56, 58, 60, 63, 64, 66, 67, 68, 69, 70, 75, 76, 77, 80, 83, 84, 87, 88, 89, 90, 91, 92, 95, 97, 100, 101, 102, 104, 105, 106, 109, 110, 111, 112, 113, 114, 115, 117, 121, 122, 123, 124], [5, 10, 15, 19, 23, 24, 26, 31, 34, 35, 38, 41, 44, 45, 48, 50, 51, 53, 57, 59, 60, 61, 64, 65, 69, 71, 72, 74, 76, 78, 79, 80, 84, 85, 87, 89, 91, 92, 93, 94, 95, 96, 98, 99, 100, 101, 102, 103, 104, 105, 106, 107, 111, 113, 115, 116, 117, 121, 122, 124], [11, 16, 20, 22, 25, 26, 27, 32, 42, 46, 47, 48, 52, 54, 55, 56, 57, 58, 59, 60, 61, 62, 67, 70, 72, 77, 79, 81, 82, 83, 84, 85, 86, 88, 90, 91, 92, 93, 94, 95, 96, 97, 99, 102, 103, 105, 106, 107, 108, 109, 112, 113, 114, 115, 116, 117, 121, 122, 123, 124]!Vessel: FarSymphony
[1, 6, 7, 8, 9, 10, 11, 27, 28, 29, 30, 31, 32, 33, 34, 35, 36, 37, 38, 55, 56, 57, 62, 63, 64, 65, 66, 67, 68, 69, 70, 71, 72, 73, 74, 81, 86, 87, 88, 92, 93, 94, 97, 98, 99, 100, 104, 105, 107, 108, 109, 110, 111, 112, 113, 116, 117, 118, 120, 121, 122, 123, 124], [6, 12, 13, 14, 15, 16, 27, 28, 36, 37, 38, 39, 40, 41, 42, 43, 44, 45, 46, 47, 48, 62, 66, 68, 69, 70, 71, 72, 73, 74, 75, 76, 77, 78, 79, 80, 81, 82, 83, 84, 85, 97, 98, 99, 100, 101, 102, 103, 104, 105, 106, 107, 108, 109, 110, 114, 118, 119, 120, 121, 122, 123], [2, 7, 12, 17, 18, 19, 20, 28, 29, 30, 31, 32, 39, 40, 41, 42, 49, 50, 51, 52, 58, 59, 62, 63, 64, 65, 66, 67, 73, 74, 75, 76, 77, 78, 79, 82, 86, 89, 90, 94, 95, 96, 97, 98, 99, 100, 101, 102, 103, 108, 110, 111, 112, 114, 115, 116, 117, 118, 119, 120, 121, 123, 124], [3, 8, 13, 17, 21, 22, 24, 29, 33, 35, 36, 39, 43, 45, 46, 49, 51, 52, 53, 54, 55, 61, 63, 65, 68, 71, 73, 75, 78, 80, 81, 82, 83, 85, 86, 87, 88, 89, 90, 91, 93, 96, 98, 101, 103, 104, 106, 107, 108, 109, 110, 111, 112, 113, 114, 115, 116, 118, 119, 120, 122, 123, 124], [4, 9, 14, 18, 21, 23, 25, 30, 33, 34, 37, 40, 43, 44, 47, 49, 50, 53, 54, 56, 58, 60, 63, 64, 66, 67, 68, 69, 70, 75, 76, 77, 80, 83, 84, 87, 88, 89, 90, 91, 92, 95, 97, 100, 101, 102, 104, 105, 106, 109, 110, 111, 112, 113, 114, 115, 117, 118, 119, 121, 122, 123, 124], [5, 10, 15, 19, 23, 24, 26, 31, 34, 35, 38, 41, 44, 45, 48, 50, 51, 53, 57, 59, 60, 61, 64, 65, 69, 71, 72, 74, 76, 78, 79, 80, 84, 85, 87, 89, 91, 92, 93, 94, 95, 96, 98, 99, 100, 101, 102, 103, 104, 105, 106, 107, 111, 113, 115, 116, 117, 118, 119, 120, 121, 122, 124], [11, 16, 20, 22, 25, 26, 27, 32, 42, 46, 47, 48, 52, 54, 55, 56, 57, 58, 59, 60, 61, 62, 67, 70, 72, 77, 79, 81, 82, 83, 84, 85, 86, 88, 90, 91, 92, 93, 94, 95, 96, 97, 99, 102, 103, 105, 106, 107, 108, 109, 112, 113, 114, 115, 116, 117, 119, 120, 121, 122, 123, 124]!Vessel: HavilaForesight
[1, 6, 7, 8, 9, 10, 11, 27, 28, 29, 30, 31, 32, 33, 34, 35, 36, 37, 38, 55, 56, 57, 62, 63, 64, 65, 66, 67, 68, 69, 70, 71, 72, 73, 74, 81, 86, 87, 88, 92, 93, 94, 97, 98, 99, 100, 104, 105, 107, 108, 109, 110, 111, 112, 113, 116, 117, 123], [6, 12, 13, 14, 15, 16, 27, 28, 36, 37, 38, 39, 40, 41, 42, 43, 44, 45, 46, 47, 48, 62, 66, 68, 69, 70, 71, 72, 73, 74, 75, 76, 77, 78, 79, 80, 81, 82, 83, 84, 85, 97, 98, 99, 100, 101, 102, 103, 104, 105, 106, 107, 108, 109, 110, 114, 123], [2, 7, 12, 17, 18, 19, 20, 28, 29, 30, 31, 32, 39, 40, 41, 42, 49, 50, 51, 52, 58, 59, 62, 63, 64, 65, 66, 67, 73, 74, 75, 76, 77, 78, 79, 82, 86, 89, 90, 94, 95, 96, 97, 98, 99, 100, 101, 102, 103, 108, 110, 111, 112, 114, 115, 116, 117, 123], [3, 8, 13, 17, 21, 22, 24, 29, 33, 35, 36, 39, 43, 45, 46, 49, 51, 52, 53, 54, 55, 61, 63, 65, 68, 71, 73, 75, 78, 80, 81, 82, 83, 85, 86, 87, 88, 89, 90, 91, 93, 96, 98, 101, 103, 104, 106, 107, 108, 109, 110, 111, 112, 113, 114, 115, 116, 123], [4, 9, 14, 18, 21, 23, 25, 30, 33, 34, 37, 40, 43, 44, 47, 49, 50, 53, 54, 56, 58, 60, 63, 64, 66, 67, 68, 69, 70, 75, 76, 77, 80, 83, 84, 87, 88, 89, 90, 91, 92, 95, 97, 100, 101, 102, 104, 105, 106, 109, 110, 111, 112, 113, 114, 115, 117, 123], [5, 10, 15, 19, 23, 24, 26, 31, 34, 35, 38, 41, 44, 45, 48, 50, 51, 53, 57, 59, 60, 61, 64, 65, 69, 71, 72, 74, 76, 78, 79, 80, 84, 85, 87, 89, 91, 92, 93, 94, 95, 96, 98, 99, 100, 101, 102, 103, 104, 105, 106, 107, 111, 113, 115, 116, 117], [11, 16, 20, 22, 25, 26, 27, 32, 42, 46, 47, 48, 52, 54, 55, 56, 57, 58, 59, 60, 61, 62, 67, 70, 72, 77, 79, 81, 82, 83, 84, 85, 86, 88, 90, 91, 92, 93, 94, 95, 96, 97, 99, 102, 103, 105, 106, 107, 108, 109, 112, 113, 114, 115, 116, 117, 123]!Vessel: FarStar
] 

Rvl : [
!l : 2, 3
[1, 2, 3, 4, 5, 6, 7, 8, 9, 10, 11, 12, 13, 14, 15, 16, 17, 18, 19, 20, 21, 22, 25, 26, 27, 28, 30, 31, 32, 36, 37, 38, 39, 40, 41, 42, 46, 47, 48, 52, 54, 55, 56, 57, 58, 59, 62, 66, 67, 70, 72, 74, 77, 79, 94, 99], [23, 24, 29, 33, 34, 35, 43, 44, 45, 49, 50, 51, 53, 60, 61, 63, 64, 65, 68, 69, 71, 73, 75, 76, 78, 80, 81, 82, 83, 84, 85, 86, 87, 88, 89, 90, 91, 92, 93, 95, 96, 97, 98, 100, 101, 102, 103, 104, 105, 106, 107, 108, 109, 110, 111, 112, 113, 114, 115, 116, 117, 118, 119, 120, 121, 122, 123, 124]!Vessel: FarSeeker
[1, 2, 3, 4, 5, 6, 7, 8, 9, 10, 11, 12, 13, 14, 15, 16, 17, 18, 19, 20, 21, 22, 25, 26, 27, 28, 30, 31, 32, 36, 37, 38, 39, 40, 41, 42, 46, 47, 48, 52, 54, 55, 56, 57, 58, 59, 62, 66, 67, 70, 72, 74, 77, 79, 94, 99], [23, 24, 29, 33, 34, 35, 43, 44, 45, 49, 50, 51, 53, 60, 61, 63, 64, 65, 68, 69, 71, 73, 75, 76, 78, 80, 81, 82, 83, 84, 85, 86, 87, 88, 89, 90, 91, 92, 93, 95, 96, 97, 98, 100, 101, 102, 103, 104, 105, 106, 107, 108, 109, 110, 111, 112, 113, 114, 115, 116, 117, 118, 119, 120, 121, 122, 123, 124]!Vessel: FarSearcher
[1, 2, 3, 4, 5, 6, 7, 8, 9, 10, 11, 12, 13, 14, 15, 16, 17, 18, 19, 20, 21, 22, 25, 26, 27, 28, 30, 31, 32, 36, 37, 38, 39, 40, 41, 42, 46, 47, 48, 52, 54, 55, 56, 57, 58, 59, 62, 66, 67, 70, 72, 74, 77, 79, 94, 99], [23, 24, 29, 33, 34, 35, 43, 44, 45, 49, 50, 51, 53, 60, 61, 63, 64, 65, 68, 69, 71, 73, 75, 76, 78, 80, 81, 82, 83, 84, 85, 86, 87, 88, 89, 90, 91, 92, 93, 95, 96, 97, 98, 100, 101, 102, 103, 104, 105, 106, 107, 108, 109, 110, 111, 112, 113, 114, 115, 116, 117, 121, 122, 123, 124]!Vessel: FarSymphony
[1, 2, 3, 4, 5, 6, 7, 8, 9, 10, 11, 12, 13, 14, 15, 16, 17, 18, 19, 20, 21, 22, 25, 26, 27, 28, 30, 31, 32, 36, 37, 38, 39, 40, 41, 42, 46, 47, 48, 52, 54, 55, 56, 57, 58, 59, 62, 66, 67, 70, 72, 74, 77, 79, 94, 99], [23, 24, 29, 33, 34, 35, 43, 44, 45, 49, 50, 51, 53, 60, 61, 63, 64, 65, 68, 69, 71, 73, 75, 76, 78, 80, 81, 82, 83, 84, 85, 86, 87, 88, 89, 90, 91, 92, 93, 95, 96, 97, 98, 100, 101, 102, 103, 104, 105, 106, 107, 108, 109, 110, 111, 112, 113, 114, 115, 116, 117, 118, 119, 120, 121, 122, 123, 124]!Vessel: HavilaForesight
[1, 2, 3, 4, 5, 6, 7, 8, 9, 10, 11, 12, 13, 14, 15, 16, 17, 18, 19, 20, 21, 22, 25, 26, 27, 28, 30, 31, 32, 36, 37, 38, 39, 40, 41, 42, 46, 47, 48, 52, 54, 55, 56, 57, 58, 59, 62, 66, 67, 70, 72, 74, 77, 79, 94, 99], [23, 24, 29, 33, 34, 35, 43, 44, 45, 49, 50, 51, 53, 60, 61, 63, 64, 65, 68, 69, 71, 73, 75, 76, 78, 80, 81, 82, 83, 84, 85, 86, 87, 88, 89, 90, 91, 92, 93, 95, 96, 97, 98, 100, 101, 102, 103, 104, 105, 106, 107, 108, 109, 110, 111, 112, 113, 114, 115, 116, 117, 123]!Vessel: FarStar
] 

minF : 2
maxF : 6
Nf : [
!f : 2, 3, 4, 5, 6
[5, 6], [], [], [2, 3, 4, 7], [1]
]

! Parameters
VoyageCost: [37970, 39085, 64838, 59991, 44841, 44429, 45544, 73722, 62814, 47265, 43726, 43120, 73722, 62814, 46053, 38879, 74837, 63929, 47265, 42418, 72716, 73019, 81805, 83017, 62414, 46053, 50186, 49580, 81296, 70389, 50392, 48877, 81599, 84629, 85441, 80181, 69274, 49277, 78872, 67965, 47968, 46453, 81599, 84629, 84229, 79478, 68571, 47265, 82714, 85744, 85441, 78169, 90895, 80896, 79478, 68571, 48574, 67262, 47265, 84229, 84229, 55337, 89174, 88471, 88568, 76848, 76146, 88059, 88471, 77454, 87453, 55034, 85332, 54428, 86750, 87259, 76146, 86144, 53725, 93319, 85938, 84629, 87356, 88471, 85441, 84629, 92107, 87356, 92107, 86047, 93319, 88471, 86750, 53725, 87259, 85441, 82605, 92604, 60184, 88471, 94022, 89683, 91901, 95330, 89683, 94627, 91901, 91089, 93816, 93210, 94022, 92507, 94627, 92507, 93319, 91901, 88471, 100481, 99778, 98360, 90895, 99984, 98966, 99778]
VoyageDuration: [2, 2, 2, 2, 2, 2, 2, 2, 2, 2, 2, 2, 2, 2, 2, 2, 2, 2, 2, 2, 2, 2, 3, 3, 2, 2, 2, 2, 3, 2, 2, 2, 3, 3, 3, 2, 2, 2, 2, 2, 2, 2, 3, 3, 3, 2, 2, 2, 3, 3, 3, 2, 3, 2, 2, 2, 2, 2, 2, 3, 3, 2, 3, 3, 3, 2, 2, 3, 3, 2, 3, 2, 3, 2, 3, 3, 2, 3, 2, 3, 3, 3, 3, 3, 3, 3, 3, 3, 3, 3, 3, 3, 3, 2, 3, 3, 3, 3, 2, 3, 3, 3, 3, 3, 3, 3, 3, 3, 3, 3, 3, 3, 3, 3, 3, 3, 3, 3, 3, 3, 3, 3, 3, 3]
TimeCharterCost: [120000, 125000, 130000, 110000, 104000]
RequiredVisits: [6, 5, 5, 5, 2, 2, 5]
NumberOfDaysAvailable: [7, 7, 7, 7, 7]
DepotCapacity: [3, 3, 3, 3, 3, 3, 0]
