!Summary:
!Execution time: 0,48 seconds
!Total # voyages: 2345 (491 unique)
!Number of installations (excluding depot): 9
!Number of time windows: 0
!Number of vessels: 5

!Min. # installations: 1
!Max. number of installations: 8
!Min. duration: 56
!Max. duration: 80

!Name: FarStar	 # voyages: 427
!Name: FarSymphony	 # voyages: 454
!Name: FarSearcher	 # voyages: 491
!Name: FarSeeker	 # voyages: 491
!Name: HavilaForesight	 # voyages: 482
!------------------------------------------------------------------------------------------------------------------------
nV : 5
nR : 491
nN : 9
nT : 7
minL : 2
maxL : 3

! Sets: 
Rv : [
[1, 2, 3, 4, 5, 6, 7, 8, 9, 10, 11, 12, 13, 14, 15, 16, 17, 18, 19, 20, 21, 22, 23, 24, 25, 26, 27, 28, 29, 30, 31, 32, 33, 34, 35, 36, 37, 38, 39, 40, 41, 42, 43, 44, 45, 46, 47, 48, 49, 50, 51, 52, 53, 54, 55, 56, 57, 58, 59, 60, 61, 62, 63, 64, 65, 66, 67, 68, 69, 70, 71, 72, 73, 74, 75, 76, 77, 78, 79, 80, 81, 82, 83, 84, 85, 86, 87, 88, 89, 90, 91, 92, 93, 94, 95, 96, 97, 98, 99, 100, 101, 102, 103, 104, 105, 106, 107, 108, 109, 110, 111, 112, 113, 114, 115, 116, 117, 118, 119, 120, 121, 122, 123, 124, 125, 126, 127, 128, 129, 130, 131, 132, 133, 134, 135, 136, 137, 138, 139, 140, 141, 142, 143, 144, 145, 146, 147, 148, 149, 150, 151, 152, 153, 154, 155, 156, 157, 158, 159, 160, 161, 162, 163, 164, 165, 166, 167, 168, 169, 170, 171, 172, 173, 174, 175, 176, 177, 178, 179, 180, 181, 182, 183, 184, 185, 186, 187, 188, 189, 190, 191, 192, 193, 194, 195, 196, 197, 198, 199, 200, 201, 202, 203, 204, 205, 206, 207, 208, 209, 210, 211, 212, 213, 214, 215, 216, 217, 218, 219, 220, 221, 222, 223, 224, 225, 226, 227, 228, 229, 230, 231, 232, 233, 234, 235, 236, 237, 238, 239, 240, 241, 242, 243, 244, 245, 246, 247, 248, 249, 250, 251, 252, 253, 254, 255, 256, 257, 258, 259, 260, 261, 262, 263, 264, 265, 266, 267, 268, 269, 270, 271, 272, 273, 274, 275, 276, 277, 278, 279, 280, 281, 282, 283, 284, 285, 286, 287, 288, 289, 290, 291, 292, 293, 294, 295, 296, 297, 298, 299, 300, 301, 302, 303, 304, 305, 306, 307, 308, 309, 310, 311, 312, 313, 314, 315, 316, 317, 318, 319, 320, 321, 322, 323, 324, 325, 326, 327, 328, 329, 330, 331, 332, 333, 334, 335, 336, 337, 338, 339, 340, 341, 342, 343, 344, 345, 346, 347, 348, 349, 350, 351, 352, 353, 354, 355, 356, 357, 358, 359, 360, 361, 362, 363, 364, 365, 366, 367, 368, 369, 370, 371, 372, 373, 374, 375, 376, 377, 378, 379, 380, 381, 382, 383, 384, 385, 386, 387, 388, 389, 390, 391, 392, 393, 394, 395, 396, 397, 398, 399, 400, 401, 402, 403, 404, 405, 406, 407, 408, 409, 410, 411, 412, 413, 414, 415, 416, 417, 418, 419, 420, 421, 422, 423, 424, 425, 426, 427, 428, 429, 430, 431, 432, 433, 434, 435, 436, 437, 438, 439, 440, 441, 442, 443, 444, 445, 446, 447, 448, 449, 450, 451, 452, 453, 454, 455, 456, 457, 458, 459, 460, 461, 462, 463, 464, 465, 466, 467, 468, 469, 470, 471, 472, 473, 474, 475, 476, 477, 478, 479, 480, 481, 482, 483, 484, 485, 486, 487, 488, 489, 490, 491]!Vessel: FarSeeker
[1, 2, 3, 4, 5, 6, 7, 8, 9, 10, 11, 12, 13, 14, 15, 16, 17, 18, 19, 20, 21, 22, 23, 24, 25, 26, 27, 28, 29, 30, 31, 32, 33, 34, 35, 36, 37, 38, 39, 40, 41, 42, 43, 44, 45, 46, 47, 48, 49, 50, 51, 52, 53, 54, 55, 56, 57, 58, 59, 60, 61, 62, 63, 64, 65, 66, 67, 68, 69, 70, 71, 72, 73, 74, 75, 76, 77, 78, 79, 80, 81, 82, 83, 84, 85, 86, 87, 88, 89, 90, 91, 92, 93, 94, 95, 96, 97, 98, 99, 100, 101, 102, 103, 104, 105, 106, 107, 108, 109, 110, 111, 112, 113, 114, 115, 116, 117, 118, 119, 120, 121, 122, 123, 124, 125, 126, 127, 128, 129, 130, 131, 132, 133, 134, 135, 136, 137, 138, 139, 140, 141, 142, 143, 144, 145, 146, 147, 148, 149, 150, 151, 152, 153, 154, 155, 156, 157, 158, 159, 160, 161, 162, 163, 164, 165, 166, 167, 168, 169, 170, 171, 172, 173, 174, 175, 176, 177, 178, 179, 180, 181, 182, 183, 184, 185, 186, 187, 188, 189, 190, 191, 192, 193, 194, 195, 196, 197, 198, 199, 200, 201, 202, 203, 204, 205, 206, 207, 208, 209, 210, 211, 212, 213, 214, 215, 216, 217, 218, 219, 220, 221, 222, 223, 224, 225, 226, 227, 228, 229, 230, 231, 232, 233, 234, 235, 236, 237, 238, 239, 240, 241, 242, 243, 244, 245, 246, 247, 248, 249, 250, 251, 252, 253, 254, 255, 256, 257, 258, 259, 260, 261, 262, 263, 264, 265, 266, 267, 268, 269, 270, 271, 272, 273, 274, 275, 276, 277, 278, 279, 280, 281, 282, 283, 284, 285, 286, 287, 288, 289, 290, 291, 292, 293, 294, 295, 296, 297, 298, 299, 300, 301, 302, 303, 304, 305, 306, 307, 308, 309, 310, 311, 312, 313, 314, 315, 316, 317, 318, 319, 320, 321, 322, 323, 324, 325, 326, 327, 328, 329, 330, 331, 332, 333, 334, 335, 336, 337, 338, 339, 340, 341, 342, 343, 344, 345, 346, 347, 348, 349, 350, 351, 352, 353, 354, 355, 356, 357, 358, 359, 360, 361, 362, 363, 364, 365, 366, 367, 368, 369, 370, 371, 372, 373, 374, 375, 376, 377, 378, 379, 380, 381, 382, 383, 384, 385, 386, 387, 388, 389, 390, 391, 392, 393, 394, 395, 396, 397, 398, 399, 400, 401, 402, 403, 404, 405, 406, 407, 408, 409, 410, 411, 412, 413, 414, 415, 416, 417, 418, 419, 420, 421, 422, 423, 424, 425, 426, 427, 428, 429, 430, 431, 432, 433, 434, 435, 436, 437, 438, 439, 440, 441, 442, 443, 444, 445, 446, 447, 448, 449, 450, 451, 452, 453, 454, 455, 456, 457, 458, 459, 460, 461, 462, 463, 464, 465, 466, 467, 468, 469, 470, 471, 472, 473, 474, 475, 476, 477, 478, 479, 480, 481, 482, 483, 484, 485, 486, 487, 488, 489, 490, 491]!Vessel: FarSearcher
[1, 2, 3, 4, 5, 6, 7, 8, 9, 10, 11, 12, 13, 14, 15, 16, 17, 18, 19, 20, 21, 22, 23, 24, 25, 26, 27, 28, 29, 30, 31, 32, 33, 34, 35, 36, 37, 38, 39, 40, 41, 42, 43, 44, 45, 46, 47, 48, 49, 50, 51, 52, 53, 54, 55, 56, 57, 58, 59, 60, 61, 62, 63, 64, 65, 66, 67, 68, 69, 70, 71, 72, 73, 74, 75, 76, 77, 78, 79, 80, 81, 82, 83, 84, 85, 86, 87, 88, 89, 90, 91, 92, 93, 94, 95, 96, 97, 98, 99, 100, 101, 102, 103, 104, 105, 106, 107, 108, 109, 110, 111, 112, 113, 114, 115, 116, 117, 118, 119, 120, 121, 122, 123, 124, 125, 126, 127, 128, 129, 130, 131, 132, 133, 134, 135, 136, 137, 138, 139, 140, 141, 142, 143, 144, 145, 146, 147, 148, 149, 150, 151, 152, 153, 154, 155, 156, 157, 158, 159, 160, 161, 162, 163, 164, 165, 166, 167, 168, 169, 170, 171, 172, 173, 174, 175, 176, 177, 178, 179, 180, 181, 182, 183, 184, 185, 186, 187, 188, 189, 190, 191, 192, 193, 194, 195, 196, 197, 198, 199, 200, 201, 202, 203, 204, 205, 206, 207, 208, 209, 210, 211, 212, 213, 214, 215, 216, 217, 218, 219, 220, 221, 222, 223, 224, 225, 226, 227, 228, 229, 230, 231, 232, 233, 234, 235, 236, 237, 238, 239, 240, 241, 242, 243, 244, 245, 246, 247, 248, 249, 250, 251, 252, 253, 254, 255, 256, 257, 258, 259, 260, 261, 262, 263, 264, 265, 266, 267, 268, 269, 270, 271, 272, 273, 274, 275, 276, 277, 278, 279, 280, 281, 282, 283, 284, 285, 286, 287, 288, 289, 290, 291, 292, 293, 294, 295, 296, 297, 298, 299, 300, 301, 302, 303, 304, 305, 306, 307, 308, 309, 310, 311, 312, 313, 314, 315, 316, 317, 318, 319, 320, 321, 322, 323, 324, 325, 326, 327, 328, 329, 330, 331, 332, 333, 334, 335, 336, 337, 338, 339, 340, 341, 342, 343, 344, 345, 346, 347, 348, 349, 350, 351, 352, 353, 354, 355, 356, 357, 358, 359, 360, 361, 362, 363, 364, 365, 366, 367, 368, 369, 370, 371, 372, 373, 374, 375, 376, 377, 378, 382, 384, 386, 387, 390, 391, 393, 394, 396, 397, 401, 402, 403, 404, 405, 406, 407, 408, 409, 410, 412, 413, 414, 415, 416, 417, 418, 419, 420, 421, 422, 423, 424, 426, 427, 428, 429, 430, 431, 432, 433, 434, 435, 436, 437, 438, 440, 441, 442, 443, 444, 445, 446, 447, 448, 449, 450, 451, 452, 453, 454, 455, 456, 457, 458, 459, 460, 461, 464, 465, 467, 473, 477, 481, 482, 486]!Vessel: FarSymphony
[1, 2, 3, 4, 5, 6, 7, 8, 9, 10, 11, 12, 13, 14, 15, 16, 17, 18, 19, 20, 21, 22, 23, 24, 25, 26, 27, 28, 29, 30, 31, 32, 33, 34, 35, 36, 37, 38, 39, 40, 41, 42, 43, 44, 45, 46, 47, 48, 49, 50, 51, 52, 53, 54, 55, 56, 57, 58, 59, 60, 61, 62, 63, 64, 65, 66, 67, 68, 69, 70, 71, 72, 73, 74, 75, 76, 77, 78, 79, 80, 81, 82, 83, 84, 85, 86, 87, 88, 89, 90, 91, 92, 93, 94, 95, 96, 97, 98, 99, 100, 101, 102, 103, 104, 105, 106, 107, 108, 109, 110, 111, 112, 113, 114, 115, 116, 117, 118, 119, 120, 121, 122, 123, 124, 125, 126, 127, 128, 129, 130, 131, 132, 133, 134, 135, 136, 137, 138, 139, 140, 141, 142, 143, 144, 145, 146, 147, 148, 149, 150, 151, 152, 153, 154, 155, 156, 157, 158, 159, 160, 161, 162, 163, 164, 165, 166, 167, 168, 169, 170, 171, 172, 173, 174, 175, 176, 177, 178, 179, 180, 181, 182, 183, 184, 185, 186, 187, 188, 189, 190, 191, 192, 193, 194, 195, 196, 197, 198, 199, 200, 201, 202, 203, 204, 205, 206, 207, 208, 209, 210, 211, 212, 213, 214, 215, 216, 217, 218, 219, 220, 221, 222, 223, 224, 225, 226, 227, 228, 229, 230, 231, 232, 233, 234, 235, 236, 237, 238, 239, 240, 241, 242, 243, 244, 245, 246, 247, 248, 249, 250, 251, 252, 253, 254, 255, 256, 257, 258, 259, 260, 261, 262, 263, 264, 265, 266, 267, 268, 269, 270, 271, 272, 273, 274, 275, 276, 277, 278, 279, 280, 281, 282, 283, 284, 285, 286, 287, 288, 289, 290, 291, 292, 293, 294, 295, 296, 297, 298, 299, 300, 301, 302, 303, 304, 305, 306, 307, 308, 309, 310, 311, 312, 313, 314, 315, 316, 317, 318, 319, 320, 321, 322, 323, 324, 325, 326, 327, 328, 329, 330, 331, 332, 333, 334, 335, 336, 337, 338, 339, 340, 341, 342, 343, 344, 345, 346, 347, 348, 349, 350, 351, 352, 353, 354, 355, 356, 357, 358, 359, 360, 361, 362, 363, 364, 365, 366, 367, 368, 369, 370, 371, 372, 373, 374, 375, 376, 377, 378, 379, 380, 381, 382, 383, 384, 385, 386, 387, 388, 389, 390, 391, 392, 393, 394, 395, 396, 397, 398, 399, 400, 401, 402, 403, 404, 405, 406, 407, 408, 409, 410, 411, 412, 413, 414, 415, 416, 417, 418, 419, 420, 421, 422, 423, 424, 425, 426, 427, 428, 429, 430, 431, 432, 433, 434, 435, 436, 437, 438, 439, 440, 441, 442, 443, 444, 445, 446, 447, 448, 449, 450, 451, 452, 453, 454, 455, 456, 457, 458, 459, 460, 461, 462, 463, 464, 465, 466, 467, 469, 470, 471, 472, 473, 474, 477, 479, 481, 482, 483, 485, 486, 490, 491]!Vessel: HavilaForesight
[1, 2, 3, 4, 5, 6, 7, 8, 9, 10, 11, 12, 13, 14, 15, 16, 17, 18, 19, 20, 21, 22, 23, 24, 25, 26, 27, 28, 29, 30, 31, 32, 33, 34, 35, 36, 37, 38, 39, 40, 41, 42, 43, 44, 45, 46, 47, 48, 49, 50, 51, 52, 53, 54, 55, 56, 57, 58, 59, 60, 61, 62, 63, 64, 65, 66, 67, 68, 69, 70, 71, 72, 73, 74, 75, 76, 77, 78, 79, 80, 81, 82, 83, 84, 85, 86, 87, 88, 89, 90, 91, 92, 93, 94, 95, 96, 97, 98, 99, 100, 101, 102, 103, 104, 105, 106, 107, 108, 109, 110, 111, 112, 113, 114, 115, 116, 117, 118, 119, 120, 121, 122, 123, 124, 125, 126, 127, 128, 129, 130, 131, 132, 133, 134, 135, 136, 137, 138, 139, 140, 141, 142, 143, 144, 145, 146, 147, 148, 149, 150, 151, 152, 153, 154, 155, 156, 157, 158, 159, 160, 161, 162, 163, 164, 165, 166, 167, 168, 169, 170, 171, 172, 173, 174, 175, 176, 177, 178, 179, 180, 181, 182, 183, 184, 185, 186, 187, 188, 189, 190, 191, 192, 193, 194, 195, 196, 197, 198, 199, 200, 201, 202, 203, 204, 205, 206, 207, 208, 209, 210, 211, 212, 213, 214, 215, 216, 217, 218, 219, 220, 221, 222, 223, 224, 225, 226, 227, 228, 229, 230, 231, 232, 233, 234, 235, 236, 237, 238, 239, 240, 241, 242, 243, 244, 245, 246, 247, 248, 249, 250, 251, 252, 253, 254, 255, 256, 257, 258, 259, 260, 261, 262, 263, 265, 266, 267, 268, 269, 270, 271, 272, 273, 274, 275, 276, 277, 278, 279, 280, 281, 282, 283, 284, 285, 286, 287, 288, 289, 290, 291, 292, 293, 294, 295, 296, 297, 298, 299, 300, 301, 302, 303, 304, 305, 306, 307, 308, 309, 310, 311, 312, 313, 314, 315, 316, 317, 318, 319, 320, 321, 322, 323, 324, 325, 326, 327, 328, 329, 330, 331, 332, 333, 334, 335, 336, 337, 338, 339, 340, 341, 342, 343, 344, 345, 346, 347, 348, 349, 350, 351, 352, 353, 354, 355, 356, 357, 358, 359, 360, 361, 362, 363, 364, 365, 366, 367, 368, 369, 370, 371, 372, 373, 374, 375, 376, 377, 382, 384, 386, 387, 390, 393, 394, 396, 397, 402, 403, 404, 405, 406, 407, 408, 410, 412, 413, 414, 416, 417, 420, 421, 422, 426, 427, 428, 430, 431, 434, 435, 436, 438, 441, 442, 445, 446, 447, 451, 452, 454, 457, 459, 460, 464, 467, 473, 477, 482, 486]!Vessel: FarStar
] 

Rvi : [
!i : 1, 2, 3, 4, 5, 6, 7, 8, 9
[1, 6, 7, 8, 9, 10, 11, 12, 13, 42, 43, 44, 45, 46, 47, 48, 49, 50, 51, 52, 53, 54, 55, 56, 57, 58, 79, 80, 91, 92, 97, 98, 109, 110, 114, 123, 124, 126, 127, 128, 129, 130, 131, 132, 133, 134, 135, 136, 137, 138, 139, 140, 141, 151, 152, 157, 158, 168, 169, 171, 172, 173, 174, 175, 176, 177, 178, 179, 180, 181, 182, 189, 190, 191, 192, 207, 208, 209, 214, 215, 216, 217, 218, 219, 231, 232, 233, 235, 236, 237, 238, 242, 249, 252, 253, 254, 255, 256, 257, 258, 259, 260, 271, 272, 273, 277, 279, 280, 282, 283, 290, 291, 292, 293, 294, 295, 296, 297, 298, 299, 300, 301, 302, 303, 304, 305, 311, 312, 313, 314, 315, 316, 317, 318, 319, 320, 321, 322, 323, 324, 342, 343, 344, 345, 346, 347, 348, 349, 350, 351, 352, 361, 362, 363, 364, 366, 368, 369, 370, 372, 373, 374, 375, 378, 379, 380, 381, 382, 383, 384, 385, 386, 387, 397, 398, 399, 403, 405, 407, 408, 409, 410, 411, 412, 413, 414, 415, 416, 417, 420, 421, 422, 423, 424, 425, 426, 427, 428, 429, 430, 431, 432, 433, 434, 435, 436, 446, 447, 448, 449, 450, 451, 452, 453, 454, 457, 458, 459, 460, 462, 463, 464, 465, 470, 472, 473, 474, 475, 476, 477, 478, 479, 480, 481, 482, 483, 484, 485, 486, 489, 490, 491], [6, 14, 15, 16, 17, 18, 19, 20, 42, 43, 51, 54, 55, 57, 58, 59, 60, 61, 62, 63, 64, 65, 66, 67, 68, 69, 70, 71, 72, 73, 74, 75, 76, 99, 115, 125, 126, 127, 128, 131, 132, 134, 135, 137, 138, 139, 140, 141, 142, 143, 144, 145, 146, 147, 148, 149, 150, 151, 152, 153, 154, 155, 156, 157, 158, 159, 160, 161, 162, 163, 164, 165, 166, 167, 168, 169, 170, 171, 172, 177, 183, 200, 203, 210, 212, 220, 229, 239, 240, 241, 250, 251, 252, 253, 254, 255, 256, 257, 258, 259, 260, 261, 262, 263, 264, 265, 266, 267, 268, 269, 270, 271, 272, 273, 274, 275, 276, 277, 278, 279, 280, 281, 282, 283, 284, 285, 286, 287, 288, 289, 290, 291, 298, 299, 303, 304, 306, 309, 311, 312, 313, 322, 325, 332, 333, 337, 338, 340, 343, 346, 349, 355, 357, 359, 362, 363, 364, 365, 366, 374, 376, 377, 378, 379, 380, 381, 382, 383, 384, 385, 386, 387, 388, 389, 390, 391, 392, 393, 394, 395, 396, 397, 398, 399, 400, 401, 402, 403, 404, 405, 406, 407, 408, 409, 412, 414, 415, 417, 418, 420, 421, 422, 429, 430, 434, 435, 437, 441, 443, 445, 446, 450, 451, 453, 455, 457, 460, 461, 462, 463, 464, 465, 466, 467, 468, 469, 470, 471, 472, 473, 474, 475, 477, 478, 481, 483, 484, 486, 487, 489, 491], [2, 7, 14, 21, 22, 23, 24, 25, 26, 43, 44, 45, 46, 47, 48, 49, 59, 60, 61, 62, 63, 64, 77, 78, 81, 82, 83, 93, 94, 100, 101, 102, 103, 111, 116, 117, 118, 127, 128, 129, 130, 138, 139, 140, 141, 142, 143, 144, 145, 146, 147, 148, 149, 150, 159, 160, 173, 174, 175, 176, 183, 184, 185, 186, 187, 188, 193, 194, 195, 207, 208, 210, 211, 218, 219, 220, 221, 222, 223, 224, 225, 226, 231, 232, 233, 234, 239, 242, 243, 244, 245, 246, 249, 252, 255, 256, 257, 258, 259, 260, 261, 262, 263, 264, 265, 266, 267, 268, 269, 270, 277, 278, 284, 285, 290, 291, 292, 293, 294, 295, 296, 297, 306, 307, 308, 309, 310, 313, 314, 315, 316, 317, 325, 326, 327, 328, 329, 330, 331, 342, 344, 345, 350, 351, 353, 354, 355, 356, 357, 358, 361, 362, 363, 364, 365, 367, 368, 369, 370, 371, 374, 375, 376, 378, 379, 380, 381, 382, 383, 384, 385, 386, 387, 388, 389, 390, 391, 392, 393, 394, 395, 396, 403, 404, 408, 409, 410, 411, 412, 413, 418, 419, 421, 422, 423, 424, 425, 426, 427, 428, 437, 438, 439, 440, 441, 442, 446, 447, 448, 449, 453, 454, 455, 456, 457, 458, 459, 460, 461, 462, 463, 464, 465, 466, 467, 468, 469, 472, 473, 475, 476, 477, 478, 479, 480, 481, 482, 487, 488, 489, 490, 491], [3, 8, 15, 21, 27, 28, 29, 30, 33, 44, 50, 57, 59, 65, 66, 70, 73, 75, 77, 79, 80, 81, 82, 83, 84, 85, 86, 87, 88, 89, 90, 100, 109, 112, 119, 121, 123, 129, 137, 138, 142, 143, 144, 153, 154, 157, 159, 161, 162, 164, 166, 168, 170, 171, 173, 174, 175, 176, 177, 178, 179, 180, 181, 182, 183, 184, 185, 186, 187, 188, 189, 190, 191, 192, 193, 194, 195, 196, 197, 198, 199, 200, 201, 202, 203, 204, 205, 206, 237, 240, 243, 245, 247, 256, 260, 261, 262, 263, 264, 265, 271, 273, 274, 275, 278, 281, 282, 284, 286, 288, 290, 291, 292, 293, 294, 295, 296, 297, 298, 299, 300, 301, 302, 303, 304, 305, 306, 307, 308, 309, 310, 311, 312, 313, 314, 315, 316, 317, 318, 319, 320, 321, 322, 323, 324, 325, 326, 327, 328, 329, 330, 331, 332, 333, 334, 335, 336, 337, 338, 339, 340, 341, 367, 380, 381, 385, 386, 387, 388, 389, 390, 391, 392, 393, 398, 399, 400, 401, 404, 406, 408, 409, 410, 411, 412, 413, 414, 415, 416, 417, 418, 419, 420, 421, 422, 423, 424, 425, 426, 427, 428, 429, 430, 431, 432, 433, 434, 435, 436, 437, 438, 439, 440, 441, 442, 443, 444, 445, 458, 463, 464, 465, 466, 467, 468, 470, 471, 475, 476, 477, 478, 479, 480, 481, 482, 483, 484, 485, 486, 487, 488, 491], [4, 9, 16, 22, 27, 31, 32, 34, 40, 45, 50, 58, 60, 65, 67, 71, 74, 76, 77, 84, 85, 86, 91, 92, 93, 94, 95, 96, 101, 104, 105, 110, 113, 116, 119, 120, 124, 129, 137, 139, 142, 145, 146, 151, 153, 155, 158, 160, 161, 163, 165, 167, 169, 170, 172, 189, 190, 191, 192, 193, 194, 195, 196, 197, 198, 199, 200, 201, 202, 207, 208, 209, 210, 211, 212, 213, 214, 215, 221, 222, 226, 227, 228, 231, 234, 235, 236, 238, 241, 243, 244, 248, 249, 255, 261, 262, 266, 267, 268, 271, 274, 276, 277, 278, 279, 280, 281, 283, 285, 287, 289, 311, 312, 313, 314, 315, 316, 317, 318, 319, 320, 321, 322, 323, 324, 325, 326, 327, 328, 329, 330, 331, 332, 333, 334, 335, 336, 337, 338, 339, 342, 343, 344, 345, 346, 347, 348, 353, 354, 357, 358, 359, 360, 361, 362, 365, 366, 368, 371, 372, 373, 374, 375, 378, 379, 380, 387, 388, 389, 390, 394, 395, 396, 399, 400, 402, 403, 404, 405, 406, 407, 420, 421, 422, 423, 424, 425, 426, 427, 428, 429, 430, 431, 432, 433, 434, 435, 436, 437, 438, 439, 440, 441, 442, 443, 444, 445, 446, 447, 448, 449, 450, 451, 452, 455, 456, 457, 459, 460, 462, 465, 466, 467, 469, 471, 473, 474, 477, 478, 479, 480, 481, 482, 483, 484, 485, 486, 487, 488, 489, 490, 491], [10, 17, 23, 33, 34, 35, 36, 37, 46, 51, 52, 61, 66, 67, 68, 69, 79, 84, 87, 88, 91, 95, 97, 98, 99, 100, 101, 102, 103, 104, 105, 106, 107, 108, 117, 121, 131, 132, 133, 140, 143, 145, 147, 148, 151, 152, 153, 154, 155, 156, 162, 163, 173, 177, 178, 179, 180, 184, 185, 189, 193, 196, 197, 198, 203, 204, 205, 206, 207, 212, 213, 214, 215, 216, 217, 218, 219, 220, 221, 222, 223, 224, 225, 226, 227, 228, 229, 230, 232, 235, 245, 250, 253, 255, 256, 257, 258, 261, 263, 264, 266, 267, 269, 271, 272, 273, 274, 275, 276, 279, 286, 287, 292, 293, 294, 298, 299, 300, 301, 302, 306, 307, 308, 314, 318, 319, 320, 326, 327, 328, 332, 333, 334, 335, 336, 340, 341, 342, 344, 345, 346, 347, 348, 349, 350, 351, 352, 353, 354, 355, 356, 357, 358, 359, 360, 363, 366, 367, 369, 372, 376, 377, 378, 379, 380, 381, 382, 383, 385, 388, 389, 391, 392, 394, 395, 397, 398, 399, 400, 401, 402, 405, 406, 409, 410, 411, 414, 415, 416, 418, 419, 423, 424, 425, 429, 430, 431, 432, 433, 437, 438, 439, 440, 443, 444, 446, 447, 448, 449, 450, 451, 452, 453, 454, 455, 456, 458, 461, 462, 463, 466, 468, 469, 470, 471, 472, 474, 475, 476, 478, 479, 480, 483, 484, 485, 487, 488, 489, 490], [11, 18, 24, 28, 31, 35, 38, 39, 42, 47, 52, 53, 56, 62, 68, 70, 71, 72, 78, 81, 85, 87, 89, 93, 95, 96, 102, 106, 107, 109, 110, 111, 112, 113, 122, 125, 126, 127, 130, 131, 133, 134, 136, 147, 149, 150, 156, 157, 158, 159, 160, 161, 162, 163, 164, 165, 166, 167, 174, 178, 181, 182, 184, 186, 187, 190, 194, 196, 199, 201, 204, 205, 209, 211, 213, 216, 223, 224, 226, 227, 230, 231, 232, 233, 234, 235, 236, 246, 247, 248, 250, 251, 252, 253, 254, 257, 259, 263, 265, 266, 268, 269, 270, 272, 275, 276, 277, 278, 279, 280, 281, 282, 283, 284, 285, 286, 287, 288, 289, 290, 292, 295, 296, 298, 300, 301, 303, 305, 307, 308, 310, 311, 315, 318, 321, 323, 326, 329, 330, 332, 334, 335, 337, 339, 341, 344, 347, 350, 352, 353, 356, 358, 360, 368, 369, 370, 371, 372, 373, 375, 376, 377, 378, 382, 383, 384, 385, 386, 388, 390, 391, 392, 393, 394, 395, 396, 397, 398, 400, 401, 402, 403, 404, 405, 406, 407, 408, 410, 411, 413, 414, 416, 417, 419, 420, 421, 423, 426, 427, 429, 431, 432, 434, 436, 438, 439, 442, 444, 445, 447, 448, 450, 452, 454, 456, 459, 460, 461, 462, 463, 464, 465, 466, 467, 468, 469, 470, 471, 472, 473, 474, 476, 477, 479, 482, 483, 485, 486, 488, 490, 491], [12, 19, 25, 29, 36, 38, 40, 41, 48, 53, 54, 63, 72, 73, 74, 78, 80, 82, 89, 90, 92, 96, 97, 99, 104, 106, 108, 114, 115, 116, 117, 118, 119, 120, 121, 122, 126, 128, 130, 132, 133, 135, 136, 149, 156, 164, 165, 168, 169, 170, 175, 179, 181, 183, 186, 188, 191, 197, 199, 202, 203, 204, 206, 208, 210, 211, 212, 213, 214, 217, 218, 220, 221, 223, 225, 228, 229, 230, 236, 237, 238, 239, 240, 241, 242, 243, 244, 245, 246, 247, 248, 251, 252, 253, 254, 269, 270, 280, 281, 284, 285, 286, 287, 288, 289, 291, 293, 295, 297, 299, 300, 302, 303, 304, 305, 306, 307, 309, 310, 312, 316, 319, 321, 324, 325, 327, 329, 331, 333, 334, 336, 338, 339, 340, 341, 342, 343, 348, 349, 351, 352, 354, 355, 356, 357, 358, 359, 360, 361, 362, 363, 364, 365, 366, 367, 368, 369, 370, 371, 372, 373, 377, 382, 384, 391, 393, 394, 396, 397, 401, 402, 403, 404, 405, 406, 407, 408, 409, 410, 412, 413, 414, 415, 416, 417, 418, 419, 420, 422, 424, 426, 428, 430, 431, 433, 435, 436, 437, 438, 440, 441, 442, 443, 444, 445, 446, 447, 449, 451, 452, 453, 454, 455, 456, 457, 458, 459, 461, 462, 463, 464, 466, 467, 468, 469, 470, 471, 472, 473, 474, 475, 476, 477, 478, 479, 480, 481, 482, 483, 484, 485, 486, 487, 488, 489, 490, 491], [5, 13, 20, 26, 30, 32, 37, 39, 41, 49, 55, 56, 64, 69, 75, 76, 83, 86, 88, 90, 94, 98, 103, 105, 107, 108, 111, 112, 113, 114, 115, 118, 120, 122, 123, 124, 125, 134, 135, 136, 141, 144, 146, 148, 150, 152, 154, 155, 166, 167, 171, 172, 176, 180, 182, 185, 187, 188, 192, 195, 198, 200, 201, 202, 205, 206, 209, 215, 216, 217, 219, 222, 224, 225, 227, 228, 229, 230, 233, 234, 237, 238, 239, 240, 241, 242, 244, 246, 247, 248, 249, 250, 251, 254, 258, 259, 260, 262, 264, 265, 267, 268, 270, 272, 273, 274, 275, 276, 282, 283, 288, 289, 294, 296, 297, 301, 302, 304, 305, 308, 309, 310, 317, 320, 322, 323, 324, 328, 330, 331, 335, 336, 337, 338, 339, 340, 341, 343, 345, 346, 347, 348, 349, 350, 351, 352, 353, 354, 355, 356, 359, 360, 361, 364, 365, 367, 370, 371, 373, 374, 375, 376, 377, 379, 381, 383, 384, 386, 387, 389, 390, 392, 393, 395, 396, 397, 398, 399, 400, 401, 402, 407, 411, 412, 413, 415, 416, 417, 418, 419, 425, 427, 428, 432, 433, 434, 435, 436, 439, 440, 441, 442, 443, 444, 445, 448, 449, 450, 451, 452, 453, 454, 455, 456, 457, 458, 459, 460, 461, 464, 465, 467, 468, 469, 470, 471, 472, 473, 474, 475, 476, 480, 481, 482, 484, 485, 486, 487, 488, 489, 490, 491]!Vessel: FarSeeker
[1, 6, 7, 8, 9, 10, 11, 12, 13, 42, 43, 44, 45, 46, 47, 48, 49, 50, 51, 52, 53, 54, 55, 56, 57, 58, 79, 80, 91, 92, 97, 98, 109, 110, 114, 123, 124, 126, 127, 128, 129, 130, 131, 132, 133, 134, 135, 136, 137, 138, 139, 140, 141, 151, 152, 157, 158, 168, 169, 171, 172, 173, 174, 175, 176, 177, 178, 179, 180, 181, 182, 189, 190, 191, 192, 207, 208, 209, 214, 215, 216, 217, 218, 219, 231, 232, 233, 235, 236, 237, 238, 242, 249, 252, 253, 254, 255, 256, 257, 258, 259, 260, 271, 272, 273, 277, 279, 280, 282, 283, 290, 291, 292, 293, 294, 295, 296, 297, 298, 299, 300, 301, 302, 303, 304, 305, 311, 312, 313, 314, 315, 316, 317, 318, 319, 320, 321, 322, 323, 324, 342, 343, 344, 345, 346, 347, 348, 349, 350, 351, 352, 361, 362, 363, 364, 366, 368, 369, 370, 372, 373, 374, 375, 378, 379, 380, 381, 382, 383, 384, 385, 386, 387, 397, 398, 399, 403, 405, 407, 408, 409, 410, 411, 412, 413, 414, 415, 416, 417, 420, 421, 422, 423, 424, 425, 426, 427, 428, 429, 430, 431, 432, 433, 434, 435, 436, 446, 447, 448, 449, 450, 451, 452, 453, 454, 457, 458, 459, 460, 462, 463, 464, 465, 470, 472, 473, 474, 475, 476, 477, 478, 479, 480, 481, 482, 483, 484, 485, 486, 489, 490, 491], [6, 14, 15, 16, 17, 18, 19, 20, 42, 43, 51, 54, 55, 57, 58, 59, 60, 61, 62, 63, 64, 65, 66, 67, 68, 69, 70, 71, 72, 73, 74, 75, 76, 99, 115, 125, 126, 127, 128, 131, 132, 134, 135, 137, 138, 139, 140, 141, 142, 143, 144, 145, 146, 147, 148, 149, 150, 151, 152, 153, 154, 155, 156, 157, 158, 159, 160, 161, 162, 163, 164, 165, 166, 167, 168, 169, 170, 171, 172, 177, 183, 200, 203, 210, 212, 220, 229, 239, 240, 241, 250, 251, 252, 253, 254, 255, 256, 257, 258, 259, 260, 261, 262, 263, 264, 265, 266, 267, 268, 269, 270, 271, 272, 273, 274, 275, 276, 277, 278, 279, 280, 281, 282, 283, 284, 285, 286, 287, 288, 289, 290, 291, 298, 299, 303, 304, 306, 309, 311, 312, 313, 322, 325, 332, 333, 337, 338, 340, 343, 346, 349, 355, 357, 359, 362, 363, 364, 365, 366, 374, 376, 377, 378, 379, 380, 381, 382, 383, 384, 385, 386, 387, 388, 389, 390, 391, 392, 393, 394, 395, 396, 397, 398, 399, 400, 401, 402, 403, 404, 405, 406, 407, 408, 409, 412, 414, 415, 417, 418, 420, 421, 422, 429, 430, 434, 435, 437, 441, 443, 445, 446, 450, 451, 453, 455, 457, 460, 461, 462, 463, 464, 465, 466, 467, 468, 469, 470, 471, 472, 473, 474, 475, 477, 478, 481, 483, 484, 486, 487, 489, 491], [2, 7, 14, 21, 22, 23, 24, 25, 26, 43, 44, 45, 46, 47, 48, 49, 59, 60, 61, 62, 63, 64, 77, 78, 81, 82, 83, 93, 94, 100, 101, 102, 103, 111, 116, 117, 118, 127, 128, 129, 130, 138, 139, 140, 141, 142, 143, 144, 145, 146, 147, 148, 149, 150, 159, 160, 173, 174, 175, 176, 183, 184, 185, 186, 187, 188, 193, 194, 195, 207, 208, 210, 211, 218, 219, 220, 221, 222, 223, 224, 225, 226, 231, 232, 233, 234, 239, 242, 243, 244, 245, 246, 249, 252, 255, 256, 257, 258, 259, 260, 261, 262, 263, 264, 265, 266, 267, 268, 269, 270, 277, 278, 284, 285, 290, 291, 292, 293, 294, 295, 296, 297, 306, 307, 308, 309, 310, 313, 314, 315, 316, 317, 325, 326, 327, 328, 329, 330, 331, 342, 344, 345, 350, 351, 353, 354, 355, 356, 357, 358, 361, 362, 363, 364, 365, 367, 368, 369, 370, 371, 374, 375, 376, 378, 379, 380, 381, 382, 383, 384, 385, 386, 387, 388, 389, 390, 391, 392, 393, 394, 395, 396, 403, 404, 408, 409, 410, 411, 412, 413, 418, 419, 421, 422, 423, 424, 425, 426, 427, 428, 437, 438, 439, 440, 441, 442, 446, 447, 448, 449, 453, 454, 455, 456, 457, 458, 459, 460, 461, 462, 463, 464, 465, 466, 467, 468, 469, 472, 473, 475, 476, 477, 478, 479, 480, 481, 482, 487, 488, 489, 490, 491], [3, 8, 15, 21, 27, 28, 29, 30, 33, 44, 50, 57, 59, 65, 66, 70, 73, 75, 77, 79, 80, 81, 82, 83, 84, 85, 86, 87, 88, 89, 90, 100, 109, 112, 119, 121, 123, 129, 137, 138, 142, 143, 144, 153, 154, 157, 159, 161, 162, 164, 166, 168, 170, 171, 173, 174, 175, 176, 177, 178, 179, 180, 181, 182, 183, 184, 185, 186, 187, 188, 189, 190, 191, 192, 193, 194, 195, 196, 197, 198, 199, 200, 201, 202, 203, 204, 205, 206, 237, 240, 243, 245, 247, 256, 260, 261, 262, 263, 264, 265, 271, 273, 274, 275, 278, 281, 282, 284, 286, 288, 290, 291, 292, 293, 294, 295, 296, 297, 298, 299, 300, 301, 302, 303, 304, 305, 306, 307, 308, 309, 310, 311, 312, 313, 314, 315, 316, 317, 318, 319, 320, 321, 322, 323, 324, 325, 326, 327, 328, 329, 330, 331, 332, 333, 334, 335, 336, 337, 338, 339, 340, 341, 367, 380, 381, 385, 386, 387, 388, 389, 390, 391, 392, 393, 398, 399, 400, 401, 404, 406, 408, 409, 410, 411, 412, 413, 414, 415, 416, 417, 418, 419, 420, 421, 422, 423, 424, 425, 426, 427, 428, 429, 430, 431, 432, 433, 434, 435, 436, 437, 438, 439, 440, 441, 442, 443, 444, 445, 458, 463, 464, 465, 466, 467, 468, 470, 471, 475, 476, 477, 478, 479, 480, 481, 482, 483, 484, 485, 486, 487, 488, 491], [4, 9, 16, 22, 27, 31, 32, 34, 40, 45, 50, 58, 60, 65, 67, 71, 74, 76, 77, 84, 85, 86, 91, 92, 93, 94, 95, 96, 101, 104, 105, 110, 113, 116, 119, 120, 124, 129, 137, 139, 142, 145, 146, 151, 153, 155, 158, 160, 161, 163, 165, 167, 169, 170, 172, 189, 190, 191, 192, 193, 194, 195, 196, 197, 198, 199, 200, 201, 202, 207, 208, 209, 210, 211, 212, 213, 214, 215, 221, 222, 226, 227, 228, 231, 234, 235, 236, 238, 241, 243, 244, 248, 249, 255, 261, 262, 266, 267, 268, 271, 274, 276, 277, 278, 279, 280, 281, 283, 285, 287, 289, 311, 312, 313, 314, 315, 316, 317, 318, 319, 320, 321, 322, 323, 324, 325, 326, 327, 328, 329, 330, 331, 332, 333, 334, 335, 336, 337, 338, 339, 342, 343, 344, 345, 346, 347, 348, 353, 354, 357, 358, 359, 360, 361, 362, 365, 366, 368, 371, 372, 373, 374, 375, 378, 379, 380, 387, 388, 389, 390, 394, 395, 396, 399, 400, 402, 403, 404, 405, 406, 407, 420, 421, 422, 423, 424, 425, 426, 427, 428, 429, 430, 431, 432, 433, 434, 435, 436, 437, 438, 439, 440, 441, 442, 443, 444, 445, 446, 447, 448, 449, 450, 451, 452, 455, 456, 457, 459, 460, 462, 465, 466, 467, 469, 471, 473, 474, 477, 478, 479, 480, 481, 482, 483, 484, 485, 486, 487, 488, 489, 490, 491], [10, 17, 23, 33, 34, 35, 36, 37, 46, 51, 52, 61, 66, 67, 68, 69, 79, 84, 87, 88, 91, 95, 97, 98, 99, 100, 101, 102, 103, 104, 105, 106, 107, 108, 117, 121, 131, 132, 133, 140, 143, 145, 147, 148, 151, 152, 153, 154, 155, 156, 162, 163, 173, 177, 178, 179, 180, 184, 185, 189, 193, 196, 197, 198, 203, 204, 205, 206, 207, 212, 213, 214, 215, 216, 217, 218, 219, 220, 221, 222, 223, 224, 225, 226, 227, 228, 229, 230, 232, 235, 245, 250, 253, 255, 256, 257, 258, 261, 263, 264, 266, 267, 269, 271, 272, 273, 274, 275, 276, 279, 286, 287, 292, 293, 294, 298, 299, 300, 301, 302, 306, 307, 308, 314, 318, 319, 320, 326, 327, 328, 332, 333, 334, 335, 336, 340, 341, 342, 344, 345, 346, 347, 348, 349, 350, 351, 352, 353, 354, 355, 356, 357, 358, 359, 360, 363, 366, 367, 369, 372, 376, 377, 378, 379, 380, 381, 382, 383, 385, 388, 389, 391, 392, 394, 395, 397, 398, 399, 400, 401, 402, 405, 406, 409, 410, 411, 414, 415, 416, 418, 419, 423, 424, 425, 429, 430, 431, 432, 433, 437, 438, 439, 440, 443, 444, 446, 447, 448, 449, 450, 451, 452, 453, 454, 455, 456, 458, 461, 462, 463, 466, 468, 469, 470, 471, 472, 474, 475, 476, 478, 479, 480, 483, 484, 485, 487, 488, 489, 490], [11, 18, 24, 28, 31, 35, 38, 39, 42, 47, 52, 53, 56, 62, 68, 70, 71, 72, 78, 81, 85, 87, 89, 93, 95, 96, 102, 106, 107, 109, 110, 111, 112, 113, 122, 125, 126, 127, 130, 131, 133, 134, 136, 147, 149, 150, 156, 157, 158, 159, 160, 161, 162, 163, 164, 165, 166, 167, 174, 178, 181, 182, 184, 186, 187, 190, 194, 196, 199, 201, 204, 205, 209, 211, 213, 216, 223, 224, 226, 227, 230, 231, 232, 233, 234, 235, 236, 246, 247, 248, 250, 251, 252, 253, 254, 257, 259, 263, 265, 266, 268, 269, 270, 272, 275, 276, 277, 278, 279, 280, 281, 282, 283, 284, 285, 286, 287, 288, 289, 290, 292, 295, 296, 298, 300, 301, 303, 305, 307, 308, 310, 311, 315, 318, 321, 323, 326, 329, 330, 332, 334, 335, 337, 339, 341, 344, 347, 350, 352, 353, 356, 358, 360, 368, 369, 370, 371, 372, 373, 375, 376, 377, 378, 382, 383, 384, 385, 386, 388, 390, 391, 392, 393, 394, 395, 396, 397, 398, 400, 401, 402, 403, 404, 405, 406, 407, 408, 410, 411, 413, 414, 416, 417, 419, 420, 421, 423, 426, 427, 429, 431, 432, 434, 436, 438, 439, 442, 444, 445, 447, 448, 450, 452, 454, 456, 459, 460, 461, 462, 463, 464, 465, 466, 467, 468, 469, 470, 471, 472, 473, 474, 476, 477, 479, 482, 483, 485, 486, 488, 490, 491], [12, 19, 25, 29, 36, 38, 40, 41, 48, 53, 54, 63, 72, 73, 74, 78, 80, 82, 89, 90, 92, 96, 97, 99, 104, 106, 108, 114, 115, 116, 117, 118, 119, 120, 121, 122, 126, 128, 130, 132, 133, 135, 136, 149, 156, 164, 165, 168, 169, 170, 175, 179, 181, 183, 186, 188, 191, 197, 199, 202, 203, 204, 206, 208, 210, 211, 212, 213, 214, 217, 218, 220, 221, 223, 225, 228, 229, 230, 236, 237, 238, 239, 240, 241, 242, 243, 244, 245, 246, 247, 248, 251, 252, 253, 254, 269, 270, 280, 281, 284, 285, 286, 287, 288, 289, 291, 293, 295, 297, 299, 300, 302, 303, 304, 305, 306, 307, 309, 310, 312, 316, 319, 321, 324, 325, 327, 329, 331, 333, 334, 336, 338, 339, 340, 341, 342, 343, 348, 349, 351, 352, 354, 355, 356, 357, 358, 359, 360, 361, 362, 363, 364, 365, 366, 367, 368, 369, 370, 371, 372, 373, 377, 382, 384, 391, 393, 394, 396, 397, 401, 402, 403, 404, 405, 406, 407, 408, 409, 410, 412, 413, 414, 415, 416, 417, 418, 419, 420, 422, 424, 426, 428, 430, 431, 433, 435, 436, 437, 438, 440, 441, 442, 443, 444, 445, 446, 447, 449, 451, 452, 453, 454, 455, 456, 457, 458, 459, 461, 462, 463, 464, 466, 467, 468, 469, 470, 471, 472, 473, 474, 475, 476, 477, 478, 479, 480, 481, 482, 483, 484, 485, 486, 487, 488, 489, 490, 491], [5, 13, 20, 26, 30, 32, 37, 39, 41, 49, 55, 56, 64, 69, 75, 76, 83, 86, 88, 90, 94, 98, 103, 105, 107, 108, 111, 112, 113, 114, 115, 118, 120, 122, 123, 124, 125, 134, 135, 136, 141, 144, 146, 148, 150, 152, 154, 155, 166, 167, 171, 172, 176, 180, 182, 185, 187, 188, 192, 195, 198, 200, 201, 202, 205, 206, 209, 215, 216, 217, 219, 222, 224, 225, 227, 228, 229, 230, 233, 234, 237, 238, 239, 240, 241, 242, 244, 246, 247, 248, 249, 250, 251, 254, 258, 259, 260, 262, 264, 265, 267, 268, 270, 272, 273, 274, 275, 276, 282, 283, 288, 289, 294, 296, 297, 301, 302, 304, 305, 308, 309, 310, 317, 320, 322, 323, 324, 328, 330, 331, 335, 336, 337, 338, 339, 340, 341, 343, 345, 346, 347, 348, 349, 350, 351, 352, 353, 354, 355, 356, 359, 360, 361, 364, 365, 367, 370, 371, 373, 374, 375, 376, 377, 379, 381, 383, 384, 386, 387, 389, 390, 392, 393, 395, 396, 397, 398, 399, 400, 401, 402, 407, 411, 412, 413, 415, 416, 417, 418, 419, 425, 427, 428, 432, 433, 434, 435, 436, 439, 440, 441, 442, 443, 444, 445, 448, 449, 450, 451, 452, 453, 454, 455, 456, 457, 458, 459, 460, 461, 464, 465, 467, 468, 469, 470, 471, 472, 473, 474, 475, 476, 480, 481, 482, 484, 485, 486, 487, 488, 489, 490, 491]!Vessel: FarSearcher
[1, 6, 7, 8, 9, 10, 11, 12, 13, 42, 43, 44, 45, 46, 47, 48, 49, 50, 51, 52, 53, 54, 55, 56, 57, 58, 79, 80, 91, 92, 97, 98, 109, 110, 114, 123, 124, 126, 127, 128, 129, 130, 131, 132, 133, 134, 135, 136, 137, 138, 139, 140, 141, 151, 152, 157, 158, 168, 169, 171, 172, 173, 174, 175, 176, 177, 178, 179, 180, 181, 182, 189, 190, 191, 192, 207, 208, 209, 214, 215, 216, 217, 218, 219, 231, 232, 233, 235, 236, 237, 238, 242, 249, 252, 253, 254, 255, 256, 257, 258, 259, 260, 271, 272, 273, 277, 279, 280, 282, 283, 290, 291, 292, 293, 294, 295, 296, 297, 298, 299, 300, 301, 302, 303, 304, 305, 311, 312, 313, 314, 315, 316, 317, 318, 319, 320, 321, 322, 323, 324, 342, 343, 344, 345, 346, 347, 348, 349, 350, 351, 352, 361, 362, 363, 364, 366, 368, 369, 370, 372, 373, 374, 375, 378, 382, 384, 386, 387, 397, 403, 405, 407, 408, 409, 410, 412, 413, 414, 415, 416, 417, 420, 421, 422, 423, 424, 426, 427, 428, 429, 430, 431, 432, 433, 434, 435, 436, 446, 447, 448, 449, 450, 451, 452, 453, 454, 457, 458, 459, 460, 464, 465, 473, 477, 481, 482, 486], [6, 14, 15, 16, 17, 18, 19, 20, 42, 43, 51, 54, 55, 57, 58, 59, 60, 61, 62, 63, 64, 65, 66, 67, 68, 69, 70, 71, 72, 73, 74, 75, 76, 99, 115, 125, 126, 127, 128, 131, 132, 134, 135, 137, 138, 139, 140, 141, 142, 143, 144, 145, 146, 147, 148, 149, 150, 151, 152, 153, 154, 155, 156, 157, 158, 159, 160, 161, 162, 163, 164, 165, 166, 167, 168, 169, 170, 171, 172, 177, 183, 200, 203, 210, 212, 220, 229, 239, 240, 241, 250, 251, 252, 253, 254, 255, 256, 257, 258, 259, 260, 261, 262, 263, 264, 265, 266, 267, 268, 269, 270, 271, 272, 273, 274, 275, 276, 277, 278, 279, 280, 281, 282, 283, 284, 285, 286, 287, 288, 289, 290, 291, 298, 299, 303, 304, 306, 309, 311, 312, 313, 322, 325, 332, 333, 337, 338, 340, 343, 346, 349, 355, 357, 359, 362, 363, 364, 365, 366, 374, 376, 377, 378, 382, 384, 386, 387, 390, 391, 393, 394, 396, 397, 401, 402, 403, 404, 405, 406, 407, 408, 409, 412, 414, 415, 417, 418, 420, 421, 422, 429, 430, 434, 435, 437, 441, 443, 445, 446, 450, 451, 453, 455, 457, 460, 461, 464, 465, 467, 473, 477, 481, 486], [2, 7, 14, 21, 22, 23, 24, 25, 26, 43, 44, 45, 46, 47, 48, 49, 59, 60, 61, 62, 63, 64, 77, 78, 81, 82, 83, 93, 94, 100, 101, 102, 103, 111, 116, 117, 118, 127, 128, 129, 130, 138, 139, 140, 141, 142, 143, 144, 145, 146, 147, 148, 149, 150, 159, 160, 173, 174, 175, 176, 183, 184, 185, 186, 187, 188, 193, 194, 195, 207, 208, 210, 211, 218, 219, 220, 221, 222, 223, 224, 225, 226, 231, 232, 233, 234, 239, 242, 243, 244, 245, 246, 249, 252, 255, 256, 257, 258, 259, 260, 261, 262, 263, 264, 265, 266, 267, 268, 269, 270, 277, 278, 284, 285, 290, 291, 292, 293, 294, 295, 296, 297, 306, 307, 308, 309, 310, 313, 314, 315, 316, 317, 325, 326, 327, 328, 329, 330, 331, 342, 344, 345, 350, 351, 353, 354, 355, 356, 357, 358, 361, 362, 363, 364, 365, 367, 368, 369, 370, 371, 374, 375, 376, 378, 382, 384, 386, 387, 390, 391, 393, 394, 396, 403, 404, 408, 409, 410, 412, 413, 418, 419, 421, 422, 423, 424, 426, 427, 428, 437, 438, 440, 441, 442, 446, 447, 448, 449, 453, 454, 455, 456, 457, 458, 459, 460, 461, 464, 465, 467, 473, 477, 481, 482], [3, 8, 15, 21, 27, 28, 29, 30, 33, 44, 50, 57, 59, 65, 66, 70, 73, 75, 77, 79, 80, 81, 82, 83, 84, 85, 86, 87, 88, 89, 90, 100, 109, 112, 119, 121, 123, 129, 137, 138, 142, 143, 144, 153, 154, 157, 159, 161, 162, 164, 166, 168, 170, 171, 173, 174, 175, 176, 177, 178, 179, 180, 181, 182, 183, 184, 185, 186, 187, 188, 189, 190, 191, 192, 193, 194, 195, 196, 197, 198, 199, 200, 201, 202, 203, 204, 205, 206, 237, 240, 243, 245, 247, 256, 260, 261, 262, 263, 264, 265, 271, 273, 274, 275, 278, 281, 282, 284, 286, 288, 290, 291, 292, 293, 294, 295, 296, 297, 298, 299, 300, 301, 302, 303, 304, 305, 306, 307, 308, 309, 310, 311, 312, 313, 314, 315, 316, 317, 318, 319, 320, 321, 322, 323, 324, 325, 326, 327, 328, 329, 330, 331, 332, 333, 334, 335, 336, 337, 338, 339, 340, 341, 367, 386, 387, 390, 391, 393, 401, 404, 406, 408, 409, 410, 412, 413, 414, 415, 416, 417, 418, 419, 420, 421, 422, 423, 424, 426, 427, 428, 429, 430, 431, 432, 433, 434, 435, 436, 437, 438, 440, 441, 442, 443, 444, 445, 458, 464, 465, 467, 477, 481, 482, 486], [4, 9, 16, 22, 27, 31, 32, 34, 40, 45, 50, 58, 60, 65, 67, 71, 74, 76, 77, 84, 85, 86, 91, 92, 93, 94, 95, 96, 101, 104, 105, 110, 113, 116, 119, 120, 124, 129, 137, 139, 142, 145, 146, 151, 153, 155, 158, 160, 161, 163, 165, 167, 169, 170, 172, 189, 190, 191, 192, 193, 194, 195, 196, 197, 198, 199, 200, 201, 202, 207, 208, 209, 210, 211, 212, 213, 214, 215, 221, 222, 226, 227, 228, 231, 234, 235, 236, 238, 241, 243, 244, 248, 249, 255, 261, 262, 266, 267, 268, 271, 274, 276, 277, 278, 279, 280, 281, 283, 285, 287, 289, 311, 312, 313, 314, 315, 316, 317, 318, 319, 320, 321, 322, 323, 324, 325, 326, 327, 328, 329, 330, 331, 332, 333, 334, 335, 336, 337, 338, 339, 342, 343, 344, 345, 346, 347, 348, 353, 354, 357, 358, 359, 360, 361, 362, 365, 366, 368, 371, 372, 373, 374, 375, 378, 387, 390, 394, 396, 402, 403, 404, 405, 406, 407, 420, 421, 422, 423, 424, 426, 427, 428, 429, 430, 431, 432, 433, 434, 435, 436, 437, 438, 440, 441, 442, 443, 444, 445, 446, 447, 448, 449, 450, 451, 452, 455, 456, 457, 459, 460, 465, 467, 473, 477, 481, 482, 486], [10, 17, 23, 33, 34, 35, 36, 37, 46, 51, 52, 61, 66, 67, 68, 69, 79, 84, 87, 88, 91, 95, 97, 98, 99, 100, 101, 102, 103, 104, 105, 106, 107, 108, 117, 121, 131, 132, 133, 140, 143, 145, 147, 148, 151, 152, 153, 154, 155, 156, 162, 163, 173, 177, 178, 179, 180, 184, 185, 189, 193, 196, 197, 198, 203, 204, 205, 206, 207, 212, 213, 214, 215, 216, 217, 218, 219, 220, 221, 222, 223, 224, 225, 226, 227, 228, 229, 230, 232, 235, 245, 250, 253, 255, 256, 257, 258, 261, 263, 264, 266, 267, 269, 271, 272, 273, 274, 275, 276, 279, 286, 287, 292, 293, 294, 298, 299, 300, 301, 302, 306, 307, 308, 314, 318, 319, 320, 326, 327, 328, 332, 333, 334, 335, 336, 340, 341, 342, 344, 345, 346, 347, 348, 349, 350, 351, 352, 353, 354, 355, 356, 357, 358, 359, 360, 363, 366, 367, 369, 372, 376, 377, 378, 382, 391, 394, 397, 401, 402, 405, 406, 409, 410, 414, 415, 416, 418, 419, 423, 424, 429, 430, 431, 432, 433, 437, 438, 440, 443, 444, 446, 447, 448, 449, 450, 451, 452, 453, 454, 455, 456, 458, 461], [11, 18, 24, 28, 31, 35, 38, 39, 42, 47, 52, 53, 56, 62, 68, 70, 71, 72, 78, 81, 85, 87, 89, 93, 95, 96, 102, 106, 107, 109, 110, 111, 112, 113, 122, 125, 126, 127, 130, 131, 133, 134, 136, 147, 149, 150, 156, 157, 158, 159, 160, 161, 162, 163, 164, 165, 166, 167, 174, 178, 181, 182, 184, 186, 187, 190, 194, 196, 199, 201, 204, 205, 209, 211, 213, 216, 223, 224, 226, 227, 230, 231, 232, 233, 234, 235, 236, 246, 247, 248, 250, 251, 252, 253, 254, 257, 259, 263, 265, 266, 268, 269, 270, 272, 275, 276, 277, 278, 279, 280, 281, 282, 283, 284, 285, 286, 287, 288, 289, 290, 292, 295, 296, 298, 300, 301, 303, 305, 307, 308, 310, 311, 315, 318, 321, 323, 326, 329, 330, 332, 334, 335, 337, 339, 341, 344, 347, 350, 352, 353, 356, 358, 360, 368, 369, 370, 371, 372, 373, 375, 376, 377, 378, 382, 384, 386, 390, 391, 393, 394, 396, 397, 401, 402, 403, 404, 405, 406, 407, 408, 410, 413, 414, 416, 417, 419, 420, 421, 423, 426, 427, 429, 431, 432, 434, 436, 438, 442, 444, 445, 447, 448, 450, 452, 454, 456, 459, 460, 461, 464, 465, 467, 473, 477, 482, 486], [12, 19, 25, 29, 36, 38, 40, 41, 48, 53, 54, 63, 72, 73, 74, 78, 80, 82, 89, 90, 92, 96, 97, 99, 104, 106, 108, 114, 115, 116, 117, 118, 119, 120, 121, 122, 126, 128, 130, 132, 133, 135, 136, 149, 156, 164, 165, 168, 169, 170, 175, 179, 181, 183, 186, 188, 191, 197, 199, 202, 203, 204, 206, 208, 210, 211, 212, 213, 214, 217, 218, 220, 221, 223, 225, 228, 229, 230, 236, 237, 238, 239, 240, 241, 242, 243, 244, 245, 246, 247, 248, 251, 252, 253, 254, 269, 270, 280, 281, 284, 285, 286, 287, 288, 289, 291, 293, 295, 297, 299, 300, 302, 303, 304, 305, 306, 307, 309, 310, 312, 316, 319, 321, 324, 325, 327, 329, 331, 333, 334, 336, 338, 339, 340, 341, 342, 343, 348, 349, 351, 352, 354, 355, 356, 357, 358, 359, 360, 361, 362, 363, 364, 365, 366, 367, 368, 369, 370, 371, 372, 373, 377, 382, 384, 391, 393, 394, 396, 397, 401, 402, 403, 404, 405, 406, 407, 408, 409, 410, 412, 413, 414, 415, 416, 417, 418, 419, 420, 422, 424, 426, 428, 430, 431, 433, 435, 436, 437, 438, 440, 441, 442, 443, 444, 445, 446, 447, 449, 451, 452, 453, 454, 455, 456, 457, 458, 459, 461, 464, 467, 473, 477, 481, 482, 486], [5, 13, 20, 26, 30, 32, 37, 39, 41, 49, 55, 56, 64, 69, 75, 76, 83, 86, 88, 90, 94, 98, 103, 105, 107, 108, 111, 112, 113, 114, 115, 118, 120, 122, 123, 124, 125, 134, 135, 136, 141, 144, 146, 148, 150, 152, 154, 155, 166, 167, 171, 172, 176, 180, 182, 185, 187, 188, 192, 195, 198, 200, 201, 202, 205, 206, 209, 215, 216, 217, 219, 222, 224, 225, 227, 228, 229, 230, 233, 234, 237, 238, 239, 240, 241, 242, 244, 246, 247, 248, 249, 250, 251, 254, 258, 259, 260, 262, 264, 265, 267, 268, 270, 272, 273, 274, 275, 276, 282, 283, 288, 289, 294, 296, 297, 301, 302, 304, 305, 308, 309, 310, 317, 320, 322, 323, 324, 328, 330, 331, 335, 336, 337, 338, 339, 340, 341, 343, 345, 346, 347, 348, 349, 350, 351, 352, 353, 354, 355, 356, 359, 360, 361, 364, 365, 367, 370, 371, 373, 374, 375, 376, 377, 384, 386, 387, 390, 393, 396, 397, 401, 402, 407, 412, 413, 415, 416, 417, 418, 419, 427, 428, 432, 433, 434, 435, 436, 440, 441, 442, 443, 444, 445, 448, 449, 450, 451, 452, 453, 454, 455, 456, 457, 458, 459, 460, 461, 464, 465, 467, 473, 481, 482, 486]!Vessel: FarSymphony
[1, 6, 7, 8, 9, 10, 11, 12, 13, 42, 43, 44, 45, 46, 47, 48, 49, 50, 51, 52, 53, 54, 55, 56, 57, 58, 79, 80, 91, 92, 97, 98, 109, 110, 114, 123, 124, 126, 127, 128, 129, 130, 131, 132, 133, 134, 135, 136, 137, 138, 139, 140, 141, 151, 152, 157, 158, 168, 169, 171, 172, 173, 174, 175, 176, 177, 178, 179, 180, 181, 182, 189, 190, 191, 192, 207, 208, 209, 214, 215, 216, 217, 218, 219, 231, 232, 233, 235, 236, 237, 238, 242, 249, 252, 253, 254, 255, 256, 257, 258, 259, 260, 271, 272, 273, 277, 279, 280, 282, 283, 290, 291, 292, 293, 294, 295, 296, 297, 298, 299, 300, 301, 302, 303, 304, 305, 311, 312, 313, 314, 315, 316, 317, 318, 319, 320, 321, 322, 323, 324, 342, 343, 344, 345, 346, 347, 348, 349, 350, 351, 352, 361, 362, 363, 364, 366, 368, 369, 370, 372, 373, 374, 375, 378, 379, 380, 381, 382, 383, 384, 385, 386, 387, 397, 398, 399, 403, 405, 407, 408, 409, 410, 411, 412, 413, 414, 415, 416, 417, 420, 421, 422, 423, 424, 425, 426, 427, 428, 429, 430, 431, 432, 433, 434, 435, 436, 446, 447, 448, 449, 450, 451, 452, 453, 454, 457, 458, 459, 460, 462, 463, 464, 465, 470, 472, 473, 474, 477, 479, 481, 482, 483, 485, 486, 490, 491], [6, 14, 15, 16, 17, 18, 19, 20, 42, 43, 51, 54, 55, 57, 58, 59, 60, 61, 62, 63, 64, 65, 66, 67, 68, 69, 70, 71, 72, 73, 74, 75, 76, 99, 115, 125, 126, 127, 128, 131, 132, 134, 135, 137, 138, 139, 140, 141, 142, 143, 144, 145, 146, 147, 148, 149, 150, 151, 152, 153, 154, 155, 156, 157, 158, 159, 160, 161, 162, 163, 164, 165, 166, 167, 168, 169, 170, 171, 172, 177, 183, 200, 203, 210, 212, 220, 229, 239, 240, 241, 250, 251, 252, 253, 254, 255, 256, 257, 258, 259, 260, 261, 262, 263, 264, 265, 266, 267, 268, 269, 270, 271, 272, 273, 274, 275, 276, 277, 278, 279, 280, 281, 282, 283, 284, 285, 286, 287, 288, 289, 290, 291, 298, 299, 303, 304, 306, 309, 311, 312, 313, 322, 325, 332, 333, 337, 338, 340, 343, 346, 349, 355, 357, 359, 362, 363, 364, 365, 366, 374, 376, 377, 378, 379, 380, 381, 382, 383, 384, 385, 386, 387, 388, 389, 390, 391, 392, 393, 394, 395, 396, 397, 398, 399, 400, 401, 402, 403, 404, 405, 406, 407, 408, 409, 412, 414, 415, 417, 418, 420, 421, 422, 429, 430, 434, 435, 437, 441, 443, 445, 446, 450, 451, 453, 455, 457, 460, 461, 462, 463, 464, 465, 466, 467, 469, 470, 471, 472, 473, 474, 477, 481, 483, 486, 491], [2, 7, 14, 21, 22, 23, 24, 25, 26, 43, 44, 45, 46, 47, 48, 49, 59, 60, 61, 62, 63, 64, 77, 78, 81, 82, 83, 93, 94, 100, 101, 102, 103, 111, 116, 117, 118, 127, 128, 129, 130, 138, 139, 140, 141, 142, 143, 144, 145, 146, 147, 148, 149, 150, 159, 160, 173, 174, 175, 176, 183, 184, 185, 186, 187, 188, 193, 194, 195, 207, 208, 210, 211, 218, 219, 220, 221, 222, 223, 224, 225, 226, 231, 232, 233, 234, 239, 242, 243, 244, 245, 246, 249, 252, 255, 256, 257, 258, 259, 260, 261, 262, 263, 264, 265, 266, 267, 268, 269, 270, 277, 278, 284, 285, 290, 291, 292, 293, 294, 295, 296, 297, 306, 307, 308, 309, 310, 313, 314, 315, 316, 317, 325, 326, 327, 328, 329, 330, 331, 342, 344, 345, 350, 351, 353, 354, 355, 356, 357, 358, 361, 362, 363, 364, 365, 367, 368, 369, 370, 371, 374, 375, 376, 378, 379, 380, 381, 382, 383, 384, 385, 386, 387, 388, 389, 390, 391, 392, 393, 394, 395, 396, 403, 404, 408, 409, 410, 411, 412, 413, 418, 419, 421, 422, 423, 424, 425, 426, 427, 428, 437, 438, 439, 440, 441, 442, 446, 447, 448, 449, 453, 454, 455, 456, 457, 458, 459, 460, 461, 462, 463, 464, 465, 466, 467, 469, 472, 473, 477, 479, 481, 482, 490, 491], [3, 8, 15, 21, 27, 28, 29, 30, 33, 44, 50, 57, 59, 65, 66, 70, 73, 75, 77, 79, 80, 81, 82, 83, 84, 85, 86, 87, 88, 89, 90, 100, 109, 112, 119, 121, 123, 129, 137, 138, 142, 143, 144, 153, 154, 157, 159, 161, 162, 164, 166, 168, 170, 171, 173, 174, 175, 176, 177, 178, 179, 180, 181, 182, 183, 184, 185, 186, 187, 188, 189, 190, 191, 192, 193, 194, 195, 196, 197, 198, 199, 200, 201, 202, 203, 204, 205, 206, 237, 240, 243, 245, 247, 256, 260, 261, 262, 263, 264, 265, 271, 273, 274, 275, 278, 281, 282, 284, 286, 288, 290, 291, 292, 293, 294, 295, 296, 297, 298, 299, 300, 301, 302, 303, 304, 305, 306, 307, 308, 309, 310, 311, 312, 313, 314, 315, 316, 317, 318, 319, 320, 321, 322, 323, 324, 325, 326, 327, 328, 329, 330, 331, 332, 333, 334, 335, 336, 337, 338, 339, 340, 341, 367, 380, 381, 385, 386, 387, 388, 389, 390, 391, 392, 393, 398, 399, 400, 401, 404, 406, 408, 409, 410, 411, 412, 413, 414, 415, 416, 417, 418, 419, 420, 421, 422, 423, 424, 425, 426, 427, 428, 429, 430, 431, 432, 433, 434, 435, 436, 437, 438, 439, 440, 441, 442, 443, 444, 445, 458, 463, 464, 465, 466, 467, 470, 471, 477, 479, 481, 482, 483, 485, 486, 491], [4, 9, 16, 22, 27, 31, 32, 34, 40, 45, 50, 58, 60, 65, 67, 71, 74, 76, 77, 84, 85, 86, 91, 92, 93, 94, 95, 96, 101, 104, 105, 110, 113, 116, 119, 120, 124, 129, 137, 139, 142, 145, 146, 151, 153, 155, 158, 160, 161, 163, 165, 167, 169, 170, 172, 189, 190, 191, 192, 193, 194, 195, 196, 197, 198, 199, 200, 201, 202, 207, 208, 209, 210, 211, 212, 213, 214, 215, 221, 222, 226, 227, 228, 231, 234, 235, 236, 238, 241, 243, 244, 248, 249, 255, 261, 262, 266, 267, 268, 271, 274, 276, 277, 278, 279, 280, 281, 283, 285, 287, 289, 311, 312, 313, 314, 315, 316, 317, 318, 319, 320, 321, 322, 323, 324, 325, 326, 327, 328, 329, 330, 331, 332, 333, 334, 335, 336, 337, 338, 339, 342, 343, 344, 345, 346, 347, 348, 353, 354, 357, 358, 359, 360, 361, 362, 365, 366, 368, 371, 372, 373, 374, 375, 378, 379, 380, 387, 388, 389, 390, 394, 395, 396, 399, 400, 402, 403, 404, 405, 406, 407, 420, 421, 422, 423, 424, 425, 426, 427, 428, 429, 430, 431, 432, 433, 434, 435, 436, 437, 438, 439, 440, 441, 442, 443, 444, 445, 446, 447, 448, 449, 450, 451, 452, 455, 456, 457, 459, 460, 462, 465, 466, 467, 469, 471, 473, 474, 477, 479, 481, 482, 483, 485, 486, 490, 491], [10, 17, 23, 33, 34, 35, 36, 37, 46, 51, 52, 61, 66, 67, 68, 69, 79, 84, 87, 88, 91, 95, 97, 98, 99, 100, 101, 102, 103, 104, 105, 106, 107, 108, 117, 121, 131, 132, 133, 140, 143, 145, 147, 148, 151, 152, 153, 154, 155, 156, 162, 163, 173, 177, 178, 179, 180, 184, 185, 189, 193, 196, 197, 198, 203, 204, 205, 206, 207, 212, 213, 214, 215, 216, 217, 218, 219, 220, 221, 222, 223, 224, 225, 226, 227, 228, 229, 230, 232, 235, 245, 250, 253, 255, 256, 257, 258, 261, 263, 264, 266, 267, 269, 271, 272, 273, 274, 275, 276, 279, 286, 287, 292, 293, 294, 298, 299, 300, 301, 302, 306, 307, 308, 314, 318, 319, 320, 326, 327, 328, 332, 333, 334, 335, 336, 340, 341, 342, 344, 345, 346, 347, 348, 349, 350, 351, 352, 353, 354, 355, 356, 357, 358, 359, 360, 363, 366, 367, 369, 372, 376, 377, 378, 379, 380, 381, 382, 383, 385, 388, 389, 391, 392, 394, 395, 397, 398, 399, 400, 401, 402, 405, 406, 409, 410, 411, 414, 415, 416, 418, 419, 423, 424, 425, 429, 430, 431, 432, 433, 437, 438, 439, 440, 443, 444, 446, 447, 448, 449, 450, 451, 452, 453, 454, 455, 456, 458, 461, 462, 463, 466, 469, 470, 471, 472, 474, 479, 483, 485, 490], [11, 18, 24, 28, 31, 35, 38, 39, 42, 47, 52, 53, 56, 62, 68, 70, 71, 72, 78, 81, 85, 87, 89, 93, 95, 96, 102, 106, 107, 109, 110, 111, 112, 113, 122, 125, 126, 127, 130, 131, 133, 134, 136, 147, 149, 150, 156, 157, 158, 159, 160, 161, 162, 163, 164, 165, 166, 167, 174, 178, 181, 182, 184, 186, 187, 190, 194, 196, 199, 201, 204, 205, 209, 211, 213, 216, 223, 224, 226, 227, 230, 231, 232, 233, 234, 235, 236, 246, 247, 248, 250, 251, 252, 253, 254, 257, 259, 263, 265, 266, 268, 269, 270, 272, 275, 276, 277, 278, 279, 280, 281, 282, 283, 284, 285, 286, 287, 288, 289, 290, 292, 295, 296, 298, 300, 301, 303, 305, 307, 308, 310, 311, 315, 318, 321, 323, 326, 329, 330, 332, 334, 335, 337, 339, 341, 344, 347, 350, 352, 353, 356, 358, 360, 368, 369, 370, 371, 372, 373, 375, 376, 377, 378, 382, 383, 384, 385, 386, 388, 390, 391, 392, 393, 394, 395, 396, 397, 398, 400, 401, 402, 403, 404, 405, 406, 407, 408, 410, 411, 413, 414, 416, 417, 419, 420, 421, 423, 426, 427, 429, 431, 432, 434, 436, 438, 439, 442, 444, 445, 447, 448, 450, 452, 454, 456, 459, 460, 461, 462, 463, 464, 465, 466, 467, 469, 470, 471, 472, 473, 474, 477, 479, 482, 483, 485, 486, 490, 491], [12, 19, 25, 29, 36, 38, 40, 41, 48, 53, 54, 63, 72, 73, 74, 78, 80, 82, 89, 90, 92, 96, 97, 99, 104, 106, 108, 114, 115, 116, 117, 118, 119, 120, 121, 122, 126, 128, 130, 132, 133, 135, 136, 149, 156, 164, 165, 168, 169, 170, 175, 179, 181, 183, 186, 188, 191, 197, 199, 202, 203, 204, 206, 208, 210, 211, 212, 213, 214, 217, 218, 220, 221, 223, 225, 228, 229, 230, 236, 237, 238, 239, 240, 241, 242, 243, 244, 245, 246, 247, 248, 251, 252, 253, 254, 269, 270, 280, 281, 284, 285, 286, 287, 288, 289, 291, 293, 295, 297, 299, 300, 302, 303, 304, 305, 306, 307, 309, 310, 312, 316, 319, 321, 324, 325, 327, 329, 331, 333, 334, 336, 338, 339, 340, 341, 342, 343, 348, 349, 351, 352, 354, 355, 356, 357, 358, 359, 360, 361, 362, 363, 364, 365, 366, 367, 368, 369, 370, 371, 372, 373, 377, 382, 384, 391, 393, 394, 396, 397, 401, 402, 403, 404, 405, 406, 407, 408, 409, 410, 412, 413, 414, 415, 416, 417, 418, 419, 420, 422, 424, 426, 428, 430, 431, 433, 435, 436, 437, 438, 440, 441, 442, 443, 444, 445, 446, 447, 449, 451, 452, 453, 454, 455, 456, 457, 458, 459, 461, 462, 463, 464, 466, 467, 469, 470, 471, 472, 473, 474, 477, 479, 481, 482, 483, 485, 486, 490, 491], [5, 13, 20, 26, 30, 32, 37, 39, 41, 49, 55, 56, 64, 69, 75, 76, 83, 86, 88, 90, 94, 98, 103, 105, 107, 108, 111, 112, 113, 114, 115, 118, 120, 122, 123, 124, 125, 134, 135, 136, 141, 144, 146, 148, 150, 152, 154, 155, 166, 167, 171, 172, 176, 180, 182, 185, 187, 188, 192, 195, 198, 200, 201, 202, 205, 206, 209, 215, 216, 217, 219, 222, 224, 225, 227, 228, 229, 230, 233, 234, 237, 238, 239, 240, 241, 242, 244, 246, 247, 248, 249, 250, 251, 254, 258, 259, 260, 262, 264, 265, 267, 268, 270, 272, 273, 274, 275, 276, 282, 283, 288, 289, 294, 296, 297, 301, 302, 304, 305, 308, 309, 310, 317, 320, 322, 323, 324, 328, 330, 331, 335, 336, 337, 338, 339, 340, 341, 343, 345, 346, 347, 348, 349, 350, 351, 352, 353, 354, 355, 356, 359, 360, 361, 364, 365, 367, 370, 371, 373, 374, 375, 376, 377, 379, 381, 383, 384, 386, 387, 389, 390, 392, 393, 395, 396, 397, 398, 399, 400, 401, 402, 407, 411, 412, 413, 415, 416, 417, 418, 419, 425, 427, 428, 432, 433, 434, 435, 436, 439, 440, 441, 442, 443, 444, 445, 448, 449, 450, 451, 452, 453, 454, 455, 456, 457, 458, 459, 460, 461, 464, 465, 467, 469, 470, 471, 472, 473, 474, 481, 482, 485, 486, 490, 491]!Vessel: HavilaForesight
[1, 6, 7, 8, 9, 10, 11, 12, 13, 42, 43, 44, 45, 46, 47, 48, 49, 50, 51, 52, 53, 54, 55, 56, 57, 58, 79, 80, 91, 92, 97, 98, 109, 110, 114, 123, 124, 126, 127, 128, 129, 130, 131, 132, 133, 134, 135, 136, 137, 138, 139, 140, 141, 151, 152, 157, 158, 168, 169, 171, 172, 173, 174, 175, 176, 177, 178, 179, 180, 181, 182, 189, 190, 191, 192, 207, 208, 209, 214, 215, 216, 217, 218, 219, 231, 232, 233, 235, 236, 237, 238, 242, 249, 252, 253, 254, 255, 256, 257, 258, 259, 260, 271, 272, 273, 277, 279, 280, 282, 283, 290, 291, 292, 293, 294, 295, 296, 297, 298, 299, 300, 301, 302, 303, 304, 305, 311, 312, 313, 314, 315, 316, 317, 318, 319, 320, 321, 322, 323, 324, 342, 343, 344, 345, 346, 347, 348, 349, 350, 351, 352, 361, 362, 363, 364, 366, 368, 369, 370, 372, 373, 374, 375, 382, 384, 386, 387, 397, 403, 405, 407, 408, 410, 412, 413, 414, 416, 417, 420, 421, 422, 426, 427, 428, 430, 431, 434, 435, 436, 446, 447, 451, 452, 454, 457, 459, 460, 464, 473, 477, 482, 486], [6, 14, 15, 16, 17, 18, 19, 20, 42, 43, 51, 54, 55, 57, 58, 59, 60, 61, 62, 63, 64, 65, 66, 67, 68, 69, 70, 71, 72, 73, 74, 75, 76, 99, 115, 125, 126, 127, 128, 131, 132, 134, 135, 137, 138, 139, 140, 141, 142, 143, 144, 145, 146, 147, 148, 149, 150, 151, 152, 153, 154, 155, 156, 157, 158, 159, 160, 161, 162, 163, 164, 165, 166, 167, 168, 169, 170, 171, 172, 177, 183, 200, 203, 210, 212, 220, 229, 239, 240, 241, 250, 251, 252, 253, 254, 255, 256, 257, 258, 259, 260, 261, 262, 263, 265, 266, 267, 268, 269, 270, 271, 272, 273, 274, 275, 276, 277, 278, 279, 280, 281, 282, 283, 284, 285, 286, 287, 288, 289, 290, 291, 298, 299, 303, 304, 306, 309, 311, 312, 313, 322, 325, 332, 333, 337, 338, 340, 343, 346, 349, 355, 357, 359, 362, 363, 364, 365, 366, 374, 376, 377, 382, 384, 386, 387, 390, 393, 394, 396, 397, 402, 403, 404, 405, 406, 407, 408, 412, 414, 417, 420, 421, 422, 430, 434, 435, 441, 445, 446, 451, 457, 460, 464, 467, 473, 477, 486], [2, 7, 14, 21, 22, 23, 24, 25, 26, 43, 44, 45, 46, 47, 48, 49, 59, 60, 61, 62, 63, 64, 77, 78, 81, 82, 83, 93, 94, 100, 101, 102, 103, 111, 116, 117, 118, 127, 128, 129, 130, 138, 139, 140, 141, 142, 143, 144, 145, 146, 147, 148, 149, 150, 159, 160, 173, 174, 175, 176, 183, 184, 185, 186, 187, 188, 193, 194, 195, 207, 208, 210, 211, 218, 219, 220, 221, 222, 223, 224, 225, 226, 231, 232, 233, 234, 239, 242, 243, 244, 245, 246, 249, 252, 255, 256, 257, 258, 259, 260, 261, 262, 263, 265, 266, 267, 268, 269, 270, 277, 278, 284, 285, 290, 291, 292, 293, 294, 295, 296, 297, 306, 307, 308, 309, 310, 313, 314, 315, 316, 317, 325, 326, 327, 328, 329, 330, 331, 342, 344, 345, 350, 351, 353, 354, 355, 356, 357, 358, 361, 362, 363, 364, 365, 367, 368, 369, 370, 371, 374, 375, 376, 382, 384, 386, 387, 390, 393, 394, 396, 403, 404, 408, 410, 412, 413, 421, 422, 426, 427, 428, 438, 441, 442, 446, 447, 454, 457, 459, 460, 464, 467, 473, 477, 482], [3, 8, 15, 21, 27, 28, 29, 30, 33, 44, 50, 57, 59, 65, 66, 70, 73, 75, 77, 79, 80, 81, 82, 83, 84, 85, 86, 87, 88, 89, 90, 100, 109, 112, 119, 121, 123, 129, 137, 138, 142, 143, 144, 153, 154, 157, 159, 161, 162, 164, 166, 168, 170, 171, 173, 174, 175, 176, 177, 178, 179, 180, 181, 182, 183, 184, 185, 186, 187, 188, 189, 190, 191, 192, 193, 194, 195, 196, 197, 198, 199, 200, 201, 202, 203, 204, 205, 206, 237, 240, 243, 245, 247, 256, 260, 261, 262, 263, 265, 271, 273, 274, 275, 278, 281, 282, 284, 286, 288, 290, 291, 292, 293, 294, 295, 296, 297, 298, 299, 300, 301, 302, 303, 304, 305, 306, 307, 308, 309, 310, 311, 312, 313, 314, 315, 316, 317, 318, 319, 320, 321, 322, 323, 324, 325, 326, 327, 328, 329, 330, 331, 332, 333, 334, 335, 336, 337, 338, 339, 340, 341, 367, 386, 387, 390, 393, 404, 406, 408, 410, 412, 413, 414, 416, 417, 420, 421, 422, 426, 427, 428, 430, 431, 434, 435, 436, 438, 441, 442, 445, 464, 467, 477, 482, 486], [4, 9, 16, 22, 27, 31, 32, 34, 40, 45, 50, 58, 60, 65, 67, 71, 74, 76, 77, 84, 85, 86, 91, 92, 93, 94, 95, 96, 101, 104, 105, 110, 113, 116, 119, 120, 124, 129, 137, 139, 142, 145, 146, 151, 153, 155, 158, 160, 161, 163, 165, 167, 169, 170, 172, 189, 190, 191, 192, 193, 194, 195, 196, 197, 198, 199, 200, 201, 202, 207, 208, 209, 210, 211, 212, 213, 214, 215, 221, 222, 226, 227, 228, 231, 234, 235, 236, 238, 241, 243, 244, 248, 249, 255, 261, 262, 266, 267, 268, 271, 274, 276, 277, 278, 279, 280, 281, 283, 285, 287, 289, 311, 312, 313, 314, 315, 316, 317, 318, 319, 320, 321, 322, 323, 324, 325, 326, 327, 328, 329, 330, 331, 332, 333, 334, 335, 336, 337, 338, 339, 342, 343, 344, 345, 346, 347, 348, 353, 354, 357, 358, 359, 360, 361, 362, 365, 366, 368, 371, 372, 373, 374, 375, 387, 390, 394, 396, 402, 403, 404, 405, 406, 407, 420, 421, 422, 426, 427, 428, 430, 431, 434, 435, 436, 438, 441, 442, 445, 446, 447, 451, 452, 457, 459, 460, 467, 473, 477, 482, 486], [10, 17, 23, 33, 34, 35, 36, 37, 46, 51, 52, 61, 66, 67, 68, 69, 79, 84, 87, 88, 91, 95, 97, 98, 99, 100, 101, 102, 103, 104, 105, 106, 107, 108, 117, 121, 131, 132, 133, 140, 143, 145, 147, 148, 151, 152, 153, 154, 155, 156, 162, 163, 173, 177, 178, 179, 180, 184, 185, 189, 193, 196, 197, 198, 203, 204, 205, 206, 207, 212, 213, 214, 215, 216, 217, 218, 219, 220, 221, 222, 223, 224, 225, 226, 227, 228, 229, 230, 232, 235, 245, 250, 253, 255, 256, 257, 258, 261, 263, 266, 267, 269, 271, 272, 273, 274, 275, 276, 279, 286, 287, 292, 293, 294, 298, 299, 300, 301, 302, 306, 307, 308, 314, 318, 319, 320, 326, 327, 328, 332, 333, 334, 335, 336, 340, 341, 342, 344, 345, 346, 347, 348, 349, 350, 351, 352, 353, 354, 355, 356, 357, 358, 359, 360, 363, 366, 367, 369, 372, 376, 377, 382, 394, 397, 402, 405, 406, 410, 414, 416, 430, 431, 438, 446, 447, 451, 452, 454], [11, 18, 24, 28, 31, 35, 38, 39, 42, 47, 52, 53, 56, 62, 68, 70, 71, 72, 78, 81, 85, 87, 89, 93, 95, 96, 102, 106, 107, 109, 110, 111, 112, 113, 122, 125, 126, 127, 130, 131, 133, 134, 136, 147, 149, 150, 156, 157, 158, 159, 160, 161, 162, 163, 164, 165, 166, 167, 174, 178, 181, 182, 184, 186, 187, 190, 194, 196, 199, 201, 204, 205, 209, 211, 213, 216, 223, 224, 226, 227, 230, 231, 232, 233, 234, 235, 236, 246, 247, 248, 250, 251, 252, 253, 254, 257, 259, 263, 265, 266, 268, 269, 270, 272, 275, 276, 277, 278, 279, 280, 281, 282, 283, 284, 285, 286, 287, 288, 289, 290, 292, 295, 296, 298, 300, 301, 303, 305, 307, 308, 310, 311, 315, 318, 321, 323, 326, 329, 330, 332, 334, 335, 337, 339, 341, 344, 347, 350, 352, 353, 356, 358, 360, 368, 369, 370, 371, 372, 373, 375, 376, 377, 382, 384, 386, 390, 393, 394, 396, 397, 402, 403, 404, 405, 406, 407, 408, 410, 413, 414, 416, 417, 420, 421, 426, 427, 431, 434, 436, 438, 442, 445, 447, 452, 454, 459, 460, 464, 467, 473, 477, 482, 486], [12, 19, 25, 29, 36, 38, 40, 41, 48, 53, 54, 63, 72, 73, 74, 78, 80, 82, 89, 90, 92, 96, 97, 99, 104, 106, 108, 114, 115, 116, 117, 118, 119, 120, 121, 122, 126, 128, 130, 132, 133, 135, 136, 149, 156, 164, 165, 168, 169, 170, 175, 179, 181, 183, 186, 188, 191, 197, 199, 202, 203, 204, 206, 208, 210, 211, 212, 213, 214, 217, 218, 220, 221, 223, 225, 228, 229, 230, 236, 237, 238, 239, 240, 241, 242, 243, 244, 245, 246, 247, 248, 251, 252, 253, 254, 269, 270, 280, 281, 284, 285, 286, 287, 288, 289, 291, 293, 295, 297, 299, 300, 302, 303, 304, 305, 306, 307, 309, 310, 312, 316, 319, 321, 324, 325, 327, 329, 331, 333, 334, 336, 338, 339, 340, 341, 342, 343, 348, 349, 351, 352, 354, 355, 356, 357, 358, 359, 360, 361, 362, 363, 364, 365, 366, 367, 368, 369, 370, 371, 372, 373, 377, 382, 384, 393, 394, 396, 397, 402, 403, 404, 405, 406, 407, 408, 410, 412, 413, 414, 416, 417, 420, 422, 426, 428, 430, 431, 435, 436, 438, 441, 442, 445, 446, 447, 451, 452, 454, 457, 459, 464, 467, 473, 477, 482, 486], [5, 13, 20, 26, 30, 32, 37, 39, 41, 49, 55, 56, 64, 69, 75, 76, 83, 86, 88, 90, 94, 98, 103, 105, 107, 108, 111, 112, 113, 114, 115, 118, 120, 122, 123, 124, 125, 134, 135, 136, 141, 144, 146, 148, 150, 152, 154, 155, 166, 167, 171, 172, 176, 180, 182, 185, 187, 188, 192, 195, 198, 200, 201, 202, 205, 206, 209, 215, 216, 217, 219, 222, 224, 225, 227, 228, 229, 230, 233, 234, 237, 238, 239, 240, 241, 242, 244, 246, 247, 248, 249, 250, 251, 254, 258, 259, 260, 262, 265, 267, 268, 270, 272, 273, 274, 275, 276, 282, 283, 288, 289, 294, 296, 297, 301, 302, 304, 305, 308, 309, 310, 317, 320, 322, 323, 324, 328, 330, 331, 335, 336, 337, 338, 339, 340, 341, 343, 345, 346, 347, 348, 349, 350, 351, 352, 353, 354, 355, 356, 359, 360, 361, 364, 365, 367, 370, 371, 373, 374, 375, 376, 377, 384, 386, 387, 390, 393, 396, 397, 402, 407, 412, 413, 416, 417, 427, 428, 434, 435, 436, 441, 442, 445, 451, 452, 454, 457, 459, 460, 464, 467, 473, 482, 486]!Vessel: FarStar
] 

Rvl : [
!l : 2, 3
[1, 2, 3, 4, 5, 6, 7, 8, 9, 10, 11, 12, 13, 14, 15, 16, 17, 18, 19, 20, 21, 22, 23, 24, 25, 26, 27, 28, 29, 30, 31, 32, 33, 34, 35, 36, 37, 38, 39, 40, 41, 42, 43, 45, 46, 47, 48, 49, 51, 52, 53, 54, 55, 56, 57, 58, 59, 60, 61, 62, 63, 64, 66, 67, 68, 69, 70, 71, 72, 73, 74, 76, 78, 79, 80, 81, 82, 84, 85, 87, 89, 91, 92, 93, 94, 95, 96, 97, 98, 99, 100, 101, 102, 103, 104, 105, 106, 107, 108, 109, 110, 111, 113, 114, 115, 116, 117, 118, 119, 120, 121, 122, 124, 125, 126, 127, 128, 130, 131, 132, 133, 134, 135, 136, 139, 140, 141, 145, 147, 148, 149, 150, 151, 152, 156, 158, 160, 163, 165, 169, 207, 208, 210, 211, 212, 213, 214, 216, 217, 218, 219, 220, 221, 223, 224, 225, 226, 229, 230, 231, 232, 233, 235, 236, 239, 242, 246, 248, 250, 251, 252, 253, 254, 257, 258, 259, 269, 270, 272, 349, 350, 351, 352, 355, 356, 363, 364, 369, 370, 376, 377, 382, 384, 397], [44, 50, 65, 75, 77, 83, 86, 88, 90, 112, 123, 129, 137, 138, 142, 143, 144, 146, 153, 154, 155, 157, 159, 161, 162, 164, 166, 167, 168, 170, 171, 172, 173, 174, 175, 176, 177, 178, 179, 180, 181, 182, 183, 184, 185, 186, 187, 188, 189, 190, 191, 192, 193, 194, 195, 196, 197, 198, 199, 200, 201, 202, 203, 204, 205, 206, 209, 215, 222, 227, 228, 234, 237, 238, 240, 241, 243, 244, 245, 247, 249, 255, 256, 260, 261, 262, 263, 264, 265, 266, 267, 268, 271, 273, 274, 275, 276, 277, 278, 279, 280, 281, 282, 283, 284, 285, 286, 287, 288, 289, 290, 291, 292, 293, 294, 295, 296, 297, 298, 299, 300, 301, 302, 303, 304, 305, 306, 307, 308, 309, 310, 311, 312, 313, 314, 315, 316, 317, 318, 319, 320, 321, 322, 323, 324, 325, 326, 327, 328, 329, 330, 331, 332, 333, 334, 335, 336, 337, 338, 339, 340, 341, 342, 343, 344, 345, 346, 347, 348, 353, 354, 357, 358, 359, 360, 361, 362, 365, 366, 367, 368, 371, 372, 373, 374, 375, 378, 379, 380, 381, 383, 385, 386, 387, 388, 389, 390, 391, 392, 393, 394, 395, 396, 398, 399, 400, 401, 402, 403, 404, 405, 406, 407, 408, 409, 410, 411, 412, 413, 414, 415, 416, 417, 418, 419, 420, 421, 422, 423, 424, 425, 426, 427, 428, 429, 430, 431, 432, 433, 434, 435, 436, 437, 438, 439, 440, 441, 442, 443, 444, 445, 446, 447, 448, 449, 450, 451, 452, 453, 454, 455, 456, 457, 458, 459, 460, 461, 462, 463, 464, 465, 466, 467, 468, 469, 470, 471, 472, 473, 474, 475, 476, 477, 478, 479, 480, 481, 482, 483, 484, 485, 486, 487, 488, 489, 490, 491]!Vessel: FarSeeker
[1, 2, 3, 4, 5, 6, 7, 8, 9, 10, 11, 12, 13, 14, 15, 16, 17, 18, 19, 20, 21, 22, 23, 24, 25, 26, 27, 28, 29, 30, 31, 32, 33, 34, 35, 36, 37, 38, 39, 40, 41, 42, 43, 45, 46, 47, 48, 49, 51, 52, 53, 54, 55, 56, 57, 58, 59, 60, 61, 62, 63, 64, 66, 67, 68, 69, 70, 71, 72, 73, 74, 76, 78, 79, 80, 81, 82, 84, 85, 87, 89, 91, 92, 93, 94, 95, 96, 97, 98, 99, 100, 101, 102, 103, 104, 105, 106, 107, 108, 109, 110, 111, 113, 114, 115, 116, 117, 118, 119, 120, 121, 122, 124, 125, 126, 127, 128, 130, 131, 132, 133, 134, 135, 136, 139, 140, 141, 145, 147, 148, 149, 150, 151, 152, 156, 158, 160, 163, 165, 169, 207, 208, 210, 211, 212, 213, 214, 216, 217, 218, 219, 220, 221, 223, 224, 225, 226, 229, 230, 231, 232, 233, 235, 236, 239, 242, 246, 248, 250, 251, 252, 253, 254, 257, 258, 259, 269, 270, 272, 349, 350, 351, 352, 355, 356, 363, 364, 369, 370, 376, 377, 382, 384, 397], [44, 50, 65, 75, 77, 83, 86, 88, 90, 112, 123, 129, 137, 138, 142, 143, 144, 146, 153, 154, 155, 157, 159, 161, 162, 164, 166, 167, 168, 170, 171, 172, 173, 174, 175, 176, 177, 178, 179, 180, 181, 182, 183, 184, 185, 186, 187, 188, 189, 190, 191, 192, 193, 194, 195, 196, 197, 198, 199, 200, 201, 202, 203, 204, 205, 206, 209, 215, 222, 227, 228, 234, 237, 238, 240, 241, 243, 244, 245, 247, 249, 255, 256, 260, 261, 262, 263, 264, 265, 266, 267, 268, 271, 273, 274, 275, 276, 277, 278, 279, 280, 281, 282, 283, 284, 285, 286, 287, 288, 289, 290, 291, 292, 293, 294, 295, 296, 297, 298, 299, 300, 301, 302, 303, 304, 305, 306, 307, 308, 309, 310, 311, 312, 313, 314, 315, 316, 317, 318, 319, 320, 321, 322, 323, 324, 325, 326, 327, 328, 329, 330, 331, 332, 333, 334, 335, 336, 337, 338, 339, 340, 341, 342, 343, 344, 345, 346, 347, 348, 353, 354, 357, 358, 359, 360, 361, 362, 365, 366, 367, 368, 371, 372, 373, 374, 375, 378, 379, 380, 381, 383, 385, 386, 387, 388, 389, 390, 391, 392, 393, 394, 395, 396, 398, 399, 400, 401, 402, 403, 404, 405, 406, 407, 408, 409, 410, 411, 412, 413, 414, 415, 416, 417, 418, 419, 420, 421, 422, 423, 424, 425, 426, 427, 428, 429, 430, 431, 432, 433, 434, 435, 436, 437, 438, 439, 440, 441, 442, 443, 444, 445, 446, 447, 448, 449, 450, 451, 452, 453, 454, 455, 456, 457, 458, 459, 460, 461, 462, 463, 464, 465, 466, 467, 468, 469, 470, 471, 472, 473, 474, 475, 476, 477, 478, 479, 480, 481, 482, 483, 484, 485, 486, 487, 488, 489, 490, 491]!Vessel: FarSearcher
[1, 2, 3, 4, 5, 6, 7, 8, 9, 10, 11, 12, 13, 14, 15, 16, 17, 18, 19, 20, 21, 22, 23, 24, 25, 26, 27, 28, 29, 30, 31, 32, 33, 34, 35, 36, 37, 38, 39, 40, 41, 42, 43, 45, 46, 47, 48, 49, 51, 52, 53, 54, 55, 56, 57, 58, 59, 60, 61, 62, 63, 64, 66, 67, 68, 69, 70, 71, 72, 73, 74, 76, 78, 79, 80, 81, 82, 84, 85, 87, 89, 91, 92, 93, 94, 95, 96, 97, 98, 99, 100, 101, 102, 103, 104, 105, 106, 107, 108, 109, 110, 111, 113, 114, 115, 116, 117, 118, 119, 120, 121, 122, 124, 125, 126, 127, 128, 130, 131, 132, 133, 134, 135, 136, 139, 140, 141, 145, 147, 148, 149, 150, 151, 152, 156, 158, 160, 163, 165, 169, 207, 208, 210, 211, 212, 213, 214, 216, 217, 218, 219, 220, 221, 223, 224, 225, 226, 229, 230, 231, 232, 233, 235, 236, 239, 242, 246, 248, 250, 251, 252, 253, 254, 257, 258, 259, 269, 270, 272, 349, 350, 351, 352, 355, 356, 363, 364, 369, 370, 376, 377, 382, 384, 397], [44, 50, 65, 75, 77, 83, 86, 88, 90, 112, 123, 129, 137, 138, 142, 143, 144, 146, 153, 154, 155, 157, 159, 161, 162, 164, 166, 167, 168, 170, 171, 172, 173, 174, 175, 176, 177, 178, 179, 180, 181, 182, 183, 184, 185, 186, 187, 188, 189, 190, 191, 192, 193, 194, 195, 196, 197, 198, 199, 200, 201, 202, 203, 204, 205, 206, 209, 215, 222, 227, 228, 234, 237, 238, 240, 241, 243, 244, 245, 247, 249, 255, 256, 260, 261, 262, 263, 264, 265, 266, 267, 268, 271, 273, 274, 275, 276, 277, 278, 279, 280, 281, 282, 283, 284, 285, 286, 287, 288, 289, 290, 291, 292, 293, 294, 295, 296, 297, 298, 299, 300, 301, 302, 303, 304, 305, 306, 307, 308, 309, 310, 311, 312, 313, 314, 315, 316, 317, 318, 319, 320, 321, 322, 323, 324, 325, 326, 327, 328, 329, 330, 331, 332, 333, 334, 335, 336, 337, 338, 339, 340, 341, 342, 343, 344, 345, 346, 347, 348, 353, 354, 357, 358, 359, 360, 361, 362, 365, 366, 367, 368, 371, 372, 373, 374, 375, 378, 386, 387, 390, 391, 393, 394, 396, 401, 402, 403, 404, 405, 406, 407, 408, 409, 410, 412, 413, 414, 415, 416, 417, 418, 419, 420, 421, 422, 423, 424, 426, 427, 428, 429, 430, 431, 432, 433, 434, 435, 436, 437, 438, 440, 441, 442, 443, 444, 445, 446, 447, 448, 449, 450, 451, 452, 453, 454, 455, 456, 457, 458, 459, 460, 461, 464, 465, 467, 473, 477, 481, 482, 486]!Vessel: FarSymphony
[1, 2, 3, 4, 5, 6, 7, 8, 9, 10, 11, 12, 13, 14, 15, 16, 17, 18, 19, 20, 21, 22, 23, 24, 25, 26, 27, 28, 29, 30, 31, 32, 33, 34, 35, 36, 37, 38, 39, 40, 41, 42, 43, 45, 46, 47, 48, 49, 51, 52, 53, 54, 55, 56, 57, 58, 59, 60, 61, 62, 63, 64, 66, 67, 68, 69, 70, 71, 72, 73, 74, 76, 78, 79, 80, 81, 82, 84, 85, 87, 89, 91, 92, 93, 94, 95, 96, 97, 98, 99, 100, 101, 102, 103, 104, 105, 106, 107, 108, 109, 110, 111, 113, 114, 115, 116, 117, 118, 119, 120, 121, 122, 124, 125, 126, 127, 128, 130, 131, 132, 133, 134, 135, 136, 139, 140, 141, 145, 147, 148, 149, 150, 151, 152, 156, 158, 160, 163, 165, 169, 207, 208, 210, 211, 212, 213, 214, 216, 217, 218, 219, 220, 221, 223, 224, 225, 226, 229, 230, 231, 232, 233, 235, 236, 239, 242, 246, 248, 250, 251, 252, 253, 254, 257, 258, 259, 269, 270, 272, 349, 350, 351, 352, 355, 356, 363, 364, 369, 370, 376, 377, 382, 384, 397], [44, 50, 65, 75, 77, 83, 86, 88, 90, 112, 123, 129, 137, 138, 142, 143, 144, 146, 153, 154, 155, 157, 159, 161, 162, 164, 166, 167, 168, 170, 171, 172, 173, 174, 175, 176, 177, 178, 179, 180, 181, 182, 183, 184, 185, 186, 187, 188, 189, 190, 191, 192, 193, 194, 195, 196, 197, 198, 199, 200, 201, 202, 203, 204, 205, 206, 209, 215, 222, 227, 228, 234, 237, 238, 240, 241, 243, 244, 245, 247, 249, 255, 256, 260, 261, 262, 263, 264, 265, 266, 267, 268, 271, 273, 274, 275, 276, 277, 278, 279, 280, 281, 282, 283, 284, 285, 286, 287, 288, 289, 290, 291, 292, 293, 294, 295, 296, 297, 298, 299, 300, 301, 302, 303, 304, 305, 306, 307, 308, 309, 310, 311, 312, 313, 314, 315, 316, 317, 318, 319, 320, 321, 322, 323, 324, 325, 326, 327, 328, 329, 330, 331, 332, 333, 334, 335, 336, 337, 338, 339, 340, 341, 342, 343, 344, 345, 346, 347, 348, 353, 354, 357, 358, 359, 360, 361, 362, 365, 366, 367, 368, 371, 372, 373, 374, 375, 378, 379, 380, 381, 383, 385, 386, 387, 388, 389, 390, 391, 392, 393, 394, 395, 396, 398, 399, 400, 401, 402, 403, 404, 405, 406, 407, 408, 409, 410, 411, 412, 413, 414, 415, 416, 417, 418, 419, 420, 421, 422, 423, 424, 425, 426, 427, 428, 429, 430, 431, 432, 433, 434, 435, 436, 437, 438, 439, 440, 441, 442, 443, 444, 445, 446, 447, 448, 449, 450, 451, 452, 453, 454, 455, 456, 457, 458, 459, 460, 461, 462, 463, 464, 465, 466, 467, 469, 470, 471, 472, 473, 474, 477, 479, 481, 482, 483, 485, 486, 490, 491]!Vessel: HavilaForesight
[1, 2, 3, 4, 5, 6, 7, 8, 9, 10, 11, 12, 13, 14, 15, 16, 17, 18, 19, 20, 21, 22, 23, 24, 25, 26, 27, 28, 29, 30, 31, 32, 33, 34, 35, 36, 37, 38, 39, 40, 41, 42, 43, 45, 46, 47, 48, 49, 51, 52, 53, 54, 55, 56, 57, 58, 59, 60, 61, 62, 63, 64, 66, 67, 68, 69, 70, 71, 72, 73, 74, 76, 78, 79, 80, 81, 82, 84, 85, 87, 89, 91, 92, 93, 94, 95, 96, 97, 98, 99, 100, 101, 102, 103, 104, 105, 106, 107, 108, 109, 110, 111, 113, 114, 115, 116, 117, 118, 119, 120, 121, 122, 124, 125, 126, 127, 128, 130, 131, 132, 133, 134, 135, 136, 139, 140, 141, 145, 147, 148, 149, 150, 151, 152, 156, 158, 160, 163, 165, 169, 207, 208, 210, 211, 212, 213, 214, 216, 217, 218, 219, 220, 221, 223, 224, 225, 226, 229, 230, 231, 232, 233, 235, 236, 239, 242, 246, 248, 250, 251, 252, 253, 254, 257, 258, 259, 269, 270, 272, 349, 350, 351, 352, 355, 356, 363, 364, 369, 370, 376, 377, 382, 384, 397], [44, 50, 65, 75, 77, 83, 86, 88, 90, 112, 123, 129, 137, 138, 142, 143, 144, 146, 153, 154, 155, 157, 159, 161, 162, 164, 166, 167, 168, 170, 171, 172, 173, 174, 175, 176, 177, 178, 179, 180, 181, 182, 183, 184, 185, 186, 187, 188, 189, 190, 191, 192, 193, 194, 195, 196, 197, 198, 199, 200, 201, 202, 203, 204, 205, 206, 209, 215, 222, 227, 228, 234, 237, 238, 240, 241, 243, 244, 245, 247, 249, 255, 256, 260, 261, 262, 263, 265, 266, 267, 268, 271, 273, 274, 275, 276, 277, 278, 279, 280, 281, 282, 283, 284, 285, 286, 287, 288, 289, 290, 291, 292, 293, 294, 295, 296, 297, 298, 299, 300, 301, 302, 303, 304, 305, 306, 307, 308, 309, 310, 311, 312, 313, 314, 315, 316, 317, 318, 319, 320, 321, 322, 323, 324, 325, 326, 327, 328, 329, 330, 331, 332, 333, 334, 335, 336, 337, 338, 339, 340, 341, 342, 343, 344, 345, 346, 347, 348, 353, 354, 357, 358, 359, 360, 361, 362, 365, 366, 367, 368, 371, 372, 373, 374, 375, 386, 387, 390, 393, 394, 396, 402, 403, 404, 405, 406, 407, 408, 410, 412, 413, 414, 416, 417, 420, 421, 422, 426, 427, 428, 430, 431, 434, 435, 436, 438, 441, 442, 445, 446, 447, 451, 452, 454, 457, 459, 460, 464, 467, 473, 477, 482, 486]!Vessel: FarStar
] 

minF : 2
maxF : 6
Nf : [
!f : 2, 3, 4, 5, 6
[5, 6], [], [], [2, 3, 4, 7], [1, 8, 9]
]

! Parameters
VoyageCost: [37970, 39085, 64838, 53931, 37570, 44429, 45544, 73722, 62814, 42817, 43726, 43120, 46453, 43120, 73722, 62814, 40394, 38879, 38273, 44029, 74837, 63929, 43932, 42418, 44235, 47568, 72716, 73019, 72413, 75746, 62111, 64838, 72110, 61202, 39691, 41509, 44841, 37570, 43326, 61505, 45144, 50186, 49580, 81296, 70389, 50392, 48877, 50695, 54028, 81599, 49277, 48574, 48877, 49580, 52913, 52210, 80181, 69274, 78872, 67965, 47968, 46453, 48271, 51604, 81599, 78569, 67662, 46150, 51301, 79478, 68571, 44029, 78872, 67965, 82205, 71298, 82714, 47568, 78569, 78872, 78169, 79987, 83320, 79987, 80896, 83623, 77867, 83017, 78169, 83320, 67662, 67965, 67262, 72413, 66959, 67262, 47968, 51301, 45544, 79684, 68777, 47265, 52416, 68777, 72110, 44841, 50598, 52416, 79478, 68571, 50901, 81502, 70595, 51604, 49180, 69080, 49083, 52719, 80290, 72413, 79684, 48477, 82205, 71298, 49786, 55337, 55337, 54731, 89174, 54028, 55034, 54428, 53725, 58670, 58064, 57361, 88059, 85332, 74425, 54428, 58064, 86750, 86144, 89780, 75237, 78872, 53725, 58876, 51604, 57361, 74122, 57761, 86447, 89477, 78569, 51301, 85938, 75031, 84629, 73722, 87356, 84326, 73419, 84629, 73722, 87962, 77055, 85332, 74425, 86750, 88665, 77757, 86144, 84629, 86447, 89780, 85029, 84326, 86144, 89477, 84629, 87962, 84023, 85441, 90592, 83320, 89077, 90895, 86447, 87356, 86750, 90083, 87562, 86047, 91198, 85744, 87562, 90895, 86047, 90083, 89380, 91198, 83720, 83017, 88774, 90592, 75237, 75540, 77055, 73116, 72413, 72813, 72110, 75237, 78569, 57058, 58876, 55543, 58876, 53119, 76352, 79684, 52416, 58173, 59991, 74534, 77867, 79684, 56452, 55749, 73722, 53725, 57361, 78169, 73419, 73722, 89780, 78872, 56755, 87356, 76449, 59179, 87865, 79987, 87259, 56052, 86653, 75746, 78872, 57058, 54937, 60487, 60184, 63820, 81696, 92604, 60184, 65335, 63820, 96239, 94022, 97657, 91901, 97051, 95536, 80993, 86144, 84629, 58876, 62511, 92907, 63517, 95936, 97354, 95233, 84326, 80181, 92507, 79878, 80181, 92507, 94421, 83514, 89780, 78872, 89477, 78569, 93113, 82205, 91089, 90483, 91901, 93719, 97051, 89780, 95536, 97354, 90786, 90180, 89477, 95233, 97051, 91089, 93816, 93113, 91295, 90592, 96348, 94930, 94228, 93816, 93210, 93210, 94022, 92507, 94325, 97657, 92204, 94022, 97354, 92507, 96542, 95839, 97657, 91901, 93319, 95137, 98469, 91198, 96954, 98772, 92204, 91598, 90895, 96651, 98469, 95839, 95233, 94531, 94627, 93925, 82811, 82908, 80993, 86144, 85029, 84326, 86144, 62911, 64632, 66450, 62208, 85441, 87259, 64026, 63323, 80387, 79684, 83720, 83017, 86447, 79575, 59578, 63214, 84023, 79272, 98166, 78872, 58876, 62511, 83320, 78569, 82205, 85332, 84629, 64632, 62208, 87453, 92604, 100481, 103511, 65335, 71092, 68971, 98360, 101996, 104117, 99778, 104929, 103414, 97051, 102808, 100687, 86144, 91901, 89780, 68668, 101693, 103814, 103111, 100384, 89477, 85332, 97657, 85029, 97354, 88665, 96239, 97754, 97051, 102808, 101390, 100687, 95936, 101087, 100384, 99572, 102202, 101499, 98966, 98966, 98360, 99778, 101596, 104929, 97657, 103414, 105232, 98663, 98057, 97354, 103111, 104929, 102299, 101693, 100990, 99172, 98469, 104226, 106044, 102808, 102105, 102505, 101802, 100990, 86847, 86144, 91901, 93719, 90786, 90180, 89477, 70486, 69783, 91295, 90592, 90483, 104626, 89780, 91089, 69783, 92604, 103511, 107147, 109874, 104929, 108565, 107959, 97051, 106844, 108262, 76243, 96239, 95936, 108662, 107959, 104117, 105632, 104929, 112503, 109268, 108565, 103814, 108965, 108262, 107450, 110080, 109377, 97754, 97051, 115024]
VoyageDuration: [2, 2, 2, 2, 2, 2, 2, 2, 2, 2, 2, 2, 2, 2, 2, 2, 2, 2, 2, 2, 2, 2, 2, 2, 2, 2, 2, 2, 2, 2, 2, 2, 2, 2, 2, 2, 2, 2, 2, 2, 2, 2, 2, 3, 2, 2, 2, 2, 2, 3, 2, 2, 2, 2, 2, 2, 2, 2, 2, 2, 2, 2, 2, 2, 3, 2, 2, 2, 2, 2, 2, 2, 2, 2, 3, 2, 3, 2, 2, 2, 2, 2, 3, 2, 2, 3, 2, 3, 2, 3, 2, 2, 2, 2, 2, 2, 2, 2, 2, 2, 2, 2, 2, 2, 2, 2, 2, 2, 2, 2, 2, 3, 2, 2, 2, 2, 2, 2, 2, 2, 2, 2, 3, 2, 2, 2, 2, 2, 3, 2, 2, 2, 2, 2, 2, 2, 3, 3, 2, 2, 2, 3, 3, 3, 2, 3, 2, 2, 2, 2, 2, 2, 3, 3, 3, 2, 3, 2, 3, 2, 3, 3, 2, 3, 2, 3, 3, 3, 2, 3, 3, 3, 3, 3, 3, 3, 3, 3, 3, 3, 3, 3, 3, 3, 3, 3, 3, 3, 3, 3, 3, 3, 3, 3, 3, 3, 3, 3, 3, 3, 3, 3, 3, 3, 3, 3, 2, 2, 3, 2, 2, 2, 2, 2, 3, 2, 2, 2, 2, 2, 2, 3, 2, 2, 2, 2, 3, 3, 2, 2, 2, 2, 2, 3, 2, 2, 3, 3, 2, 3, 3, 2, 3, 3, 3, 2, 3, 2, 3, 2, 2, 2, 2, 2, 3, 3, 2, 2, 2, 3, 3, 3, 3, 3, 3, 3, 3, 3, 2, 2, 3, 2, 3, 3, 3, 3, 3, 3, 3, 3, 3, 3, 3, 3, 3, 3, 3, 3, 3, 3, 3, 3, 3, 3, 3, 3, 3, 3, 3, 3, 3, 3, 3, 3, 3, 3, 3, 3, 3, 3, 3, 3, 3, 3, 3, 3, 3, 3, 3, 3, 3, 3, 3, 3, 3, 3, 3, 3, 3, 3, 3, 3, 3, 3, 3, 3, 3, 3, 3, 3, 3, 3, 3, 3, 3, 3, 3, 3, 2, 2, 2, 2, 3, 3, 2, 2, 3, 3, 3, 3, 3, 3, 2, 2, 3, 3, 3, 3, 2, 2, 3, 3, 3, 3, 3, 2, 2, 3, 3, 3, 3, 2, 3, 2, 3, 3, 3, 3, 3, 3, 3, 3, 3, 3, 3, 3, 2, 3, 3, 3, 3, 3, 3, 3, 3, 3, 3, 3, 3, 3, 3, 3, 3, 3, 3, 3, 3, 3, 3, 3, 3, 3, 3, 3, 3, 3, 3, 3, 3, 3, 3, 3, 3, 3, 3, 3, 3, 3, 3, 3, 3, 3, 3, 3, 3, 3, 3, 3, 3, 3, 3, 3, 3, 3, 3, 3, 3, 3, 3, 3, 3, 3, 3, 3, 3, 3, 3, 3, 3, 3, 3, 3, 3, 3, 3, 3, 3, 3, 3, 3, 3, 3, 3, 3, 3, 3, 3, 3, 3, 3, 3]
TimeCharterCost: [120000, 125000, 130000, 110000, 104000]
RequiredVisits: [6, 5, 5, 5, 2, 2, 5, 6, 6]
NumberOfDaysAvailable: [7, 7, 7, 7, 7]
DepotCapacity: [3, 3, 3, 3, 3, 3, 0]
