!Summary:
!Execution time: 0,46 seconds
!Total # voyages: 1224 (250 unique)
!Number of installations (excluding depot): 8
!Number of time windows: 2
!Number of vessels: 5

!Min. # installations: 1
!Max. number of installations: 8
!Min. duration: 56
!Max. duration: 80

!Name: FarStar	 # voyages: 234
!Name: FarSymphony	 # voyages: 241
!Name: FarSearcher	 # voyages: 250
!Name: FarSeeker	 # voyages: 250
!Name: HavilaForesight	 # voyages: 249
!------------------------------------------------------------------------------------------------------------------------
nV : 5
nR : 250
nN : 8
nT : 7
minL : 2
maxL : 3

! Sets: 
Rv : [
[1, 2, 3, 4, 5, 6, 7, 8, 9, 10, 11, 12, 13, 14, 15, 16, 17, 18, 19, 20, 21, 22, 23, 24, 25, 26, 27, 28, 29, 30, 31, 32, 33, 34, 35, 36, 37, 38, 39, 40, 41, 42, 43, 44, 45, 46, 47, 48, 49, 50, 51, 52, 53, 54, 55, 56, 57, 58, 59, 60, 61, 62, 63, 64, 65, 66, 67, 68, 69, 70, 71, 72, 73, 74, 75, 76, 77, 78, 79, 80, 81, 82, 83, 84, 85, 86, 87, 88, 89, 90, 91, 92, 93, 94, 95, 96, 97, 98, 99, 100, 101, 102, 103, 104, 105, 106, 107, 108, 109, 110, 111, 112, 113, 114, 115, 116, 117, 118, 119, 120, 121, 122, 123, 124, 125, 126, 127, 128, 129, 130, 131, 132, 133, 134, 135, 136, 137, 138, 139, 140, 141, 142, 143, 144, 145, 146, 147, 148, 149, 150, 151, 152, 153, 154, 155, 156, 157, 158, 159, 160, 161, 162, 163, 164, 165, 166, 167, 168, 169, 170, 171, 172, 173, 174, 175, 176, 177, 178, 179, 180, 181, 182, 183, 184, 185, 186, 187, 188, 189, 190, 191, 192, 193, 194, 195, 196, 197, 198, 199, 200, 201, 202, 203, 204, 205, 206, 207, 208, 209, 210, 211, 212, 213, 214, 215, 216, 217, 218, 219, 220, 221, 222, 223, 224, 225, 226, 227, 228, 229, 230, 231, 232, 233, 234, 235, 236, 237, 238, 239, 240, 241, 242, 243, 244, 245, 246, 247, 248, 249, 250]!Vessel: FarSeeker
[1, 2, 3, 4, 5, 6, 7, 8, 9, 10, 11, 12, 13, 14, 15, 16, 17, 18, 19, 20, 21, 22, 23, 24, 25, 26, 27, 28, 29, 30, 31, 32, 33, 34, 35, 36, 37, 38, 39, 40, 41, 42, 43, 44, 45, 46, 47, 48, 49, 50, 51, 52, 53, 54, 55, 56, 57, 58, 59, 60, 61, 62, 63, 64, 65, 66, 67, 68, 69, 70, 71, 72, 73, 74, 75, 76, 77, 78, 79, 80, 81, 82, 83, 84, 85, 86, 87, 88, 89, 90, 91, 92, 93, 94, 95, 96, 97, 98, 99, 100, 101, 102, 103, 104, 105, 106, 107, 108, 109, 110, 111, 112, 113, 114, 115, 116, 117, 118, 119, 120, 121, 122, 123, 124, 125, 126, 127, 128, 129, 130, 131, 132, 133, 134, 135, 136, 137, 138, 139, 140, 141, 142, 143, 144, 145, 146, 147, 148, 149, 150, 151, 152, 153, 154, 155, 156, 157, 158, 159, 160, 161, 162, 163, 164, 165, 166, 167, 168, 169, 170, 171, 172, 173, 174, 175, 176, 177, 178, 179, 180, 181, 182, 183, 184, 185, 186, 187, 188, 189, 190, 191, 192, 193, 194, 195, 196, 197, 198, 199, 200, 201, 202, 203, 204, 205, 206, 207, 208, 209, 210, 211, 212, 213, 214, 215, 216, 217, 218, 219, 220, 221, 222, 223, 224, 225, 226, 227, 228, 229, 230, 231, 232, 233, 234, 235, 236, 237, 238, 239, 240, 241, 242, 243, 244, 245, 246, 247, 248, 249, 250]!Vessel: FarSearcher
[1, 2, 3, 4, 5, 6, 7, 8, 9, 10, 11, 12, 13, 14, 15, 16, 17, 18, 19, 20, 21, 22, 23, 24, 25, 26, 27, 28, 29, 30, 31, 32, 33, 34, 35, 36, 37, 38, 39, 40, 41, 42, 43, 44, 45, 46, 47, 48, 49, 50, 51, 52, 53, 54, 55, 56, 57, 58, 59, 60, 61, 62, 63, 64, 65, 66, 67, 68, 69, 70, 71, 72, 73, 74, 75, 76, 77, 78, 79, 80, 81, 82, 83, 84, 85, 86, 87, 88, 89, 90, 91, 92, 93, 94, 95, 96, 97, 98, 99, 100, 101, 102, 103, 104, 105, 106, 107, 108, 109, 110, 111, 112, 113, 114, 115, 116, 117, 118, 119, 120, 121, 122, 123, 124, 125, 126, 127, 128, 129, 130, 131, 132, 133, 134, 135, 136, 137, 138, 139, 140, 141, 142, 143, 144, 145, 146, 147, 148, 149, 150, 151, 152, 153, 154, 155, 156, 157, 158, 159, 160, 161, 162, 163, 164, 165, 166, 167, 168, 169, 170, 171, 172, 173, 174, 175, 176, 177, 178, 179, 180, 181, 182, 183, 184, 185, 186, 187, 188, 189, 190, 191, 192, 193, 194, 195, 196, 197, 198, 199, 200, 201, 202, 203, 204, 205, 206, 207, 208, 209, 210, 211, 212, 213, 214, 215, 217, 219, 221, 222, 223, 224, 225, 226, 227, 228, 229, 230, 231, 232, 233, 234, 235, 236, 237, 238, 239, 240, 241, 242, 243, 248]!Vessel: FarSymphony
[1, 2, 3, 4, 5, 6, 7, 8, 9, 10, 11, 12, 13, 14, 15, 16, 17, 18, 19, 20, 21, 22, 23, 24, 25, 26, 27, 28, 29, 30, 31, 32, 33, 34, 35, 36, 37, 38, 39, 40, 41, 42, 43, 44, 45, 46, 47, 48, 49, 50, 51, 52, 53, 54, 55, 56, 57, 58, 59, 60, 61, 62, 63, 64, 65, 66, 67, 68, 69, 70, 71, 72, 73, 74, 75, 76, 77, 78, 79, 80, 81, 82, 83, 84, 85, 86, 87, 88, 89, 90, 91, 92, 93, 94, 95, 96, 97, 98, 99, 100, 101, 102, 103, 104, 105, 106, 107, 108, 109, 110, 111, 112, 113, 114, 115, 116, 117, 118, 119, 120, 121, 122, 123, 124, 125, 126, 127, 128, 129, 130, 131, 132, 133, 134, 135, 136, 137, 138, 139, 140, 141, 142, 143, 144, 145, 146, 147, 148, 149, 150, 151, 152, 153, 154, 155, 156, 157, 158, 159, 160, 161, 162, 163, 164, 165, 166, 167, 168, 169, 170, 171, 172, 173, 174, 175, 176, 177, 178, 179, 180, 181, 182, 183, 184, 185, 186, 187, 188, 189, 190, 191, 192, 193, 194, 195, 196, 197, 198, 199, 200, 201, 202, 203, 204, 205, 206, 207, 208, 209, 210, 211, 212, 213, 214, 215, 216, 217, 218, 219, 220, 221, 222, 223, 224, 225, 226, 227, 228, 229, 230, 231, 232, 233, 234, 235, 236, 237, 238, 239, 240, 241, 242, 243, 244, 245, 246, 247, 248, 250]!Vessel: HavilaForesight
[1, 2, 3, 4, 5, 6, 7, 8, 9, 10, 11, 12, 13, 14, 15, 16, 17, 18, 19, 20, 21, 22, 23, 24, 25, 26, 27, 28, 29, 30, 31, 32, 33, 34, 35, 36, 37, 38, 39, 40, 41, 42, 43, 44, 45, 46, 47, 48, 49, 50, 51, 52, 53, 54, 55, 56, 57, 58, 59, 60, 61, 62, 63, 64, 65, 66, 67, 68, 69, 70, 71, 72, 73, 74, 75, 76, 77, 78, 79, 80, 81, 82, 83, 84, 85, 86, 87, 88, 89, 90, 91, 92, 93, 94, 95, 96, 97, 98, 99, 100, 101, 102, 103, 104, 105, 106, 107, 108, 109, 110, 111, 112, 113, 114, 115, 116, 117, 118, 119, 120, 121, 122, 123, 124, 125, 126, 127, 128, 129, 130, 131, 132, 133, 134, 135, 136, 137, 138, 139, 140, 141, 142, 143, 144, 145, 146, 147, 148, 149, 150, 151, 152, 153, 154, 155, 156, 157, 158, 159, 160, 161, 162, 163, 164, 165, 166, 167, 168, 169, 170, 171, 172, 173, 174, 175, 176, 177, 178, 179, 180, 181, 182, 183, 184, 185, 186, 187, 188, 189, 190, 191, 192, 193, 194, 195, 196, 197, 198, 199, 200, 201, 202, 203, 204, 205, 206, 207, 208, 209, 210, 211, 212, 213, 214, 215, 217, 219, 223, 224, 225, 227, 228, 229, 230, 231, 234, 235, 236, 237, 240, 241, 242, 243, 248]!Vessel: FarStar
] 

Rvi : [
!i : 1, 2, 3, 4, 5, 6, 7, 8
[1, 6, 7, 8, 9, 10, 11, 12, 34, 35, 36, 37, 38, 39, 40, 41, 42, 43, 44, 45, 46, 47, 48, 67, 74, 75, 76, 82, 83, 90, 91, 92, 93, 94, 95, 96, 97, 98, 99, 100, 101, 102, 103, 104, 105, 106, 107, 116, 123, 124, 128, 129, 130, 133, 134, 135, 140, 141, 142, 145, 146, 148, 149, 152, 160, 161, 162, 163, 164, 165, 166, 167, 173, 174, 176, 179, 184, 185, 186, 187, 188, 189, 190, 191, 192, 193, 194, 195, 201, 202, 203, 204, 205, 206, 207, 208, 210, 211, 213, 216, 217, 220, 221, 222, 223, 225, 227, 228, 229, 230, 231, 232, 233, 234, 235, 237, 238, 240, 241, 242, 245, 246, 247, 248, 249, 250], [6, 13, 14, 15, 16, 17, 18, 34, 35, 45, 46, 47, 48, 49, 50, 51, 52, 53, 54, 55, 56, 57, 58, 59, 60, 61, 62, 84, 90, 91, 92, 98, 100, 101, 102, 103, 104, 105, 106, 107, 108, 109, 110, 111, 112, 113, 114, 115, 116, 117, 118, 119, 120, 121, 122, 123, 124, 125, 126, 127, 131, 150, 151, 160, 161, 162, 163, 164, 165, 166, 167, 168, 169, 170, 171, 172, 173, 174, 175, 176, 177, 178, 179, 180, 181, 182, 183, 184, 185, 187, 188, 189, 190, 196, 197, 205, 209, 210, 216, 217, 218, 219, 220, 221, 222, 223, 224, 225, 226, 227, 228, 229, 230, 231, 236, 237, 238, 239, 240, 244, 245, 246, 247, 248, 249], [2, 7, 13, 19, 20, 21, 22, 23, 35, 36, 37, 38, 39, 40, 49, 50, 51, 52, 53, 63, 64, 65, 66, 68, 69, 77, 78, 85, 86, 91, 92, 93, 94, 95, 96, 97, 98, 99, 106, 107, 108, 109, 110, 111, 112, 113, 114, 117, 128, 129, 131, 132, 136, 137, 142, 143, 144, 150, 152, 153, 154, 155, 157, 158, 160, 161, 162, 165, 166, 167, 168, 169, 170, 171, 172, 180, 182, 184, 185, 186, 190, 191, 192, 193, 196, 197, 198, 199, 201, 202, 205, 206, 207, 209, 211, 212, 213, 214, 215, 216, 217, 218, 219, 220, 221, 225, 226, 228, 230, 231, 232, 233, 234, 236, 237, 238, 239, 241, 242, 243, 244, 245, 246, 248, 249, 250], [3, 8, 14, 19, 24, 25, 26, 28, 36, 41, 43, 46, 49, 54, 56, 57, 61, 63, 65, 67, 68, 69, 70, 71, 72, 73, 74, 80, 88, 93, 96, 101, 104, 106, 108, 112, 115, 116, 117, 118, 120, 121, 123, 125, 128, 129, 130, 131, 132, 133, 134, 135, 136, 137, 138, 139, 141, 144, 149, 151, 153, 155, 156, 159, 165, 168, 172, 173, 175, 176, 177, 181, 182, 183, 184, 185, 186, 187, 188, 189, 190, 191, 192, 193, 194, 195, 196, 197, 198, 199, 200, 201, 204, 208, 209, 210, 211, 212, 215, 216, 218, 220, 222, 224, 226, 227, 228, 229, 230, 231, 232, 233, 234, 235, 236, 238, 239, 240, 241, 243, 244, 246, 247, 248, 249, 250], [4, 9, 15, 20, 24, 27, 29, 32, 37, 41, 42, 47, 50, 54, 55, 58, 62, 63, 64, 70, 71, 72, 75, 77, 79, 81, 82, 85, 87, 93, 94, 95, 98, 99, 100, 101, 102, 103, 108, 109, 110, 111, 115, 118, 119, 122, 125, 126, 133, 134, 135, 136, 137, 138, 139, 140, 143, 145, 147, 148, 153, 154, 156, 157, 162, 163, 167, 168, 169, 170, 173, 174, 175, 177, 178, 179, 180, 181, 188, 189, 190, 191, 192, 193, 194, 195, 196, 197, 198, 199, 200, 202, 203, 205, 206, 207, 208, 212, 214, 216, 218, 219, 221, 222, 223, 224, 225, 229, 230, 231, 232, 233, 234, 235, 236, 237, 239, 240, 242, 243, 244, 245, 247, 248, 249, 250], [5, 10, 16, 21, 27, 28, 30, 33, 38, 42, 43, 48, 51, 55, 56, 59, 64, 65, 70, 76, 78, 79, 80, 83, 84, 86, 87, 88, 89, 94, 96, 102, 104, 105, 107, 109, 112, 113, 115, 119, 120, 124, 126, 127, 133, 136, 138, 140, 141, 142, 143, 144, 146, 147, 148, 149, 150, 151, 152, 154, 155, 156, 158, 159, 161, 164, 165, 166, 167, 168, 169, 171, 172, 173, 174, 175, 176, 178, 179, 180, 181, 183, 191, 194, 198, 200, 201, 202, 203, 204, 206, 208, 209, 210, 211, 212, 213, 214, 215, 216, 217, 218, 219, 220, 221, 222, 223, 224, 225, 226, 227, 232, 233, 235, 238, 239, 240, 241, 242, 243, 244, 245, 246, 247, 249, 250], [11, 17, 22, 25, 29, 30, 31, 34, 39, 44, 52, 57, 58, 59, 60, 66, 68, 71, 73, 74, 75, 76, 77, 78, 79, 80, 81, 89, 90, 91, 97, 99, 103, 105, 110, 113, 114, 116, 117, 118, 119, 120, 121, 122, 127, 128, 130, 132, 134, 137, 138, 139, 140, 141, 142, 143, 144, 145, 146, 147, 157, 158, 159, 160, 162, 163, 164, 166, 169, 170, 171, 172, 174, 175, 176, 177, 178, 182, 183, 184, 186, 187, 188, 192, 194, 195, 196, 198, 199, 200, 201, 202, 203, 204, 207, 213, 214, 215, 217, 218, 219, 220, 221, 222, 223, 224, 226, 227, 228, 229, 230, 232, 234, 235, 236, 237, 241, 242, 243, 244, 245, 246, 247, 248, 250], [12, 18, 23, 26, 31, 32, 33, 40, 44, 45, 53, 60, 61, 62, 66, 67, 69, 72, 73, 81, 82, 83, 84, 85, 86, 87, 88, 89, 90, 92, 95, 97, 100, 111, 114, 121, 122, 123, 124, 125, 126, 127, 129, 130, 131, 132, 135, 139, 145, 146, 147, 148, 149, 150, 151, 152, 153, 154, 155, 156, 157, 158, 159, 160, 161, 163, 164, 170, 171, 177, 178, 179, 180, 181, 182, 183, 185, 186, 187, 189, 193, 195, 197, 199, 200, 203, 204, 205, 206, 207, 208, 209, 210, 211, 212, 213, 214, 215, 217, 219, 223, 224, 225, 226, 227, 228, 229, 231, 233, 234, 235, 236, 237, 238, 239, 240, 241, 242, 243, 244, 245, 246, 247, 248, 249, 250]!Vessel: FarSeeker
[1, 6, 7, 8, 9, 10, 11, 12, 34, 35, 36, 37, 38, 39, 40, 41, 42, 43, 44, 45, 46, 47, 48, 67, 74, 75, 76, 82, 83, 90, 91, 92, 93, 94, 95, 96, 97, 98, 99, 100, 101, 102, 103, 104, 105, 106, 107, 116, 123, 124, 128, 129, 130, 133, 134, 135, 140, 141, 142, 145, 146, 148, 149, 152, 160, 161, 162, 163, 164, 165, 166, 167, 173, 174, 176, 179, 184, 185, 186, 187, 188, 189, 190, 191, 192, 193, 194, 195, 201, 202, 203, 204, 205, 206, 207, 208, 210, 211, 213, 216, 217, 220, 221, 222, 223, 225, 227, 228, 229, 230, 231, 232, 233, 234, 235, 237, 238, 240, 241, 242, 245, 246, 247, 248, 249, 250], [6, 13, 14, 15, 16, 17, 18, 34, 35, 45, 46, 47, 48, 49, 50, 51, 52, 53, 54, 55, 56, 57, 58, 59, 60, 61, 62, 84, 90, 91, 92, 98, 100, 101, 102, 103, 104, 105, 106, 107, 108, 109, 110, 111, 112, 113, 114, 115, 116, 117, 118, 119, 120, 121, 122, 123, 124, 125, 126, 127, 131, 150, 151, 160, 161, 162, 163, 164, 165, 166, 167, 168, 169, 170, 171, 172, 173, 174, 175, 176, 177, 178, 179, 180, 181, 182, 183, 184, 185, 187, 188, 189, 190, 196, 197, 205, 209, 210, 216, 217, 218, 219, 220, 221, 222, 223, 224, 225, 226, 227, 228, 229, 230, 231, 236, 237, 238, 239, 240, 244, 245, 246, 247, 248, 249], [2, 7, 13, 19, 20, 21, 22, 23, 35, 36, 37, 38, 39, 40, 49, 50, 51, 52, 53, 63, 64, 65, 66, 68, 69, 77, 78, 85, 86, 91, 92, 93, 94, 95, 96, 97, 98, 99, 106, 107, 108, 109, 110, 111, 112, 113, 114, 117, 128, 129, 131, 132, 136, 137, 142, 143, 144, 150, 152, 153, 154, 155, 157, 158, 160, 161, 162, 165, 166, 167, 168, 169, 170, 171, 172, 180, 182, 184, 185, 186, 190, 191, 192, 193, 196, 197, 198, 199, 201, 202, 205, 206, 207, 209, 211, 212, 213, 214, 215, 216, 217, 218, 219, 220, 221, 225, 226, 228, 230, 231, 232, 233, 234, 236, 237, 238, 239, 241, 242, 243, 244, 245, 246, 248, 249, 250], [3, 8, 14, 19, 24, 25, 26, 28, 36, 41, 43, 46, 49, 54, 56, 57, 61, 63, 65, 67, 68, 69, 70, 71, 72, 73, 74, 80, 88, 93, 96, 101, 104, 106, 108, 112, 115, 116, 117, 118, 120, 121, 123, 125, 128, 129, 130, 131, 132, 133, 134, 135, 136, 137, 138, 139, 141, 144, 149, 151, 153, 155, 156, 159, 165, 168, 172, 173, 175, 176, 177, 181, 182, 183, 184, 185, 186, 187, 188, 189, 190, 191, 192, 193, 194, 195, 196, 197, 198, 199, 200, 201, 204, 208, 209, 210, 211, 212, 215, 216, 218, 220, 222, 224, 226, 227, 228, 229, 230, 231, 232, 233, 234, 235, 236, 238, 239, 240, 241, 243, 244, 246, 247, 248, 249, 250], [4, 9, 15, 20, 24, 27, 29, 32, 37, 41, 42, 47, 50, 54, 55, 58, 62, 63, 64, 70, 71, 72, 75, 77, 79, 81, 82, 85, 87, 93, 94, 95, 98, 99, 100, 101, 102, 103, 108, 109, 110, 111, 115, 118, 119, 122, 125, 126, 133, 134, 135, 136, 137, 138, 139, 140, 143, 145, 147, 148, 153, 154, 156, 157, 162, 163, 167, 168, 169, 170, 173, 174, 175, 177, 178, 179, 180, 181, 188, 189, 190, 191, 192, 193, 194, 195, 196, 197, 198, 199, 200, 202, 203, 205, 206, 207, 208, 212, 214, 216, 218, 219, 221, 222, 223, 224, 225, 229, 230, 231, 232, 233, 234, 235, 236, 237, 239, 240, 242, 243, 244, 245, 247, 248, 249, 250], [5, 10, 16, 21, 27, 28, 30, 33, 38, 42, 43, 48, 51, 55, 56, 59, 64, 65, 70, 76, 78, 79, 80, 83, 84, 86, 87, 88, 89, 94, 96, 102, 104, 105, 107, 109, 112, 113, 115, 119, 120, 124, 126, 127, 133, 136, 138, 140, 141, 142, 143, 144, 146, 147, 148, 149, 150, 151, 152, 154, 155, 156, 158, 159, 161, 164, 165, 166, 167, 168, 169, 171, 172, 173, 174, 175, 176, 178, 179, 180, 181, 183, 191, 194, 198, 200, 201, 202, 203, 204, 206, 208, 209, 210, 211, 212, 213, 214, 215, 216, 217, 218, 219, 220, 221, 222, 223, 224, 225, 226, 227, 232, 233, 235, 238, 239, 240, 241, 242, 243, 244, 245, 246, 247, 249, 250], [11, 17, 22, 25, 29, 30, 31, 34, 39, 44, 52, 57, 58, 59, 60, 66, 68, 71, 73, 74, 75, 76, 77, 78, 79, 80, 81, 89, 90, 91, 97, 99, 103, 105, 110, 113, 114, 116, 117, 118, 119, 120, 121, 122, 127, 128, 130, 132, 134, 137, 138, 139, 140, 141, 142, 143, 144, 145, 146, 147, 157, 158, 159, 160, 162, 163, 164, 166, 169, 170, 171, 172, 174, 175, 176, 177, 178, 182, 183, 184, 186, 187, 188, 192, 194, 195, 196, 198, 199, 200, 201, 202, 203, 204, 207, 213, 214, 215, 217, 218, 219, 220, 221, 222, 223, 224, 226, 227, 228, 229, 230, 232, 234, 235, 236, 237, 241, 242, 243, 244, 245, 246, 247, 248, 250], [12, 18, 23, 26, 31, 32, 33, 40, 44, 45, 53, 60, 61, 62, 66, 67, 69, 72, 73, 81, 82, 83, 84, 85, 86, 87, 88, 89, 90, 92, 95, 97, 100, 111, 114, 121, 122, 123, 124, 125, 126, 127, 129, 130, 131, 132, 135, 139, 145, 146, 147, 148, 149, 150, 151, 152, 153, 154, 155, 156, 157, 158, 159, 160, 161, 163, 164, 170, 171, 177, 178, 179, 180, 181, 182, 183, 185, 186, 187, 189, 193, 195, 197, 199, 200, 203, 204, 205, 206, 207, 208, 209, 210, 211, 212, 213, 214, 215, 217, 219, 223, 224, 225, 226, 227, 228, 229, 231, 233, 234, 235, 236, 237, 238, 239, 240, 241, 242, 243, 244, 245, 246, 247, 248, 249, 250]!Vessel: FarSearcher
[1, 6, 7, 8, 9, 10, 11, 12, 34, 35, 36, 37, 38, 39, 40, 41, 42, 43, 44, 45, 46, 47, 48, 67, 74, 75, 76, 82, 83, 90, 91, 92, 93, 94, 95, 96, 97, 98, 99, 100, 101, 102, 103, 104, 105, 106, 107, 116, 123, 124, 128, 129, 130, 133, 134, 135, 140, 141, 142, 145, 146, 148, 149, 152, 160, 161, 162, 163, 164, 165, 166, 167, 173, 174, 176, 179, 184, 185, 186, 187, 188, 189, 190, 191, 192, 193, 194, 195, 201, 202, 203, 204, 205, 206, 207, 208, 210, 211, 213, 217, 221, 222, 223, 225, 227, 228, 229, 230, 231, 232, 233, 234, 235, 237, 238, 240, 241, 242, 248], [6, 13, 14, 15, 16, 17, 18, 34, 35, 45, 46, 47, 48, 49, 50, 51, 52, 53, 54, 55, 56, 57, 58, 59, 60, 61, 62, 84, 90, 91, 92, 98, 100, 101, 102, 103, 104, 105, 106, 107, 108, 109, 110, 111, 112, 113, 114, 115, 116, 117, 118, 119, 120, 121, 122, 123, 124, 125, 126, 127, 131, 150, 151, 160, 161, 162, 163, 164, 165, 166, 167, 168, 169, 170, 171, 172, 173, 174, 175, 176, 177, 178, 179, 180, 181, 182, 183, 184, 185, 187, 188, 189, 190, 196, 197, 205, 209, 210, 217, 219, 221, 222, 223, 224, 225, 226, 227, 228, 229, 230, 231, 236, 237, 238, 239, 240, 248], [2, 7, 13, 19, 20, 21, 22, 23, 35, 36, 37, 38, 39, 40, 49, 50, 51, 52, 53, 63, 64, 65, 66, 68, 69, 77, 78, 85, 86, 91, 92, 93, 94, 95, 96, 97, 98, 99, 106, 107, 108, 109, 110, 111, 112, 113, 114, 117, 128, 129, 131, 132, 136, 137, 142, 143, 144, 150, 152, 153, 154, 155, 157, 158, 160, 161, 162, 165, 166, 167, 168, 169, 170, 171, 172, 180, 182, 184, 185, 186, 190, 191, 192, 193, 196, 197, 198, 199, 201, 202, 205, 206, 207, 209, 211, 212, 213, 214, 215, 217, 219, 221, 225, 226, 228, 230, 231, 232, 233, 234, 236, 237, 238, 239, 241, 242, 243, 248], [3, 8, 14, 19, 24, 25, 26, 28, 36, 41, 43, 46, 49, 54, 56, 57, 61, 63, 65, 67, 68, 69, 70, 71, 72, 73, 74, 80, 88, 93, 96, 101, 104, 106, 108, 112, 115, 116, 117, 118, 120, 121, 123, 125, 128, 129, 130, 131, 132, 133, 134, 135, 136, 137, 138, 139, 141, 144, 149, 151, 153, 155, 156, 159, 165, 168, 172, 173, 175, 176, 177, 181, 182, 183, 184, 185, 186, 187, 188, 189, 190, 191, 192, 193, 194, 195, 196, 197, 198, 199, 200, 201, 204, 208, 209, 210, 211, 212, 215, 222, 224, 226, 227, 228, 229, 230, 231, 232, 233, 234, 235, 236, 238, 239, 240, 241, 243, 248], [4, 9, 15, 20, 24, 27, 29, 32, 37, 41, 42, 47, 50, 54, 55, 58, 62, 63, 64, 70, 71, 72, 75, 77, 79, 81, 82, 85, 87, 93, 94, 95, 98, 99, 100, 101, 102, 103, 108, 109, 110, 111, 115, 118, 119, 122, 125, 126, 133, 134, 135, 136, 137, 138, 139, 140, 143, 145, 147, 148, 153, 154, 156, 157, 162, 163, 167, 168, 169, 170, 173, 174, 175, 177, 178, 179, 180, 181, 188, 189, 190, 191, 192, 193, 194, 195, 196, 197, 198, 199, 200, 202, 203, 205, 206, 207, 208, 212, 214, 219, 221, 222, 223, 224, 225, 229, 230, 231, 232, 233, 234, 235, 236, 237, 239, 240, 242, 243, 248], [5, 10, 16, 21, 27, 28, 30, 33, 38, 42, 43, 48, 51, 55, 56, 59, 64, 65, 70, 76, 78, 79, 80, 83, 84, 86, 87, 88, 89, 94, 96, 102, 104, 105, 107, 109, 112, 113, 115, 119, 120, 124, 126, 127, 133, 136, 138, 140, 141, 142, 143, 144, 146, 147, 148, 149, 150, 151, 152, 154, 155, 156, 158, 159, 161, 164, 165, 166, 167, 168, 169, 171, 172, 173, 174, 175, 176, 178, 179, 180, 181, 183, 191, 194, 198, 200, 201, 202, 203, 204, 206, 208, 209, 210, 211, 212, 213, 214, 215, 217, 219, 221, 222, 223, 224, 225, 226, 227, 232, 233, 235, 238, 239, 240, 241, 242, 243], [11, 17, 22, 25, 29, 30, 31, 34, 39, 44, 52, 57, 58, 59, 60, 66, 68, 71, 73, 74, 75, 76, 77, 78, 79, 80, 81, 89, 90, 91, 97, 99, 103, 105, 110, 113, 114, 116, 117, 118, 119, 120, 121, 122, 127, 128, 130, 132, 134, 137, 138, 139, 140, 141, 142, 143, 144, 145, 146, 147, 157, 158, 159, 160, 162, 163, 164, 166, 169, 170, 171, 172, 174, 175, 176, 177, 178, 182, 183, 184, 186, 187, 188, 192, 194, 195, 196, 198, 199, 200, 201, 202, 203, 204, 207, 213, 214, 215, 217, 219, 221, 222, 223, 224, 226, 227, 228, 229, 230, 232, 234, 235, 236, 237, 241, 242, 243, 248], [12, 18, 23, 26, 31, 32, 33, 40, 44, 45, 53, 60, 61, 62, 66, 67, 69, 72, 73, 81, 82, 83, 84, 85, 86, 87, 88, 89, 90, 92, 95, 97, 100, 111, 114, 121, 122, 123, 124, 125, 126, 127, 129, 130, 131, 132, 135, 139, 145, 146, 147, 148, 149, 150, 151, 152, 153, 154, 155, 156, 157, 158, 159, 160, 161, 163, 164, 170, 171, 177, 178, 179, 180, 181, 182, 183, 185, 186, 187, 189, 193, 195, 197, 199, 200, 203, 204, 205, 206, 207, 208, 209, 210, 211, 212, 213, 214, 215, 217, 219, 223, 224, 225, 226, 227, 228, 229, 231, 233, 234, 235, 236, 237, 238, 239, 240, 241, 242, 243, 248]!Vessel: FarSymphony
[1, 6, 7, 8, 9, 10, 11, 12, 34, 35, 36, 37, 38, 39, 40, 41, 42, 43, 44, 45, 46, 47, 48, 67, 74, 75, 76, 82, 83, 90, 91, 92, 93, 94, 95, 96, 97, 98, 99, 100, 101, 102, 103, 104, 105, 106, 107, 116, 123, 124, 128, 129, 130, 133, 134, 135, 140, 141, 142, 145, 146, 148, 149, 152, 160, 161, 162, 163, 164, 165, 166, 167, 173, 174, 176, 179, 184, 185, 186, 187, 188, 189, 190, 191, 192, 193, 194, 195, 201, 202, 203, 204, 205, 206, 207, 208, 210, 211, 213, 216, 217, 220, 221, 222, 223, 225, 227, 228, 229, 230, 231, 232, 233, 234, 235, 237, 238, 240, 241, 242, 245, 246, 247, 248, 250], [6, 13, 14, 15, 16, 17, 18, 34, 35, 45, 46, 47, 48, 49, 50, 51, 52, 53, 54, 55, 56, 57, 58, 59, 60, 61, 62, 84, 90, 91, 92, 98, 100, 101, 102, 103, 104, 105, 106, 107, 108, 109, 110, 111, 112, 113, 114, 115, 116, 117, 118, 119, 120, 121, 122, 123, 124, 125, 126, 127, 131, 150, 151, 160, 161, 162, 163, 164, 165, 166, 167, 168, 169, 170, 171, 172, 173, 174, 175, 176, 177, 178, 179, 180, 181, 182, 183, 184, 185, 187, 188, 189, 190, 196, 197, 205, 209, 210, 216, 217, 218, 219, 220, 221, 222, 223, 224, 225, 226, 227, 228, 229, 230, 231, 236, 237, 238, 239, 240, 244, 245, 246, 247, 248], [2, 7, 13, 19, 20, 21, 22, 23, 35, 36, 37, 38, 39, 40, 49, 50, 51, 52, 53, 63, 64, 65, 66, 68, 69, 77, 78, 85, 86, 91, 92, 93, 94, 95, 96, 97, 98, 99, 106, 107, 108, 109, 110, 111, 112, 113, 114, 117, 128, 129, 131, 132, 136, 137, 142, 143, 144, 150, 152, 153, 154, 155, 157, 158, 160, 161, 162, 165, 166, 167, 168, 169, 170, 171, 172, 180, 182, 184, 185, 186, 190, 191, 192, 193, 196, 197, 198, 199, 201, 202, 205, 206, 207, 209, 211, 212, 213, 214, 215, 216, 217, 218, 219, 220, 221, 225, 226, 228, 230, 231, 232, 233, 234, 236, 237, 238, 239, 241, 242, 243, 244, 245, 246, 248, 250], [3, 8, 14, 19, 24, 25, 26, 28, 36, 41, 43, 46, 49, 54, 56, 57, 61, 63, 65, 67, 68, 69, 70, 71, 72, 73, 74, 80, 88, 93, 96, 101, 104, 106, 108, 112, 115, 116, 117, 118, 120, 121, 123, 125, 128, 129, 130, 131, 132, 133, 134, 135, 136, 137, 138, 139, 141, 144, 149, 151, 153, 155, 156, 159, 165, 168, 172, 173, 175, 176, 177, 181, 182, 183, 184, 185, 186, 187, 188, 189, 190, 191, 192, 193, 194, 195, 196, 197, 198, 199, 200, 201, 204, 208, 209, 210, 211, 212, 215, 216, 218, 220, 222, 224, 226, 227, 228, 229, 230, 231, 232, 233, 234, 235, 236, 238, 239, 240, 241, 243, 244, 246, 247, 248, 250], [4, 9, 15, 20, 24, 27, 29, 32, 37, 41, 42, 47, 50, 54, 55, 58, 62, 63, 64, 70, 71, 72, 75, 77, 79, 81, 82, 85, 87, 93, 94, 95, 98, 99, 100, 101, 102, 103, 108, 109, 110, 111, 115, 118, 119, 122, 125, 126, 133, 134, 135, 136, 137, 138, 139, 140, 143, 145, 147, 148, 153, 154, 156, 157, 162, 163, 167, 168, 169, 170, 173, 174, 175, 177, 178, 179, 180, 181, 188, 189, 190, 191, 192, 193, 194, 195, 196, 197, 198, 199, 200, 202, 203, 205, 206, 207, 208, 212, 214, 216, 218, 219, 221, 222, 223, 224, 225, 229, 230, 231, 232, 233, 234, 235, 236, 237, 239, 240, 242, 243, 244, 245, 247, 248, 250], [5, 10, 16, 21, 27, 28, 30, 33, 38, 42, 43, 48, 51, 55, 56, 59, 64, 65, 70, 76, 78, 79, 80, 83, 84, 86, 87, 88, 89, 94, 96, 102, 104, 105, 107, 109, 112, 113, 115, 119, 120, 124, 126, 127, 133, 136, 138, 140, 141, 142, 143, 144, 146, 147, 148, 149, 150, 151, 152, 154, 155, 156, 158, 159, 161, 164, 165, 166, 167, 168, 169, 171, 172, 173, 174, 175, 176, 178, 179, 180, 181, 183, 191, 194, 198, 200, 201, 202, 203, 204, 206, 208, 209, 210, 211, 212, 213, 214, 215, 216, 217, 218, 219, 220, 221, 222, 223, 224, 225, 226, 227, 232, 233, 235, 238, 239, 240, 241, 242, 243, 244, 245, 246, 247, 250], [11, 17, 22, 25, 29, 30, 31, 34, 39, 44, 52, 57, 58, 59, 60, 66, 68, 71, 73, 74, 75, 76, 77, 78, 79, 80, 81, 89, 90, 91, 97, 99, 103, 105, 110, 113, 114, 116, 117, 118, 119, 120, 121, 122, 127, 128, 130, 132, 134, 137, 138, 139, 140, 141, 142, 143, 144, 145, 146, 147, 157, 158, 159, 160, 162, 163, 164, 166, 169, 170, 171, 172, 174, 175, 176, 177, 178, 182, 183, 184, 186, 187, 188, 192, 194, 195, 196, 198, 199, 200, 201, 202, 203, 204, 207, 213, 214, 215, 217, 218, 219, 220, 221, 222, 223, 224, 226, 227, 228, 229, 230, 232, 234, 235, 236, 237, 241, 242, 243, 244, 245, 246, 247, 248, 250], [12, 18, 23, 26, 31, 32, 33, 40, 44, 45, 53, 60, 61, 62, 66, 67, 69, 72, 73, 81, 82, 83, 84, 85, 86, 87, 88, 89, 90, 92, 95, 97, 100, 111, 114, 121, 122, 123, 124, 125, 126, 127, 129, 130, 131, 132, 135, 139, 145, 146, 147, 148, 149, 150, 151, 152, 153, 154, 155, 156, 157, 158, 159, 160, 161, 163, 164, 170, 171, 177, 178, 179, 180, 181, 182, 183, 185, 186, 187, 189, 193, 195, 197, 199, 200, 203, 204, 205, 206, 207, 208, 209, 210, 211, 212, 213, 214, 215, 217, 219, 223, 224, 225, 226, 227, 228, 229, 231, 233, 234, 235, 236, 237, 238, 239, 240, 241, 242, 243, 244, 245, 246, 247, 248, 250]!Vessel: HavilaForesight
[1, 6, 7, 8, 9, 10, 11, 12, 34, 35, 36, 37, 38, 39, 40, 41, 42, 43, 44, 45, 46, 47, 48, 67, 74, 75, 76, 82, 83, 90, 91, 92, 93, 94, 95, 96, 97, 98, 99, 100, 101, 102, 103, 104, 105, 106, 107, 116, 123, 124, 128, 129, 130, 133, 134, 135, 140, 141, 142, 145, 146, 148, 149, 152, 160, 161, 162, 163, 164, 165, 166, 167, 173, 174, 176, 179, 184, 185, 186, 187, 188, 189, 190, 191, 192, 193, 194, 195, 201, 202, 203, 204, 205, 206, 207, 208, 210, 211, 213, 217, 223, 225, 227, 228, 229, 230, 231, 234, 235, 237, 240, 241, 242, 248], [6, 13, 14, 15, 16, 17, 18, 34, 35, 45, 46, 47, 48, 49, 50, 51, 52, 53, 54, 55, 56, 57, 58, 59, 60, 61, 62, 84, 90, 91, 92, 98, 100, 101, 102, 103, 104, 105, 106, 107, 108, 109, 110, 111, 112, 113, 114, 115, 116, 117, 118, 119, 120, 121, 122, 123, 124, 125, 126, 127, 131, 150, 151, 160, 161, 162, 163, 164, 165, 166, 167, 168, 169, 170, 171, 172, 173, 174, 175, 176, 177, 178, 179, 180, 181, 182, 183, 184, 185, 187, 188, 189, 190, 196, 197, 205, 209, 210, 217, 219, 223, 224, 225, 227, 228, 229, 230, 231, 236, 237, 240, 248], [2, 7, 13, 19, 20, 21, 22, 23, 35, 36, 37, 38, 39, 40, 49, 50, 51, 52, 53, 63, 64, 65, 66, 68, 69, 77, 78, 85, 86, 91, 92, 93, 94, 95, 96, 97, 98, 99, 106, 107, 108, 109, 110, 111, 112, 113, 114, 117, 128, 129, 131, 132, 136, 137, 142, 143, 144, 150, 152, 153, 154, 155, 157, 158, 160, 161, 162, 165, 166, 167, 168, 169, 170, 171, 172, 180, 182, 184, 185, 186, 190, 191, 192, 193, 196, 197, 198, 199, 201, 202, 205, 206, 207, 209, 211, 212, 213, 214, 215, 217, 219, 225, 228, 230, 231, 234, 236, 237, 241, 242, 243, 248], [3, 8, 14, 19, 24, 25, 26, 28, 36, 41, 43, 46, 49, 54, 56, 57, 61, 63, 65, 67, 68, 69, 70, 71, 72, 73, 74, 80, 88, 93, 96, 101, 104, 106, 108, 112, 115, 116, 117, 118, 120, 121, 123, 125, 128, 129, 130, 131, 132, 133, 134, 135, 136, 137, 138, 139, 141, 144, 149, 151, 153, 155, 156, 159, 165, 168, 172, 173, 175, 176, 177, 181, 182, 183, 184, 185, 186, 187, 188, 189, 190, 191, 192, 193, 194, 195, 196, 197, 198, 199, 200, 201, 204, 208, 209, 210, 211, 212, 215, 224, 227, 228, 229, 230, 231, 234, 235, 236, 240, 241, 243, 248], [4, 9, 15, 20, 24, 27, 29, 32, 37, 41, 42, 47, 50, 54, 55, 58, 62, 63, 64, 70, 71, 72, 75, 77, 79, 81, 82, 85, 87, 93, 94, 95, 98, 99, 100, 101, 102, 103, 108, 109, 110, 111, 115, 118, 119, 122, 125, 126, 133, 134, 135, 136, 137, 138, 139, 140, 143, 145, 147, 148, 153, 154, 156, 157, 162, 163, 167, 168, 169, 170, 173, 174, 175, 177, 178, 179, 180, 181, 188, 189, 190, 191, 192, 193, 194, 195, 196, 197, 198, 199, 200, 202, 203, 205, 206, 207, 208, 212, 214, 219, 223, 224, 225, 229, 230, 231, 234, 235, 236, 237, 240, 242, 243, 248], [5, 10, 16, 21, 27, 28, 30, 33, 38, 42, 43, 48, 51, 55, 56, 59, 64, 65, 70, 76, 78, 79, 80, 83, 84, 86, 87, 88, 89, 94, 96, 102, 104, 105, 107, 109, 112, 113, 115, 119, 120, 124, 126, 127, 133, 136, 138, 140, 141, 142, 143, 144, 146, 147, 148, 149, 150, 151, 152, 154, 155, 156, 158, 159, 161, 164, 165, 166, 167, 168, 169, 171, 172, 173, 174, 175, 176, 178, 179, 180, 181, 183, 191, 194, 198, 200, 201, 202, 203, 204, 206, 208, 209, 210, 211, 212, 213, 214, 215, 217, 219, 223, 224, 225, 227, 235, 240, 241, 242, 243], [11, 17, 22, 25, 29, 30, 31, 34, 39, 44, 52, 57, 58, 59, 60, 66, 68, 71, 73, 74, 75, 76, 77, 78, 79, 80, 81, 89, 90, 91, 97, 99, 103, 105, 110, 113, 114, 116, 117, 118, 119, 120, 121, 122, 127, 128, 130, 132, 134, 137, 138, 139, 140, 141, 142, 143, 144, 145, 146, 147, 157, 158, 159, 160, 162, 163, 164, 166, 169, 170, 171, 172, 174, 175, 176, 177, 178, 182, 183, 184, 186, 187, 188, 192, 194, 195, 196, 198, 199, 200, 201, 202, 203, 204, 207, 213, 214, 215, 217, 219, 223, 224, 227, 228, 229, 230, 234, 235, 236, 237, 241, 242, 243, 248], [12, 18, 23, 26, 31, 32, 33, 40, 44, 45, 53, 60, 61, 62, 66, 67, 69, 72, 73, 81, 82, 83, 84, 85, 86, 87, 88, 89, 90, 92, 95, 97, 100, 111, 114, 121, 122, 123, 124, 125, 126, 127, 129, 130, 131, 132, 135, 139, 145, 146, 147, 148, 149, 150, 151, 152, 153, 154, 155, 156, 157, 158, 159, 160, 161, 163, 164, 170, 171, 177, 178, 179, 180, 181, 182, 183, 185, 186, 187, 189, 193, 195, 197, 199, 200, 203, 204, 205, 206, 207, 208, 209, 210, 211, 212, 213, 214, 215, 217, 219, 223, 224, 225, 227, 228, 229, 231, 234, 235, 236, 237, 240, 241, 242, 243, 248]!Vessel: FarStar
] 

Rvl : [
!l : 2, 3
[1, 2, 3, 4, 5, 6, 7, 8, 9, 10, 11, 12, 13, 14, 15, 16, 17, 18, 19, 20, 21, 22, 23, 24, 25, 26, 29, 30, 31, 32, 33, 34, 35, 37, 38, 39, 40, 44, 45, 46, 47, 48, 49, 50, 51, 52, 53, 57, 58, 59, 60, 61, 62, 66, 67, 68, 69, 71, 72, 73, 74, 75, 76, 77, 78, 81, 82, 83, 84, 85, 86, 89, 90, 91, 92, 95, 97, 98, 99, 100, 103, 105, 107, 110, 111, 113, 114, 122, 124, 127, 142, 145, 146, 150, 152, 157, 158, 160, 161, 164, 166, 171, 213, 217], [27, 28, 36, 41, 42, 43, 54, 55, 56, 63, 64, 65, 70, 79, 80, 87, 88, 93, 94, 96, 101, 102, 104, 106, 108, 109, 112, 115, 116, 117, 118, 119, 120, 121, 123, 125, 126, 128, 129, 130, 131, 132, 133, 134, 135, 136, 137, 138, 139, 140, 141, 143, 144, 147, 148, 149, 151, 153, 154, 155, 156, 159, 162, 163, 165, 167, 168, 169, 170, 172, 173, 174, 175, 176, 177, 178, 179, 180, 181, 182, 183, 184, 185, 186, 187, 188, 189, 190, 191, 192, 193, 194, 195, 196, 197, 198, 199, 200, 201, 202, 203, 204, 205, 206, 207, 208, 209, 210, 211, 212, 214, 215, 216, 218, 219, 220, 221, 222, 223, 224, 225, 226, 227, 228, 229, 230, 231, 232, 233, 234, 235, 236, 237, 238, 239, 240, 241, 242, 243, 244, 245, 246, 247, 248, 249, 250]!Vessel: FarSeeker
[1, 2, 3, 4, 5, 6, 7, 8, 9, 10, 11, 12, 13, 14, 15, 16, 17, 18, 19, 20, 21, 22, 23, 24, 25, 26, 29, 30, 31, 32, 33, 34, 35, 37, 38, 39, 40, 44, 45, 46, 47, 48, 49, 50, 51, 52, 53, 57, 58, 59, 60, 61, 62, 66, 67, 68, 69, 71, 72, 73, 74, 75, 76, 77, 78, 81, 82, 83, 84, 85, 86, 89, 90, 91, 92, 95, 97, 98, 99, 100, 103, 105, 107, 110, 111, 113, 114, 122, 124, 127, 142, 145, 146, 150, 152, 157, 158, 160, 161, 164, 166, 171, 213, 217], [27, 28, 36, 41, 42, 43, 54, 55, 56, 63, 64, 65, 70, 79, 80, 87, 88, 93, 94, 96, 101, 102, 104, 106, 108, 109, 112, 115, 116, 117, 118, 119, 120, 121, 123, 125, 126, 128, 129, 130, 131, 132, 133, 134, 135, 136, 137, 138, 139, 140, 141, 143, 144, 147, 148, 149, 151, 153, 154, 155, 156, 159, 162, 163, 165, 167, 168, 169, 170, 172, 173, 174, 175, 176, 177, 178, 179, 180, 181, 182, 183, 184, 185, 186, 187, 188, 189, 190, 191, 192, 193, 194, 195, 196, 197, 198, 199, 200, 201, 202, 203, 204, 205, 206, 207, 208, 209, 210, 211, 212, 214, 215, 216, 218, 219, 220, 221, 222, 223, 224, 225, 226, 227, 228, 229, 230, 231, 232, 233, 234, 235, 236, 237, 238, 239, 240, 241, 242, 243, 244, 245, 246, 247, 248, 249, 250]!Vessel: FarSearcher
[1, 2, 3, 4, 5, 6, 7, 8, 9, 10, 11, 12, 13, 14, 15, 16, 17, 18, 19, 20, 21, 22, 23, 24, 25, 26, 29, 30, 31, 32, 33, 34, 35, 37, 38, 39, 40, 44, 45, 46, 47, 48, 49, 50, 51, 52, 53, 57, 58, 59, 60, 61, 62, 66, 67, 68, 69, 71, 72, 73, 74, 75, 76, 77, 78, 81, 82, 83, 84, 85, 86, 89, 90, 91, 92, 95, 97, 98, 99, 100, 103, 105, 107, 110, 111, 113, 114, 122, 124, 127, 142, 145, 146, 150, 152, 157, 158, 160, 161, 164, 166, 171, 213, 217], [27, 28, 36, 41, 42, 43, 54, 55, 56, 63, 64, 65, 70, 79, 80, 87, 88, 93, 94, 96, 101, 102, 104, 106, 108, 109, 112, 115, 116, 117, 118, 119, 120, 121, 123, 125, 126, 128, 129, 130, 131, 132, 133, 134, 135, 136, 137, 138, 139, 140, 141, 143, 144, 147, 148, 149, 151, 153, 154, 155, 156, 159, 162, 163, 165, 167, 168, 169, 170, 172, 173, 174, 175, 176, 177, 178, 179, 180, 181, 182, 183, 184, 185, 186, 187, 188, 189, 190, 191, 192, 193, 194, 195, 196, 197, 198, 199, 200, 201, 202, 203, 204, 205, 206, 207, 208, 209, 210, 211, 212, 214, 215, 219, 221, 222, 223, 224, 225, 226, 227, 228, 229, 230, 231, 232, 233, 234, 235, 236, 237, 238, 239, 240, 241, 242, 243, 248]!Vessel: FarSymphony
[1, 2, 3, 4, 5, 6, 7, 8, 9, 10, 11, 12, 13, 14, 15, 16, 17, 18, 19, 20, 21, 22, 23, 24, 25, 26, 29, 30, 31, 32, 33, 34, 35, 37, 38, 39, 40, 44, 45, 46, 47, 48, 49, 50, 51, 52, 53, 57, 58, 59, 60, 61, 62, 66, 67, 68, 69, 71, 72, 73, 74, 75, 76, 77, 78, 81, 82, 83, 84, 85, 86, 89, 90, 91, 92, 95, 97, 98, 99, 100, 103, 105, 107, 110, 111, 113, 114, 122, 124, 127, 142, 145, 146, 150, 152, 157, 158, 160, 161, 164, 166, 171, 213, 217], [27, 28, 36, 41, 42, 43, 54, 55, 56, 63, 64, 65, 70, 79, 80, 87, 88, 93, 94, 96, 101, 102, 104, 106, 108, 109, 112, 115, 116, 117, 118, 119, 120, 121, 123, 125, 126, 128, 129, 130, 131, 132, 133, 134, 135, 136, 137, 138, 139, 140, 141, 143, 144, 147, 148, 149, 151, 153, 154, 155, 156, 159, 162, 163, 165, 167, 168, 169, 170, 172, 173, 174, 175, 176, 177, 178, 179, 180, 181, 182, 183, 184, 185, 186, 187, 188, 189, 190, 191, 192, 193, 194, 195, 196, 197, 198, 199, 200, 201, 202, 203, 204, 205, 206, 207, 208, 209, 210, 211, 212, 214, 215, 216, 218, 219, 220, 221, 222, 223, 224, 225, 226, 227, 228, 229, 230, 231, 232, 233, 234, 235, 236, 237, 238, 239, 240, 241, 242, 243, 244, 245, 246, 247, 248, 250]!Vessel: HavilaForesight
[1, 2, 3, 4, 5, 6, 7, 8, 9, 10, 11, 12, 13, 14, 15, 16, 17, 18, 19, 20, 21, 22, 23, 24, 25, 26, 29, 30, 31, 32, 33, 34, 35, 37, 38, 39, 40, 44, 45, 46, 47, 48, 49, 50, 51, 52, 53, 57, 58, 59, 60, 61, 62, 66, 67, 68, 69, 71, 72, 73, 74, 75, 76, 77, 78, 81, 82, 83, 84, 85, 86, 89, 90, 91, 92, 95, 97, 98, 99, 100, 103, 105, 107, 110, 111, 113, 114, 122, 124, 127, 142, 145, 146, 150, 152, 157, 158, 160, 161, 164, 166, 171, 213, 217], [27, 28, 36, 41, 42, 43, 54, 55, 56, 63, 64, 65, 70, 79, 80, 87, 88, 93, 94, 96, 101, 102, 104, 106, 108, 109, 112, 115, 116, 117, 118, 119, 120, 121, 123, 125, 126, 128, 129, 130, 131, 132, 133, 134, 135, 136, 137, 138, 139, 140, 141, 143, 144, 147, 148, 149, 151, 153, 154, 155, 156, 159, 162, 163, 165, 167, 168, 169, 170, 172, 173, 174, 175, 176, 177, 178, 179, 180, 181, 182, 183, 184, 185, 186, 187, 188, 189, 190, 191, 192, 193, 194, 195, 196, 197, 198, 199, 200, 201, 202, 203, 204, 205, 206, 207, 208, 209, 210, 211, 212, 214, 215, 219, 223, 224, 225, 227, 228, 229, 230, 231, 234, 235, 236, 237, 240, 241, 242, 243, 248]!Vessel: FarStar
] 

minF : 2
maxF : 6
Nf : [
!f : 2, 3, 4, 5, 6
[5, 6], [], [], [2, 3, 4, 7], [1, 8]
]

! Parameters
VoyageCost: [37970, 39085, 64838, 59991, 44841, 44429, 45544, 73722, 62814, 47265, 43726, 43120, 43120, 73722, 62814, 46053, 38879, 38273, 74837, 63929, 47265, 42418, 44235, 72716, 73019, 72413, 81805, 83017, 62414, 46053, 37570, 62414, 47265, 50186, 49580, 81296, 70389, 50392, 48877, 50695, 81599, 84629, 85441, 48877, 49580, 80181, 69274, 49277, 78872, 67965, 47968, 46453, 48271, 81599, 84629, 84229, 79478, 68571, 47265, 44029, 78872, 67965, 82714, 85744, 85441, 47568, 78872, 78169, 79987, 90895, 80896, 80290, 78169, 79478, 68571, 48574, 67262, 47265, 84229, 84229, 67262, 67965, 48477, 47265, 69080, 49083, 84229, 85441, 47265, 55337, 55337, 54731, 89174, 88471, 77963, 88568, 54028, 76848, 76146, 76848, 88059, 88471, 77454, 87453, 55034, 85332, 54428, 86750, 87259, 76146, 75540, 86144, 53725, 51604, 93319, 85938, 84629, 87356, 88471, 85441, 84629, 73722, 85332, 54428, 86750, 88471, 51301, 84629, 86447, 84629, 84023, 83320, 92107, 87356, 86750, 92107, 86047, 93319, 86047, 88471, 86750, 53725, 87259, 85441, 73722, 53725, 88471, 88471, 86653, 53119, 85441, 55543, 87865, 88471, 87259, 93319, 72413, 52416, 85441, 60487, 62002, 82605, 82605, 60184, 92604, 60184, 88471, 94022, 89683, 81296, 58876, 91901, 95330, 89683, 94627, 91901, 92507, 89683, 89683, 89683, 94531, 89780, 89477, 91089, 90483, 89780, 91089, 93816, 93210, 93210, 94022, 92507, 94325, 94627, 92507, 92507, 91901, 93319, 91198, 94531, 91901, 88471, 89683, 91901, 81999, 89683, 81296, 94531, 91295, 91901, 93719, 95137, 58876, 88471, 90592, 100481, 65335, 99778, 90895, 98360, 90895, 99984, 90895, 99778, 90895, 97051, 95936, 96239, 98966, 98966, 98360, 99778, 101596, 97657, 99778, 97657, 87756, 97754, 99984, 99984, 97051, 89683, 98469, 104929, 95027, 103511, 103814, 104117, 105632, 104929]
VoyageDuration: [2, 2, 2, 2, 2, 2, 2, 2, 2, 2, 2, 2, 2, 2, 2, 2, 2, 2, 2, 2, 2, 2, 2, 2, 2, 2, 3, 3, 2, 2, 2, 2, 2, 2, 2, 3, 2, 2, 2, 2, 3, 3, 3, 2, 2, 2, 2, 2, 2, 2, 2, 2, 2, 3, 3, 3, 2, 2, 2, 2, 2, 2, 3, 3, 3, 2, 2, 2, 2, 3, 2, 2, 2, 2, 2, 2, 2, 2, 3, 3, 2, 2, 2, 2, 2, 2, 3, 3, 2, 2, 2, 2, 3, 3, 2, 3, 2, 2, 2, 2, 3, 3, 2, 3, 2, 3, 2, 3, 3, 2, 2, 3, 2, 2, 3, 3, 3, 3, 3, 3, 3, 2, 3, 2, 3, 3, 2, 3, 3, 3, 3, 3, 3, 3, 3, 3, 3, 3, 3, 3, 3, 2, 3, 3, 2, 2, 3, 3, 3, 2, 3, 2, 3, 3, 3, 3, 2, 2, 3, 2, 2, 3, 3, 2, 3, 2, 3, 3, 3, 3, 2, 3, 3, 3, 3, 3, 3, 3, 3, 3, 3, 3, 3, 3, 3, 3, 3, 3, 3, 3, 3, 3, 3, 3, 3, 3, 3, 3, 3, 3, 3, 3, 3, 3, 3, 3, 3, 3, 3, 3, 3, 3, 2, 3, 3, 3, 2, 3, 3, 3, 3, 3, 3, 3, 3, 3, 3, 3, 3, 3, 3, 3, 3, 3, 3, 3, 3, 3, 3, 3, 3, 3, 3, 3, 3, 3, 3, 3, 3, 3]
TimeCharterCost: [840000, 875000, 910000, 770000, 728000]
RequiredVisits: [6, 5, 5, 5, 2, 2, 5, 6]
NumberOfDaysAvailable: [7, 7, 7, 7, 7]
DepotCapacity: [3, 3, 3, 3, 3, 3, 0]
