!Summary:
!Execution time: 0,45 seconds
!Total # voyages: 1219 (249 unique)
!Number of installations (excluding depot): 8
!Number of time windows: 0
!Number of vessels: 5

!Min. # installations: 1
!Max. number of installations: 8
!Min. duration: 56
!Max. duration: 80

!Name: FarStar	 # voyages: 233
!Name: FarSymphony	 # voyages: 240
!Name: FarSearcher	 # voyages: 249
!Name: FarSeeker	 # voyages: 249
!Name: HavilaForesight	 # voyages: 248
!------------------------------------------------------------------------------------------------------------------------
nV : 5
nR : 249
nN : 8
nT : 7
minL : 2
maxL : 3

! Sets: 
Rv : [
[1, 2, 3, 4, 5, 6, 7, 8, 9, 10, 11, 12, 13, 14, 15, 16, 17, 18, 19, 20, 21, 22, 23, 24, 25, 26, 27, 28, 29, 30, 31, 32, 33, 34, 35, 36, 37, 38, 39, 40, 41, 42, 43, 44, 45, 46, 47, 48, 49, 50, 51, 52, 53, 54, 55, 56, 57, 58, 59, 60, 61, 62, 63, 64, 65, 66, 67, 68, 69, 70, 71, 72, 73, 74, 75, 76, 77, 78, 79, 80, 81, 82, 83, 84, 85, 86, 87, 88, 89, 90, 91, 92, 93, 94, 95, 96, 97, 98, 99, 100, 101, 102, 103, 104, 105, 106, 107, 108, 109, 110, 111, 112, 113, 114, 115, 116, 117, 118, 119, 120, 121, 122, 123, 124, 125, 126, 127, 128, 129, 130, 131, 132, 133, 134, 135, 136, 137, 138, 139, 140, 141, 142, 143, 144, 145, 146, 147, 148, 149, 150, 151, 152, 153, 154, 155, 156, 157, 158, 159, 160, 161, 162, 163, 164, 165, 166, 167, 168, 169, 170, 171, 172, 173, 174, 175, 176, 177, 178, 179, 180, 181, 182, 183, 184, 185, 186, 187, 188, 189, 190, 191, 192, 193, 194, 195, 196, 197, 198, 199, 200, 201, 202, 203, 204, 205, 206, 207, 208, 209, 210, 211, 212, 213, 214, 215, 216, 217, 218, 219, 220, 221, 222, 223, 224, 225, 226, 227, 228, 229, 230, 231, 232, 233, 234, 235, 236, 237, 238, 239, 240, 241, 242, 243, 244, 245, 246, 247, 248, 249]!Vessel: FarSeeker
[1, 2, 3, 4, 5, 6, 7, 8, 9, 10, 11, 12, 13, 14, 15, 16, 17, 18, 19, 20, 21, 22, 23, 24, 25, 26, 27, 28, 29, 30, 31, 32, 33, 34, 35, 36, 37, 38, 39, 40, 41, 42, 43, 44, 45, 46, 47, 48, 49, 50, 51, 52, 53, 54, 55, 56, 57, 58, 59, 60, 61, 62, 63, 64, 65, 66, 67, 68, 69, 70, 71, 72, 73, 74, 75, 76, 77, 78, 79, 80, 81, 82, 83, 84, 85, 86, 87, 88, 89, 90, 91, 92, 93, 94, 95, 96, 97, 98, 99, 100, 101, 102, 103, 104, 105, 106, 107, 108, 109, 110, 111, 112, 113, 114, 115, 116, 117, 118, 119, 120, 121, 122, 123, 124, 125, 126, 127, 128, 129, 130, 131, 132, 133, 134, 135, 136, 137, 138, 139, 140, 141, 142, 143, 144, 145, 146, 147, 148, 149, 150, 151, 152, 153, 154, 155, 156, 157, 158, 159, 160, 161, 162, 163, 164, 165, 166, 167, 168, 169, 170, 171, 172, 173, 174, 175, 176, 177, 178, 179, 180, 181, 182, 183, 184, 185, 186, 187, 188, 189, 190, 191, 192, 193, 194, 195, 196, 197, 198, 199, 200, 201, 202, 203, 204, 205, 206, 207, 208, 209, 210, 211, 212, 213, 214, 215, 216, 217, 218, 219, 220, 221, 222, 223, 224, 225, 226, 227, 228, 229, 230, 231, 232, 233, 234, 235, 236, 237, 238, 239, 240, 241, 242, 243, 244, 245, 246, 247, 248, 249]!Vessel: FarSearcher
[1, 2, 3, 4, 5, 6, 7, 8, 9, 10, 11, 12, 13, 14, 15, 16, 17, 18, 19, 20, 21, 22, 23, 24, 25, 26, 27, 28, 29, 30, 31, 32, 33, 34, 35, 36, 37, 38, 39, 40, 41, 42, 43, 44, 45, 46, 47, 48, 49, 50, 51, 52, 53, 54, 55, 56, 57, 58, 59, 60, 61, 62, 63, 64, 65, 66, 67, 68, 69, 70, 71, 72, 73, 74, 75, 76, 77, 78, 79, 80, 81, 82, 83, 84, 85, 86, 87, 88, 89, 90, 91, 92, 93, 94, 95, 96, 97, 98, 99, 100, 101, 102, 103, 104, 105, 106, 107, 108, 109, 110, 111, 112, 113, 114, 115, 116, 117, 118, 119, 120, 121, 122, 123, 124, 125, 126, 127, 128, 129, 130, 131, 132, 133, 134, 135, 136, 137, 138, 139, 140, 141, 142, 143, 144, 145, 146, 147, 148, 149, 150, 151, 152, 153, 154, 155, 156, 157, 158, 159, 160, 161, 162, 163, 164, 165, 166, 167, 168, 169, 170, 171, 172, 173, 174, 175, 176, 177, 178, 179, 180, 181, 182, 183, 184, 185, 186, 187, 188, 189, 190, 191, 192, 193, 194, 195, 196, 197, 198, 199, 200, 201, 202, 203, 204, 205, 206, 207, 208, 209, 210, 211, 212, 213, 214, 215, 217, 220, 221, 222, 223, 224, 225, 226, 227, 228, 229, 230, 231, 232, 233, 234, 235, 236, 237, 238, 239, 240, 241, 242, 246]!Vessel: FarSymphony
[1, 2, 3, 4, 5, 6, 7, 8, 9, 10, 11, 12, 13, 14, 15, 16, 17, 18, 19, 20, 21, 22, 23, 24, 25, 26, 27, 28, 29, 30, 31, 32, 33, 34, 35, 36, 37, 38, 39, 40, 41, 42, 43, 44, 45, 46, 47, 48, 49, 50, 51, 52, 53, 54, 55, 56, 57, 58, 59, 60, 61, 62, 63, 64, 65, 66, 67, 68, 69, 70, 71, 72, 73, 74, 75, 76, 77, 78, 79, 80, 81, 82, 83, 84, 85, 86, 87, 88, 89, 90, 91, 92, 93, 94, 95, 96, 97, 98, 99, 100, 101, 102, 103, 104, 105, 106, 107, 108, 109, 110, 111, 112, 113, 114, 115, 116, 117, 118, 119, 120, 121, 122, 123, 124, 125, 126, 127, 128, 129, 130, 131, 132, 133, 134, 135, 136, 137, 138, 139, 140, 141, 142, 143, 144, 145, 146, 147, 148, 149, 150, 151, 152, 153, 154, 155, 156, 157, 158, 159, 160, 161, 162, 163, 164, 165, 166, 167, 168, 169, 170, 171, 172, 173, 174, 175, 176, 177, 178, 179, 180, 181, 182, 183, 184, 185, 186, 187, 188, 189, 190, 191, 192, 193, 194, 195, 196, 197, 198, 199, 200, 201, 202, 203, 204, 205, 206, 207, 208, 209, 210, 211, 212, 213, 214, 215, 216, 217, 218, 219, 220, 221, 222, 223, 224, 225, 226, 227, 228, 229, 230, 231, 232, 233, 234, 235, 236, 237, 238, 239, 240, 241, 242, 243, 244, 245, 246, 248, 249]!Vessel: HavilaForesight
[1, 2, 3, 4, 5, 6, 7, 8, 9, 10, 11, 12, 13, 14, 15, 16, 17, 18, 19, 20, 21, 22, 23, 24, 25, 26, 27, 28, 29, 30, 31, 32, 33, 34, 35, 36, 37, 38, 39, 40, 41, 42, 43, 44, 45, 46, 47, 48, 49, 50, 51, 52, 53, 54, 55, 56, 57, 58, 59, 60, 61, 62, 63, 64, 65, 66, 67, 68, 69, 70, 71, 72, 73, 74, 75, 76, 77, 78, 79, 80, 81, 82, 83, 84, 85, 86, 87, 88, 89, 90, 91, 92, 93, 94, 95, 96, 97, 98, 99, 100, 101, 102, 103, 104, 105, 106, 107, 108, 109, 110, 111, 112, 113, 114, 115, 116, 117, 118, 119, 120, 121, 122, 123, 124, 125, 126, 127, 128, 129, 130, 131, 132, 133, 134, 135, 136, 137, 138, 139, 140, 141, 142, 143, 144, 145, 146, 147, 148, 149, 150, 151, 152, 153, 154, 155, 156, 157, 158, 159, 160, 161, 162, 163, 164, 165, 166, 167, 168, 169, 170, 171, 172, 173, 174, 175, 176, 177, 178, 179, 180, 181, 182, 183, 184, 185, 186, 187, 188, 189, 190, 191, 192, 193, 194, 195, 196, 197, 198, 199, 200, 201, 202, 203, 204, 205, 206, 207, 208, 209, 210, 211, 212, 213, 214, 217, 221, 222, 223, 224, 225, 226, 228, 229, 230, 231, 232, 235, 237, 238, 240, 241, 242, 246]!Vessel: FarStar
] 

Rvi : [
!i : 1, 2, 3, 4, 5, 6, 7, 8
[1, 5, 6, 7, 8, 9, 10, 11, 33, 34, 35, 36, 37, 38, 39, 40, 41, 42, 43, 44, 45, 46, 63, 64, 71, 72, 76, 83, 84, 89, 90, 91, 92, 93, 94, 95, 96, 97, 98, 99, 100, 106, 109, 110, 118, 119, 121, 122, 123, 124, 125, 126, 127, 131, 132, 133, 141, 142, 147, 148, 153, 154, 155, 156, 159, 160, 161, 162, 163, 168, 169, 171, 172, 178, 179, 180, 181, 182, 183, 184, 185, 186, 189, 190, 191, 192, 193, 194, 195, 196, 197, 205, 206, 209, 210, 211, 212, 213, 214, 215, 216, 217, 218, 222, 224, 226, 227, 228, 229, 230, 231, 232, 233, 234, 235, 236, 237, 238, 241, 242, 243, 244, 246, 247, 248, 249], [5, 12, 13, 14, 15, 16, 17, 33, 34, 41, 44, 45, 46, 47, 48, 49, 50, 51, 52, 53, 54, 55, 56, 57, 58, 59, 60, 77, 89, 90, 91, 94, 95, 97, 98, 99, 100, 101, 102, 103, 104, 105, 106, 107, 108, 109, 110, 111, 112, 113, 114, 115, 116, 117, 118, 119, 120, 124, 128, 139, 143, 145, 149, 159, 160, 161, 162, 163, 164, 165, 166, 167, 168, 169, 170, 171, 172, 173, 174, 175, 176, 177, 178, 179, 183, 184, 186, 187, 189, 190, 191, 198, 202, 203, 207, 209, 210, 211, 215, 216, 217, 218, 219, 220, 221, 222, 223, 224, 225, 226, 227, 229, 230, 231, 232, 236, 237, 239, 241, 243, 244, 245, 246, 247, 249], [2, 6, 12, 18, 19, 20, 21, 22, 34, 35, 36, 37, 38, 39, 47, 48, 49, 50, 51, 61, 62, 65, 66, 73, 78, 79, 80, 85, 86, 90, 91, 92, 93, 98, 99, 100, 101, 102, 103, 104, 105, 111, 112, 121, 122, 123, 128, 129, 130, 134, 135, 141, 142, 143, 144, 148, 149, 150, 151, 152, 153, 154, 157, 158, 159, 161, 162, 163, 164, 165, 166, 167, 169, 170, 174, 175, 178, 179, 180, 181, 182, 187, 188, 191, 192, 193, 194, 198, 199, 200, 201, 205, 206, 207, 208, 209, 210, 212, 213, 215, 216, 217, 218, 219, 220, 221, 222, 223, 226, 227, 228, 231, 232, 233, 234, 235, 239, 240, 241, 242, 243, 244, 245, 246, 247, 248], [3, 7, 13, 18, 23, 24, 25, 27, 35, 40, 45, 47, 52, 53, 56, 59, 61, 63, 64, 65, 66, 67, 68, 69, 70, 78, 83, 87, 88, 92, 97, 98, 101, 102, 107, 109, 111, 113, 114, 116, 118, 120, 121, 122, 123, 124, 125, 126, 127, 128, 129, 130, 131, 132, 133, 134, 135, 136, 137, 138, 139, 140, 157, 158, 162, 164, 165, 168, 170, 173, 174, 176, 178, 179, 180, 181, 182, 183, 184, 185, 186, 187, 188, 189, 190, 191, 192, 193, 194, 195, 196, 197, 198, 199, 200, 201, 202, 203, 204, 216, 218, 219, 220, 223, 225, 226, 227, 228, 229, 230, 231, 232, 233, 234, 235, 236, 237, 238, 239, 240, 244, 245, 246, 247, 248, 249], [4, 8, 14, 19, 23, 26, 28, 32, 36, 40, 46, 48, 52, 54, 57, 60, 61, 67, 68, 71, 72, 73, 74, 75, 79, 81, 84, 85, 87, 92, 97, 99, 101, 103, 106, 107, 110, 112, 113, 115, 117, 119, 120, 131, 132, 133, 134, 135, 136, 137, 138, 141, 142, 143, 144, 145, 146, 147, 150, 152, 153, 155, 156, 157, 161, 164, 166, 168, 169, 170, 171, 172, 173, 175, 177, 189, 190, 191, 192, 193, 194, 195, 196, 197, 198, 199, 200, 201, 202, 203, 204, 205, 206, 207, 208, 209, 211, 212, 214, 215, 216, 219, 221, 222, 223, 224, 225, 230, 231, 232, 233, 234, 235, 236, 237, 238, 239, 240, 241, 242, 243, 245, 246, 247, 248, 249], [9, 15, 20, 27, 28, 29, 30, 37, 41, 42, 49, 53, 54, 55, 63, 67, 69, 71, 74, 76, 77, 78, 79, 80, 81, 82, 86, 88, 94, 95, 96, 100, 102, 103, 104, 106, 107, 108, 114, 115, 121, 124, 125, 126, 129, 131, 134, 136, 137, 139, 140, 141, 145, 146, 147, 148, 149, 150, 151, 152, 154, 155, 158, 160, 161, 162, 163, 164, 165, 166, 167, 168, 171, 176, 177, 180, 181, 183, 184, 185, 187, 188, 192, 195, 196, 199, 200, 202, 203, 204, 205, 206, 207, 208, 210, 211, 213, 214, 215, 216, 217, 218, 219, 220, 221, 224, 225, 227, 228, 229, 233, 234, 236, 237, 238, 239, 240, 241, 242, 243, 244, 245, 247, 248, 249], [10, 16, 21, 24, 26, 29, 31, 33, 38, 42, 43, 50, 55, 56, 57, 58, 62, 65, 68, 69, 70, 73, 74, 75, 80, 82, 83, 84, 89, 90, 93, 94, 96, 104, 105, 108, 109, 110, 111, 112, 113, 114, 115, 116, 117, 122, 125, 127, 129, 130, 132, 135, 136, 138, 140, 144, 146, 151, 152, 153, 154, 155, 156, 159, 160, 163, 165, 166, 167, 169, 170, 171, 172, 173, 174, 175, 176, 177, 178, 180, 182, 183, 185, 186, 188, 189, 193, 195, 197, 199, 201, 202, 204, 206, 208, 212, 213, 214, 215, 217, 218, 219, 220, 221, 222, 223, 224, 225, 226, 228, 229, 230, 231, 233, 235, 236, 238, 240, 242, 243, 244, 245, 246, 248, 249], [11, 17, 22, 25, 30, 31, 32, 39, 43, 44, 51, 58, 59, 60, 62, 64, 66, 70, 72, 75, 76, 77, 81, 82, 85, 86, 87, 88, 89, 91, 93, 95, 96, 105, 108, 116, 117, 118, 119, 120, 123, 126, 127, 128, 130, 133, 137, 138, 139, 140, 142, 143, 144, 145, 146, 147, 148, 149, 150, 151, 156, 157, 158, 159, 160, 167, 172, 173, 174, 175, 176, 177, 179, 181, 182, 184, 185, 186, 187, 188, 190, 194, 196, 197, 198, 200, 201, 203, 204, 205, 207, 208, 209, 210, 211, 212, 213, 214, 217, 220, 221, 222, 223, 224, 225, 226, 227, 228, 229, 230, 232, 234, 235, 237, 238, 239, 240, 241, 242, 243, 244, 245, 246, 247, 248, 249]!Vessel: FarSeeker
[1, 5, 6, 7, 8, 9, 10, 11, 33, 34, 35, 36, 37, 38, 39, 40, 41, 42, 43, 44, 45, 46, 63, 64, 71, 72, 76, 83, 84, 89, 90, 91, 92, 93, 94, 95, 96, 97, 98, 99, 100, 106, 109, 110, 118, 119, 121, 122, 123, 124, 125, 126, 127, 131, 132, 133, 141, 142, 147, 148, 153, 154, 155, 156, 159, 160, 161, 162, 163, 168, 169, 171, 172, 178, 179, 180, 181, 182, 183, 184, 185, 186, 189, 190, 191, 192, 193, 194, 195, 196, 197, 205, 206, 209, 210, 211, 212, 213, 214, 215, 216, 217, 218, 222, 224, 226, 227, 228, 229, 230, 231, 232, 233, 234, 235, 236, 237, 238, 241, 242, 243, 244, 246, 247, 248, 249], [5, 12, 13, 14, 15, 16, 17, 33, 34, 41, 44, 45, 46, 47, 48, 49, 50, 51, 52, 53, 54, 55, 56, 57, 58, 59, 60, 77, 89, 90, 91, 94, 95, 97, 98, 99, 100, 101, 102, 103, 104, 105, 106, 107, 108, 109, 110, 111, 112, 113, 114, 115, 116, 117, 118, 119, 120, 124, 128, 139, 143, 145, 149, 159, 160, 161, 162, 163, 164, 165, 166, 167, 168, 169, 170, 171, 172, 173, 174, 175, 176, 177, 178, 179, 183, 184, 186, 187, 189, 190, 191, 198, 202, 203, 207, 209, 210, 211, 215, 216, 217, 218, 219, 220, 221, 222, 223, 224, 225, 226, 227, 229, 230, 231, 232, 236, 237, 239, 241, 243, 244, 245, 246, 247, 249], [2, 6, 12, 18, 19, 20, 21, 22, 34, 35, 36, 37, 38, 39, 47, 48, 49, 50, 51, 61, 62, 65, 66, 73, 78, 79, 80, 85, 86, 90, 91, 92, 93, 98, 99, 100, 101, 102, 103, 104, 105, 111, 112, 121, 122, 123, 128, 129, 130, 134, 135, 141, 142, 143, 144, 148, 149, 150, 151, 152, 153, 154, 157, 158, 159, 161, 162, 163, 164, 165, 166, 167, 169, 170, 174, 175, 178, 179, 180, 181, 182, 187, 188, 191, 192, 193, 194, 198, 199, 200, 201, 205, 206, 207, 208, 209, 210, 212, 213, 215, 216, 217, 218, 219, 220, 221, 222, 223, 226, 227, 228, 231, 232, 233, 234, 235, 239, 240, 241, 242, 243, 244, 245, 246, 247, 248], [3, 7, 13, 18, 23, 24, 25, 27, 35, 40, 45, 47, 52, 53, 56, 59, 61, 63, 64, 65, 66, 67, 68, 69, 70, 78, 83, 87, 88, 92, 97, 98, 101, 102, 107, 109, 111, 113, 114, 116, 118, 120, 121, 122, 123, 124, 125, 126, 127, 128, 129, 130, 131, 132, 133, 134, 135, 136, 137, 138, 139, 140, 157, 158, 162, 164, 165, 168, 170, 173, 174, 176, 178, 179, 180, 181, 182, 183, 184, 185, 186, 187, 188, 189, 190, 191, 192, 193, 194, 195, 196, 197, 198, 199, 200, 201, 202, 203, 204, 216, 218, 219, 220, 223, 225, 226, 227, 228, 229, 230, 231, 232, 233, 234, 235, 236, 237, 238, 239, 240, 244, 245, 246, 247, 248, 249], [4, 8, 14, 19, 23, 26, 28, 32, 36, 40, 46, 48, 52, 54, 57, 60, 61, 67, 68, 71, 72, 73, 74, 75, 79, 81, 84, 85, 87, 92, 97, 99, 101, 103, 106, 107, 110, 112, 113, 115, 117, 119, 120, 131, 132, 133, 134, 135, 136, 137, 138, 141, 142, 143, 144, 145, 146, 147, 150, 152, 153, 155, 156, 157, 161, 164, 166, 168, 169, 170, 171, 172, 173, 175, 177, 189, 190, 191, 192, 193, 194, 195, 196, 197, 198, 199, 200, 201, 202, 203, 204, 205, 206, 207, 208, 209, 211, 212, 214, 215, 216, 219, 221, 222, 223, 224, 225, 230, 231, 232, 233, 234, 235, 236, 237, 238, 239, 240, 241, 242, 243, 245, 246, 247, 248, 249], [9, 15, 20, 27, 28, 29, 30, 37, 41, 42, 49, 53, 54, 55, 63, 67, 69, 71, 74, 76, 77, 78, 79, 80, 81, 82, 86, 88, 94, 95, 96, 100, 102, 103, 104, 106, 107, 108, 114, 115, 121, 124, 125, 126, 129, 131, 134, 136, 137, 139, 140, 141, 145, 146, 147, 148, 149, 150, 151, 152, 154, 155, 158, 160, 161, 162, 163, 164, 165, 166, 167, 168, 171, 176, 177, 180, 181, 183, 184, 185, 187, 188, 192, 195, 196, 199, 200, 202, 203, 204, 205, 206, 207, 208, 210, 211, 213, 214, 215, 216, 217, 218, 219, 220, 221, 224, 225, 227, 228, 229, 233, 234, 236, 237, 238, 239, 240, 241, 242, 243, 244, 245, 247, 248, 249], [10, 16, 21, 24, 26, 29, 31, 33, 38, 42, 43, 50, 55, 56, 57, 58, 62, 65, 68, 69, 70, 73, 74, 75, 80, 82, 83, 84, 89, 90, 93, 94, 96, 104, 105, 108, 109, 110, 111, 112, 113, 114, 115, 116, 117, 122, 125, 127, 129, 130, 132, 135, 136, 138, 140, 144, 146, 151, 152, 153, 154, 155, 156, 159, 160, 163, 165, 166, 167, 169, 170, 171, 172, 173, 174, 175, 176, 177, 178, 180, 182, 183, 185, 186, 188, 189, 193, 195, 197, 199, 201, 202, 204, 206, 208, 212, 213, 214, 215, 217, 218, 219, 220, 221, 222, 223, 224, 225, 226, 228, 229, 230, 231, 233, 235, 236, 238, 240, 242, 243, 244, 245, 246, 248, 249], [11, 17, 22, 25, 30, 31, 32, 39, 43, 44, 51, 58, 59, 60, 62, 64, 66, 70, 72, 75, 76, 77, 81, 82, 85, 86, 87, 88, 89, 91, 93, 95, 96, 105, 108, 116, 117, 118, 119, 120, 123, 126, 127, 128, 130, 133, 137, 138, 139, 140, 142, 143, 144, 145, 146, 147, 148, 149, 150, 151, 156, 157, 158, 159, 160, 167, 172, 173, 174, 175, 176, 177, 179, 181, 182, 184, 185, 186, 187, 188, 190, 194, 196, 197, 198, 200, 201, 203, 204, 205, 207, 208, 209, 210, 211, 212, 213, 214, 217, 220, 221, 222, 223, 224, 225, 226, 227, 228, 229, 230, 232, 234, 235, 237, 238, 239, 240, 241, 242, 243, 244, 245, 246, 247, 248, 249]!Vessel: FarSearcher
[1, 5, 6, 7, 8, 9, 10, 11, 33, 34, 35, 36, 37, 38, 39, 40, 41, 42, 43, 44, 45, 46, 63, 64, 71, 72, 76, 83, 84, 89, 90, 91, 92, 93, 94, 95, 96, 97, 98, 99, 100, 106, 109, 110, 118, 119, 121, 122, 123, 124, 125, 126, 127, 131, 132, 133, 141, 142, 147, 148, 153, 154, 155, 156, 159, 160, 161, 162, 163, 168, 169, 171, 172, 178, 179, 180, 181, 182, 183, 184, 185, 186, 189, 190, 191, 192, 193, 194, 195, 196, 197, 205, 206, 209, 210, 211, 212, 213, 214, 215, 217, 222, 224, 226, 227, 228, 229, 230, 231, 232, 233, 234, 235, 236, 237, 238, 241, 242, 246], [5, 12, 13, 14, 15, 16, 17, 33, 34, 41, 44, 45, 46, 47, 48, 49, 50, 51, 52, 53, 54, 55, 56, 57, 58, 59, 60, 77, 89, 90, 91, 94, 95, 97, 98, 99, 100, 101, 102, 103, 104, 105, 106, 107, 108, 109, 110, 111, 112, 113, 114, 115, 116, 117, 118, 119, 120, 124, 128, 139, 143, 145, 149, 159, 160, 161, 162, 163, 164, 165, 166, 167, 168, 169, 170, 171, 172, 173, 174, 175, 176, 177, 178, 179, 183, 184, 186, 187, 189, 190, 191, 198, 202, 203, 207, 209, 210, 211, 215, 217, 220, 221, 222, 223, 224, 225, 226, 227, 229, 230, 231, 232, 236, 237, 239, 241, 246], [2, 6, 12, 18, 19, 20, 21, 22, 34, 35, 36, 37, 38, 39, 47, 48, 49, 50, 51, 61, 62, 65, 66, 73, 78, 79, 80, 85, 86, 90, 91, 92, 93, 98, 99, 100, 101, 102, 103, 104, 105, 111, 112, 121, 122, 123, 128, 129, 130, 134, 135, 141, 142, 143, 144, 148, 149, 150, 151, 152, 153, 154, 157, 158, 159, 161, 162, 163, 164, 165, 166, 167, 169, 170, 174, 175, 178, 179, 180, 181, 182, 187, 188, 191, 192, 193, 194, 198, 199, 200, 201, 205, 206, 207, 208, 209, 210, 212, 213, 215, 217, 220, 221, 222, 223, 226, 227, 228, 231, 232, 233, 234, 235, 239, 240, 241, 242, 246], [3, 7, 13, 18, 23, 24, 25, 27, 35, 40, 45, 47, 52, 53, 56, 59, 61, 63, 64, 65, 66, 67, 68, 69, 70, 78, 83, 87, 88, 92, 97, 98, 101, 102, 107, 109, 111, 113, 114, 116, 118, 120, 121, 122, 123, 124, 125, 126, 127, 128, 129, 130, 131, 132, 133, 134, 135, 136, 137, 138, 139, 140, 157, 158, 162, 164, 165, 168, 170, 173, 174, 176, 178, 179, 180, 181, 182, 183, 184, 185, 186, 187, 188, 189, 190, 191, 192, 193, 194, 195, 196, 197, 198, 199, 200, 201, 202, 203, 204, 220, 223, 225, 226, 227, 228, 229, 230, 231, 232, 233, 234, 235, 236, 237, 238, 239, 240, 246], [4, 8, 14, 19, 23, 26, 28, 32, 36, 40, 46, 48, 52, 54, 57, 60, 61, 67, 68, 71, 72, 73, 74, 75, 79, 81, 84, 85, 87, 92, 97, 99, 101, 103, 106, 107, 110, 112, 113, 115, 117, 119, 120, 131, 132, 133, 134, 135, 136, 137, 138, 141, 142, 143, 144, 145, 146, 147, 150, 152, 153, 155, 156, 157, 161, 164, 166, 168, 169, 170, 171, 172, 173, 175, 177, 189, 190, 191, 192, 193, 194, 195, 196, 197, 198, 199, 200, 201, 202, 203, 204, 205, 206, 207, 208, 209, 211, 212, 214, 215, 221, 222, 223, 224, 225, 230, 231, 232, 233, 234, 235, 236, 237, 238, 239, 240, 241, 242, 246], [9, 15, 20, 27, 28, 29, 30, 37, 41, 42, 49, 53, 54, 55, 63, 67, 69, 71, 74, 76, 77, 78, 79, 80, 81, 82, 86, 88, 94, 95, 96, 100, 102, 103, 104, 106, 107, 108, 114, 115, 121, 124, 125, 126, 129, 131, 134, 136, 137, 139, 140, 141, 145, 146, 147, 148, 149, 150, 151, 152, 154, 155, 158, 160, 161, 162, 163, 164, 165, 166, 167, 168, 171, 176, 177, 180, 181, 183, 184, 185, 187, 188, 192, 195, 196, 199, 200, 202, 203, 204, 205, 206, 207, 208, 210, 211, 213, 214, 215, 217, 220, 221, 224, 225, 227, 228, 229, 233, 234, 236, 237, 238, 239, 240, 241, 242], [10, 16, 21, 24, 26, 29, 31, 33, 38, 42, 43, 50, 55, 56, 57, 58, 62, 65, 68, 69, 70, 73, 74, 75, 80, 82, 83, 84, 89, 90, 93, 94, 96, 104, 105, 108, 109, 110, 111, 112, 113, 114, 115, 116, 117, 122, 125, 127, 129, 130, 132, 135, 136, 138, 140, 144, 146, 151, 152, 153, 154, 155, 156, 159, 160, 163, 165, 166, 167, 169, 170, 171, 172, 173, 174, 175, 176, 177, 178, 180, 182, 183, 185, 186, 188, 189, 193, 195, 197, 199, 201, 202, 204, 206, 208, 212, 213, 214, 215, 217, 220, 221, 222, 223, 224, 225, 226, 228, 229, 230, 231, 233, 235, 236, 238, 240, 242, 246], [11, 17, 22, 25, 30, 31, 32, 39, 43, 44, 51, 58, 59, 60, 62, 64, 66, 70, 72, 75, 76, 77, 81, 82, 85, 86, 87, 88, 89, 91, 93, 95, 96, 105, 108, 116, 117, 118, 119, 120, 123, 126, 127, 128, 130, 133, 137, 138, 139, 140, 142, 143, 144, 145, 146, 147, 148, 149, 150, 151, 156, 157, 158, 159, 160, 167, 172, 173, 174, 175, 176, 177, 179, 181, 182, 184, 185, 186, 187, 188, 190, 194, 196, 197, 198, 200, 201, 203, 204, 205, 207, 208, 209, 210, 211, 212, 213, 214, 217, 220, 221, 222, 223, 224, 225, 226, 227, 228, 229, 230, 232, 234, 235, 237, 238, 239, 240, 241, 242, 246]!Vessel: FarSymphony
[1, 5, 6, 7, 8, 9, 10, 11, 33, 34, 35, 36, 37, 38, 39, 40, 41, 42, 43, 44, 45, 46, 63, 64, 71, 72, 76, 83, 84, 89, 90, 91, 92, 93, 94, 95, 96, 97, 98, 99, 100, 106, 109, 110, 118, 119, 121, 122, 123, 124, 125, 126, 127, 131, 132, 133, 141, 142, 147, 148, 153, 154, 155, 156, 159, 160, 161, 162, 163, 168, 169, 171, 172, 178, 179, 180, 181, 182, 183, 184, 185, 186, 189, 190, 191, 192, 193, 194, 195, 196, 197, 205, 206, 209, 210, 211, 212, 213, 214, 215, 216, 217, 218, 222, 224, 226, 227, 228, 229, 230, 231, 232, 233, 234, 235, 236, 237, 238, 241, 242, 243, 244, 246, 248, 249], [5, 12, 13, 14, 15, 16, 17, 33, 34, 41, 44, 45, 46, 47, 48, 49, 50, 51, 52, 53, 54, 55, 56, 57, 58, 59, 60, 77, 89, 90, 91, 94, 95, 97, 98, 99, 100, 101, 102, 103, 104, 105, 106, 107, 108, 109, 110, 111, 112, 113, 114, 115, 116, 117, 118, 119, 120, 124, 128, 139, 143, 145, 149, 159, 160, 161, 162, 163, 164, 165, 166, 167, 168, 169, 170, 171, 172, 173, 174, 175, 176, 177, 178, 179, 183, 184, 186, 187, 189, 190, 191, 198, 202, 203, 207, 209, 210, 211, 215, 216, 217, 218, 219, 220, 221, 222, 223, 224, 225, 226, 227, 229, 230, 231, 232, 236, 237, 239, 241, 243, 244, 245, 246, 249], [2, 6, 12, 18, 19, 20, 21, 22, 34, 35, 36, 37, 38, 39, 47, 48, 49, 50, 51, 61, 62, 65, 66, 73, 78, 79, 80, 85, 86, 90, 91, 92, 93, 98, 99, 100, 101, 102, 103, 104, 105, 111, 112, 121, 122, 123, 128, 129, 130, 134, 135, 141, 142, 143, 144, 148, 149, 150, 151, 152, 153, 154, 157, 158, 159, 161, 162, 163, 164, 165, 166, 167, 169, 170, 174, 175, 178, 179, 180, 181, 182, 187, 188, 191, 192, 193, 194, 198, 199, 200, 201, 205, 206, 207, 208, 209, 210, 212, 213, 215, 216, 217, 218, 219, 220, 221, 222, 223, 226, 227, 228, 231, 232, 233, 234, 235, 239, 240, 241, 242, 243, 244, 245, 246, 248], [3, 7, 13, 18, 23, 24, 25, 27, 35, 40, 45, 47, 52, 53, 56, 59, 61, 63, 64, 65, 66, 67, 68, 69, 70, 78, 83, 87, 88, 92, 97, 98, 101, 102, 107, 109, 111, 113, 114, 116, 118, 120, 121, 122, 123, 124, 125, 126, 127, 128, 129, 130, 131, 132, 133, 134, 135, 136, 137, 138, 139, 140, 157, 158, 162, 164, 165, 168, 170, 173, 174, 176, 178, 179, 180, 181, 182, 183, 184, 185, 186, 187, 188, 189, 190, 191, 192, 193, 194, 195, 196, 197, 198, 199, 200, 201, 202, 203, 204, 216, 218, 219, 220, 223, 225, 226, 227, 228, 229, 230, 231, 232, 233, 234, 235, 236, 237, 238, 239, 240, 244, 245, 246, 248, 249], [4, 8, 14, 19, 23, 26, 28, 32, 36, 40, 46, 48, 52, 54, 57, 60, 61, 67, 68, 71, 72, 73, 74, 75, 79, 81, 84, 85, 87, 92, 97, 99, 101, 103, 106, 107, 110, 112, 113, 115, 117, 119, 120, 131, 132, 133, 134, 135, 136, 137, 138, 141, 142, 143, 144, 145, 146, 147, 150, 152, 153, 155, 156, 157, 161, 164, 166, 168, 169, 170, 171, 172, 173, 175, 177, 189, 190, 191, 192, 193, 194, 195, 196, 197, 198, 199, 200, 201, 202, 203, 204, 205, 206, 207, 208, 209, 211, 212, 214, 215, 216, 219, 221, 222, 223, 224, 225, 230, 231, 232, 233, 234, 235, 236, 237, 238, 239, 240, 241, 242, 243, 245, 246, 248, 249], [9, 15, 20, 27, 28, 29, 30, 37, 41, 42, 49, 53, 54, 55, 63, 67, 69, 71, 74, 76, 77, 78, 79, 80, 81, 82, 86, 88, 94, 95, 96, 100, 102, 103, 104, 106, 107, 108, 114, 115, 121, 124, 125, 126, 129, 131, 134, 136, 137, 139, 140, 141, 145, 146, 147, 148, 149, 150, 151, 152, 154, 155, 158, 160, 161, 162, 163, 164, 165, 166, 167, 168, 171, 176, 177, 180, 181, 183, 184, 185, 187, 188, 192, 195, 196, 199, 200, 202, 203, 204, 205, 206, 207, 208, 210, 211, 213, 214, 215, 216, 217, 218, 219, 220, 221, 224, 225, 227, 228, 229, 233, 234, 236, 237, 238, 239, 240, 241, 242, 243, 244, 245, 248, 249], [10, 16, 21, 24, 26, 29, 31, 33, 38, 42, 43, 50, 55, 56, 57, 58, 62, 65, 68, 69, 70, 73, 74, 75, 80, 82, 83, 84, 89, 90, 93, 94, 96, 104, 105, 108, 109, 110, 111, 112, 113, 114, 115, 116, 117, 122, 125, 127, 129, 130, 132, 135, 136, 138, 140, 144, 146, 151, 152, 153, 154, 155, 156, 159, 160, 163, 165, 166, 167, 169, 170, 171, 172, 173, 174, 175, 176, 177, 178, 180, 182, 183, 185, 186, 188, 189, 193, 195, 197, 199, 201, 202, 204, 206, 208, 212, 213, 214, 215, 217, 218, 219, 220, 221, 222, 223, 224, 225, 226, 228, 229, 230, 231, 233, 235, 236, 238, 240, 242, 243, 244, 245, 246, 248, 249], [11, 17, 22, 25, 30, 31, 32, 39, 43, 44, 51, 58, 59, 60, 62, 64, 66, 70, 72, 75, 76, 77, 81, 82, 85, 86, 87, 88, 89, 91, 93, 95, 96, 105, 108, 116, 117, 118, 119, 120, 123, 126, 127, 128, 130, 133, 137, 138, 139, 140, 142, 143, 144, 145, 146, 147, 148, 149, 150, 151, 156, 157, 158, 159, 160, 167, 172, 173, 174, 175, 176, 177, 179, 181, 182, 184, 185, 186, 187, 188, 190, 194, 196, 197, 198, 200, 201, 203, 204, 205, 207, 208, 209, 210, 211, 212, 213, 214, 217, 220, 221, 222, 223, 224, 225, 226, 227, 228, 229, 230, 232, 234, 235, 237, 238, 239, 240, 241, 242, 243, 244, 245, 246, 248, 249]!Vessel: HavilaForesight
[1, 5, 6, 7, 8, 9, 10, 11, 33, 34, 35, 36, 37, 38, 39, 40, 41, 42, 43, 44, 45, 46, 63, 64, 71, 72, 76, 83, 84, 89, 90, 91, 92, 93, 94, 95, 96, 97, 98, 99, 100, 106, 109, 110, 118, 119, 121, 122, 123, 124, 125, 126, 127, 131, 132, 133, 141, 142, 147, 148, 153, 154, 155, 156, 159, 160, 161, 162, 163, 168, 169, 171, 172, 178, 179, 180, 181, 182, 183, 184, 185, 186, 189, 190, 191, 192, 193, 194, 195, 196, 197, 205, 206, 209, 210, 211, 212, 213, 214, 217, 222, 224, 226, 228, 229, 230, 231, 232, 235, 237, 238, 241, 242, 246], [5, 12, 13, 14, 15, 16, 17, 33, 34, 41, 44, 45, 46, 47, 48, 49, 50, 51, 52, 53, 54, 55, 56, 57, 58, 59, 60, 77, 89, 90, 91, 94, 95, 97, 98, 99, 100, 101, 102, 103, 104, 105, 106, 107, 108, 109, 110, 111, 112, 113, 114, 115, 116, 117, 118, 119, 120, 124, 128, 139, 143, 145, 149, 159, 160, 161, 162, 163, 164, 165, 166, 167, 168, 169, 170, 171, 172, 173, 174, 175, 176, 177, 178, 179, 183, 184, 186, 187, 189, 190, 191, 198, 202, 203, 207, 209, 210, 211, 217, 221, 222, 223, 224, 225, 226, 229, 230, 231, 232, 237, 241, 246], [2, 6, 12, 18, 19, 20, 21, 22, 34, 35, 36, 37, 38, 39, 47, 48, 49, 50, 51, 61, 62, 65, 66, 73, 78, 79, 80, 85, 86, 90, 91, 92, 93, 98, 99, 100, 101, 102, 103, 104, 105, 111, 112, 121, 122, 123, 128, 129, 130, 134, 135, 141, 142, 143, 144, 148, 149, 150, 151, 152, 153, 154, 157, 158, 159, 161, 162, 163, 164, 165, 166, 167, 169, 170, 174, 175, 178, 179, 180, 181, 182, 187, 188, 191, 192, 193, 194, 198, 199, 200, 201, 205, 206, 207, 208, 209, 210, 212, 213, 217, 221, 222, 223, 226, 228, 231, 232, 235, 240, 241, 242, 246], [3, 7, 13, 18, 23, 24, 25, 27, 35, 40, 45, 47, 52, 53, 56, 59, 61, 63, 64, 65, 66, 67, 68, 69, 70, 78, 83, 87, 88, 92, 97, 98, 101, 102, 107, 109, 111, 113, 114, 116, 118, 120, 121, 122, 123, 124, 125, 126, 127, 128, 129, 130, 131, 132, 133, 134, 135, 136, 137, 138, 139, 140, 157, 158, 162, 164, 165, 168, 170, 173, 174, 176, 178, 179, 180, 181, 182, 183, 184, 185, 186, 187, 188, 189, 190, 191, 192, 193, 194, 195, 196, 197, 198, 199, 200, 201, 202, 203, 204, 223, 225, 226, 228, 229, 230, 231, 232, 235, 237, 238, 240, 246], [4, 8, 14, 19, 23, 26, 28, 32, 36, 40, 46, 48, 52, 54, 57, 60, 61, 67, 68, 71, 72, 73, 74, 75, 79, 81, 84, 85, 87, 92, 97, 99, 101, 103, 106, 107, 110, 112, 113, 115, 117, 119, 120, 131, 132, 133, 134, 135, 136, 137, 138, 141, 142, 143, 144, 145, 146, 147, 150, 152, 153, 155, 156, 157, 161, 164, 166, 168, 169, 170, 171, 172, 173, 175, 177, 189, 190, 191, 192, 193, 194, 195, 196, 197, 198, 199, 200, 201, 202, 203, 204, 205, 206, 207, 208, 209, 211, 212, 214, 221, 222, 223, 224, 225, 230, 231, 232, 235, 237, 238, 240, 241, 242, 246], [9, 15, 20, 27, 28, 29, 30, 37, 41, 42, 49, 53, 54, 55, 63, 67, 69, 71, 74, 76, 77, 78, 79, 80, 81, 82, 86, 88, 94, 95, 96, 100, 102, 103, 104, 106, 107, 108, 114, 115, 121, 124, 125, 126, 129, 131, 134, 136, 137, 139, 140, 141, 145, 146, 147, 148, 149, 150, 151, 152, 154, 155, 158, 160, 161, 162, 163, 164, 165, 166, 167, 168, 171, 176, 177, 180, 181, 183, 184, 185, 187, 188, 192, 195, 196, 199, 200, 202, 203, 204, 205, 206, 207, 208, 210, 211, 213, 214, 217, 221, 224, 225, 228, 229, 237, 238, 240, 241, 242], [10, 16, 21, 24, 26, 29, 31, 33, 38, 42, 43, 50, 55, 56, 57, 58, 62, 65, 68, 69, 70, 73, 74, 75, 80, 82, 83, 84, 89, 90, 93, 94, 96, 104, 105, 108, 109, 110, 111, 112, 113, 114, 115, 116, 117, 122, 125, 127, 129, 130, 132, 135, 136, 138, 140, 144, 146, 151, 152, 153, 154, 155, 156, 159, 160, 163, 165, 166, 167, 169, 170, 171, 172, 173, 174, 175, 176, 177, 178, 180, 182, 183, 185, 186, 188, 189, 193, 195, 197, 199, 201, 202, 204, 206, 208, 212, 213, 214, 217, 221, 222, 223, 224, 225, 226, 228, 229, 230, 231, 235, 238, 240, 242, 246], [11, 17, 22, 25, 30, 31, 32, 39, 43, 44, 51, 58, 59, 60, 62, 64, 66, 70, 72, 75, 76, 77, 81, 82, 85, 86, 87, 88, 89, 91, 93, 95, 96, 105, 108, 116, 117, 118, 119, 120, 123, 126, 127, 128, 130, 133, 137, 138, 139, 140, 142, 143, 144, 145, 146, 147, 148, 149, 150, 151, 156, 157, 158, 159, 160, 167, 172, 173, 174, 175, 176, 177, 179, 181, 182, 184, 185, 186, 187, 188, 190, 194, 196, 197, 198, 200, 201, 203, 204, 205, 207, 208, 209, 210, 211, 212, 213, 214, 217, 221, 222, 223, 224, 225, 226, 228, 229, 230, 232, 235, 237, 238, 240, 241, 242, 246]!Vessel: FarStar
] 

Rvl : [
!l : 2, 3
[1, 2, 3, 4, 5, 6, 7, 8, 9, 10, 11, 12, 13, 14, 15, 16, 17, 18, 19, 20, 21, 22, 23, 24, 25, 26, 27, 28, 29, 30, 31, 32, 33, 34, 36, 37, 38, 39, 41, 42, 43, 44, 45, 46, 47, 48, 49, 50, 51, 53, 54, 55, 56, 57, 58, 59, 60, 62, 63, 64, 65, 66, 67, 68, 69, 70, 71, 72, 73, 74, 75, 76, 77, 78, 79, 80, 81, 82, 83, 84, 85, 86, 87, 88, 89, 90, 91, 93, 94, 95, 96, 99, 100, 103, 104, 105, 106, 108, 110, 112, 115, 117, 119, 141, 142, 143, 144, 145, 146, 147, 148, 149, 150, 151, 152, 153, 154, 155, 156, 159, 160, 163, 167, 210, 213, 217], [35, 40, 52, 61, 92, 97, 98, 101, 102, 107, 109, 111, 113, 114, 116, 118, 120, 121, 122, 123, 124, 125, 126, 127, 128, 129, 130, 131, 132, 133, 134, 135, 136, 137, 138, 139, 140, 157, 158, 161, 162, 164, 165, 166, 168, 169, 170, 171, 172, 173, 174, 175, 176, 177, 178, 179, 180, 181, 182, 183, 184, 185, 186, 187, 188, 189, 190, 191, 192, 193, 194, 195, 196, 197, 198, 199, 200, 201, 202, 203, 204, 205, 206, 207, 208, 209, 211, 212, 214, 215, 216, 218, 219, 220, 221, 222, 223, 224, 225, 226, 227, 228, 229, 230, 231, 232, 233, 234, 235, 236, 237, 238, 239, 240, 241, 242, 243, 244, 245, 246, 247, 248, 249]!Vessel: FarSeeker
[1, 2, 3, 4, 5, 6, 7, 8, 9, 10, 11, 12, 13, 14, 15, 16, 17, 18, 19, 20, 21, 22, 23, 24, 25, 26, 27, 28, 29, 30, 31, 32, 33, 34, 36, 37, 38, 39, 41, 42, 43, 44, 45, 46, 47, 48, 49, 50, 51, 53, 54, 55, 56, 57, 58, 59, 60, 62, 63, 64, 65, 66, 67, 68, 69, 70, 71, 72, 73, 74, 75, 76, 77, 78, 79, 80, 81, 82, 83, 84, 85, 86, 87, 88, 89, 90, 91, 93, 94, 95, 96, 99, 100, 103, 104, 105, 106, 108, 110, 112, 115, 117, 119, 141, 142, 143, 144, 145, 146, 147, 148, 149, 150, 151, 152, 153, 154, 155, 156, 159, 160, 163, 167, 210, 213, 217], [35, 40, 52, 61, 92, 97, 98, 101, 102, 107, 109, 111, 113, 114, 116, 118, 120, 121, 122, 123, 124, 125, 126, 127, 128, 129, 130, 131, 132, 133, 134, 135, 136, 137, 138, 139, 140, 157, 158, 161, 162, 164, 165, 166, 168, 169, 170, 171, 172, 173, 174, 175, 176, 177, 178, 179, 180, 181, 182, 183, 184, 185, 186, 187, 188, 189, 190, 191, 192, 193, 194, 195, 196, 197, 198, 199, 200, 201, 202, 203, 204, 205, 206, 207, 208, 209, 211, 212, 214, 215, 216, 218, 219, 220, 221, 222, 223, 224, 225, 226, 227, 228, 229, 230, 231, 232, 233, 234, 235, 236, 237, 238, 239, 240, 241, 242, 243, 244, 245, 246, 247, 248, 249]!Vessel: FarSearcher
[1, 2, 3, 4, 5, 6, 7, 8, 9, 10, 11, 12, 13, 14, 15, 16, 17, 18, 19, 20, 21, 22, 23, 24, 25, 26, 27, 28, 29, 30, 31, 32, 33, 34, 36, 37, 38, 39, 41, 42, 43, 44, 45, 46, 47, 48, 49, 50, 51, 53, 54, 55, 56, 57, 58, 59, 60, 62, 63, 64, 65, 66, 67, 68, 69, 70, 71, 72, 73, 74, 75, 76, 77, 78, 79, 80, 81, 82, 83, 84, 85, 86, 87, 88, 89, 90, 91, 93, 94, 95, 96, 99, 100, 103, 104, 105, 106, 108, 110, 112, 115, 117, 119, 141, 142, 143, 144, 145, 146, 147, 148, 149, 150, 151, 152, 153, 154, 155, 156, 159, 160, 163, 167, 210, 213, 217], [35, 40, 52, 61, 92, 97, 98, 101, 102, 107, 109, 111, 113, 114, 116, 118, 120, 121, 122, 123, 124, 125, 126, 127, 128, 129, 130, 131, 132, 133, 134, 135, 136, 137, 138, 139, 140, 157, 158, 161, 162, 164, 165, 166, 168, 169, 170, 171, 172, 173, 174, 175, 176, 177, 178, 179, 180, 181, 182, 183, 184, 185, 186, 187, 188, 189, 190, 191, 192, 193, 194, 195, 196, 197, 198, 199, 200, 201, 202, 203, 204, 205, 206, 207, 208, 209, 211, 212, 214, 215, 220, 221, 222, 223, 224, 225, 226, 227, 228, 229, 230, 231, 232, 233, 234, 235, 236, 237, 238, 239, 240, 241, 242, 246]!Vessel: FarSymphony
[1, 2, 3, 4, 5, 6, 7, 8, 9, 10, 11, 12, 13, 14, 15, 16, 17, 18, 19, 20, 21, 22, 23, 24, 25, 26, 27, 28, 29, 30, 31, 32, 33, 34, 36, 37, 38, 39, 41, 42, 43, 44, 45, 46, 47, 48, 49, 50, 51, 53, 54, 55, 56, 57, 58, 59, 60, 62, 63, 64, 65, 66, 67, 68, 69, 70, 71, 72, 73, 74, 75, 76, 77, 78, 79, 80, 81, 82, 83, 84, 85, 86, 87, 88, 89, 90, 91, 93, 94, 95, 96, 99, 100, 103, 104, 105, 106, 108, 110, 112, 115, 117, 119, 141, 142, 143, 144, 145, 146, 147, 148, 149, 150, 151, 152, 153, 154, 155, 156, 159, 160, 163, 167, 210, 213, 217], [35, 40, 52, 61, 92, 97, 98, 101, 102, 107, 109, 111, 113, 114, 116, 118, 120, 121, 122, 123, 124, 125, 126, 127, 128, 129, 130, 131, 132, 133, 134, 135, 136, 137, 138, 139, 140, 157, 158, 161, 162, 164, 165, 166, 168, 169, 170, 171, 172, 173, 174, 175, 176, 177, 178, 179, 180, 181, 182, 183, 184, 185, 186, 187, 188, 189, 190, 191, 192, 193, 194, 195, 196, 197, 198, 199, 200, 201, 202, 203, 204, 205, 206, 207, 208, 209, 211, 212, 214, 215, 216, 218, 219, 220, 221, 222, 223, 224, 225, 226, 227, 228, 229, 230, 231, 232, 233, 234, 235, 236, 237, 238, 239, 240, 241, 242, 243, 244, 245, 246, 248, 249]!Vessel: HavilaForesight
[1, 2, 3, 4, 5, 6, 7, 8, 9, 10, 11, 12, 13, 14, 15, 16, 17, 18, 19, 20, 21, 22, 23, 24, 25, 26, 27, 28, 29, 30, 31, 32, 33, 34, 36, 37, 38, 39, 41, 42, 43, 44, 45, 46, 47, 48, 49, 50, 51, 53, 54, 55, 56, 57, 58, 59, 60, 62, 63, 64, 65, 66, 67, 68, 69, 70, 71, 72, 73, 74, 75, 76, 77, 78, 79, 80, 81, 82, 83, 84, 85, 86, 87, 88, 89, 90, 91, 93, 94, 95, 96, 99, 100, 103, 104, 105, 106, 108, 110, 112, 115, 117, 119, 141, 142, 143, 144, 145, 146, 147, 148, 149, 150, 151, 152, 153, 154, 155, 156, 159, 160, 163, 167, 210, 213, 217], [35, 40, 52, 61, 92, 97, 98, 101, 102, 107, 109, 111, 113, 114, 116, 118, 120, 121, 122, 123, 124, 125, 126, 127, 128, 129, 130, 131, 132, 133, 134, 135, 136, 137, 138, 139, 140, 157, 158, 161, 162, 164, 165, 166, 168, 169, 170, 171, 172, 173, 174, 175, 176, 177, 178, 179, 180, 181, 182, 183, 184, 185, 186, 187, 188, 189, 190, 191, 192, 193, 194, 195, 196, 197, 198, 199, 200, 201, 202, 203, 204, 205, 206, 207, 208, 209, 211, 212, 214, 221, 222, 223, 224, 225, 226, 228, 229, 230, 231, 232, 235, 237, 238, 240, 241, 242, 246]!Vessel: FarStar
] 

minF : 2
maxF : 6
Nf : [
!f : 2, 3, 4, 5, 6
[5, 6], [], [], [2, 3, 4, 7], [1, 8]
]

! Parameters
VoyageCost: [37970, 39085, 64838, 53931, 44429, 45544, 73722, 62814, 42817, 43726, 43120, 43120, 73722, 62814, 40394, 38879, 38273, 74837, 63929, 43932, 42418, 44235, 72716, 73019, 72413, 62111, 72110, 61202, 39691, 41509, 37570, 61505, 50186, 49580, 81296, 70389, 50392, 48877, 50695, 81599, 49277, 48574, 48877, 49580, 80181, 69274, 78872, 67965, 47968, 46453, 48271, 81599, 78569, 67662, 46150, 79478, 68571, 44029, 78872, 67965, 82714, 47568, 78569, 78872, 78169, 79987, 79987, 80896, 77867, 78169, 67662, 67965, 67262, 66959, 67262, 47968, 45544, 79684, 68777, 47265, 68777, 44841, 79478, 68571, 69080, 49083, 80290, 79684, 55337, 55337, 54731, 89174, 54028, 55034, 54428, 53725, 88059, 85332, 74425, 54428, 86750, 86144, 75237, 53725, 51604, 74122, 86447, 51301, 85938, 75031, 84629, 73722, 87356, 84326, 73419, 84629, 73722, 85332, 74425, 86750, 86144, 84629, 86447, 85029, 84326, 86144, 84629, 84023, 85441, 83320, 86447, 87356, 86750, 87562, 86047, 85744, 87562, 86047, 83720, 83017, 75237, 75540, 73116, 72413, 72813, 72110, 75237, 55543, 53119, 76352, 52416, 74534, 73722, 53725, 73419, 73722, 87865, 87259, 60487, 60184, 81696, 92604, 60184, 94022, 91901, 80993, 58876, 92907, 80181, 92507, 79878, 80181, 92507, 89780, 78872, 89477, 78569, 91089, 90483, 91901, 93719, 89780, 90786, 90180, 89477, 91089, 91295, 90592, 93816, 93210, 93210, 94022, 92507, 94325, 92204, 94022, 92507, 91901, 93319, 95137, 91198, 92204, 91598, 90895, 82811, 80993, 80387, 79684, 79575, 59578, 79272, 78872, 58876, 78569, 87453, 100481, 65335, 98360, 99778, 97051, 86144, 85332, 97657, 85029, 97354, 96239, 97754, 97051, 95936, 98966, 98966, 98360, 99778, 101596, 97657, 98663, 98057, 97354, 99172, 98469, 86847, 86144, 92604, 103511, 104929, 104117, 105632, 104929, 103814]
VoyageDuration: [2, 2, 2, 2, 2, 2, 2, 2, 2, 2, 2, 2, 2, 2, 2, 2, 2, 2, 2, 2, 2, 2, 2, 2, 2, 2, 2, 2, 2, 2, 2, 2, 2, 2, 3, 2, 2, 2, 2, 3, 2, 2, 2, 2, 2, 2, 2, 2, 2, 2, 2, 3, 2, 2, 2, 2, 2, 2, 2, 2, 3, 2, 2, 2, 2, 2, 2, 2, 2, 2, 2, 2, 2, 2, 2, 2, 2, 2, 2, 2, 2, 2, 2, 2, 2, 2, 2, 2, 2, 2, 2, 3, 2, 2, 2, 2, 3, 3, 2, 2, 3, 3, 2, 2, 2, 2, 3, 2, 3, 2, 3, 2, 3, 3, 2, 3, 2, 3, 2, 3, 3, 3, 3, 3, 3, 3, 3, 3, 3, 3, 3, 3, 3, 3, 3, 3, 3, 3, 3, 3, 2, 2, 2, 2, 2, 2, 2, 2, 2, 2, 2, 2, 2, 2, 2, 2, 3, 3, 2, 2, 3, 3, 2, 3, 3, 3, 2, 3, 3, 3, 3, 3, 3, 3, 3, 3, 3, 3, 3, 3, 3, 3, 3, 3, 3, 3, 3, 3, 3, 3, 3, 3, 3, 3, 3, 3, 3, 3, 3, 3, 3, 3, 3, 3, 3, 3, 3, 3, 3, 2, 3, 3, 2, 3, 3, 3, 2, 3, 3, 3, 3, 3, 3, 3, 3, 3, 3, 3, 3, 3, 3, 3, 3, 3, 3, 3, 3, 3, 3, 3, 3, 3, 3, 3, 3, 3, 3, 3, 3]
TimeCharterCost: [840000, 875000, 910000, 770000, 728000]
RequiredVisits: [6, 5, 5, 5, 2, 2, 5, 6]
NumberOfDaysAvailable: [7, 7, 7, 7, 7]
DepotCapacity: [3, 3, 3, 3, 3, 3, 0]
