!Summary:
!Execution time: 0,36 seconds
!Total # voyages: 303 (61 unique)
!Number of installations (excluding depot): 6
!Number of time windows: 0
!Number of vessels: 5

!Min. # installations: 1
!Max. number of installations: 8
!Min. duration: 56
!Max. duration: 80

!Name: FarStar	 # voyages: 60
!Name: FarSymphony	 # voyages: 60
!Name: FarSearcher	 # voyages: 61
!Name: FarSeeker	 # voyages: 61
!Name: HavilaForesight	 # voyages: 61
!------------------------------------------------------------------------------------------------------------------------
nV : 5
nR : 61
nN : 6
nT : 7
minL : 2
maxL : 3

! Sets: 
Rv : [
[1, 2, 3, 4, 5, 6, 7, 8, 9, 10, 11, 12, 13, 14, 15, 16, 17, 18, 19, 20, 21, 22, 23, 24, 25, 26, 27, 28, 29, 30, 31, 32, 33, 34, 35, 36, 37, 38, 39, 40, 41, 42, 43, 44, 45, 46, 47, 48, 49, 50, 51, 52, 53, 54, 55, 56, 57, 58, 59, 60, 61]!Vessel: FarSeeker
[1, 2, 3, 4, 5, 6, 7, 8, 9, 10, 11, 12, 13, 14, 15, 16, 17, 18, 19, 20, 21, 22, 23, 24, 25, 26, 27, 28, 29, 30, 31, 32, 33, 34, 35, 36, 37, 38, 39, 40, 41, 42, 43, 44, 45, 46, 47, 48, 49, 50, 51, 52, 53, 54, 55, 56, 57, 58, 59, 60, 61]!Vessel: FarSearcher
[1, 2, 3, 4, 5, 6, 7, 8, 9, 10, 11, 12, 13, 14, 15, 16, 17, 18, 19, 20, 21, 22, 23, 24, 25, 26, 27, 28, 29, 30, 31, 32, 33, 34, 35, 36, 37, 38, 39, 40, 41, 42, 43, 44, 45, 46, 47, 48, 49, 50, 51, 52, 53, 54, 55, 56, 57, 58, 59, 60]!Vessel: FarSymphony
[1, 2, 3, 4, 5, 6, 7, 8, 9, 10, 11, 12, 13, 14, 15, 16, 17, 18, 19, 20, 21, 22, 23, 24, 25, 26, 27, 28, 29, 30, 31, 32, 33, 34, 35, 36, 37, 38, 39, 40, 41, 42, 43, 44, 45, 46, 47, 48, 49, 50, 51, 52, 53, 54, 55, 56, 57, 58, 59, 60, 61]!Vessel: HavilaForesight
[1, 2, 3, 4, 5, 6, 7, 8, 9, 10, 11, 12, 13, 14, 15, 16, 17, 18, 19, 20, 21, 22, 23, 24, 25, 26, 27, 28, 29, 30, 31, 32, 33, 34, 35, 36, 37, 38, 39, 40, 41, 42, 43, 44, 45, 46, 47, 48, 49, 50, 51, 52, 53, 54, 55, 56, 57, 58, 59, 60]!Vessel: FarStar
] 

Rvi : [
!i : 1, 2, 3, 4, 5, 6
[1, 5, 6, 7, 8, 9, 20, 21, 22, 23, 24, 25, 26, 27, 35, 37, 40, 41, 42, 43, 44, 48, 50, 51, 52, 54, 55, 56, 58, 59, 60, 61], [5, 10, 11, 12, 13, 20, 25, 26, 27, 28, 29, 30, 31, 32, 33, 41, 42, 43, 44, 45, 46, 47, 48, 49, 51, 55, 56, 57, 58, 59, 61], [2, 6, 10, 14, 15, 16, 20, 21, 22, 23, 28, 29, 30, 34, 38, 39, 40, 42, 43, 44, 45, 46, 47, 50, 53, 54, 55, 56, 57, 59, 60, 61], [3, 7, 11, 14, 17, 18, 21, 24, 26, 28, 31, 32, 34, 35, 36, 38, 40, 41, 42, 45, 46, 49, 50, 51, 52, 53, 56, 57, 58, 59, 60, 61], [4, 8, 12, 15, 17, 19, 22, 24, 27, 29, 31, 33, 34, 36, 37, 39, 40, 41, 43, 45, 47, 48, 49, 52, 53, 54, 55, 57, 58, 59, 60, 61], [9, 13, 16, 18, 19, 23, 25, 30, 32, 33, 35, 36, 37, 38, 39, 44, 46, 47, 48, 49, 50, 51, 52, 53, 54, 55, 56, 57, 58, 60, 61]!Vessel: FarSeeker
[1, 5, 6, 7, 8, 9, 20, 21, 22, 23, 24, 25, 26, 27, 35, 37, 40, 41, 42, 43, 44, 48, 50, 51, 52, 54, 55, 56, 58, 59, 60, 61], [5, 10, 11, 12, 13, 20, 25, 26, 27, 28, 29, 30, 31, 32, 33, 41, 42, 43, 44, 45, 46, 47, 48, 49, 51, 55, 56, 57, 58, 59, 61], [2, 6, 10, 14, 15, 16, 20, 21, 22, 23, 28, 29, 30, 34, 38, 39, 40, 42, 43, 44, 45, 46, 47, 50, 53, 54, 55, 56, 57, 59, 60, 61], [3, 7, 11, 14, 17, 18, 21, 24, 26, 28, 31, 32, 34, 35, 36, 38, 40, 41, 42, 45, 46, 49, 50, 51, 52, 53, 56, 57, 58, 59, 60, 61], [4, 8, 12, 15, 17, 19, 22, 24, 27, 29, 31, 33, 34, 36, 37, 39, 40, 41, 43, 45, 47, 48, 49, 52, 53, 54, 55, 57, 58, 59, 60, 61], [9, 13, 16, 18, 19, 23, 25, 30, 32, 33, 35, 36, 37, 38, 39, 44, 46, 47, 48, 49, 50, 51, 52, 53, 54, 55, 56, 57, 58, 60, 61]!Vessel: FarSearcher
[1, 5, 6, 7, 8, 9, 20, 21, 22, 23, 24, 25, 26, 27, 35, 37, 40, 41, 42, 43, 44, 48, 50, 51, 52, 54, 55, 56, 58, 59, 60], [5, 10, 11, 12, 13, 20, 25, 26, 27, 28, 29, 30, 31, 32, 33, 41, 42, 43, 44, 45, 46, 47, 48, 49, 51, 55, 56, 57, 58, 59], [2, 6, 10, 14, 15, 16, 20, 21, 22, 23, 28, 29, 30, 34, 38, 39, 40, 42, 43, 44, 45, 46, 47, 50, 53, 54, 55, 56, 57, 59, 60], [3, 7, 11, 14, 17, 18, 21, 24, 26, 28, 31, 32, 34, 35, 36, 38, 40, 41, 42, 45, 46, 49, 50, 51, 52, 53, 56, 57, 58, 59, 60], [4, 8, 12, 15, 17, 19, 22, 24, 27, 29, 31, 33, 34, 36, 37, 39, 40, 41, 43, 45, 47, 48, 49, 52, 53, 54, 55, 57, 58, 59, 60], [9, 13, 16, 18, 19, 23, 25, 30, 32, 33, 35, 36, 37, 38, 39, 44, 46, 47, 48, 49, 50, 51, 52, 53, 54, 55, 56, 57, 58, 60]!Vessel: FarSymphony
[1, 5, 6, 7, 8, 9, 20, 21, 22, 23, 24, 25, 26, 27, 35, 37, 40, 41, 42, 43, 44, 48, 50, 51, 52, 54, 55, 56, 58, 59, 60, 61], [5, 10, 11, 12, 13, 20, 25, 26, 27, 28, 29, 30, 31, 32, 33, 41, 42, 43, 44, 45, 46, 47, 48, 49, 51, 55, 56, 57, 58, 59, 61], [2, 6, 10, 14, 15, 16, 20, 21, 22, 23, 28, 29, 30, 34, 38, 39, 40, 42, 43, 44, 45, 46, 47, 50, 53, 54, 55, 56, 57, 59, 60, 61], [3, 7, 11, 14, 17, 18, 21, 24, 26, 28, 31, 32, 34, 35, 36, 38, 40, 41, 42, 45, 46, 49, 50, 51, 52, 53, 56, 57, 58, 59, 60, 61], [4, 8, 12, 15, 17, 19, 22, 24, 27, 29, 31, 33, 34, 36, 37, 39, 40, 41, 43, 45, 47, 48, 49, 52, 53, 54, 55, 57, 58, 59, 60, 61], [9, 13, 16, 18, 19, 23, 25, 30, 32, 33, 35, 36, 37, 38, 39, 44, 46, 47, 48, 49, 50, 51, 52, 53, 54, 55, 56, 57, 58, 60, 61]!Vessel: HavilaForesight
[1, 5, 6, 7, 8, 9, 20, 21, 22, 23, 24, 25, 26, 27, 35, 37, 40, 41, 42, 43, 44, 48, 50, 51, 52, 54, 55, 56, 58, 59, 60], [5, 10, 11, 12, 13, 20, 25, 26, 27, 28, 29, 30, 31, 32, 33, 41, 42, 43, 44, 45, 46, 47, 48, 49, 51, 55, 56, 57, 58, 59], [2, 6, 10, 14, 15, 16, 20, 21, 22, 23, 28, 29, 30, 34, 38, 39, 40, 42, 43, 44, 45, 46, 47, 50, 53, 54, 55, 56, 57, 59, 60], [3, 7, 11, 14, 17, 18, 21, 24, 26, 28, 31, 32, 34, 35, 36, 38, 40, 41, 42, 45, 46, 49, 50, 51, 52, 53, 56, 57, 58, 59, 60], [4, 8, 12, 15, 17, 19, 22, 24, 27, 29, 31, 33, 34, 36, 37, 39, 40, 41, 43, 45, 47, 48, 49, 52, 53, 54, 55, 57, 58, 59, 60], [9, 13, 16, 18, 19, 23, 25, 30, 32, 33, 35, 36, 37, 38, 39, 44, 46, 47, 48, 49, 50, 51, 52, 53, 54, 55, 56, 57, 58, 60]!Vessel: FarStar
] 

Rvl : [
!l : 2, 3
[1, 2, 3, 4, 5, 6, 7, 8, 9, 10, 11, 12, 13, 14, 15, 16, 17, 18, 19, 20, 22, 23, 25, 26, 27, 28, 29, 30, 32, 33, 35, 36, 37, 38, 39, 43, 44, 47, 48, 54], [21, 24, 31, 34, 40, 41, 42, 45, 46, 49, 50, 51, 52, 53, 55, 56, 57, 58, 59, 60, 61]!Vessel: FarSeeker
[1, 2, 3, 4, 5, 6, 7, 8, 9, 10, 11, 12, 13, 14, 15, 16, 17, 18, 19, 20, 22, 23, 25, 26, 27, 28, 29, 30, 32, 33, 35, 36, 37, 38, 39, 43, 44, 47, 48, 54], [21, 24, 31, 34, 40, 41, 42, 45, 46, 49, 50, 51, 52, 53, 55, 56, 57, 58, 59, 60, 61]!Vessel: FarSearcher
[1, 2, 3, 4, 5, 6, 7, 8, 9, 10, 11, 12, 13, 14, 15, 16, 17, 18, 19, 20, 22, 23, 25, 26, 27, 28, 29, 30, 32, 33, 35, 36, 37, 38, 39, 43, 44, 47, 48, 54], [21, 24, 31, 34, 40, 41, 42, 45, 46, 49, 50, 51, 52, 53, 55, 56, 57, 58, 59, 60]!Vessel: FarSymphony
[1, 2, 3, 4, 5, 6, 7, 8, 9, 10, 11, 12, 13, 14, 15, 16, 17, 18, 19, 20, 22, 23, 25, 26, 27, 28, 29, 30, 32, 33, 35, 36, 37, 38, 39, 43, 44, 47, 48, 54], [21, 24, 31, 34, 40, 41, 42, 45, 46, 49, 50, 51, 52, 53, 55, 56, 57, 58, 59, 60, 61]!Vessel: HavilaForesight
[1, 2, 3, 4, 5, 6, 7, 8, 9, 10, 11, 12, 13, 14, 15, 16, 17, 18, 19, 20, 22, 23, 25, 26, 27, 28, 29, 30, 32, 33, 35, 36, 37, 38, 39, 43, 44, 47, 48, 54], [21, 24, 31, 34, 40, 41, 42, 45, 46, 49, 50, 51, 52, 53, 55, 56, 57, 58, 59, 60]!Vessel: FarStar
] 

minF : 2
maxF : 6
Nf : [
!f : 2, 3, 4, 5, 6
[5, 6], [], [], [2, 3, 4], [1]
]

! Parameters
VoyageCost: [37970, 39085, 64838, 53931, 44429, 45544, 73722, 62814, 42817, 43120, 73722, 62814, 40394, 74837, 63929, 43932, 72716, 72110, 61202, 49580, 81296, 70389, 50392, 81599, 49277, 80181, 69274, 78872, 67965, 47968, 81599, 78569, 67662, 82714, 78569, 79987, 67662, 79684, 68777, 89174, 88059, 85332, 74425, 54428, 86750, 86144, 75237, 74122, 86447, 86144, 85029, 86447, 87562, 75237, 81696, 92604, 94022, 92907, 93210, 94022, 100481]
VoyageDuration: [2, 2, 2, 2, 2, 2, 2, 2, 2, 2, 2, 2, 2, 2, 2, 2, 2, 2, 2, 2, 3, 2, 2, 3, 2, 2, 2, 2, 2, 2, 3, 2, 2, 3, 2, 2, 2, 2, 2, 3, 3, 3, 2, 2, 3, 3, 2, 2, 3, 3, 3, 3, 3, 2, 3, 3, 3, 3, 3, 3, 3]
TimeCharterCost: [120000, 125000, 130000, 110000, 104000]
RequiredVisits: [6, 5, 5, 5, 2, 2]
NumberOfDaysAvailable: [7, 7, 7, 7, 7]
DepotCapacity: [3, 3, 3, 3, 3, 3, 3]
