!Summary:
!Execution time: 0,57 seconds
!Total # voyages: 2350 (492 unique)
!Number of installations (excluding depot): 9
!Number of time windows: 2
!Number of vessels: 5

!Min. # installations: 1
!Max. number of installations: 8
!Min. duration: 56
!Max. duration: 80

!Name: FarStar	 # voyages: 428
!Name: FarSymphony	 # voyages: 455
!Name: FarSearcher	 # voyages: 492
!Name: FarSeeker	 # voyages: 492
!Name: HavilaForesight	 # voyages: 483
!------------------------------------------------------------------------------------------------------------------------
nV : 5
nR : 492
nN : 9
nT : 7
minL : 2
maxL : 3

! Sets: 
Rv : [
[1, 2, 3, 4, 5, 6, 7, 8, 9, 10, 11, 12, 13, 14, 15, 16, 17, 18, 19, 20, 21, 22, 23, 24, 25, 26, 27, 28, 29, 30, 31, 32, 33, 34, 35, 36, 37, 38, 39, 40, 41, 42, 43, 44, 45, 46, 47, 48, 49, 50, 51, 52, 53, 54, 55, 56, 57, 58, 59, 60, 61, 62, 63, 64, 65, 66, 67, 68, 69, 70, 71, 72, 73, 74, 75, 76, 77, 78, 79, 80, 81, 82, 83, 84, 85, 86, 87, 88, 89, 90, 91, 92, 93, 94, 95, 96, 97, 98, 99, 100, 101, 102, 103, 104, 105, 106, 107, 108, 109, 110, 111, 112, 113, 114, 115, 116, 117, 118, 119, 120, 121, 122, 123, 124, 125, 126, 127, 128, 129, 130, 131, 132, 133, 134, 135, 136, 137, 138, 139, 140, 141, 142, 143, 144, 145, 146, 147, 148, 149, 150, 151, 152, 153, 154, 155, 156, 157, 158, 159, 160, 161, 162, 163, 164, 165, 166, 167, 168, 169, 170, 171, 172, 173, 174, 175, 176, 177, 178, 179, 180, 181, 182, 183, 184, 185, 186, 187, 188, 189, 190, 191, 192, 193, 194, 195, 196, 197, 198, 199, 200, 201, 202, 203, 204, 205, 206, 207, 208, 209, 210, 211, 212, 213, 214, 215, 216, 217, 218, 219, 220, 221, 222, 223, 224, 225, 226, 227, 228, 229, 230, 231, 232, 233, 234, 235, 236, 237, 238, 239, 240, 241, 242, 243, 244, 245, 246, 247, 248, 249, 250, 251, 252, 253, 254, 255, 256, 257, 258, 259, 260, 261, 262, 263, 264, 265, 266, 267, 268, 269, 270, 271, 272, 273, 274, 275, 276, 277, 278, 279, 280, 281, 282, 283, 284, 285, 286, 287, 288, 289, 290, 291, 292, 293, 294, 295, 296, 297, 298, 299, 300, 301, 302, 303, 304, 305, 306, 307, 308, 309, 310, 311, 312, 313, 314, 315, 316, 317, 318, 319, 320, 321, 322, 323, 324, 325, 326, 327, 328, 329, 330, 331, 332, 333, 334, 335, 336, 337, 338, 339, 340, 341, 342, 343, 344, 345, 346, 347, 348, 349, 350, 351, 352, 353, 354, 355, 356, 357, 358, 359, 360, 361, 362, 363, 364, 365, 366, 367, 368, 369, 370, 371, 372, 373, 374, 375, 376, 377, 378, 379, 380, 381, 382, 383, 384, 385, 386, 387, 388, 389, 390, 391, 392, 393, 394, 395, 396, 397, 398, 399, 400, 401, 402, 403, 404, 405, 406, 407, 408, 409, 410, 411, 412, 413, 414, 415, 416, 417, 418, 419, 420, 421, 422, 423, 424, 425, 426, 427, 428, 429, 430, 431, 432, 433, 434, 435, 436, 437, 438, 439, 440, 441, 442, 443, 444, 445, 446, 447, 448, 449, 450, 451, 452, 453, 454, 455, 456, 457, 458, 459, 460, 461, 462, 463, 464, 465, 466, 467, 468, 469, 470, 471, 472, 473, 474, 475, 476, 477, 478, 479, 480, 481, 482, 483, 484, 485, 486, 487, 488, 489, 490, 491, 492]!Vessel: FarSeeker
[1, 2, 3, 4, 5, 6, 7, 8, 9, 10, 11, 12, 13, 14, 15, 16, 17, 18, 19, 20, 21, 22, 23, 24, 25, 26, 27, 28, 29, 30, 31, 32, 33, 34, 35, 36, 37, 38, 39, 40, 41, 42, 43, 44, 45, 46, 47, 48, 49, 50, 51, 52, 53, 54, 55, 56, 57, 58, 59, 60, 61, 62, 63, 64, 65, 66, 67, 68, 69, 70, 71, 72, 73, 74, 75, 76, 77, 78, 79, 80, 81, 82, 83, 84, 85, 86, 87, 88, 89, 90, 91, 92, 93, 94, 95, 96, 97, 98, 99, 100, 101, 102, 103, 104, 105, 106, 107, 108, 109, 110, 111, 112, 113, 114, 115, 116, 117, 118, 119, 120, 121, 122, 123, 124, 125, 126, 127, 128, 129, 130, 131, 132, 133, 134, 135, 136, 137, 138, 139, 140, 141, 142, 143, 144, 145, 146, 147, 148, 149, 150, 151, 152, 153, 154, 155, 156, 157, 158, 159, 160, 161, 162, 163, 164, 165, 166, 167, 168, 169, 170, 171, 172, 173, 174, 175, 176, 177, 178, 179, 180, 181, 182, 183, 184, 185, 186, 187, 188, 189, 190, 191, 192, 193, 194, 195, 196, 197, 198, 199, 200, 201, 202, 203, 204, 205, 206, 207, 208, 209, 210, 211, 212, 213, 214, 215, 216, 217, 218, 219, 220, 221, 222, 223, 224, 225, 226, 227, 228, 229, 230, 231, 232, 233, 234, 235, 236, 237, 238, 239, 240, 241, 242, 243, 244, 245, 246, 247, 248, 249, 250, 251, 252, 253, 254, 255, 256, 257, 258, 259, 260, 261, 262, 263, 264, 265, 266, 267, 268, 269, 270, 271, 272, 273, 274, 275, 276, 277, 278, 279, 280, 281, 282, 283, 284, 285, 286, 287, 288, 289, 290, 291, 292, 293, 294, 295, 296, 297, 298, 299, 300, 301, 302, 303, 304, 305, 306, 307, 308, 309, 310, 311, 312, 313, 314, 315, 316, 317, 318, 319, 320, 321, 322, 323, 324, 325, 326, 327, 328, 329, 330, 331, 332, 333, 334, 335, 336, 337, 338, 339, 340, 341, 342, 343, 344, 345, 346, 347, 348, 349, 350, 351, 352, 353, 354, 355, 356, 357, 358, 359, 360, 361, 362, 363, 364, 365, 366, 367, 368, 369, 370, 371, 372, 373, 374, 375, 376, 377, 378, 379, 380, 381, 382, 383, 384, 385, 386, 387, 388, 389, 390, 391, 392, 393, 394, 395, 396, 397, 398, 399, 400, 401, 402, 403, 404, 405, 406, 407, 408, 409, 410, 411, 412, 413, 414, 415, 416, 417, 418, 419, 420, 421, 422, 423, 424, 425, 426, 427, 428, 429, 430, 431, 432, 433, 434, 435, 436, 437, 438, 439, 440, 441, 442, 443, 444, 445, 446, 447, 448, 449, 450, 451, 452, 453, 454, 455, 456, 457, 458, 459, 460, 461, 462, 463, 464, 465, 466, 467, 468, 469, 470, 471, 472, 473, 474, 475, 476, 477, 478, 479, 480, 481, 482, 483, 484, 485, 486, 487, 488, 489, 490, 491, 492]!Vessel: FarSearcher
[1, 2, 3, 4, 5, 6, 7, 8, 9, 10, 11, 12, 13, 14, 15, 16, 17, 18, 19, 20, 21, 22, 23, 24, 25, 26, 27, 28, 29, 30, 31, 32, 33, 34, 35, 36, 37, 38, 39, 40, 41, 42, 43, 44, 45, 46, 47, 48, 49, 50, 51, 52, 53, 54, 55, 56, 57, 58, 59, 60, 61, 62, 63, 64, 65, 66, 67, 68, 69, 70, 71, 72, 73, 74, 75, 76, 77, 78, 79, 80, 81, 82, 83, 84, 85, 86, 87, 88, 89, 90, 91, 92, 93, 94, 95, 96, 97, 98, 99, 100, 101, 102, 103, 104, 105, 106, 107, 108, 109, 110, 111, 112, 113, 114, 115, 116, 117, 118, 119, 120, 121, 122, 123, 124, 125, 126, 127, 128, 129, 130, 131, 132, 133, 134, 135, 136, 137, 138, 139, 140, 141, 142, 143, 144, 145, 146, 147, 148, 149, 150, 151, 152, 153, 154, 155, 156, 157, 158, 159, 160, 161, 162, 163, 164, 165, 166, 167, 168, 169, 170, 171, 172, 173, 174, 175, 176, 177, 178, 179, 180, 181, 182, 183, 184, 185, 186, 187, 188, 189, 190, 191, 192, 193, 194, 195, 196, 197, 198, 199, 200, 201, 202, 203, 204, 205, 206, 207, 208, 209, 210, 211, 212, 213, 214, 215, 216, 217, 218, 219, 220, 221, 222, 223, 224, 225, 226, 227, 228, 229, 230, 231, 232, 233, 234, 235, 236, 237, 238, 239, 240, 241, 242, 243, 244, 245, 246, 247, 248, 249, 250, 251, 252, 253, 254, 255, 256, 257, 258, 259, 260, 261, 262, 263, 264, 265, 266, 267, 268, 269, 270, 271, 272, 273, 274, 275, 276, 277, 278, 279, 280, 281, 282, 283, 284, 285, 286, 287, 288, 289, 290, 291, 292, 293, 294, 295, 296, 297, 298, 299, 300, 301, 302, 303, 304, 305, 306, 307, 308, 309, 310, 311, 312, 313, 314, 315, 316, 317, 318, 319, 320, 321, 322, 323, 324, 325, 326, 327, 328, 329, 330, 331, 332, 333, 334, 335, 336, 337, 338, 339, 340, 341, 342, 343, 344, 345, 346, 347, 348, 349, 350, 351, 352, 353, 354, 355, 356, 357, 358, 359, 360, 361, 362, 363, 364, 365, 366, 367, 368, 369, 370, 371, 372, 373, 374, 375, 376, 377, 378, 381, 383, 384, 386, 387, 390, 391, 394, 396, 397, 398, 399, 400, 401, 402, 403, 404, 405, 406, 407, 408, 409, 411, 413, 414, 415, 416, 417, 418, 419, 420, 422, 423, 424, 425, 427, 428, 429, 430, 431, 432, 434, 435, 436, 438, 439, 440, 441, 442, 443, 444, 445, 446, 447, 448, 449, 450, 451, 452, 453, 454, 455, 456, 457, 458, 459, 460, 461, 462, 463, 465, 467, 476, 480, 481, 482, 489]!Vessel: FarSymphony
[1, 2, 3, 4, 5, 6, 7, 8, 9, 10, 11, 12, 13, 14, 15, 16, 17, 18, 19, 20, 21, 22, 23, 24, 25, 26, 27, 28, 29, 30, 31, 32, 33, 34, 35, 36, 37, 38, 39, 40, 41, 42, 43, 44, 45, 46, 47, 48, 49, 50, 51, 52, 53, 54, 55, 56, 57, 58, 59, 60, 61, 62, 63, 64, 65, 66, 67, 68, 69, 70, 71, 72, 73, 74, 75, 76, 77, 78, 79, 80, 81, 82, 83, 84, 85, 86, 87, 88, 89, 90, 91, 92, 93, 94, 95, 96, 97, 98, 99, 100, 101, 102, 103, 104, 105, 106, 107, 108, 109, 110, 111, 112, 113, 114, 115, 116, 117, 118, 119, 120, 121, 122, 123, 124, 125, 126, 127, 128, 129, 130, 131, 132, 133, 134, 135, 136, 137, 138, 139, 140, 141, 142, 143, 144, 145, 146, 147, 148, 149, 150, 151, 152, 153, 154, 155, 156, 157, 158, 159, 160, 161, 162, 163, 164, 165, 166, 167, 168, 169, 170, 171, 172, 173, 174, 175, 176, 177, 178, 179, 180, 181, 182, 183, 184, 185, 186, 187, 188, 189, 190, 191, 192, 193, 194, 195, 196, 197, 198, 199, 200, 201, 202, 203, 204, 205, 206, 207, 208, 209, 210, 211, 212, 213, 214, 215, 216, 217, 218, 219, 220, 221, 222, 223, 224, 225, 226, 227, 228, 229, 230, 231, 232, 233, 234, 235, 236, 237, 238, 239, 240, 241, 242, 243, 244, 245, 246, 247, 248, 249, 250, 251, 252, 253, 254, 255, 256, 257, 258, 259, 260, 261, 262, 263, 264, 265, 266, 267, 268, 269, 270, 271, 272, 273, 274, 275, 276, 277, 278, 279, 280, 281, 282, 283, 284, 285, 286, 287, 288, 289, 290, 291, 292, 293, 294, 295, 296, 297, 298, 299, 300, 301, 302, 303, 304, 305, 306, 307, 308, 309, 310, 311, 312, 313, 314, 315, 316, 317, 318, 319, 320, 321, 322, 323, 324, 325, 326, 327, 328, 329, 330, 331, 332, 333, 334, 335, 336, 337, 338, 339, 340, 341, 342, 343, 344, 345, 346, 347, 348, 349, 350, 351, 352, 353, 354, 355, 356, 357, 358, 359, 360, 361, 362, 363, 364, 365, 366, 367, 368, 369, 370, 371, 372, 373, 374, 375, 376, 377, 378, 379, 380, 381, 382, 383, 384, 385, 386, 387, 388, 389, 390, 391, 392, 393, 394, 395, 396, 397, 398, 399, 400, 401, 402, 403, 404, 405, 406, 407, 408, 409, 410, 411, 412, 413, 414, 415, 416, 417, 418, 419, 420, 421, 422, 423, 424, 425, 426, 427, 428, 429, 430, 431, 432, 433, 434, 435, 436, 437, 438, 439, 440, 441, 442, 443, 444, 445, 446, 447, 448, 449, 450, 451, 452, 453, 454, 455, 456, 457, 458, 459, 460, 461, 462, 463, 465, 466, 467, 468, 469, 470, 471, 472, 473, 476, 478, 480, 481, 482, 484, 487, 489, 490, 491, 492]!Vessel: HavilaForesight
[1, 2, 3, 4, 5, 6, 7, 8, 9, 10, 11, 12, 13, 14, 15, 16, 17, 18, 19, 20, 21, 22, 23, 24, 25, 26, 27, 28, 29, 30, 31, 32, 33, 34, 35, 36, 37, 38, 39, 40, 41, 42, 43, 44, 45, 46, 47, 48, 49, 50, 51, 52, 53, 54, 55, 56, 57, 58, 59, 60, 61, 62, 63, 64, 65, 66, 67, 68, 69, 70, 71, 72, 73, 74, 75, 76, 77, 78, 79, 80, 81, 82, 83, 84, 85, 86, 87, 88, 89, 90, 91, 92, 93, 94, 95, 96, 97, 98, 99, 100, 101, 102, 103, 104, 105, 106, 107, 108, 109, 110, 111, 112, 113, 114, 115, 116, 117, 118, 119, 120, 121, 122, 123, 124, 125, 126, 127, 128, 129, 130, 131, 132, 133, 134, 135, 136, 137, 138, 139, 140, 141, 142, 143, 144, 145, 146, 147, 148, 149, 150, 151, 152, 153, 154, 155, 156, 157, 158, 159, 160, 161, 162, 163, 164, 165, 166, 167, 168, 169, 170, 171, 172, 173, 174, 175, 176, 177, 178, 179, 180, 181, 182, 183, 184, 185, 186, 187, 188, 189, 190, 191, 192, 193, 194, 195, 196, 197, 198, 199, 200, 201, 202, 203, 204, 205, 206, 207, 208, 209, 210, 211, 212, 213, 214, 215, 216, 217, 218, 219, 220, 221, 222, 223, 224, 225, 226, 227, 228, 229, 230, 231, 232, 233, 234, 235, 236, 237, 238, 239, 240, 241, 242, 243, 244, 245, 246, 247, 248, 249, 250, 251, 252, 253, 254, 255, 256, 257, 258, 259, 260, 261, 262, 263, 265, 266, 267, 268, 269, 270, 271, 272, 273, 274, 275, 276, 277, 278, 279, 280, 281, 282, 283, 284, 285, 286, 287, 288, 289, 290, 291, 292, 293, 294, 295, 296, 297, 298, 299, 300, 301, 302, 303, 304, 305, 306, 307, 308, 309, 310, 311, 312, 313, 314, 315, 316, 317, 318, 319, 320, 321, 322, 323, 324, 325, 326, 327, 328, 329, 330, 331, 332, 333, 334, 335, 336, 337, 338, 339, 340, 341, 342, 343, 344, 345, 346, 347, 348, 349, 350, 351, 352, 353, 354, 355, 356, 357, 358, 359, 360, 361, 362, 363, 364, 365, 366, 367, 368, 369, 370, 371, 372, 373, 374, 375, 376, 377, 378, 381, 383, 384, 386, 387, 390, 391, 394, 399, 400, 401, 402, 403, 405, 407, 408, 411, 413, 414, 415, 416, 417, 418, 422, 423, 424, 425, 427, 428, 431, 432, 434, 436, 438, 440, 441, 447, 451, 452, 454, 455, 456, 458, 460, 461, 463, 467, 476, 481, 482, 489]!Vessel: FarStar
] 

Rvi : [
!i : 1, 2, 3, 4, 5, 6, 7, 8, 9
[1, 7, 8, 9, 10, 11, 12, 13, 14, 43, 44, 45, 46, 47, 48, 49, 50, 51, 52, 53, 54, 55, 56, 57, 58, 59, 60, 84, 94, 95, 96, 105, 106, 107, 119, 120, 121, 127, 128, 129, 130, 131, 132, 133, 134, 135, 136, 137, 138, 139, 140, 141, 142, 143, 144, 145, 146, 147, 148, 149, 150, 163, 172, 173, 178, 179, 182, 183, 184, 185, 186, 191, 192, 193, 194, 204, 205, 206, 207, 212, 213, 216, 218, 219, 220, 221, 222, 228, 229, 244, 245, 246, 247, 253, 254, 255, 256, 257, 258, 259, 260, 261, 262, 263, 266, 276, 277, 280, 284, 285, 292, 293, 294, 295, 296, 297, 298, 299, 300, 301, 302, 303, 307, 308, 309, 310, 311, 312, 313, 314, 315, 316, 317, 318, 319, 333, 334, 335, 337, 338, 340, 341, 342, 343, 344, 345, 346, 347, 348, 349, 350, 351, 354, 356, 357, 361, 362, 369, 370, 371, 372, 373, 374, 379, 380, 381, 382, 383, 384, 387, 392, 395, 396, 397, 398, 399, 400, 403, 405, 407, 408, 410, 411, 412, 413, 414, 415, 416, 417, 418, 419, 420, 421, 422, 423, 424, 425, 426, 427, 428, 429, 430, 431, 439, 440, 441, 442, 443, 445, 447, 448, 450, 451, 452, 454, 455, 458, 460, 461, 463, 465, 468, 469, 470, 471, 472, 473, 474, 475, 476, 477, 478, 479, 480, 481, 482, 483, 484, 488, 489, 490, 492], [7, 15, 16, 17, 18, 19, 20, 21, 43, 44, 55, 56, 58, 59, 60, 61, 62, 63, 64, 65, 66, 67, 68, 69, 70, 71, 72, 73, 74, 75, 76, 77, 78, 108, 109, 125, 127, 128, 129, 137, 139, 140, 141, 143, 144, 145, 146, 147, 148, 149, 150, 151, 152, 153, 154, 155, 156, 157, 158, 159, 160, 161, 162, 163, 164, 165, 166, 167, 168, 169, 170, 171, 172, 173, 174, 175, 176, 177, 178, 179, 180, 181, 187, 200, 223, 224, 225, 226, 227, 244, 250, 251, 253, 254, 255, 256, 257, 258, 259, 260, 261, 262, 263, 264, 265, 266, 267, 268, 269, 270, 271, 272, 273, 274, 275, 276, 277, 278, 279, 280, 281, 282, 283, 284, 285, 286, 287, 288, 289, 290, 291, 292, 293, 294, 295, 296, 301, 302, 305, 307, 308, 309, 316, 320, 321, 328, 329, 330, 343, 348, 351, 352, 353, 354, 355, 369, 370, 373, 375, 376, 377, 378, 379, 380, 381, 382, 383, 384, 385, 386, 387, 388, 389, 390, 391, 392, 393, 394, 395, 396, 397, 398, 399, 400, 401, 402, 403, 404, 405, 406, 407, 408, 409, 410, 411, 413, 415, 416, 417, 418, 426, 427, 428, 432, 434, 437, 438, 441, 443, 444, 445, 446, 447, 448, 449, 460, 461, 462, 463, 464, 465, 466, 467, 468, 469, 470, 471, 472, 473, 474, 476, 477, 480, 482, 483, 485, 487, 488, 489, 491, 492], [2, 8, 15, 22, 23, 24, 25, 26, 27, 44, 45, 46, 47, 48, 49, 50, 61, 62, 63, 64, 65, 66, 79, 80, 81, 82, 83, 85, 86, 87, 97, 98, 99, 110, 111, 112, 122, 128, 129, 130, 131, 132, 133, 134, 135, 136, 137, 138, 148, 149, 150, 151, 152, 153, 154, 155, 156, 157, 158, 159, 160, 161, 164, 182, 183, 184, 187, 188, 189, 190, 195, 196, 197, 206, 207, 208, 209, 210, 211, 223, 224, 228, 229, 230, 231, 232, 233, 234, 237, 238, 239, 248, 249, 253, 254, 255, 259, 260, 261, 262, 263, 264, 265, 266, 267, 268, 269, 270, 271, 272, 273, 274, 275, 286, 289, 295, 296, 297, 298, 299, 300, 304, 305, 306, 309, 310, 311, 312, 313, 320, 321, 322, 323, 324, 325, 326, 333, 334, 335, 336, 343, 344, 345, 346, 351, 352, 353, 356, 357, 358, 359, 360, 361, 362, 363, 364, 365, 366, 370, 371, 372, 375, 378, 379, 380, 381, 382, 383, 384, 385, 386, 387, 388, 389, 390, 391, 392, 393, 394, 395, 396, 403, 404, 406, 411, 412, 413, 414, 417, 418, 419, 420, 421, 422, 423, 424, 432, 433, 434, 435, 436, 439, 441, 442, 443, 444, 445, 446, 450, 451, 452, 453, 454, 455, 456, 457, 460, 461, 462, 463, 464, 465, 466, 467, 468, 469, 470, 474, 475, 476, 477, 478, 479, 480, 481, 485, 486, 488, 489, 490, 491, 492], [3, 9, 16, 22, 28, 29, 30, 31, 33, 45, 51, 53, 58, 61, 67, 69, 70, 74, 76, 79, 82, 84, 85, 86, 87, 88, 89, 90, 91, 92, 93, 94, 101, 103, 114, 119, 124, 130, 134, 143, 146, 148, 151, 152, 157, 162, 163, 164, 165, 168, 169, 171, 172, 174, 178, 181, 182, 183, 184, 185, 186, 187, 188, 189, 190, 191, 192, 193, 194, 195, 196, 197, 198, 199, 200, 201, 202, 203, 205, 210, 218, 221, 225, 226, 230, 233, 235, 240, 241, 243, 247, 248, 252, 259, 263, 264, 265, 267, 268, 274, 276, 278, 280, 281, 284, 287, 289, 290, 291, 293, 295, 296, 297, 298, 299, 300, 301, 302, 303, 304, 305, 306, 307, 308, 309, 310, 311, 312, 313, 314, 315, 316, 317, 318, 319, 320, 321, 322, 323, 324, 325, 326, 327, 328, 329, 330, 331, 332, 333, 338, 340, 342, 347, 352, 354, 355, 356, 358, 360, 365, 367, 368, 376, 379, 380, 384, 385, 386, 387, 388, 389, 390, 395, 398, 401, 406, 407, 409, 410, 411, 412, 413, 414, 415, 416, 417, 418, 419, 420, 421, 422, 423, 424, 425, 426, 427, 428, 429, 430, 431, 432, 433, 434, 435, 436, 437, 438, 443, 444, 446, 447, 448, 449, 450, 451, 453, 456, 458, 459, 463, 464, 465, 466, 467, 469, 471, 473, 474, 475, 476, 477, 478, 479, 480, 481, 482, 483, 484, 485, 486, 487, 492], [4, 10, 17, 23, 28, 32, 34, 38, 41, 46, 51, 52, 59, 62, 67, 68, 71, 75, 77, 79, 80, 81, 88, 89, 90, 91, 95, 97, 100, 102, 104, 105, 110, 113, 117, 120, 123, 130, 131, 132, 133, 137, 138, 139, 143, 144, 145, 152, 153, 154, 155, 156, 162, 165, 166, 167, 170, 174, 175, 176, 180, 191, 192, 193, 194, 195, 196, 197, 198, 199, 200, 201, 202, 203, 204, 208, 209, 212, 214, 215, 217, 219, 220, 230, 231, 232, 235, 236, 237, 244, 245, 246, 249, 255, 257, 266, 267, 268, 269, 270, 271, 272, 276, 277, 278, 279, 281, 282, 283, 285, 286, 287, 288, 294, 307, 308, 309, 310, 311, 312, 313, 314, 315, 316, 317, 318, 319, 320, 321, 322, 323, 324, 325, 326, 327, 328, 329, 330, 331, 332, 335, 336, 337, 339, 341, 343, 344, 345, 346, 347, 348, 349, 350, 358, 359, 363, 364, 368, 369, 370, 371, 372, 375, 379, 387, 388, 389, 390, 391, 392, 393, 394, 396, 397, 398, 399, 400, 401, 402, 403, 404, 405, 416, 417, 418, 419, 420, 421, 422, 423, 424, 425, 426, 427, 428, 429, 430, 431, 432, 433, 434, 435, 436, 437, 438, 439, 440, 441, 442, 446, 447, 449, 454, 455, 456, 457, 459, 460, 461, 465, 466, 467, 468, 471, 472, 476, 477, 478, 479, 480, 481, 482, 483, 484, 485, 486, 487, 488, 489, 490, 491, 492], [5, 11, 18, 24, 32, 33, 35, 39, 42, 47, 52, 53, 60, 63, 68, 69, 72, 78, 80, 82, 88, 96, 98, 100, 101, 106, 108, 111, 113, 114, 115, 118, 121, 122, 123, 124, 126, 131, 134, 135, 144, 146, 147, 149, 153, 157, 158, 159, 162, 166, 168, 173, 175, 177, 179, 180, 181, 191, 195, 198, 201, 204, 205, 206, 208, 210, 211, 213, 214, 216, 217, 219, 221, 222, 223, 225, 227, 228, 231, 233, 234, 235, 236, 238, 240, 242, 243, 245, 247, 248, 249, 250, 252, 254, 258, 259, 260, 261, 264, 266, 267, 269, 271, 273, 274, 276, 277, 278, 279, 280, 282, 285, 286, 287, 288, 290, 292, 293, 294, 299, 304, 310, 314, 317, 322, 325, 327, 328, 331, 333, 334, 335, 336, 337, 338, 339, 340, 341, 342, 344, 347, 349, 352, 353, 354, 355, 356, 357, 358, 359, 360, 361, 363, 365, 366, 367, 368, 371, 373, 374, 376, 377, 378, 379, 380, 381, 382, 385, 388, 389, 391, 392, 393, 395, 396, 397, 398, 399, 401, 402, 403, 404, 405, 406, 407, 408, 409, 410, 412, 419, 420, 421, 425, 426, 429, 430, 433, 435, 437, 439, 440, 442, 443, 444, 445, 446, 447, 448, 449, 450, 451, 452, 453, 454, 456, 457, 458, 459, 462, 464, 466, 468, 469, 470, 471, 472, 473, 474, 475, 477, 478, 479, 483, 484, 485, 486, 487, 488, 490, 491], [12, 19, 25, 29, 34, 35, 36, 37, 43, 48, 54, 57, 64, 70, 71, 72, 73, 83, 85, 89, 92, 94, 95, 96, 97, 98, 99, 100, 101, 102, 103, 104, 115, 116, 125, 126, 127, 128, 136, 138, 140, 142, 145, 147, 154, 158, 160, 161, 163, 164, 165, 166, 167, 168, 169, 170, 171, 177, 182, 185, 186, 188, 189, 192, 196, 198, 199, 202, 204, 205, 206, 207, 208, 209, 210, 211, 212, 213, 214, 215, 216, 217, 237, 238, 239, 240, 241, 242, 246, 250, 251, 252, 253, 255, 256, 257, 258, 260, 262, 265, 269, 270, 272, 273, 274, 275, 277, 278, 279, 280, 281, 282, 283, 284, 289, 290, 291, 292, 295, 297, 298, 301, 303, 304, 306, 307, 311, 314, 315, 318, 320, 322, 323, 324, 327, 329, 331, 332, 333, 334, 335, 336, 337, 338, 339, 340, 341, 345, 350, 361, 362, 363, 364, 365, 366, 367, 369, 372, 374, 376, 377, 378, 381, 382, 383, 384, 385, 386, 388, 390, 391, 393, 394, 395, 396, 397, 398, 399, 400, 401, 402, 406, 407, 408, 409, 410, 411, 412, 414, 415, 416, 417, 419, 422, 423, 425, 427, 429, 431, 432, 433, 436, 437, 438, 439, 440, 441, 451, 452, 453, 454, 455, 456, 457, 458, 459, 460, 462, 463, 464, 465, 466, 467, 468, 469, 470, 471, 472, 473, 475, 476, 478, 481, 482, 484, 486, 487, 489, 490, 491, 492], [13, 20, 26, 30, 36, 38, 39, 40, 49, 54, 55, 65, 73, 74, 75, 83, 84, 86, 90, 92, 93, 102, 105, 106, 107, 108, 109, 110, 111, 112, 113, 114, 115, 116, 117, 118, 127, 129, 132, 136, 139, 141, 142, 155, 160, 169, 170, 172, 173, 174, 175, 176, 177, 183, 185, 187, 188, 190, 193, 199, 203, 212, 213, 214, 215, 218, 219, 220, 221, 222, 223, 224, 225, 226, 227, 228, 229, 230, 231, 232, 233, 234, 235, 236, 237, 238, 239, 240, 241, 242, 243, 251, 253, 254, 256, 257, 258, 270, 273, 275, 281, 282, 283, 285, 286, 287, 288, 289, 290, 291, 296, 297, 300, 301, 302, 303, 305, 306, 308, 312, 315, 319, 321, 323, 326, 327, 330, 332, 337, 338, 339, 342, 343, 344, 345, 346, 347, 348, 349, 350, 351, 352, 353, 354, 355, 356, 357, 358, 359, 360, 361, 362, 363, 364, 365, 366, 367, 368, 373, 374, 375, 377, 381, 383, 386, 391, 394, 399, 400, 401, 402, 403, 404, 405, 406, 407, 408, 409, 411, 413, 414, 415, 416, 418, 420, 422, 424, 425, 428, 430, 431, 432, 434, 435, 436, 438, 440, 441, 442, 443, 444, 445, 446, 447, 448, 449, 450, 451, 452, 453, 454, 455, 456, 457, 458, 459, 461, 462, 463, 464, 466, 467, 468, 469, 470, 471, 472, 473, 474, 475, 476, 477, 478, 479, 480, 481, 482, 483, 484, 485, 486, 487, 488, 489, 490, 491, 492], [6, 14, 21, 27, 31, 37, 40, 41, 42, 50, 56, 57, 66, 76, 77, 78, 81, 87, 91, 93, 99, 103, 104, 107, 109, 112, 116, 117, 118, 119, 120, 121, 122, 123, 124, 125, 126, 133, 135, 140, 141, 142, 150, 151, 156, 159, 161, 167, 171, 176, 178, 179, 180, 181, 184, 186, 189, 190, 194, 197, 200, 201, 202, 203, 207, 209, 211, 215, 216, 217, 218, 220, 222, 224, 226, 227, 229, 232, 234, 236, 239, 241, 242, 243, 244, 245, 246, 247, 248, 249, 250, 251, 252, 256, 261, 262, 263, 264, 265, 268, 271, 272, 275, 279, 283, 284, 288, 291, 292, 293, 294, 298, 299, 300, 302, 303, 304, 305, 306, 313, 316, 317, 318, 319, 324, 325, 326, 328, 329, 330, 331, 332, 334, 336, 339, 340, 341, 342, 346, 348, 349, 350, 351, 353, 355, 357, 359, 360, 362, 364, 366, 367, 368, 369, 370, 371, 372, 373, 374, 375, 376, 377, 378, 380, 382, 383, 384, 385, 386, 387, 389, 390, 392, 393, 394, 397, 400, 402, 404, 405, 408, 409, 410, 412, 413, 414, 415, 421, 423, 424, 426, 427, 428, 429, 430, 431, 433, 434, 435, 436, 437, 438, 439, 440, 442, 444, 445, 448, 449, 450, 452, 453, 455, 457, 458, 459, 460, 461, 462, 463, 464, 465, 467, 470, 472, 473, 474, 475, 479, 480, 481, 482, 483, 484, 485, 486, 487, 488, 489, 490, 491, 492]!Vessel: FarSeeker
[1, 7, 8, 9, 10, 11, 12, 13, 14, 43, 44, 45, 46, 47, 48, 49, 50, 51, 52, 53, 54, 55, 56, 57, 58, 59, 60, 84, 94, 95, 96, 105, 106, 107, 119, 120, 121, 127, 128, 129, 130, 131, 132, 133, 134, 135, 136, 137, 138, 139, 140, 141, 142, 143, 144, 145, 146, 147, 148, 149, 150, 163, 172, 173, 178, 179, 182, 183, 184, 185, 186, 191, 192, 193, 194, 204, 205, 206, 207, 212, 213, 216, 218, 219, 220, 221, 222, 228, 229, 244, 245, 246, 247, 253, 254, 255, 256, 257, 258, 259, 260, 261, 262, 263, 266, 276, 277, 280, 284, 285, 292, 293, 294, 295, 296, 297, 298, 299, 300, 301, 302, 303, 307, 308, 309, 310, 311, 312, 313, 314, 315, 316, 317, 318, 319, 333, 334, 335, 337, 338, 340, 341, 342, 343, 344, 345, 346, 347, 348, 349, 350, 351, 354, 356, 357, 361, 362, 369, 370, 371, 372, 373, 374, 379, 380, 381, 382, 383, 384, 387, 392, 395, 396, 397, 398, 399, 400, 403, 405, 407, 408, 410, 411, 412, 413, 414, 415, 416, 417, 418, 419, 420, 421, 422, 423, 424, 425, 426, 427, 428, 429, 430, 431, 439, 440, 441, 442, 443, 445, 447, 448, 450, 451, 452, 454, 455, 458, 460, 461, 463, 465, 468, 469, 470, 471, 472, 473, 474, 475, 476, 477, 478, 479, 480, 481, 482, 483, 484, 488, 489, 490, 492], [7, 15, 16, 17, 18, 19, 20, 21, 43, 44, 55, 56, 58, 59, 60, 61, 62, 63, 64, 65, 66, 67, 68, 69, 70, 71, 72, 73, 74, 75, 76, 77, 78, 108, 109, 125, 127, 128, 129, 137, 139, 140, 141, 143, 144, 145, 146, 147, 148, 149, 150, 151, 152, 153, 154, 155, 156, 157, 158, 159, 160, 161, 162, 163, 164, 165, 166, 167, 168, 169, 170, 171, 172, 173, 174, 175, 176, 177, 178, 179, 180, 181, 187, 200, 223, 224, 225, 226, 227, 244, 250, 251, 253, 254, 255, 256, 257, 258, 259, 260, 261, 262, 263, 264, 265, 266, 267, 268, 269, 270, 271, 272, 273, 274, 275, 276, 277, 278, 279, 280, 281, 282, 283, 284, 285, 286, 287, 288, 289, 290, 291, 292, 293, 294, 295, 296, 301, 302, 305, 307, 308, 309, 316, 320, 321, 328, 329, 330, 343, 348, 351, 352, 353, 354, 355, 369, 370, 373, 375, 376, 377, 378, 379, 380, 381, 382, 383, 384, 385, 386, 387, 388, 389, 390, 391, 392, 393, 394, 395, 396, 397, 398, 399, 400, 401, 402, 403, 404, 405, 406, 407, 408, 409, 410, 411, 413, 415, 416, 417, 418, 426, 427, 428, 432, 434, 437, 438, 441, 443, 444, 445, 446, 447, 448, 449, 460, 461, 462, 463, 464, 465, 466, 467, 468, 469, 470, 471, 472, 473, 474, 476, 477, 480, 482, 483, 485, 487, 488, 489, 491, 492], [2, 8, 15, 22, 23, 24, 25, 26, 27, 44, 45, 46, 47, 48, 49, 50, 61, 62, 63, 64, 65, 66, 79, 80, 81, 82, 83, 85, 86, 87, 97, 98, 99, 110, 111, 112, 122, 128, 129, 130, 131, 132, 133, 134, 135, 136, 137, 138, 148, 149, 150, 151, 152, 153, 154, 155, 156, 157, 158, 159, 160, 161, 164, 182, 183, 184, 187, 188, 189, 190, 195, 196, 197, 206, 207, 208, 209, 210, 211, 223, 224, 228, 229, 230, 231, 232, 233, 234, 237, 238, 239, 248, 249, 253, 254, 255, 259, 260, 261, 262, 263, 264, 265, 266, 267, 268, 269, 270, 271, 272, 273, 274, 275, 286, 289, 295, 296, 297, 298, 299, 300, 304, 305, 306, 309, 310, 311, 312, 313, 320, 321, 322, 323, 324, 325, 326, 333, 334, 335, 336, 343, 344, 345, 346, 351, 352, 353, 356, 357, 358, 359, 360, 361, 362, 363, 364, 365, 366, 370, 371, 372, 375, 378, 379, 380, 381, 382, 383, 384, 385, 386, 387, 388, 389, 390, 391, 392, 393, 394, 395, 396, 403, 404, 406, 411, 412, 413, 414, 417, 418, 419, 420, 421, 422, 423, 424, 432, 433, 434, 435, 436, 439, 441, 442, 443, 444, 445, 446, 450, 451, 452, 453, 454, 455, 456, 457, 460, 461, 462, 463, 464, 465, 466, 467, 468, 469, 470, 474, 475, 476, 477, 478, 479, 480, 481, 485, 486, 488, 489, 490, 491, 492], [3, 9, 16, 22, 28, 29, 30, 31, 33, 45, 51, 53, 58, 61, 67, 69, 70, 74, 76, 79, 82, 84, 85, 86, 87, 88, 89, 90, 91, 92, 93, 94, 101, 103, 114, 119, 124, 130, 134, 143, 146, 148, 151, 152, 157, 162, 163, 164, 165, 168, 169, 171, 172, 174, 178, 181, 182, 183, 184, 185, 186, 187, 188, 189, 190, 191, 192, 193, 194, 195, 196, 197, 198, 199, 200, 201, 202, 203, 205, 210, 218, 221, 225, 226, 230, 233, 235, 240, 241, 243, 247, 248, 252, 259, 263, 264, 265, 267, 268, 274, 276, 278, 280, 281, 284, 287, 289, 290, 291, 293, 295, 296, 297, 298, 299, 300, 301, 302, 303, 304, 305, 306, 307, 308, 309, 310, 311, 312, 313, 314, 315, 316, 317, 318, 319, 320, 321, 322, 323, 324, 325, 326, 327, 328, 329, 330, 331, 332, 333, 338, 340, 342, 347, 352, 354, 355, 356, 358, 360, 365, 367, 368, 376, 379, 380, 384, 385, 386, 387, 388, 389, 390, 395, 398, 401, 406, 407, 409, 410, 411, 412, 413, 414, 415, 416, 417, 418, 419, 420, 421, 422, 423, 424, 425, 426, 427, 428, 429, 430, 431, 432, 433, 434, 435, 436, 437, 438, 443, 444, 446, 447, 448, 449, 450, 451, 453, 456, 458, 459, 463, 464, 465, 466, 467, 469, 471, 473, 474, 475, 476, 477, 478, 479, 480, 481, 482, 483, 484, 485, 486, 487, 492], [4, 10, 17, 23, 28, 32, 34, 38, 41, 46, 51, 52, 59, 62, 67, 68, 71, 75, 77, 79, 80, 81, 88, 89, 90, 91, 95, 97, 100, 102, 104, 105, 110, 113, 117, 120, 123, 130, 131, 132, 133, 137, 138, 139, 143, 144, 145, 152, 153, 154, 155, 156, 162, 165, 166, 167, 170, 174, 175, 176, 180, 191, 192, 193, 194, 195, 196, 197, 198, 199, 200, 201, 202, 203, 204, 208, 209, 212, 214, 215, 217, 219, 220, 230, 231, 232, 235, 236, 237, 244, 245, 246, 249, 255, 257, 266, 267, 268, 269, 270, 271, 272, 276, 277, 278, 279, 281, 282, 283, 285, 286, 287, 288, 294, 307, 308, 309, 310, 311, 312, 313, 314, 315, 316, 317, 318, 319, 320, 321, 322, 323, 324, 325, 326, 327, 328, 329, 330, 331, 332, 335, 336, 337, 339, 341, 343, 344, 345, 346, 347, 348, 349, 350, 358, 359, 363, 364, 368, 369, 370, 371, 372, 375, 379, 387, 388, 389, 390, 391, 392, 393, 394, 396, 397, 398, 399, 400, 401, 402, 403, 404, 405, 416, 417, 418, 419, 420, 421, 422, 423, 424, 425, 426, 427, 428, 429, 430, 431, 432, 433, 434, 435, 436, 437, 438, 439, 440, 441, 442, 446, 447, 449, 454, 455, 456, 457, 459, 460, 461, 465, 466, 467, 468, 471, 472, 476, 477, 478, 479, 480, 481, 482, 483, 484, 485, 486, 487, 488, 489, 490, 491, 492], [5, 11, 18, 24, 32, 33, 35, 39, 42, 47, 52, 53, 60, 63, 68, 69, 72, 78, 80, 82, 88, 96, 98, 100, 101, 106, 108, 111, 113, 114, 115, 118, 121, 122, 123, 124, 126, 131, 134, 135, 144, 146, 147, 149, 153, 157, 158, 159, 162, 166, 168, 173, 175, 177, 179, 180, 181, 191, 195, 198, 201, 204, 205, 206, 208, 210, 211, 213, 214, 216, 217, 219, 221, 222, 223, 225, 227, 228, 231, 233, 234, 235, 236, 238, 240, 242, 243, 245, 247, 248, 249, 250, 252, 254, 258, 259, 260, 261, 264, 266, 267, 269, 271, 273, 274, 276, 277, 278, 279, 280, 282, 285, 286, 287, 288, 290, 292, 293, 294, 299, 304, 310, 314, 317, 322, 325, 327, 328, 331, 333, 334, 335, 336, 337, 338, 339, 340, 341, 342, 344, 347, 349, 352, 353, 354, 355, 356, 357, 358, 359, 360, 361, 363, 365, 366, 367, 368, 371, 373, 374, 376, 377, 378, 379, 380, 381, 382, 385, 388, 389, 391, 392, 393, 395, 396, 397, 398, 399, 401, 402, 403, 404, 405, 406, 407, 408, 409, 410, 412, 419, 420, 421, 425, 426, 429, 430, 433, 435, 437, 439, 440, 442, 443, 444, 445, 446, 447, 448, 449, 450, 451, 452, 453, 454, 456, 457, 458, 459, 462, 464, 466, 468, 469, 470, 471, 472, 473, 474, 475, 477, 478, 479, 483, 484, 485, 486, 487, 488, 490, 491], [12, 19, 25, 29, 34, 35, 36, 37, 43, 48, 54, 57, 64, 70, 71, 72, 73, 83, 85, 89, 92, 94, 95, 96, 97, 98, 99, 100, 101, 102, 103, 104, 115, 116, 125, 126, 127, 128, 136, 138, 140, 142, 145, 147, 154, 158, 160, 161, 163, 164, 165, 166, 167, 168, 169, 170, 171, 177, 182, 185, 186, 188, 189, 192, 196, 198, 199, 202, 204, 205, 206, 207, 208, 209, 210, 211, 212, 213, 214, 215, 216, 217, 237, 238, 239, 240, 241, 242, 246, 250, 251, 252, 253, 255, 256, 257, 258, 260, 262, 265, 269, 270, 272, 273, 274, 275, 277, 278, 279, 280, 281, 282, 283, 284, 289, 290, 291, 292, 295, 297, 298, 301, 303, 304, 306, 307, 311, 314, 315, 318, 320, 322, 323, 324, 327, 329, 331, 332, 333, 334, 335, 336, 337, 338, 339, 340, 341, 345, 350, 361, 362, 363, 364, 365, 366, 367, 369, 372, 374, 376, 377, 378, 381, 382, 383, 384, 385, 386, 388, 390, 391, 393, 394, 395, 396, 397, 398, 399, 400, 401, 402, 406, 407, 408, 409, 410, 411, 412, 414, 415, 416, 417, 419, 422, 423, 425, 427, 429, 431, 432, 433, 436, 437, 438, 439, 440, 441, 451, 452, 453, 454, 455, 456, 457, 458, 459, 460, 462, 463, 464, 465, 466, 467, 468, 469, 470, 471, 472, 473, 475, 476, 478, 481, 482, 484, 486, 487, 489, 490, 491, 492], [13, 20, 26, 30, 36, 38, 39, 40, 49, 54, 55, 65, 73, 74, 75, 83, 84, 86, 90, 92, 93, 102, 105, 106, 107, 108, 109, 110, 111, 112, 113, 114, 115, 116, 117, 118, 127, 129, 132, 136, 139, 141, 142, 155, 160, 169, 170, 172, 173, 174, 175, 176, 177, 183, 185, 187, 188, 190, 193, 199, 203, 212, 213, 214, 215, 218, 219, 220, 221, 222, 223, 224, 225, 226, 227, 228, 229, 230, 231, 232, 233, 234, 235, 236, 237, 238, 239, 240, 241, 242, 243, 251, 253, 254, 256, 257, 258, 270, 273, 275, 281, 282, 283, 285, 286, 287, 288, 289, 290, 291, 296, 297, 300, 301, 302, 303, 305, 306, 308, 312, 315, 319, 321, 323, 326, 327, 330, 332, 337, 338, 339, 342, 343, 344, 345, 346, 347, 348, 349, 350, 351, 352, 353, 354, 355, 356, 357, 358, 359, 360, 361, 362, 363, 364, 365, 366, 367, 368, 373, 374, 375, 377, 381, 383, 386, 391, 394, 399, 400, 401, 402, 403, 404, 405, 406, 407, 408, 409, 411, 413, 414, 415, 416, 418, 420, 422, 424, 425, 428, 430, 431, 432, 434, 435, 436, 438, 440, 441, 442, 443, 444, 445, 446, 447, 448, 449, 450, 451, 452, 453, 454, 455, 456, 457, 458, 459, 461, 462, 463, 464, 466, 467, 468, 469, 470, 471, 472, 473, 474, 475, 476, 477, 478, 479, 480, 481, 482, 483, 484, 485, 486, 487, 488, 489, 490, 491, 492], [6, 14, 21, 27, 31, 37, 40, 41, 42, 50, 56, 57, 66, 76, 77, 78, 81, 87, 91, 93, 99, 103, 104, 107, 109, 112, 116, 117, 118, 119, 120, 121, 122, 123, 124, 125, 126, 133, 135, 140, 141, 142, 150, 151, 156, 159, 161, 167, 171, 176, 178, 179, 180, 181, 184, 186, 189, 190, 194, 197, 200, 201, 202, 203, 207, 209, 211, 215, 216, 217, 218, 220, 222, 224, 226, 227, 229, 232, 234, 236, 239, 241, 242, 243, 244, 245, 246, 247, 248, 249, 250, 251, 252, 256, 261, 262, 263, 264, 265, 268, 271, 272, 275, 279, 283, 284, 288, 291, 292, 293, 294, 298, 299, 300, 302, 303, 304, 305, 306, 313, 316, 317, 318, 319, 324, 325, 326, 328, 329, 330, 331, 332, 334, 336, 339, 340, 341, 342, 346, 348, 349, 350, 351, 353, 355, 357, 359, 360, 362, 364, 366, 367, 368, 369, 370, 371, 372, 373, 374, 375, 376, 377, 378, 380, 382, 383, 384, 385, 386, 387, 389, 390, 392, 393, 394, 397, 400, 402, 404, 405, 408, 409, 410, 412, 413, 414, 415, 421, 423, 424, 426, 427, 428, 429, 430, 431, 433, 434, 435, 436, 437, 438, 439, 440, 442, 444, 445, 448, 449, 450, 452, 453, 455, 457, 458, 459, 460, 461, 462, 463, 464, 465, 467, 470, 472, 473, 474, 475, 479, 480, 481, 482, 483, 484, 485, 486, 487, 488, 489, 490, 491, 492]!Vessel: FarSearcher
[1, 7, 8, 9, 10, 11, 12, 13, 14, 43, 44, 45, 46, 47, 48, 49, 50, 51, 52, 53, 54, 55, 56, 57, 58, 59, 60, 84, 94, 95, 96, 105, 106, 107, 119, 120, 121, 127, 128, 129, 130, 131, 132, 133, 134, 135, 136, 137, 138, 139, 140, 141, 142, 143, 144, 145, 146, 147, 148, 149, 150, 163, 172, 173, 178, 179, 182, 183, 184, 185, 186, 191, 192, 193, 194, 204, 205, 206, 207, 212, 213, 216, 218, 219, 220, 221, 222, 228, 229, 244, 245, 246, 247, 253, 254, 255, 256, 257, 258, 259, 260, 261, 262, 263, 266, 276, 277, 280, 284, 285, 292, 293, 294, 295, 296, 297, 298, 299, 300, 301, 302, 303, 307, 308, 309, 310, 311, 312, 313, 314, 315, 316, 317, 318, 319, 333, 334, 335, 337, 338, 340, 341, 342, 343, 344, 345, 346, 347, 348, 349, 350, 351, 354, 356, 357, 361, 362, 369, 370, 371, 372, 373, 374, 381, 383, 384, 387, 396, 397, 398, 399, 400, 403, 405, 407, 408, 411, 413, 414, 415, 416, 417, 418, 419, 420, 422, 423, 424, 425, 427, 428, 429, 430, 431, 439, 440, 441, 442, 443, 445, 447, 448, 450, 451, 452, 454, 455, 458, 460, 461, 463, 465, 476, 480, 481, 482, 489], [7, 15, 16, 17, 18, 19, 20, 21, 43, 44, 55, 56, 58, 59, 60, 61, 62, 63, 64, 65, 66, 67, 68, 69, 70, 71, 72, 73, 74, 75, 76, 77, 78, 108, 109, 125, 127, 128, 129, 137, 139, 140, 141, 143, 144, 145, 146, 147, 148, 149, 150, 151, 152, 153, 154, 155, 156, 157, 158, 159, 160, 161, 162, 163, 164, 165, 166, 167, 168, 169, 170, 171, 172, 173, 174, 175, 176, 177, 178, 179, 180, 181, 187, 200, 223, 224, 225, 226, 227, 244, 250, 251, 253, 254, 255, 256, 257, 258, 259, 260, 261, 262, 263, 264, 265, 266, 267, 268, 269, 270, 271, 272, 273, 274, 275, 276, 277, 278, 279, 280, 281, 282, 283, 284, 285, 286, 287, 288, 289, 290, 291, 292, 293, 294, 295, 296, 301, 302, 305, 307, 308, 309, 316, 320, 321, 328, 329, 330, 343, 348, 351, 352, 353, 354, 355, 369, 370, 373, 375, 376, 377, 378, 381, 383, 384, 386, 387, 390, 391, 394, 396, 397, 398, 399, 400, 401, 402, 403, 404, 405, 406, 407, 408, 409, 411, 413, 415, 416, 417, 418, 427, 428, 432, 434, 438, 441, 443, 444, 445, 446, 447, 448, 449, 460, 461, 462, 463, 465, 467, 476, 480, 482, 489], [2, 8, 15, 22, 23, 24, 25, 26, 27, 44, 45, 46, 47, 48, 49, 50, 61, 62, 63, 64, 65, 66, 79, 80, 81, 82, 83, 85, 86, 87, 97, 98, 99, 110, 111, 112, 122, 128, 129, 130, 131, 132, 133, 134, 135, 136, 137, 138, 148, 149, 150, 151, 152, 153, 154, 155, 156, 157, 158, 159, 160, 161, 164, 182, 183, 184, 187, 188, 189, 190, 195, 196, 197, 206, 207, 208, 209, 210, 211, 223, 224, 228, 229, 230, 231, 232, 233, 234, 237, 238, 239, 248, 249, 253, 254, 255, 259, 260, 261, 262, 263, 264, 265, 266, 267, 268, 269, 270, 271, 272, 273, 274, 275, 286, 289, 295, 296, 297, 298, 299, 300, 304, 305, 306, 309, 310, 311, 312, 313, 320, 321, 322, 323, 324, 325, 326, 333, 334, 335, 336, 343, 344, 345, 346, 351, 352, 353, 356, 357, 358, 359, 360, 361, 362, 363, 364, 365, 366, 370, 371, 372, 375, 378, 381, 383, 384, 386, 387, 390, 391, 394, 396, 403, 404, 406, 411, 413, 414, 417, 418, 419, 420, 422, 423, 424, 432, 434, 435, 436, 439, 441, 442, 443, 444, 445, 446, 450, 451, 452, 453, 454, 455, 456, 457, 460, 461, 462, 463, 465, 467, 476, 480, 481, 489], [3, 9, 16, 22, 28, 29, 30, 31, 33, 45, 51, 53, 58, 61, 67, 69, 70, 74, 76, 79, 82, 84, 85, 86, 87, 88, 89, 90, 91, 92, 93, 94, 101, 103, 114, 119, 124, 130, 134, 143, 146, 148, 151, 152, 157, 162, 163, 164, 165, 168, 169, 171, 172, 174, 178, 181, 182, 183, 184, 185, 186, 187, 188, 189, 190, 191, 192, 193, 194, 195, 196, 197, 198, 199, 200, 201, 202, 203, 205, 210, 218, 221, 225, 226, 230, 233, 235, 240, 241, 243, 247, 248, 252, 259, 263, 264, 265, 267, 268, 274, 276, 278, 280, 281, 284, 287, 289, 290, 291, 293, 295, 296, 297, 298, 299, 300, 301, 302, 303, 304, 305, 306, 307, 308, 309, 310, 311, 312, 313, 314, 315, 316, 317, 318, 319, 320, 321, 322, 323, 324, 325, 326, 327, 328, 329, 330, 331, 332, 333, 338, 340, 342, 347, 352, 354, 355, 356, 358, 360, 365, 367, 368, 376, 384, 386, 387, 390, 398, 401, 406, 407, 409, 411, 413, 414, 415, 416, 417, 418, 419, 420, 422, 423, 424, 425, 427, 428, 429, 430, 431, 432, 434, 435, 436, 438, 443, 444, 446, 447, 448, 449, 450, 451, 453, 456, 458, 459, 463, 465, 467, 476, 480, 481, 482], [4, 10, 17, 23, 28, 32, 34, 38, 41, 46, 51, 52, 59, 62, 67, 68, 71, 75, 77, 79, 80, 81, 88, 89, 90, 91, 95, 97, 100, 102, 104, 105, 110, 113, 117, 120, 123, 130, 131, 132, 133, 137, 138, 139, 143, 144, 145, 152, 153, 154, 155, 156, 162, 165, 166, 167, 170, 174, 175, 176, 180, 191, 192, 193, 194, 195, 196, 197, 198, 199, 200, 201, 202, 203, 204, 208, 209, 212, 214, 215, 217, 219, 220, 230, 231, 232, 235, 236, 237, 244, 245, 246, 249, 255, 257, 266, 267, 268, 269, 270, 271, 272, 276, 277, 278, 279, 281, 282, 283, 285, 286, 287, 288, 294, 307, 308, 309, 310, 311, 312, 313, 314, 315, 316, 317, 318, 319, 320, 321, 322, 323, 324, 325, 326, 327, 328, 329, 330, 331, 332, 335, 336, 337, 339, 341, 343, 344, 345, 346, 347, 348, 349, 350, 358, 359, 363, 364, 368, 369, 370, 371, 372, 375, 387, 390, 391, 394, 396, 397, 398, 399, 400, 401, 402, 403, 404, 405, 416, 417, 418, 419, 420, 422, 423, 424, 425, 427, 428, 429, 430, 431, 432, 434, 435, 436, 438, 439, 440, 441, 442, 446, 447, 449, 454, 455, 456, 457, 459, 460, 461, 465, 467, 476, 480, 481, 482, 489], [5, 11, 18, 24, 32, 33, 35, 39, 42, 47, 52, 53, 60, 63, 68, 69, 72, 78, 80, 82, 88, 96, 98, 100, 101, 106, 108, 111, 113, 114, 115, 118, 121, 122, 123, 124, 126, 131, 134, 135, 144, 146, 147, 149, 153, 157, 158, 159, 162, 166, 168, 173, 175, 177, 179, 180, 181, 191, 195, 198, 201, 204, 205, 206, 208, 210, 211, 213, 214, 216, 217, 219, 221, 222, 223, 225, 227, 228, 231, 233, 234, 235, 236, 238, 240, 242, 243, 245, 247, 248, 249, 250, 252, 254, 258, 259, 260, 261, 264, 266, 267, 269, 271, 273, 274, 276, 277, 278, 279, 280, 282, 285, 286, 287, 288, 290, 292, 293, 294, 299, 304, 310, 314, 317, 322, 325, 327, 328, 331, 333, 334, 335, 336, 337, 338, 339, 340, 341, 342, 344, 347, 349, 352, 353, 354, 355, 356, 357, 358, 359, 360, 361, 363, 365, 366, 367, 368, 371, 373, 374, 376, 377, 378, 381, 391, 396, 397, 398, 399, 401, 402, 403, 404, 405, 406, 407, 408, 409, 419, 420, 425, 429, 430, 435, 439, 440, 442, 443, 444, 445, 446, 447, 448, 449, 450, 451, 452, 453, 454, 456, 457, 458, 459, 462], [12, 19, 25, 29, 34, 35, 36, 37, 43, 48, 54, 57, 64, 70, 71, 72, 73, 83, 85, 89, 92, 94, 95, 96, 97, 98, 99, 100, 101, 102, 103, 104, 115, 116, 125, 126, 127, 128, 136, 138, 140, 142, 145, 147, 154, 158, 160, 161, 163, 164, 165, 166, 167, 168, 169, 170, 171, 177, 182, 185, 186, 188, 189, 192, 196, 198, 199, 202, 204, 205, 206, 207, 208, 209, 210, 211, 212, 213, 214, 215, 216, 217, 237, 238, 239, 240, 241, 242, 246, 250, 251, 252, 253, 255, 256, 257, 258, 260, 262, 265, 269, 270, 272, 273, 274, 275, 277, 278, 279, 280, 281, 282, 283, 284, 289, 290, 291, 292, 295, 297, 298, 301, 303, 304, 306, 307, 311, 314, 315, 318, 320, 322, 323, 324, 327, 329, 331, 332, 333, 334, 335, 336, 337, 338, 339, 340, 341, 345, 350, 361, 362, 363, 364, 365, 366, 367, 369, 372, 374, 376, 377, 378, 381, 383, 384, 386, 390, 391, 394, 396, 397, 398, 399, 400, 401, 402, 406, 407, 408, 409, 411, 414, 415, 416, 417, 419, 422, 423, 425, 427, 429, 431, 432, 436, 438, 439, 440, 441, 451, 452, 453, 454, 455, 456, 457, 458, 459, 460, 462, 463, 465, 467, 476, 481, 482, 489], [13, 20, 26, 30, 36, 38, 39, 40, 49, 54, 55, 65, 73, 74, 75, 83, 84, 86, 90, 92, 93, 102, 105, 106, 107, 108, 109, 110, 111, 112, 113, 114, 115, 116, 117, 118, 127, 129, 132, 136, 139, 141, 142, 155, 160, 169, 170, 172, 173, 174, 175, 176, 177, 183, 185, 187, 188, 190, 193, 199, 203, 212, 213, 214, 215, 218, 219, 220, 221, 222, 223, 224, 225, 226, 227, 228, 229, 230, 231, 232, 233, 234, 235, 236, 237, 238, 239, 240, 241, 242, 243, 251, 253, 254, 256, 257, 258, 270, 273, 275, 281, 282, 283, 285, 286, 287, 288, 289, 290, 291, 296, 297, 300, 301, 302, 303, 305, 306, 308, 312, 315, 319, 321, 323, 326, 327, 330, 332, 337, 338, 339, 342, 343, 344, 345, 346, 347, 348, 349, 350, 351, 352, 353, 354, 355, 356, 357, 358, 359, 360, 361, 362, 363, 364, 365, 366, 367, 368, 373, 374, 375, 377, 381, 383, 386, 391, 394, 399, 400, 401, 402, 403, 404, 405, 406, 407, 408, 409, 411, 413, 414, 415, 416, 418, 420, 422, 424, 425, 428, 430, 431, 432, 434, 435, 436, 438, 440, 441, 442, 443, 444, 445, 446, 447, 448, 449, 450, 451, 452, 453, 454, 455, 456, 457, 458, 459, 461, 462, 463, 467, 476, 480, 481, 482, 489], [6, 14, 21, 27, 31, 37, 40, 41, 42, 50, 56, 57, 66, 76, 77, 78, 81, 87, 91, 93, 99, 103, 104, 107, 109, 112, 116, 117, 118, 119, 120, 121, 122, 123, 124, 125, 126, 133, 135, 140, 141, 142, 150, 151, 156, 159, 161, 167, 171, 176, 178, 179, 180, 181, 184, 186, 189, 190, 194, 197, 200, 201, 202, 203, 207, 209, 211, 215, 216, 217, 218, 220, 222, 224, 226, 227, 229, 232, 234, 236, 239, 241, 242, 243, 244, 245, 246, 247, 248, 249, 250, 251, 252, 256, 261, 262, 263, 264, 265, 268, 271, 272, 275, 279, 283, 284, 288, 291, 292, 293, 294, 298, 299, 300, 302, 303, 304, 305, 306, 313, 316, 317, 318, 319, 324, 325, 326, 328, 329, 330, 331, 332, 334, 336, 339, 340, 341, 342, 346, 348, 349, 350, 351, 353, 355, 357, 359, 360, 362, 364, 366, 367, 368, 369, 370, 371, 372, 373, 374, 375, 376, 377, 378, 383, 384, 386, 387, 390, 394, 397, 400, 402, 404, 405, 408, 409, 413, 414, 415, 423, 424, 427, 428, 429, 430, 431, 434, 435, 436, 438, 439, 440, 442, 444, 445, 448, 449, 450, 452, 453, 455, 457, 458, 459, 460, 461, 462, 463, 465, 467, 480, 481, 482, 489]!Vessel: FarSymphony
[1, 7, 8, 9, 10, 11, 12, 13, 14, 43, 44, 45, 46, 47, 48, 49, 50, 51, 52, 53, 54, 55, 56, 57, 58, 59, 60, 84, 94, 95, 96, 105, 106, 107, 119, 120, 121, 127, 128, 129, 130, 131, 132, 133, 134, 135, 136, 137, 138, 139, 140, 141, 142, 143, 144, 145, 146, 147, 148, 149, 150, 163, 172, 173, 178, 179, 182, 183, 184, 185, 186, 191, 192, 193, 194, 204, 205, 206, 207, 212, 213, 216, 218, 219, 220, 221, 222, 228, 229, 244, 245, 246, 247, 253, 254, 255, 256, 257, 258, 259, 260, 261, 262, 263, 266, 276, 277, 280, 284, 285, 292, 293, 294, 295, 296, 297, 298, 299, 300, 301, 302, 303, 307, 308, 309, 310, 311, 312, 313, 314, 315, 316, 317, 318, 319, 333, 334, 335, 337, 338, 340, 341, 342, 343, 344, 345, 346, 347, 348, 349, 350, 351, 354, 356, 357, 361, 362, 369, 370, 371, 372, 373, 374, 379, 380, 381, 382, 383, 384, 387, 392, 395, 396, 397, 398, 399, 400, 403, 405, 407, 408, 410, 411, 412, 413, 414, 415, 416, 417, 418, 419, 420, 421, 422, 423, 424, 425, 426, 427, 428, 429, 430, 431, 439, 440, 441, 442, 443, 445, 447, 448, 450, 451, 452, 454, 455, 458, 460, 461, 463, 465, 468, 469, 470, 471, 472, 473, 476, 478, 480, 481, 482, 484, 489, 490, 492], [7, 15, 16, 17, 18, 19, 20, 21, 43, 44, 55, 56, 58, 59, 60, 61, 62, 63, 64, 65, 66, 67, 68, 69, 70, 71, 72, 73, 74, 75, 76, 77, 78, 108, 109, 125, 127, 128, 129, 137, 139, 140, 141, 143, 144, 145, 146, 147, 148, 149, 150, 151, 152, 153, 154, 155, 156, 157, 158, 159, 160, 161, 162, 163, 164, 165, 166, 167, 168, 169, 170, 171, 172, 173, 174, 175, 176, 177, 178, 179, 180, 181, 187, 200, 223, 224, 225, 226, 227, 244, 250, 251, 253, 254, 255, 256, 257, 258, 259, 260, 261, 262, 263, 264, 265, 266, 267, 268, 269, 270, 271, 272, 273, 274, 275, 276, 277, 278, 279, 280, 281, 282, 283, 284, 285, 286, 287, 288, 289, 290, 291, 292, 293, 294, 295, 296, 301, 302, 305, 307, 308, 309, 316, 320, 321, 328, 329, 330, 343, 348, 351, 352, 353, 354, 355, 369, 370, 373, 375, 376, 377, 378, 379, 380, 381, 382, 383, 384, 385, 386, 387, 388, 389, 390, 391, 392, 393, 394, 395, 396, 397, 398, 399, 400, 401, 402, 403, 404, 405, 406, 407, 408, 409, 410, 411, 413, 415, 416, 417, 418, 426, 427, 428, 432, 434, 437, 438, 441, 443, 444, 445, 446, 447, 448, 449, 460, 461, 462, 463, 465, 466, 467, 468, 469, 470, 471, 472, 473, 476, 480, 482, 487, 489, 491, 492], [2, 8, 15, 22, 23, 24, 25, 26, 27, 44, 45, 46, 47, 48, 49, 50, 61, 62, 63, 64, 65, 66, 79, 80, 81, 82, 83, 85, 86, 87, 97, 98, 99, 110, 111, 112, 122, 128, 129, 130, 131, 132, 133, 134, 135, 136, 137, 138, 148, 149, 150, 151, 152, 153, 154, 155, 156, 157, 158, 159, 160, 161, 164, 182, 183, 184, 187, 188, 189, 190, 195, 196, 197, 206, 207, 208, 209, 210, 211, 223, 224, 228, 229, 230, 231, 232, 233, 234, 237, 238, 239, 248, 249, 253, 254, 255, 259, 260, 261, 262, 263, 264, 265, 266, 267, 268, 269, 270, 271, 272, 273, 274, 275, 286, 289, 295, 296, 297, 298, 299, 300, 304, 305, 306, 309, 310, 311, 312, 313, 320, 321, 322, 323, 324, 325, 326, 333, 334, 335, 336, 343, 344, 345, 346, 351, 352, 353, 356, 357, 358, 359, 360, 361, 362, 363, 364, 365, 366, 370, 371, 372, 375, 378, 379, 380, 381, 382, 383, 384, 385, 386, 387, 388, 389, 390, 391, 392, 393, 394, 395, 396, 403, 404, 406, 411, 412, 413, 414, 417, 418, 419, 420, 421, 422, 423, 424, 432, 433, 434, 435, 436, 439, 441, 442, 443, 444, 445, 446, 450, 451, 452, 453, 454, 455, 456, 457, 460, 461, 462, 463, 465, 466, 467, 468, 469, 470, 476, 478, 480, 481, 489, 490, 491, 492], [3, 9, 16, 22, 28, 29, 30, 31, 33, 45, 51, 53, 58, 61, 67, 69, 70, 74, 76, 79, 82, 84, 85, 86, 87, 88, 89, 90, 91, 92, 93, 94, 101, 103, 114, 119, 124, 130, 134, 143, 146, 148, 151, 152, 157, 162, 163, 164, 165, 168, 169, 171, 172, 174, 178, 181, 182, 183, 184, 185, 186, 187, 188, 189, 190, 191, 192, 193, 194, 195, 196, 197, 198, 199, 200, 201, 202, 203, 205, 210, 218, 221, 225, 226, 230, 233, 235, 240, 241, 243, 247, 248, 252, 259, 263, 264, 265, 267, 268, 274, 276, 278, 280, 281, 284, 287, 289, 290, 291, 293, 295, 296, 297, 298, 299, 300, 301, 302, 303, 304, 305, 306, 307, 308, 309, 310, 311, 312, 313, 314, 315, 316, 317, 318, 319, 320, 321, 322, 323, 324, 325, 326, 327, 328, 329, 330, 331, 332, 333, 338, 340, 342, 347, 352, 354, 355, 356, 358, 360, 365, 367, 368, 376, 379, 380, 384, 385, 386, 387, 388, 389, 390, 395, 398, 401, 406, 407, 409, 410, 411, 412, 413, 414, 415, 416, 417, 418, 419, 420, 421, 422, 423, 424, 425, 426, 427, 428, 429, 430, 431, 432, 433, 434, 435, 436, 437, 438, 443, 444, 446, 447, 448, 449, 450, 451, 453, 456, 458, 459, 463, 465, 466, 467, 469, 471, 473, 476, 478, 480, 481, 482, 484, 487, 492], [4, 10, 17, 23, 28, 32, 34, 38, 41, 46, 51, 52, 59, 62, 67, 68, 71, 75, 77, 79, 80, 81, 88, 89, 90, 91, 95, 97, 100, 102, 104, 105, 110, 113, 117, 120, 123, 130, 131, 132, 133, 137, 138, 139, 143, 144, 145, 152, 153, 154, 155, 156, 162, 165, 166, 167, 170, 174, 175, 176, 180, 191, 192, 193, 194, 195, 196, 197, 198, 199, 200, 201, 202, 203, 204, 208, 209, 212, 214, 215, 217, 219, 220, 230, 231, 232, 235, 236, 237, 244, 245, 246, 249, 255, 257, 266, 267, 268, 269, 270, 271, 272, 276, 277, 278, 279, 281, 282, 283, 285, 286, 287, 288, 294, 307, 308, 309, 310, 311, 312, 313, 314, 315, 316, 317, 318, 319, 320, 321, 322, 323, 324, 325, 326, 327, 328, 329, 330, 331, 332, 335, 336, 337, 339, 341, 343, 344, 345, 346, 347, 348, 349, 350, 358, 359, 363, 364, 368, 369, 370, 371, 372, 375, 379, 387, 388, 389, 390, 391, 392, 393, 394, 396, 397, 398, 399, 400, 401, 402, 403, 404, 405, 416, 417, 418, 419, 420, 421, 422, 423, 424, 425, 426, 427, 428, 429, 430, 431, 432, 433, 434, 435, 436, 437, 438, 439, 440, 441, 442, 446, 447, 449, 454, 455, 456, 457, 459, 460, 461, 465, 466, 467, 468, 471, 472, 476, 478, 480, 481, 482, 484, 487, 489, 490, 491, 492], [5, 11, 18, 24, 32, 33, 35, 39, 42, 47, 52, 53, 60, 63, 68, 69, 72, 78, 80, 82, 88, 96, 98, 100, 101, 106, 108, 111, 113, 114, 115, 118, 121, 122, 123, 124, 126, 131, 134, 135, 144, 146, 147, 149, 153, 157, 158, 159, 162, 166, 168, 173, 175, 177, 179, 180, 181, 191, 195, 198, 201, 204, 205, 206, 208, 210, 211, 213, 214, 216, 217, 219, 221, 222, 223, 225, 227, 228, 231, 233, 234, 235, 236, 238, 240, 242, 243, 245, 247, 248, 249, 250, 252, 254, 258, 259, 260, 261, 264, 266, 267, 269, 271, 273, 274, 276, 277, 278, 279, 280, 282, 285, 286, 287, 288, 290, 292, 293, 294, 299, 304, 310, 314, 317, 322, 325, 327, 328, 331, 333, 334, 335, 336, 337, 338, 339, 340, 341, 342, 344, 347, 349, 352, 353, 354, 355, 356, 357, 358, 359, 360, 361, 363, 365, 366, 367, 368, 371, 373, 374, 376, 377, 378, 379, 380, 381, 382, 385, 388, 389, 391, 392, 393, 395, 396, 397, 398, 399, 401, 402, 403, 404, 405, 406, 407, 408, 409, 410, 412, 419, 420, 421, 425, 426, 429, 430, 433, 435, 437, 439, 440, 442, 443, 444, 445, 446, 447, 448, 449, 450, 451, 452, 453, 454, 456, 457, 458, 459, 462, 466, 468, 469, 470, 471, 472, 473, 478, 484, 487, 490, 491], [12, 19, 25, 29, 34, 35, 36, 37, 43, 48, 54, 57, 64, 70, 71, 72, 73, 83, 85, 89, 92, 94, 95, 96, 97, 98, 99, 100, 101, 102, 103, 104, 115, 116, 125, 126, 127, 128, 136, 138, 140, 142, 145, 147, 154, 158, 160, 161, 163, 164, 165, 166, 167, 168, 169, 170, 171, 177, 182, 185, 186, 188, 189, 192, 196, 198, 199, 202, 204, 205, 206, 207, 208, 209, 210, 211, 212, 213, 214, 215, 216, 217, 237, 238, 239, 240, 241, 242, 246, 250, 251, 252, 253, 255, 256, 257, 258, 260, 262, 265, 269, 270, 272, 273, 274, 275, 277, 278, 279, 280, 281, 282, 283, 284, 289, 290, 291, 292, 295, 297, 298, 301, 303, 304, 306, 307, 311, 314, 315, 318, 320, 322, 323, 324, 327, 329, 331, 332, 333, 334, 335, 336, 337, 338, 339, 340, 341, 345, 350, 361, 362, 363, 364, 365, 366, 367, 369, 372, 374, 376, 377, 378, 381, 382, 383, 384, 385, 386, 388, 390, 391, 393, 394, 395, 396, 397, 398, 399, 400, 401, 402, 406, 407, 408, 409, 410, 411, 412, 414, 415, 416, 417, 419, 422, 423, 425, 427, 429, 431, 432, 433, 436, 437, 438, 439, 440, 441, 451, 452, 453, 454, 455, 456, 457, 458, 459, 460, 462, 463, 465, 466, 467, 468, 469, 470, 471, 472, 473, 476, 478, 481, 482, 484, 487, 489, 490, 491, 492], [13, 20, 26, 30, 36, 38, 39, 40, 49, 54, 55, 65, 73, 74, 75, 83, 84, 86, 90, 92, 93, 102, 105, 106, 107, 108, 109, 110, 111, 112, 113, 114, 115, 116, 117, 118, 127, 129, 132, 136, 139, 141, 142, 155, 160, 169, 170, 172, 173, 174, 175, 176, 177, 183, 185, 187, 188, 190, 193, 199, 203, 212, 213, 214, 215, 218, 219, 220, 221, 222, 223, 224, 225, 226, 227, 228, 229, 230, 231, 232, 233, 234, 235, 236, 237, 238, 239, 240, 241, 242, 243, 251, 253, 254, 256, 257, 258, 270, 273, 275, 281, 282, 283, 285, 286, 287, 288, 289, 290, 291, 296, 297, 300, 301, 302, 303, 305, 306, 308, 312, 315, 319, 321, 323, 326, 327, 330, 332, 337, 338, 339, 342, 343, 344, 345, 346, 347, 348, 349, 350, 351, 352, 353, 354, 355, 356, 357, 358, 359, 360, 361, 362, 363, 364, 365, 366, 367, 368, 373, 374, 375, 377, 381, 383, 386, 391, 394, 399, 400, 401, 402, 403, 404, 405, 406, 407, 408, 409, 411, 413, 414, 415, 416, 418, 420, 422, 424, 425, 428, 430, 431, 432, 434, 435, 436, 438, 440, 441, 442, 443, 444, 445, 446, 447, 448, 449, 450, 451, 452, 453, 454, 455, 456, 457, 458, 459, 461, 462, 463, 466, 467, 468, 469, 470, 471, 472, 473, 476, 478, 480, 481, 482, 484, 487, 489, 490, 491, 492], [6, 14, 21, 27, 31, 37, 40, 41, 42, 50, 56, 57, 66, 76, 77, 78, 81, 87, 91, 93, 99, 103, 104, 107, 109, 112, 116, 117, 118, 119, 120, 121, 122, 123, 124, 125, 126, 133, 135, 140, 141, 142, 150, 151, 156, 159, 161, 167, 171, 176, 178, 179, 180, 181, 184, 186, 189, 190, 194, 197, 200, 201, 202, 203, 207, 209, 211, 215, 216, 217, 218, 220, 222, 224, 226, 227, 229, 232, 234, 236, 239, 241, 242, 243, 244, 245, 246, 247, 248, 249, 250, 251, 252, 256, 261, 262, 263, 264, 265, 268, 271, 272, 275, 279, 283, 284, 288, 291, 292, 293, 294, 298, 299, 300, 302, 303, 304, 305, 306, 313, 316, 317, 318, 319, 324, 325, 326, 328, 329, 330, 331, 332, 334, 336, 339, 340, 341, 342, 346, 348, 349, 350, 351, 353, 355, 357, 359, 360, 362, 364, 366, 367, 368, 369, 370, 371, 372, 373, 374, 375, 376, 377, 378, 380, 382, 383, 384, 385, 386, 387, 389, 390, 392, 393, 394, 397, 400, 402, 404, 405, 408, 409, 410, 412, 413, 414, 415, 421, 423, 424, 426, 427, 428, 429, 430, 431, 433, 434, 435, 436, 437, 438, 439, 440, 442, 444, 445, 448, 449, 450, 452, 453, 455, 457, 458, 459, 460, 461, 462, 463, 465, 467, 470, 472, 473, 480, 481, 482, 484, 487, 489, 490, 491, 492]!Vessel: HavilaForesight
[1, 7, 8, 9, 10, 11, 12, 13, 14, 43, 44, 45, 46, 47, 48, 49, 50, 51, 52, 53, 54, 55, 56, 57, 58, 59, 60, 84, 94, 95, 96, 105, 106, 107, 119, 120, 121, 127, 128, 129, 130, 131, 132, 133, 134, 135, 136, 137, 138, 139, 140, 141, 142, 143, 144, 145, 146, 147, 148, 149, 150, 163, 172, 173, 178, 179, 182, 183, 184, 185, 186, 191, 192, 193, 194, 204, 205, 206, 207, 212, 213, 216, 218, 219, 220, 221, 222, 228, 229, 244, 245, 246, 247, 253, 254, 255, 256, 257, 258, 259, 260, 261, 262, 263, 266, 276, 277, 280, 284, 285, 292, 293, 294, 295, 296, 297, 298, 299, 300, 301, 302, 303, 307, 308, 309, 310, 311, 312, 313, 314, 315, 316, 317, 318, 319, 333, 334, 335, 337, 338, 340, 341, 342, 343, 344, 345, 346, 347, 348, 349, 350, 351, 354, 356, 357, 361, 362, 369, 370, 371, 372, 373, 374, 381, 383, 384, 387, 399, 400, 403, 405, 407, 408, 411, 413, 414, 415, 416, 417, 418, 422, 423, 424, 425, 427, 428, 431, 440, 441, 447, 451, 452, 454, 455, 458, 460, 461, 463, 476, 481, 482, 489], [7, 15, 16, 17, 18, 19, 20, 21, 43, 44, 55, 56, 58, 59, 60, 61, 62, 63, 64, 65, 66, 67, 68, 69, 70, 71, 72, 73, 74, 75, 76, 77, 78, 108, 109, 125, 127, 128, 129, 137, 139, 140, 141, 143, 144, 145, 146, 147, 148, 149, 150, 151, 152, 153, 154, 155, 156, 157, 158, 159, 160, 161, 162, 163, 164, 165, 166, 167, 168, 169, 170, 171, 172, 173, 174, 175, 176, 177, 178, 179, 180, 181, 187, 200, 223, 224, 225, 226, 227, 244, 250, 251, 253, 254, 255, 256, 257, 258, 259, 260, 261, 262, 263, 265, 266, 267, 268, 269, 270, 271, 272, 273, 274, 275, 276, 277, 278, 279, 280, 281, 282, 283, 284, 285, 286, 287, 288, 289, 290, 291, 292, 293, 294, 295, 296, 301, 302, 305, 307, 308, 309, 316, 320, 321, 328, 329, 330, 343, 348, 351, 352, 353, 354, 355, 369, 370, 373, 375, 376, 377, 378, 381, 383, 384, 386, 387, 390, 391, 394, 399, 400, 401, 402, 403, 405, 407, 408, 411, 413, 415, 416, 417, 418, 427, 428, 432, 434, 438, 441, 447, 460, 461, 463, 467, 476, 482, 489], [2, 8, 15, 22, 23, 24, 25, 26, 27, 44, 45, 46, 47, 48, 49, 50, 61, 62, 63, 64, 65, 66, 79, 80, 81, 82, 83, 85, 86, 87, 97, 98, 99, 110, 111, 112, 122, 128, 129, 130, 131, 132, 133, 134, 135, 136, 137, 138, 148, 149, 150, 151, 152, 153, 154, 155, 156, 157, 158, 159, 160, 161, 164, 182, 183, 184, 187, 188, 189, 190, 195, 196, 197, 206, 207, 208, 209, 210, 211, 223, 224, 228, 229, 230, 231, 232, 233, 234, 237, 238, 239, 248, 249, 253, 254, 255, 259, 260, 261, 262, 263, 265, 266, 267, 268, 269, 270, 271, 272, 273, 274, 275, 286, 289, 295, 296, 297, 298, 299, 300, 304, 305, 306, 309, 310, 311, 312, 313, 320, 321, 322, 323, 324, 325, 326, 333, 334, 335, 336, 343, 344, 345, 346, 351, 352, 353, 356, 357, 358, 359, 360, 361, 362, 363, 364, 365, 366, 370, 371, 372, 375, 378, 381, 383, 384, 386, 387, 390, 391, 394, 403, 411, 413, 414, 417, 418, 422, 423, 424, 432, 434, 436, 441, 451, 452, 454, 455, 456, 460, 461, 463, 467, 476, 481, 489], [3, 9, 16, 22, 28, 29, 30, 31, 33, 45, 51, 53, 58, 61, 67, 69, 70, 74, 76, 79, 82, 84, 85, 86, 87, 88, 89, 90, 91, 92, 93, 94, 101, 103, 114, 119, 124, 130, 134, 143, 146, 148, 151, 152, 157, 162, 163, 164, 165, 168, 169, 171, 172, 174, 178, 181, 182, 183, 184, 185, 186, 187, 188, 189, 190, 191, 192, 193, 194, 195, 196, 197, 198, 199, 200, 201, 202, 203, 205, 210, 218, 221, 225, 226, 230, 233, 235, 240, 241, 243, 247, 248, 252, 259, 263, 265, 267, 268, 274, 276, 278, 280, 281, 284, 287, 289, 290, 291, 293, 295, 296, 297, 298, 299, 300, 301, 302, 303, 304, 305, 306, 307, 308, 309, 310, 311, 312, 313, 314, 315, 316, 317, 318, 319, 320, 321, 322, 323, 324, 325, 326, 327, 328, 329, 330, 331, 332, 333, 338, 340, 342, 347, 352, 354, 355, 356, 358, 360, 365, 367, 368, 376, 384, 386, 387, 390, 401, 407, 411, 413, 414, 415, 416, 417, 418, 422, 423, 424, 425, 427, 428, 431, 432, 434, 436, 438, 447, 451, 456, 458, 463, 467, 476, 481, 482], [4, 10, 17, 23, 28, 32, 34, 38, 41, 46, 51, 52, 59, 62, 67, 68, 71, 75, 77, 79, 80, 81, 88, 89, 90, 91, 95, 97, 100, 102, 104, 105, 110, 113, 117, 120, 123, 130, 131, 132, 133, 137, 138, 139, 143, 144, 145, 152, 153, 154, 155, 156, 162, 165, 166, 167, 170, 174, 175, 176, 180, 191, 192, 193, 194, 195, 196, 197, 198, 199, 200, 201, 202, 203, 204, 208, 209, 212, 214, 215, 217, 219, 220, 230, 231, 232, 235, 236, 237, 244, 245, 246, 249, 255, 257, 266, 267, 268, 269, 270, 271, 272, 276, 277, 278, 279, 281, 282, 283, 285, 286, 287, 288, 294, 307, 308, 309, 310, 311, 312, 313, 314, 315, 316, 317, 318, 319, 320, 321, 322, 323, 324, 325, 326, 327, 328, 329, 330, 331, 332, 335, 336, 337, 339, 341, 343, 344, 345, 346, 347, 348, 349, 350, 358, 359, 363, 364, 368, 369, 370, 371, 372, 375, 387, 390, 391, 394, 399, 400, 401, 402, 403, 405, 416, 417, 418, 422, 423, 424, 425, 427, 428, 431, 432, 434, 436, 438, 440, 441, 447, 454, 455, 456, 460, 461, 467, 476, 481, 482, 489], [5, 11, 18, 24, 32, 33, 35, 39, 42, 47, 52, 53, 60, 63, 68, 69, 72, 78, 80, 82, 88, 96, 98, 100, 101, 106, 108, 111, 113, 114, 115, 118, 121, 122, 123, 124, 126, 131, 134, 135, 144, 146, 147, 149, 153, 157, 158, 159, 162, 166, 168, 173, 175, 177, 179, 180, 181, 191, 195, 198, 201, 204, 205, 206, 208, 210, 211, 213, 214, 216, 217, 219, 221, 222, 223, 225, 227, 228, 231, 233, 234, 235, 236, 238, 240, 242, 243, 245, 247, 248, 249, 250, 252, 254, 258, 259, 260, 261, 266, 267, 269, 271, 273, 274, 276, 277, 278, 279, 280, 282, 285, 286, 287, 288, 290, 292, 293, 294, 299, 304, 310, 314, 317, 322, 325, 327, 328, 331, 333, 334, 335, 336, 337, 338, 339, 340, 341, 342, 344, 347, 349, 352, 353, 354, 355, 356, 357, 358, 359, 360, 361, 363, 365, 366, 367, 368, 371, 373, 374, 376, 377, 378, 381, 391, 399, 401, 402, 403, 405, 407, 408, 425, 440, 447, 451, 452, 454, 456, 458], [12, 19, 25, 29, 34, 35, 36, 37, 43, 48, 54, 57, 64, 70, 71, 72, 73, 83, 85, 89, 92, 94, 95, 96, 97, 98, 99, 100, 101, 102, 103, 104, 115, 116, 125, 126, 127, 128, 136, 138, 140, 142, 145, 147, 154, 158, 160, 161, 163, 164, 165, 166, 167, 168, 169, 170, 171, 177, 182, 185, 186, 188, 189, 192, 196, 198, 199, 202, 204, 205, 206, 207, 208, 209, 210, 211, 212, 213, 214, 215, 216, 217, 237, 238, 239, 240, 241, 242, 246, 250, 251, 252, 253, 255, 256, 257, 258, 260, 262, 265, 269, 270, 272, 273, 274, 275, 277, 278, 279, 280, 281, 282, 283, 284, 289, 290, 291, 292, 295, 297, 298, 301, 303, 304, 306, 307, 311, 314, 315, 318, 320, 322, 323, 324, 327, 329, 331, 332, 333, 334, 335, 336, 337, 338, 339, 340, 341, 345, 350, 361, 362, 363, 364, 365, 366, 367, 369, 372, 374, 376, 377, 378, 381, 383, 384, 386, 390, 391, 394, 399, 400, 401, 402, 407, 408, 411, 414, 415, 416, 417, 422, 423, 425, 427, 431, 432, 436, 438, 440, 441, 451, 452, 454, 455, 456, 458, 460, 463, 467, 476, 481, 482, 489], [13, 20, 26, 30, 36, 38, 39, 40, 49, 54, 55, 65, 73, 74, 75, 83, 84, 86, 90, 92, 93, 102, 105, 106, 107, 108, 109, 110, 111, 112, 113, 114, 115, 116, 117, 118, 127, 129, 132, 136, 139, 141, 142, 155, 160, 169, 170, 172, 173, 174, 175, 176, 177, 183, 185, 187, 188, 190, 193, 199, 203, 212, 213, 214, 215, 218, 219, 220, 221, 222, 223, 224, 225, 226, 227, 228, 229, 230, 231, 232, 233, 234, 235, 236, 237, 238, 239, 240, 241, 242, 243, 251, 253, 254, 256, 257, 258, 270, 273, 275, 281, 282, 283, 285, 286, 287, 288, 289, 290, 291, 296, 297, 300, 301, 302, 303, 305, 306, 308, 312, 315, 319, 321, 323, 326, 327, 330, 332, 337, 338, 339, 342, 343, 344, 345, 346, 347, 348, 349, 350, 351, 352, 353, 354, 355, 356, 357, 358, 359, 360, 361, 362, 363, 364, 365, 366, 367, 368, 373, 374, 375, 377, 381, 383, 386, 391, 394, 399, 400, 401, 402, 403, 405, 407, 408, 411, 413, 414, 415, 416, 418, 422, 424, 425, 428, 431, 432, 434, 436, 438, 440, 441, 447, 451, 452, 454, 455, 456, 458, 461, 463, 467, 476, 481, 482, 489], [6, 14, 21, 27, 31, 37, 40, 41, 42, 50, 56, 57, 66, 76, 77, 78, 81, 87, 91, 93, 99, 103, 104, 107, 109, 112, 116, 117, 118, 119, 120, 121, 122, 123, 124, 125, 126, 133, 135, 140, 141, 142, 150, 151, 156, 159, 161, 167, 171, 176, 178, 179, 180, 181, 184, 186, 189, 190, 194, 197, 200, 201, 202, 203, 207, 209, 211, 215, 216, 217, 218, 220, 222, 224, 226, 227, 229, 232, 234, 236, 239, 241, 242, 243, 244, 245, 246, 247, 248, 249, 250, 251, 252, 256, 261, 262, 263, 265, 268, 271, 272, 275, 279, 283, 284, 288, 291, 292, 293, 294, 298, 299, 300, 302, 303, 304, 305, 306, 313, 316, 317, 318, 319, 324, 325, 326, 328, 329, 330, 331, 332, 334, 336, 339, 340, 341, 342, 346, 348, 349, 350, 351, 353, 355, 357, 359, 360, 362, 364, 366, 367, 368, 369, 370, 371, 372, 373, 374, 375, 376, 377, 378, 383, 384, 386, 387, 390, 394, 400, 402, 405, 408, 413, 414, 415, 423, 424, 427, 428, 431, 434, 436, 438, 440, 452, 455, 458, 460, 461, 463, 467, 481, 482, 489]!Vessel: FarStar
] 

Rvl : [
!l : 2, 3
[1, 2, 3, 4, 5, 6, 7, 8, 9, 10, 11, 12, 13, 14, 15, 16, 17, 18, 19, 20, 21, 22, 23, 24, 25, 26, 27, 28, 29, 30, 31, 34, 35, 36, 37, 38, 39, 40, 41, 42, 43, 44, 46, 47, 48, 49, 50, 54, 55, 56, 57, 58, 59, 60, 61, 62, 63, 64, 65, 66, 70, 71, 72, 73, 74, 75, 77, 78, 81, 83, 84, 85, 86, 89, 90, 92, 94, 95, 96, 97, 98, 99, 102, 104, 105, 106, 107, 108, 109, 110, 111, 112, 115, 116, 117, 118, 120, 121, 122, 125, 126, 127, 128, 129, 132, 135, 136, 137, 138, 139, 140, 141, 142, 145, 147, 149, 150, 154, 155, 158, 159, 160, 161, 170, 173, 177, 179, 206, 207, 211, 212, 213, 216, 222, 223, 224, 227, 228, 229, 234, 237, 238, 239, 242, 250, 251, 253, 254, 256, 258, 260, 261, 262, 273, 275, 292, 334, 351, 353, 357, 361, 362, 366, 373, 374, 377, 378, 381, 383, 408], [32, 33, 45, 51, 52, 53, 67, 68, 69, 76, 79, 80, 82, 87, 88, 91, 93, 100, 101, 103, 113, 114, 119, 123, 124, 130, 131, 133, 134, 143, 144, 146, 148, 151, 152, 153, 156, 157, 162, 163, 164, 165, 166, 167, 168, 169, 171, 172, 174, 175, 176, 178, 180, 181, 182, 183, 184, 185, 186, 187, 188, 189, 190, 191, 192, 193, 194, 195, 196, 197, 198, 199, 200, 201, 202, 203, 204, 205, 208, 209, 210, 214, 215, 217, 218, 219, 220, 221, 225, 226, 230, 231, 232, 233, 235, 236, 240, 241, 243, 244, 245, 246, 247, 248, 249, 252, 255, 257, 259, 263, 264, 265, 266, 267, 268, 269, 270, 271, 272, 274, 276, 277, 278, 279, 280, 281, 282, 283, 284, 285, 286, 287, 288, 289, 290, 291, 293, 294, 295, 296, 297, 298, 299, 300, 301, 302, 303, 304, 305, 306, 307, 308, 309, 310, 311, 312, 313, 314, 315, 316, 317, 318, 319, 320, 321, 322, 323, 324, 325, 326, 327, 328, 329, 330, 331, 332, 333, 335, 336, 337, 338, 339, 340, 341, 342, 343, 344, 345, 346, 347, 348, 349, 350, 352, 354, 355, 356, 358, 359, 360, 363, 364, 365, 367, 368, 369, 370, 371, 372, 375, 376, 379, 380, 382, 384, 385, 386, 387, 388, 389, 390, 391, 392, 393, 394, 395, 396, 397, 398, 399, 400, 401, 402, 403, 404, 405, 406, 407, 409, 410, 411, 412, 413, 414, 415, 416, 417, 418, 419, 420, 421, 422, 423, 424, 425, 426, 427, 428, 429, 430, 431, 432, 433, 434, 435, 436, 437, 438, 439, 440, 441, 442, 443, 444, 445, 446, 447, 448, 449, 450, 451, 452, 453, 454, 455, 456, 457, 458, 459, 460, 461, 462, 463, 464, 465, 466, 467, 468, 469, 470, 471, 472, 473, 474, 475, 476, 477, 478, 479, 480, 481, 482, 483, 484, 485, 486, 487, 488, 489, 490, 491, 492]!Vessel: FarSeeker
[1, 2, 3, 4, 5, 6, 7, 8, 9, 10, 11, 12, 13, 14, 15, 16, 17, 18, 19, 20, 21, 22, 23, 24, 25, 26, 27, 28, 29, 30, 31, 34, 35, 36, 37, 38, 39, 40, 41, 42, 43, 44, 46, 47, 48, 49, 50, 54, 55, 56, 57, 58, 59, 60, 61, 62, 63, 64, 65, 66, 70, 71, 72, 73, 74, 75, 77, 78, 81, 83, 84, 85, 86, 89, 90, 92, 94, 95, 96, 97, 98, 99, 102, 104, 105, 106, 107, 108, 109, 110, 111, 112, 115, 116, 117, 118, 120, 121, 122, 125, 126, 127, 128, 129, 132, 135, 136, 137, 138, 139, 140, 141, 142, 145, 147, 149, 150, 154, 155, 158, 159, 160, 161, 170, 173, 177, 179, 206, 207, 211, 212, 213, 216, 222, 223, 224, 227, 228, 229, 234, 237, 238, 239, 242, 250, 251, 253, 254, 256, 258, 260, 261, 262, 273, 275, 292, 334, 351, 353, 357, 361, 362, 366, 373, 374, 377, 378, 381, 383, 408], [32, 33, 45, 51, 52, 53, 67, 68, 69, 76, 79, 80, 82, 87, 88, 91, 93, 100, 101, 103, 113, 114, 119, 123, 124, 130, 131, 133, 134, 143, 144, 146, 148, 151, 152, 153, 156, 157, 162, 163, 164, 165, 166, 167, 168, 169, 171, 172, 174, 175, 176, 178, 180, 181, 182, 183, 184, 185, 186, 187, 188, 189, 190, 191, 192, 193, 194, 195, 196, 197, 198, 199, 200, 201, 202, 203, 204, 205, 208, 209, 210, 214, 215, 217, 218, 219, 220, 221, 225, 226, 230, 231, 232, 233, 235, 236, 240, 241, 243, 244, 245, 246, 247, 248, 249, 252, 255, 257, 259, 263, 264, 265, 266, 267, 268, 269, 270, 271, 272, 274, 276, 277, 278, 279, 280, 281, 282, 283, 284, 285, 286, 287, 288, 289, 290, 291, 293, 294, 295, 296, 297, 298, 299, 300, 301, 302, 303, 304, 305, 306, 307, 308, 309, 310, 311, 312, 313, 314, 315, 316, 317, 318, 319, 320, 321, 322, 323, 324, 325, 326, 327, 328, 329, 330, 331, 332, 333, 335, 336, 337, 338, 339, 340, 341, 342, 343, 344, 345, 346, 347, 348, 349, 350, 352, 354, 355, 356, 358, 359, 360, 363, 364, 365, 367, 368, 369, 370, 371, 372, 375, 376, 379, 380, 382, 384, 385, 386, 387, 388, 389, 390, 391, 392, 393, 394, 395, 396, 397, 398, 399, 400, 401, 402, 403, 404, 405, 406, 407, 409, 410, 411, 412, 413, 414, 415, 416, 417, 418, 419, 420, 421, 422, 423, 424, 425, 426, 427, 428, 429, 430, 431, 432, 433, 434, 435, 436, 437, 438, 439, 440, 441, 442, 443, 444, 445, 446, 447, 448, 449, 450, 451, 452, 453, 454, 455, 456, 457, 458, 459, 460, 461, 462, 463, 464, 465, 466, 467, 468, 469, 470, 471, 472, 473, 474, 475, 476, 477, 478, 479, 480, 481, 482, 483, 484, 485, 486, 487, 488, 489, 490, 491, 492]!Vessel: FarSearcher
[1, 2, 3, 4, 5, 6, 7, 8, 9, 10, 11, 12, 13, 14, 15, 16, 17, 18, 19, 20, 21, 22, 23, 24, 25, 26, 27, 28, 29, 30, 31, 34, 35, 36, 37, 38, 39, 40, 41, 42, 43, 44, 46, 47, 48, 49, 50, 54, 55, 56, 57, 58, 59, 60, 61, 62, 63, 64, 65, 66, 70, 71, 72, 73, 74, 75, 77, 78, 81, 83, 84, 85, 86, 89, 90, 92, 94, 95, 96, 97, 98, 99, 102, 104, 105, 106, 107, 108, 109, 110, 111, 112, 115, 116, 117, 118, 120, 121, 122, 125, 126, 127, 128, 129, 132, 135, 136, 137, 138, 139, 140, 141, 142, 145, 147, 149, 150, 154, 155, 158, 159, 160, 161, 170, 173, 177, 179, 206, 207, 211, 212, 213, 216, 222, 223, 224, 227, 228, 229, 234, 237, 238, 239, 242, 250, 251, 253, 254, 256, 258, 260, 261, 262, 273, 275, 292, 334, 351, 353, 357, 361, 362, 366, 373, 374, 377, 378, 381, 383, 408], [32, 33, 45, 51, 52, 53, 67, 68, 69, 76, 79, 80, 82, 87, 88, 91, 93, 100, 101, 103, 113, 114, 119, 123, 124, 130, 131, 133, 134, 143, 144, 146, 148, 151, 152, 153, 156, 157, 162, 163, 164, 165, 166, 167, 168, 169, 171, 172, 174, 175, 176, 178, 180, 181, 182, 183, 184, 185, 186, 187, 188, 189, 190, 191, 192, 193, 194, 195, 196, 197, 198, 199, 200, 201, 202, 203, 204, 205, 208, 209, 210, 214, 215, 217, 218, 219, 220, 221, 225, 226, 230, 231, 232, 233, 235, 236, 240, 241, 243, 244, 245, 246, 247, 248, 249, 252, 255, 257, 259, 263, 264, 265, 266, 267, 268, 269, 270, 271, 272, 274, 276, 277, 278, 279, 280, 281, 282, 283, 284, 285, 286, 287, 288, 289, 290, 291, 293, 294, 295, 296, 297, 298, 299, 300, 301, 302, 303, 304, 305, 306, 307, 308, 309, 310, 311, 312, 313, 314, 315, 316, 317, 318, 319, 320, 321, 322, 323, 324, 325, 326, 327, 328, 329, 330, 331, 332, 333, 335, 336, 337, 338, 339, 340, 341, 342, 343, 344, 345, 346, 347, 348, 349, 350, 352, 354, 355, 356, 358, 359, 360, 363, 364, 365, 367, 368, 369, 370, 371, 372, 375, 376, 384, 386, 387, 390, 391, 394, 396, 397, 398, 399, 400, 401, 402, 403, 404, 405, 406, 407, 409, 411, 413, 414, 415, 416, 417, 418, 419, 420, 422, 423, 424, 425, 427, 428, 429, 430, 431, 432, 434, 435, 436, 438, 439, 440, 441, 442, 443, 444, 445, 446, 447, 448, 449, 450, 451, 452, 453, 454, 455, 456, 457, 458, 459, 460, 461, 462, 463, 465, 467, 476, 480, 481, 482, 489]!Vessel: FarSymphony
[1, 2, 3, 4, 5, 6, 7, 8, 9, 10, 11, 12, 13, 14, 15, 16, 17, 18, 19, 20, 21, 22, 23, 24, 25, 26, 27, 28, 29, 30, 31, 34, 35, 36, 37, 38, 39, 40, 41, 42, 43, 44, 46, 47, 48, 49, 50, 54, 55, 56, 57, 58, 59, 60, 61, 62, 63, 64, 65, 66, 70, 71, 72, 73, 74, 75, 77, 78, 81, 83, 84, 85, 86, 89, 90, 92, 94, 95, 96, 97, 98, 99, 102, 104, 105, 106, 107, 108, 109, 110, 111, 112, 115, 116, 117, 118, 120, 121, 122, 125, 126, 127, 128, 129, 132, 135, 136, 137, 138, 139, 140, 141, 142, 145, 147, 149, 150, 154, 155, 158, 159, 160, 161, 170, 173, 177, 179, 206, 207, 211, 212, 213, 216, 222, 223, 224, 227, 228, 229, 234, 237, 238, 239, 242, 250, 251, 253, 254, 256, 258, 260, 261, 262, 273, 275, 292, 334, 351, 353, 357, 361, 362, 366, 373, 374, 377, 378, 381, 383, 408], [32, 33, 45, 51, 52, 53, 67, 68, 69, 76, 79, 80, 82, 87, 88, 91, 93, 100, 101, 103, 113, 114, 119, 123, 124, 130, 131, 133, 134, 143, 144, 146, 148, 151, 152, 153, 156, 157, 162, 163, 164, 165, 166, 167, 168, 169, 171, 172, 174, 175, 176, 178, 180, 181, 182, 183, 184, 185, 186, 187, 188, 189, 190, 191, 192, 193, 194, 195, 196, 197, 198, 199, 200, 201, 202, 203, 204, 205, 208, 209, 210, 214, 215, 217, 218, 219, 220, 221, 225, 226, 230, 231, 232, 233, 235, 236, 240, 241, 243, 244, 245, 246, 247, 248, 249, 252, 255, 257, 259, 263, 264, 265, 266, 267, 268, 269, 270, 271, 272, 274, 276, 277, 278, 279, 280, 281, 282, 283, 284, 285, 286, 287, 288, 289, 290, 291, 293, 294, 295, 296, 297, 298, 299, 300, 301, 302, 303, 304, 305, 306, 307, 308, 309, 310, 311, 312, 313, 314, 315, 316, 317, 318, 319, 320, 321, 322, 323, 324, 325, 326, 327, 328, 329, 330, 331, 332, 333, 335, 336, 337, 338, 339, 340, 341, 342, 343, 344, 345, 346, 347, 348, 349, 350, 352, 354, 355, 356, 358, 359, 360, 363, 364, 365, 367, 368, 369, 370, 371, 372, 375, 376, 379, 380, 382, 384, 385, 386, 387, 388, 389, 390, 391, 392, 393, 394, 395, 396, 397, 398, 399, 400, 401, 402, 403, 404, 405, 406, 407, 409, 410, 411, 412, 413, 414, 415, 416, 417, 418, 419, 420, 421, 422, 423, 424, 425, 426, 427, 428, 429, 430, 431, 432, 433, 434, 435, 436, 437, 438, 439, 440, 441, 442, 443, 444, 445, 446, 447, 448, 449, 450, 451, 452, 453, 454, 455, 456, 457, 458, 459, 460, 461, 462, 463, 465, 466, 467, 468, 469, 470, 471, 472, 473, 476, 478, 480, 481, 482, 484, 487, 489, 490, 491, 492]!Vessel: HavilaForesight
[1, 2, 3, 4, 5, 6, 7, 8, 9, 10, 11, 12, 13, 14, 15, 16, 17, 18, 19, 20, 21, 22, 23, 24, 25, 26, 27, 28, 29, 30, 31, 34, 35, 36, 37, 38, 39, 40, 41, 42, 43, 44, 46, 47, 48, 49, 50, 54, 55, 56, 57, 58, 59, 60, 61, 62, 63, 64, 65, 66, 70, 71, 72, 73, 74, 75, 77, 78, 81, 83, 84, 85, 86, 89, 90, 92, 94, 95, 96, 97, 98, 99, 102, 104, 105, 106, 107, 108, 109, 110, 111, 112, 115, 116, 117, 118, 120, 121, 122, 125, 126, 127, 128, 129, 132, 135, 136, 137, 138, 139, 140, 141, 142, 145, 147, 149, 150, 154, 155, 158, 159, 160, 161, 170, 173, 177, 179, 206, 207, 211, 212, 213, 216, 222, 223, 224, 227, 228, 229, 234, 237, 238, 239, 242, 250, 251, 253, 254, 256, 258, 260, 261, 262, 273, 275, 292, 334, 351, 353, 357, 361, 362, 366, 373, 374, 377, 378, 381, 383, 408], [32, 33, 45, 51, 52, 53, 67, 68, 69, 76, 79, 80, 82, 87, 88, 91, 93, 100, 101, 103, 113, 114, 119, 123, 124, 130, 131, 133, 134, 143, 144, 146, 148, 151, 152, 153, 156, 157, 162, 163, 164, 165, 166, 167, 168, 169, 171, 172, 174, 175, 176, 178, 180, 181, 182, 183, 184, 185, 186, 187, 188, 189, 190, 191, 192, 193, 194, 195, 196, 197, 198, 199, 200, 201, 202, 203, 204, 205, 208, 209, 210, 214, 215, 217, 218, 219, 220, 221, 225, 226, 230, 231, 232, 233, 235, 236, 240, 241, 243, 244, 245, 246, 247, 248, 249, 252, 255, 257, 259, 263, 265, 266, 267, 268, 269, 270, 271, 272, 274, 276, 277, 278, 279, 280, 281, 282, 283, 284, 285, 286, 287, 288, 289, 290, 291, 293, 294, 295, 296, 297, 298, 299, 300, 301, 302, 303, 304, 305, 306, 307, 308, 309, 310, 311, 312, 313, 314, 315, 316, 317, 318, 319, 320, 321, 322, 323, 324, 325, 326, 327, 328, 329, 330, 331, 332, 333, 335, 336, 337, 338, 339, 340, 341, 342, 343, 344, 345, 346, 347, 348, 349, 350, 352, 354, 355, 356, 358, 359, 360, 363, 364, 365, 367, 368, 369, 370, 371, 372, 375, 376, 384, 386, 387, 390, 391, 394, 399, 400, 401, 402, 403, 405, 407, 411, 413, 414, 415, 416, 417, 418, 422, 423, 424, 425, 427, 428, 431, 432, 434, 436, 438, 440, 441, 447, 451, 452, 454, 455, 456, 458, 460, 461, 463, 467, 476, 481, 482, 489]!Vessel: FarStar
] 

minF : 2
maxF : 6
Nf : [
!f : 2, 3, 4, 5, 6
[5, 6], [], [], [2, 3, 4, 7], [1, 8, 9]
]

! Parameters
VoyageCost: [37970, 39085, 64838, 59991, 44841, 37570, 44429, 45544, 73722, 62814, 47265, 43726, 43120, 46453, 43120, 73722, 62814, 46053, 38879, 38273, 44029, 74837, 63929, 47265, 42418, 44235, 47568, 72716, 73019, 72413, 75746, 81805, 83017, 62414, 46053, 37570, 43326, 62414, 47265, 45144, 64838, 46053, 50186, 49580, 81296, 70389, 50392, 48877, 50695, 54028, 81599, 84629, 85441, 48877, 49580, 52913, 52210, 80181, 69274, 49277, 78872, 67965, 47968, 46453, 48271, 51604, 81599, 84629, 84229, 79478, 68571, 47265, 44029, 78872, 67965, 82205, 71298, 51301, 82714, 85744, 74837, 85441, 47568, 78872, 78169, 79987, 83320, 90895, 80896, 80290, 83623, 78169, 83320, 79478, 68571, 48574, 67262, 47265, 50901, 84229, 84229, 67262, 81502, 70595, 67965, 48477, 51604, 47265, 49180, 69080, 49083, 52719, 84229, 85441, 47265, 48477, 72413, 52416, 82205, 71298, 51301, 52416, 86047, 84229, 49786, 50598, 55337, 55337, 54731, 89174, 88471, 77963, 81296, 88568, 61299, 54028, 76848, 76146, 76848, 58670, 58064, 57361, 88059, 88471, 77454, 87453, 55034, 85332, 54428, 58064, 89780, 86750, 87259, 76146, 75540, 78872, 86144, 53725, 58876, 51604, 57361, 93319, 85938, 84629, 87356, 88471, 79478, 85441, 84629, 73722, 87962, 85332, 54428, 86750, 88471, 78872, 51301, 88665, 57761, 87259, 89477, 84629, 86447, 89780, 84629, 87962, 84023, 83320, 89077, 90895, 92107, 87356, 86750, 90083, 92107, 86047, 91198, 93319, 86047, 90083, 92107, 89380, 91198, 88471, 86750, 53725, 57361, 87259, 78169, 85441, 58173, 73722, 53725, 88471, 78169, 57058, 87259, 89780, 88471, 78872, 86653, 58876, 53119, 56755, 85441, 87356, 56452, 55543, 59179, 87865, 88471, 79987, 87259, 59991, 93319, 88471, 72413, 52416, 56052, 85441, 86653, 55749, 90592, 80181, 87259, 79478, 89477, 90592, 87259, 57058, 54937, 88774, 60487, 62002, 82605, 63820, 82605, 60184, 92604, 60184, 65335, 63820, 96239, 97051, 95536, 88471, 94022, 97657, 89683, 81296, 88471, 84629, 58876, 91901, 62511, 95330, 89683, 94627, 89683, 91901, 92507, 89683, 84629, 94421, 89683, 89683, 94531, 89683, 89780, 89477, 93113, 63517, 95936, 88471, 91089, 90483, 89780, 95536, 97051, 97354, 91089, 93816, 93113, 96348, 94930, 94228, 93816, 93210, 93210, 94022, 92507, 94325, 97657, 94627, 92507, 96542, 97354, 95839, 97657, 92507, 91901, 93319, 91198, 96954, 98469, 98772, 94531, 97354, 95839, 95233, 96651, 94531, 91901, 64632, 88471, 88471, 89683, 91901, 89683, 95233, 88471, 97051, 81999, 89683, 81296, 86447, 94531, 85332, 89683, 84629, 63214, 91295, 64026, 91901, 94627, 93719, 66450, 95137, 89683, 98166, 58876, 62511, 88471, 83320, 90592, 63323, 93925, 98469, 85938, 85332, 88471, 84629, 62911, 62208, 84023, 95233, 62208, 64632, 100481, 103511, 65335, 71092, 68971, 101996, 102808, 100687, 104117, 99778, 104929, 103414, 90895, 92604, 91901, 89780, 98360, 90895, 93210, 99984, 90895, 91089, 99778, 91901, 90895, 93719, 92604, 97051, 95936, 68668, 100384, 101693, 96239, 102808, 101390, 100687, 99572, 98966, 98966, 98360, 99778, 101596, 104929, 97657, 103414, 105232, 99778, 103814, 102299, 101693, 103111, 104929, 100990, 97657, 104226, 102808, 106044, 102105, 103111, 100990, 91901, 91901, 87756, 93719, 97754, 102202, 70486, 99984, 99984, 101087, 102505, 104626, 97051, 69783, 101499, 89683, 89780, 98469, 90592, 100384, 101802, 91089, 90483, 69783, 107147, 107959, 109874, 104929, 108565, 95027, 103511, 76243, 103814, 96348, 106844, 108662, 107959, 104117, 105632, 104929, 112503, 109268, 108565, 107450, 108965, 108262, 110080, 109377, 108262, 97754, 96239, 97051, 97051, 115024]
VoyageDuration: [2, 2, 2, 2, 2, 2, 2, 2, 2, 2, 2, 2, 2, 2, 2, 2, 2, 2, 2, 2, 2, 2, 2, 2, 2, 2, 2, 2, 2, 2, 2, 3, 3, 2, 2, 2, 2, 2, 2, 2, 2, 2, 2, 2, 3, 2, 2, 2, 2, 2, 3, 3, 3, 2, 2, 2, 2, 2, 2, 2, 2, 2, 2, 2, 2, 2, 3, 3, 3, 2, 2, 2, 2, 2, 2, 3, 2, 2, 3, 3, 2, 3, 2, 2, 2, 2, 3, 3, 2, 2, 3, 2, 3, 2, 2, 2, 2, 2, 2, 3, 3, 2, 3, 2, 2, 2, 2, 2, 2, 2, 2, 2, 3, 3, 2, 2, 2, 2, 3, 2, 2, 2, 3, 3, 2, 2, 2, 2, 2, 3, 3, 2, 3, 3, 2, 2, 2, 2, 2, 2, 2, 2, 3, 3, 2, 3, 2, 3, 2, 2, 3, 3, 3, 2, 2, 3, 3, 2, 2, 2, 2, 3, 3, 3, 3, 3, 3, 3, 3, 2, 3, 3, 2, 3, 3, 3, 2, 3, 2, 3, 3, 3, 3, 3, 3, 3, 3, 3, 3, 3, 3, 3, 3, 3, 3, 3, 3, 3, 3, 3, 3, 3, 3, 3, 3, 2, 2, 3, 3, 3, 2, 2, 2, 3, 3, 2, 3, 3, 3, 3, 3, 2, 2, 2, 3, 3, 2, 2, 2, 3, 3, 3, 3, 2, 3, 3, 2, 2, 2, 3, 3, 2, 3, 3, 3, 3, 3, 3, 3, 2, 2, 3, 2, 2, 3, 2, 3, 2, 3, 2, 2, 2, 3, 3, 3, 3, 3, 3, 3, 3, 3, 3, 2, 3, 2, 3, 3, 3, 3, 3, 3, 3, 3, 3, 3, 3, 3, 3, 3, 3, 3, 2, 3, 3, 3, 3, 3, 3, 3, 3, 3, 3, 3, 3, 3, 3, 3, 3, 3, 3, 3, 3, 3, 3, 3, 3, 3, 3, 3, 3, 3, 3, 3, 3, 3, 3, 3, 3, 3, 3, 3, 3, 3, 2, 3, 3, 3, 3, 3, 3, 3, 3, 3, 3, 3, 3, 3, 3, 3, 3, 2, 3, 2, 3, 3, 3, 2, 3, 3, 3, 2, 2, 3, 3, 3, 2, 3, 3, 3, 3, 3, 3, 2, 2, 3, 3, 2, 2, 3, 3, 2, 3, 2, 3, 3, 3, 3, 3, 3, 3, 3, 3, 3, 3, 3, 3, 3, 3, 3, 3, 3, 3, 3, 3, 3, 3, 3, 2, 3, 3, 3, 3, 3, 3, 3, 3, 3, 3, 3, 3, 3, 3, 3, 3, 3, 3, 3, 3, 3, 3, 3, 3, 3, 3, 3, 3, 3, 3, 3, 3, 3, 3, 3, 3, 3, 3, 3, 3, 3, 3, 3, 3, 3, 3, 3, 3, 3, 3, 3, 3, 3, 3, 3, 3, 3, 3, 3, 3, 3, 3, 3, 3, 3, 3, 3, 3, 3, 3, 3, 3, 3, 3, 3, 3, 3, 3, 3, 3, 3, 3, 3, 3]
TimeCharterCost: [120000, 125000, 130000, 110000, 104000]
RequiredVisits: [6, 5, 5, 5, 2, 2, 5, 6, 6]
NumberOfDaysAvailable: [7, 7, 7, 7, 7]
DepotCapacity: [3, 3, 3, 3, 3, 3, 3]
